1,6,502
1,21,492
1,18,510
1,31,491
1,32,497
1,29,503
1,74,493
1,79,502
1,76,507
1,72,513
1,110,514
1,109,495
1,113,503
1,126,491
1,126,502
1,166,501
1,167,495
1,176,503
1,193,506
1,243,488
1,414,481
1,414,487
1,417,493
1,444,495
1,458,494
1,457,507
1,459,500
1,465,494
1,463,486
1,510,383
1,515,382
1,683,473
1,683,468
1,703,459
1,702,465
1,715,465
1,742,464
1,843,456
1,925,448
1,930,441
1,968,490
1,1003,423
1,1006,434
1,1016,432
1,1017,445
1,1032,439
1,836,280
1,1112,411
1,1110,417
1,1143,459
1,1151,451
1,1183,460
1,1188,467
1,1214,453
1,1241,480
1,1252,484
1,1267,494
1,1304,501
1,1324,494
1,1323,503
1,1323,507
1,1322,513
1,1369,523
1,1372,531
1,1393,535
1,1394,542
1,1414,542
1,1411,550
1,1512,605
1,1522,602
1,1527,597
1,1578,614
1,1575,622
1,1571,629
1,1800,685
1,1497,693
1,1653,826
1,1624,855
1,1639,862
1,1644,864
1,931,710
1,1158,752
1,1180,739
1,1177,745
1,1176,752
1,393,739
1,397,736
1,431,824
1,443,819
1,458,815
1,490,880
1,494,875
1,471,922
1,470,913
1,476,911
1,485,907
1,502,984
1,509,990
1,510,979
1,515,973
1,628,898
1,621,829
1,629,827
1,628,835
1,634,851
1,633,955
1,84,378
1,1799,111
1,874,167
1,639,915
1,648,913
1,630,938
1,618,938
1,671,969
1,661,975
1,681,1018
1,634,972
1,627,973
1,655,1073
1,657,1063
1,641,1064
1,648,1061
1,650,1042
1,625,996
1,613,979
1,616,963
1,609,953
1,614,935
1,605,946
1,618,924
1,604,710
1,613,705
1,604,682
1,611,684
1,608,663
1,598,663
1,592,650
1,603,648
1,590,644
1,616,818
1,505,566
1,512,561
1,502,555
1,491,533
1,480,516
1,484,509
1,482,498
1,475,500
1,141,506
1,44,507
1,39,512
1,46,526
1,113,525
1,1306,461
1,1867,709
1,1882,683
1,1800,692
1,1524,1028
1,1508,1012
1,125,518
1,373,646
1,380,634
2,9,506
2,27,495
2,25,512
2,38,493
2,40,500
2,36,505
2,80,494
2,84,502
2,82,508
2,79,515
2,115,515
2,116,497
2,119,505
2,134,493
2,130,505
2,171,502
2,173,496
2,181,504
2,197,507
2,250,490
2,419,483
2,422,489
2,423,495
2,447,496
2,462,498
2,460,508
2,465,505
2,468,499
2,469,489
2,514,389
2,519,388
2,687,475
2,688,470
2,710,460
2,709,467
2,721,466
2,749,466
2,850,457
2,931,449
2,937,444
2,972,490
2,1008,426
2,1011,435
2,1021,432
2,1022,443
2,1020,436
2,1038,441
2,836,280
2,1116,412
2,1112,418
2,1149,461
2,1155,452
2,1188,461
2,1192,470
2,1220,455
2,1245,480
2,1257,486
2,1273,494
2,1309,502
2,1329,498
2,1330,507
2,1328,510
2,1328,516
2,1376,526
2,1374,532
2,1399,538
2,1397,543
2,1418,543
2,1418,554
2,1517,608
2,1527,603
2,1531,599
2,1583,617
2,1579,623
2,1577,631
2,1805,686
2,1500,694
2,1657,825
2,1627,856
2,1640,862
2,1646,864
2,937,713
2,1162,754
2,1189,740
2,1181,747
2,1182,755
2,395,741
2,400,739
2,434,830
2,443,823
2,462,819
2,490,884
2,496,879
2,473,925
2,471,919
2,478,915
2,486,910
2,503,990
2,511,993
2,512,982
2,519,979
2,629,910
2,623,833
2,630,832
2,632,840
2,632,854
2,636,963
2,84,378
2,1799,111
2,875,167
2,642,919
2,652,920
2,631,941
2,621,942
2,674,974
2,663,980
2,684,1022
2,639,979
2,631,981
2,660,1066
2,643,1070
2,652,1067
2,651,1046
2,627,1001
2,617,984
2,620,970
2,613,960
2,615,940
2,608,952
2,619,928
2,604,715
2,612,711
2,606,684
2,614,689
2,609,666
2,598,668
2,595,655
2,605,652
2,592,647
2,617,822
2,508,569
2,515,562
2,505,557
2,494,538
2,484,520
2,487,512
2,487,501
2,478,502
2,145,508
2,49,508
2,46,514
2,52,528
2,120,526
2,1326,470
2,1872,709
2,1888,685
2,1805,693
2,1528,1031
2,1512,1015
2,128,518
2,373,650
2,380,638
2,1002,19
3,11,506
3,31,495
3,30,513
3,41,493
3,43,501
3,42,505
3,85,495
3,88,502
3,88,508
3,84,515
3,120,515
3,120,497
3,125,504
3,137,494
3,134,504
3,174,502
3,176,495
3,185,504
3,201,506
3,256,491
3,421,482
3,425,489
3,429,495
3,450,497
3,466,500
3,464,509
3,469,506
3,472,501
3,472,492
3,516,392
3,522,388
3,695,476
3,693,472
3,713,461
3,714,466
3,725,466
3,752,465
3,854,456
3,935,450
3,939,445
3,976,489
3,1014,424
3,1014,436
3,1024,434
3,1026,442
3,1025,436
3,1042,442
3,836,279
3,1120,414
3,1117,420
3,1154,463
3,1158,452
3,1191,461
3,1198,471
3,1224,456
3,1248,481
3,1260,489
3,1276,496
3,1314,504
3,1337,500
3,1334,509
3,1333,512
3,1332,517
3,1378,529
3,1378,534
3,1404,540
3,1401,544
3,1422,545
3,1421,555
3,1521,610
3,1531,604
3,1534,601
3,1586,618
3,1582,624
3,1581,633
3,1810,686
3,1503,693
3,1658,826
3,1630,857
3,1641,863
3,1649,865
3,940,715
3,1167,753
3,1193,740
3,1185,747
3,1186,756
3,397,745
3,403,743
3,435,832
3,444,827
3,464,822
3,492,887
3,497,882
3,475,928
3,475,924
3,478,918
3,488,914
3,505,993
3,511,998
3,514,986
3,519,983
3,632,907
3,623,836
3,629,835
3,631,844
3,633,856
3,636,966
3,84,378
3,1799,111
3,876,168
3,644,923
3,656,923
3,632,945
3,625,947
3,678,979
3,666,985
3,687,1027
3,640,982
3,632,985
3,646,1073
3,656,1070
3,629,1005
3,621,988
3,623,975
3,617,965
3,616,944
3,610,957
3,621,933
3,604,720
3,612,717
3,608,687
3,618,694
3,611,669
3,599,673
3,598,660
3,607,657
3,595,651
3,617,827
3,512,572
3,518,563
3,508,560
3,497,543
3,485,521
3,491,515
3,489,504
3,481,505
3,151,510
3,53,508
3,51,514
3,58,529
3,127,528
3,1347,480
3,1877,710
3,1894,688
3,1809,695
3,1532,1034
3,1517,1018
3,132,519
3,374,655
3,380,642
3,1004,33
4,13,507
4,35,496
4,33,514
4,44,494
4,46,501
4,46,505
4,89,496
4,92,504
4,93,508
4,89,516
4,123,516
4,124,497
4,127,504
4,141,493
4,136,503
4,178,501
4,179,495
4,187,504
4,204,506
4,260,491
4,426,481
4,428,489
4,431,495
4,453,499
4,469,503
4,466,510
4,472,509
4,475,504
4,474,495
4,517,394
4,524,391
4,699,476
4,698,471
4,717,460
4,718,466
4,728,466
4,756,465
4,857,455
4,937,450
4,944,443
4,980,489
4,1018,423
4,1018,434
4,1027,434
4,1032,442
4,1029,436
4,1046,441
4,835,278
4,1124,414
4,1120,421
4,1158,463
4,1161,452
4,1195,462
4,1201,472
4,1229,458
4,1253,480
4,1263,490
4,1281,497
4,1317,504
4,1341,501
4,1338,508
4,1336,513
4,1336,519
4,1381,530
4,1380,535
4,1407,540
4,1405,545
4,1425,547
4,1424,556
4,1526,612
4,1535,607
4,1537,603
4,1590,620
4,1586,625
4,1585,633
4,1815,687
4,1501,693
4,1660,826
4,1629,855
4,1640,862
4,1649,865
4,944,717
4,1170,753
4,1196,741
4,1190,747
4,1191,755
4,399,748
4,405,746
4,435,836
4,446,830
4,465,824
4,493,890
4,498,885
4,476,929
4,476,926
4,479,921
4,491,917
4,507,997
4,511,1001
4,515,989
4,520,987
4,631,911
4,623,839
4,628,839
4,628,848
4,633,862
4,636,969
4,84,379
4,1797,112
4,878,169
4,646,928
4,657,926
4,633,948
4,626,950
4,682,985
4,669,991
4,689,1031
4,641,986
4,634,989
4,658,1072
4,654,1056
4,630,1007
4,622,991
4,625,978
4,618,968
4,617,948
4,612,961
4,610,914
4,616,918
4,622,919
4,623,938
4,604,725
4,612,721
4,610,692
4,620,697
4,612,673
4,600,678
4,599,664
4,608,660
4,597,654
4,617,831
4,516,574
4,522,566
4,511,563
4,501,548
4,487,523
4,493,518
4,490,506
4,483,508
4,158,512
4,58,507
4,56,513
4,62,528
4,127,528
4,1366,488
4,1881,711
4,1899,689
4,1814,697
4,1536,1038
4,1521,1022
4,136,519
4,375,660
4,381,646
4,1005,47
5,17,508
5,39,496
5,39,512
5,49,494
5,52,501
5,50,505
5,95,496
5,96,504
5,97,508
5,94,515
5,126,515
5,127,497
5,130,503
5,148,492
5,140,504
5,180,500
5,182,495
5,191,505
5,208,503
5,264,490
5,429,482
5,432,489
5,435,495
5,458,499
5,472,505
5,468,511
5,474,510
5,479,507
5,476,498
5,519,396
5,526,394
5,702,476
5,702,471
5,722,459
5,722,466
5,731,465
5,760,465
5,861,454
5,940,450
5,949,442
5,985,489
5,1022,423
5,1021,434
5,1030,433
5,1035,442
5,1032,436
5,1050,441
5,834,276
5,1126,417
5,1123,421
5,1161,464
5,1164,453
5,1197,464
5,1203,473
5,1233,459
5,1255,481
5,1267,491
5,1285,499
5,1321,505
5,1344,502
5,1342,510
5,1339,514
5,1340,519
5,1384,531
5,1383,536
5,1410,543
5,1407,548
5,1429,548
5,1426,558
5,1529,613
5,1538,609
5,1542,605
5,1593,620
5,1589,627
5,1588,634
5,1818,686
5,1501,694
5,1661,824
5,1629,856
5,1640,862
5,1649,865
5,948,718
5,1174,754
5,1201,739
5,1195,747
5,1195,755
5,401,753
5,405,749
5,437,840
5,449,833
5,467,828
5,494,894
5,499,889
5,478,933
5,477,929
5,482,924
5,492,920
5,508,1000
5,514,1003
5,516,992
5,522,990
5,630,915
5,624,842
5,629,842
5,630,854
5,632,866
5,637,973
5,84,379
5,1796,112
5,880,169
5,647,932
5,657,929
5,634,952
5,627,953
5,683,987
5,670,993
5,691,1035
5,643,989
5,636,993
5,657,1059
5,631,1010
5,623,994
5,626,980
5,619,971
5,619,953
5,615,965
5,612,920
5,618,922
5,624,923
5,625,943
5,605,729
5,612,724
5,613,699
5,621,700
5,612,678
5,602,682
5,601,669
5,610,663
5,598,657
5,617,835
5,519,576
5,525,570
5,516,564
5,502,551
5,488,525
5,495,522
5,492,508
5,485,511
5,167,512
5,61,507
5,60,513
5,65,527
5,127,527
5,1385,495
5,1885,712
5,1902,690
5,1818,698
5,1540,1041
5,1525,1024
5,141,519
5,375,665
5,381,650
5,1006,60
6,21,508
6,45,496
6,43,512
6,54,492
6,56,499
6,55,504
6,99,495
6,101,502
6,101,507
6,98,515
6,129,513
6,131,496
6,133,502
6,152,492
6,143,504
6,182,499
6,185,494
6,198,505
6,211,501
6,268,490
6,433,481
6,436,486
6,439,495
6,460,500
6,474,506
6,471,513
6,476,512
6,480,508
6,479,502
6,525,398
6,530,395
6,706,475
6,707,471
6,726,459
6,725,466
6,735,464
6,765,463
6,864,452
6,943,448
6,952,442
6,990,488
6,1027,422
6,1024,435
6,1033,433
6,1040,441
6,1035,436
6,1054,440
6,833,276
6,1131,416
6,1127,422
6,1165,465
6,1167,453
6,1199,463
6,1207,472
6,1236,460
6,1258,483
6,1271,491
6,1289,499
6,1324,506
6,1348,504
6,1344,511
6,1343,515
6,1343,520
6,1387,531
6,1386,536
6,1414,545
6,1412,548
6,1433,550
6,1429,560
6,1533,614
6,1543,611
6,1547,608
6,1595,621
6,1592,628
6,1590,635
6,1822,687
6,1498,695
6,1660,816
6,1630,855
6,1640,862
6,1649,865
6,951,719
6,1180,754
6,1205,739
6,1199,746
6,1198,756
6,405,755
6,407,752
6,439,842
6,451,835
6,469,831
6,496,897
6,500,892
6,479,936
6,479,933
6,484,929
6,492,923
6,510,1001
6,514,1006
6,517,995
6,524,993
6,630,918
6,624,846
6,629,846
6,629,855
6,636,869
6,639,976
6,85,379
6,1798,110
6,879,170
6,650,934
6,657,934
6,636,956
6,628,956
6,684,990
6,672,996
6,644,993
6,637,996
6,659,1063
6,645,1019
6,633,1013
6,624,996
6,628,983
6,621,974
6,620,956
6,615,967
6,613,924
6,619,925
6,625,927
6,623,823
6,625,948
6,605,733
6,612,728
6,611,705
6,619,703
6,613,681
6,603,684
6,602,674
6,611,666
6,600,660
6,616,838
6,521,575
6,530,572
6,520,563
6,504,553
6,490,528
6,497,525
6,494,511
6,486,514
6,175,513
6,65,507
6,64,513
6,15,511
6,13,485
6,13,478
6,11,472
6,13,466
6,130,526
6,1403,503
6,1889,713
6,1906,690
6,1822,699
6,1543,1043
6,1527,1026
6,146,518
6,375,669
6,381,656
6,378,644
6,1006,75
7,25,508
7,49,497
7,47,511
7,56,493
7,59,499
7,59,504
7,103,496
7,104,502
7,104,507
7,101,514
7,131,513
7,135,496
7,136,501
7,156,491
7,147,504
7,184,499
7,187,494
7,200,504
7,215,500
7,272,489
7,436,481
7,439,486
7,442,494
7,464,502
7,475,508
7,472,516
7,477,514
7,482,511
7,482,505
7,527,401
7,534,397
7,710,475
7,713,470
7,730,459
7,729,464
7,739,464
7,768,464
7,867,454
7,946,448
7,956,441
7,994,486
7,1030,422
7,1027,435
7,1036,433
7,1044,441
7,1037,436
7,1058,441
7,834,277
7,1134,417
7,1132,423
7,1169,465
7,1171,455
7,1204,465
7,1210,474
7,1242,461
7,1262,482
7,1274,493
7,1293,499
7,1328,506
7,1351,504
7,1347,513
7,1346,516
7,1346,522
7,1389,532
7,1388,537
7,1418,546
7,1415,550
7,1436,552
7,1433,562
7,1536,615
7,1547,613
7,1549,609
7,1599,621
7,1595,629
7,1593,635
7,1827,688
7,1498,694
7,1661,809
7,1628,855
7,1640,862
7,1649,866
7,953,720
7,1184,753
7,1209,739
7,1203,746
7,1202,757
7,404,758
7,410,757
7,441,844
7,451,837
7,471,834
7,496,901
7,501,897
7,480,939
7,479,935
7,485,933
7,494,927
7,511,1004
7,515,1009
7,518,999
7,523,995
7,627,923
7,624,848
7,630,849
7,629,859
7,633,872
7,638,979
7,85,380
7,1797,111
7,879,169
7,651,937
7,659,937
7,637,959
7,629,959
7,685,993
7,674,999
7,646,997
7,639,1000
7,659,1068
7,648,1024
7,633,1015
7,625,999
7,630,985
7,622,977
7,621,960
7,615,969
7,613,928
7,619,927
7,625,931
7,623,827
7,626,951
7,605,736
7,614,731
7,608,710
7,616,706
7,613,682
7,604,686
7,603,677
7,611,669
7,601,665
7,591,645
7,616,842
7,525,575
7,533,574
7,523,563
7,505,554
7,492,532
7,499,529
7,496,515
7,488,517
7,184,514
7,69,507
7,67,514
7,19,512
7,18,486
7,17,480
7,16,473
7,18,468
7,133,526
7,1423,511
7,1893,715
7,1910,692
7,1827,700
7,1546,1046
7,1529,1028
7,151,518
7,373,672
7,381,661
7,378,650
7,1006,89
8,28,508
8,52,497
8,52,511
8,62,492
8,64,499
8,64,503
8,108,495
8,110,502
8,109,507
8,106,515
8,134,513
8,138,496
8,140,501
8,162,491
8,150,502
8,188,499
8,189,493
8,204,504
8,217,500
8,277,488
8,439,482
8,442,487
8,446,493
8,468,504
8,477,511
8,473,519
8,479,517
8,485,514
8,484,507
8,530,402
8,537,399
8,714,476
8,716,470
8,734,459
8,732,463
8,742,464
8,772,464
8,871,453
8,951,447
8,959,441
8,996,486
8,1035,422
8,1030,435
8,1039,433
8,1049,441
8,1040,436
8,1062,441
8,834,277
8,1138,419
8,1136,424
8,1174,466
8,1174,456
8,1207,466
8,1213,474
8,1246,463
8,1265,485
8,1277,493
8,1297,500
8,1332,507
8,1357,506
8,1350,515
8,1349,518
8,1350,523
8,1391,532
8,1391,537
8,1421,547
8,1418,551
8,1439,553
8,1436,562
8,1539,617
8,1550,616
8,1553,611
8,1603,623
8,1599,629
8,1597,636
8,1832,689
8,1498,696
8,1656,803
8,1628,854
8,1640,862
8,1649,866
8,956,721
8,1188,753
8,1214,739
8,1208,747
8,1206,755
8,406,763
8,411,760
8,444,848
8,453,841
8,473,837
8,497,905
8,503,901
8,481,942
8,480,939
8,486,935
8,495,930
8,512,1006
8,517,1012
8,519,1003
8,523,999
8,630,928
8,622,856
8,631,853
8,628,865
8,635,877
8,638,984
8,85,380
8,1801,110
8,880,168
8,652,941
8,662,942
8,639,963
8,630,963
8,687,996
8,675,1002
8,659,1070
8,652,1029
8,634,1017
8,641,1021
8,626,1001
8,630,988
8,622,981
8,622,963
8,616,973
8,614,931
8,620,930
8,626,934
8,622,831
8,629,953
8,642,907
8,608,916
8,615,916
8,605,739
8,615,734
8,608,714
8,617,709
8,614,683
8,604,687
8,605,679
8,611,674
8,602,669
8,593,648
8,614,848
8,592,634
8,527,580
8,535,576
8,526,564
8,507,559
8,494,535
8,501,532
8,499,519
8,490,520
8,186,513
8,74,506
8,71,514
8,23,513
8,23,487
8,22,482
8,20,475
8,23,470
8,207,512
8,137,525
8,1443,518
8,1896,716
8,1914,693
8,1831,700
8,1548,1049
8,1532,1031
8,159,516
8,377,655
8,1006,104
9,31,508
9,56,497
9,56,511
9,66,492
9,69,499
9,69,503
9,111,495
9,114,501
9,114,506
9,110,514
9,138,510
9,142,495
9,145,499
9,166,489
9,154,501
9,192,499
9,193,492
9,210,505
9,220,499
9,281,489
9,443,483
9,447,487
9,450,493
9,471,504
9,480,513
9,474,522
9,480,520
9,488,517
9,486,510
9,533,403
9,540,403
9,719,475
9,719,472
9,737,457
9,736,463
9,746,463
9,775,464
9,874,453
9,954,448
9,963,440
9,1000,486
9,1040,422
9,1033,435
9,1042,433
9,1053,440
9,1044,436
9,1066,443
9,835,277
9,1141,420
9,1139,426
9,1178,468
9,1177,457
9,1210,468
9,1216,476
9,1250,465
9,1268,486
9,1281,494
9,1303,501
9,1334,507
9,1360,508
9,1354,516
9,1352,520
9,1354,525
9,1395,533
9,1394,538
9,1424,549
9,1421,553
9,1444,555
9,1438,564
9,1542,618
9,1554,619
9,1557,613
9,1606,625
9,1603,632
9,1601,638
9,1835,690
9,1497,695
9,1660,803
9,1628,854
9,1640,862
9,1649,866
9,960,723
9,1193,753
9,1218,740
9,1211,747
9,1209,755
9,408,766
9,412,763
9,447,850
9,454,844
9,474,841
9,498,909
9,503,904
9,479,949
9,482,942
9,486,939
9,496,933
9,512,1009
9,517,1015
9,520,1005
9,523,1003
9,630,930
9,623,860
9,630,859
9,627,870
9,635,880
9,639,989
9,85,380
9,1800,111
9,877,168
9,654,946
9,662,944
9,640,966
9,631,966
9,688,1000
9,677,1006
9,659,1072
9,652,1032
9,634,1019
9,643,1028
9,627,1004
9,630,991
9,623,985
9,623,966
9,617,977
9,614,934
9,621,934
9,627,939
9,622,835
9,627,958
9,645,914
9,609,922
9,617,920
9,607,747
9,617,738
9,608,718
9,618,713
9,614,685
9,605,689
9,602,685
9,611,679
9,603,672
9,595,652
9,613,854
9,595,638
9,530,584
9,537,578
9,529,566
9,509,564
9,494,538
9,502,535
9,500,522
9,491,523
9,483,535
9,190,513
9,78,506
9,75,513
9,27,514
9,29,489
9,27,484
9,26,477
9,29,472
9,210,512
9,323,495
9,323,505
9,141,524
9,1464,526
9,1900,718
9,1835,701
9,1550,1052
9,1535,1034
9,167,514
9,377,659
9,1005,117
9,1013,13
10,36,507
10,62,497
10,60,511
10,71,492
10,72,498
10,72,503
10,115,496
10,118,502
10,118,506
10,114,514
10,142,510
10,146,495
10,149,500
10,170,489
10,157,502
10,193,499
10,197,491
10,209,501
10,222,499
10,285,488
10,446,483
10,450,486
10,453,492
10,474,506
10,482,516
10,476,525
10,482,523
10,489,519
10,487,513
10,536,406
10,541,404
10,723,474
10,723,471
10,741,455
10,740,461
10,750,462
10,779,464
10,878,453
10,957,448
10,967,440
10,1004,484
10,1044,423
10,1037,434
10,1045,433
10,1057,440
10,1047,436
10,1068,446
10,834,278
10,1145,421
10,1143,426
10,1183,468
10,1182,458
10,1215,468
10,1219,479
10,1253,467
10,1271,486
10,1285,496
10,1306,501
10,1337,509
10,1363,509
10,1357,518
10,1356,522
10,1357,526
10,1398,535
10,1397,538
10,1428,551
10,1425,555
10,1448,557
10,1442,566
10,1544,619
10,1557,620
10,1561,615
10,1611,625
10,1606,633
10,1605,639
10,1839,691
10,1498,696
10,1660,802
10,1628,854
10,1640,862
10,1649,866
10,963,724
10,1196,753
10,1222,741
10,1213,747
10,1214,756
10,410,769
10,414,767
10,450,852
10,455,847
10,475,844
10,498,912
10,503,907
10,480,953
10,484,947
10,488,942
10,498,938
10,512,1012
10,516,1019
10,521,1009
10,526,1006
10,628,932
10,623,864
10,627,864
10,627,874
10,635,885
10,641,991
10,86,381
10,1797,111
10,879,169
10,655,949
10,664,949
10,641,970
10,632,970
10,689,1004
10,677,1010
10,653,1036
10,635,1021
10,645,1034
10,628,1007
10,631,995
10,624,988
10,624,969
10,618,981
10,615,938
10,622,939
10,628,944
10,622,839
10,627,964
10,646,917
10,609,927
10,618,925
10,607,750
10,617,742
10,608,722
10,614,686
10,605,690
10,603,688
10,612,683
10,604,675
10,597,657
10,612,860
10,597,642
10,532,568
10,513,566
10,495,541
10,504,538
10,501,526
10,492,527
10,485,541
10,194,513
10,82,506
10,79,513
10,31,515
10,33,489
10,31,484
10,30,477
10,32,472
10,213,512
10,328,497
10,330,506
10,1486,536
10,1906,719
10,1839,702
10,1553,1055
10,1539,1037
10,176,511
10,376,662
10,1004,130
10,1015,27
11,39,508
11,65,497
11,64,510
11,75,492
11,76,499
11,78,503
11,119,495
11,121,502
11,122,506
11,118,513
11,146,511
11,149,494
11,153,499
11,176,488
11,161,501
11,196,498
11,200,490
11,213,502
11,224,499
11,288,487
11,449,483
11,454,486
11,456,493
11,475,508
11,484,519
11,480,527
11,484,525
11,490,522
11,491,516
11,539,410
11,543,406
11,727,475
11,728,470
11,745,455
11,742,461
11,752,462
11,783,464
11,882,452
11,961,447
11,972,439
11,1008,484
11,1049,422
11,1040,434
11,1049,433
11,1062,440
11,1051,436
11,1071,447
11,834,278
11,1148,423
11,1146,427
11,1184,469
11,1183,460
11,1217,469
11,1222,480
11,1257,469
11,1275,489
11,1288,498
11,1310,503
11,1340,511
11,1369,510
11,1360,520
11,1359,524
11,1359,527
11,1400,536
11,1399,539
11,1432,552
11,1429,557
11,1451,559
11,1446,568
11,1548,619
11,1561,622
11,1564,617
11,1613,626
11,1610,633
11,1608,640
11,1843,692
11,1496,697
11,1659,803
11,1628,853
11,1640,862
11,1649,866
11,967,727
11,1201,753
11,1226,742
11,1216,749
11,1218,755
11,410,772
11,416,771
11,451,856
11,457,851
11,476,847
11,499,917
11,504,909
11,481,956
11,485,950
11,489,946
11,499,941
11,512,1016
11,517,1023
11,521,1012
11,527,1009
11,627,936
11,622,867
11,627,866
11,626,880
11,634,891
11,642,996
11,86,382
11,1797,112
11,879,167
11,655,953
11,666,952
11,643,975
11,633,974
11,691,1008
11,678,1014
11,655,1039
11,637,1025
11,646,1038
11,630,1012
11,632,999
11,625,991
11,624,972
11,618,984
11,615,942
11,622,941
11,627,947
11,621,842
11,628,967
11,647,920
11,609,931
11,619,929
11,653,912
11,608,754
11,618,746
11,609,726
11,616,689
11,606,694
11,605,692
11,614,687
11,606,677
11,600,662
11,612,866
11,599,646
11,517,568
11,496,544
11,505,540
11,502,530
11,493,531
11,487,545
11,197,514
11,86,505
11,84,513
11,35,516
11,38,490
11,36,484
11,35,478
11,36,473
11,217,513
11,330,497
11,333,506
11,1507,544
11,1909,720
11,1842,703
11,1556,1057
11,1542,1039
11,181,510
11,376,666
11,1003,144
11,1016,41
12,42,509
12,69,497
12,69,511
12,79,493
12,81,498
12,82,503
12,124,495
12,126,501
12,126,506
12,122,512
12,149,511
12,153,494
12,157,498
12,181,487
12,165,500
12,199,497
12,203,491
12,216,501
12,228,499
12,292,488
12,452,484
12,458,487
12,461,493
12,477,511
12,486,522
12,484,530
12,486,528
12,494,526
12,494,519
12,542,413
12,547,410
12,731,476
12,732,469
12,748,455
12,747,461
12,756,462
12,786,465
12,886,452
12,964,446
12,975,439
12,1012,483
12,1053,422
12,1043,433
12,1053,434
12,1067,440
12,1055,437
12,1075,449
12,835,279
12,1152,424
12,1150,428
12,1191,470
12,1187,463
12,1220,470
12,1226,481
12,1261,470
12,1278,489
12,1292,497
12,1314,504
12,1344,513
12,1373,512
12,1363,521
12,1362,525
12,1363,530
12,1403,537
12,1401,540
12,1436,554
12,1432,560
12,1455,561
12,1449,570
12,1552,619
12,1564,624
12,1569,619
12,1616,628
12,1613,634
12,1612,641
12,1847,693
12,1496,699
12,1659,805
12,1628,853
12,1640,861
12,1649,866
12,969,728
12,1205,753
12,1230,743
12,1222,749
12,1221,755
12,412,775
12,418,774
12,453,859
12,460,854
12,477,850
12,500,920
12,507,914
12,482,960
12,485,953
12,490,947
12,499,946
12,512,1019
12,519,1026
12,522,1015
12,527,1012
12,627,940
12,622,870
12,629,873
12,625,883
12,634,893
12,642,1000
12,87,383
12,1798,112
12,879,169
12,658,959
12,667,955
12,644,979
12,634,978
12,656,1041
12,639,1029
12,648,1042
12,626,994
12,625,976
12,619,988
12,616,946
12,623,943
12,626,951
12,621,846
12,628,970
12,649,924
12,609,935
12,619,933
12,655,917
12,618,812
12,609,757
12,619,750
12,610,729
12,619,699
12,607,706
12,606,695
12,615,691
12,607,681
12,599,666
12,612,871
12,601,650
12,522,572
12,498,547
12,506,543
12,503,534
12,495,534
12,490,549
12,199,514
12,90,505
12,88,514
12,44,519
12,42,490
12,40,484
12,39,478
12,40,474
12,220,513
12,332,498
12,337,507
12,9,499
12,9,507
12,1528,552
12,1911,720
12,1846,704
12,1559,1059
12,1544,1041
12,185,510
12,1002,157
12,1017,55
13,45,508
13,75,496
13,74,510
13,84,492
13,86,498
13,87,502
13,128,495
13,130,500
13,131,505
13,132,518
13,153,511
13,157,494
13,162,498
13,187,486
13,168,499
13,202,496
13,205,491
13,219,500
13,232,499
13,297,487
13,456,486
13,463,488
13,464,493
13,479,514
13,488,525
13,483,533
13,490,533
13,494,528
13,495,523
13,545,415
13,552,412
13,735,475
13,735,468
13,752,454
13,750,460
13,760,461
13,792,464
13,889,452
13,966,446
13,979,438
13,1017,483
13,1058,422
13,1045,433
13,1056,434
13,1071,441
13,1059,437
13,1078,452
13,835,278
13,1156,425
13,1153,429
13,1194,469
13,1190,464
13,1223,470
13,1230,482
13,1265,470
13,1282,491
13,1294,499
13,1318,507
13,1347,515
13,1377,514
13,1366,522
13,1365,525
13,1367,532
13,1406,538
13,1404,541
13,1440,555
13,1436,562
13,1458,563
13,1452,572
13,1555,620
13,1568,626
13,1573,621
13,1619,630
13,1616,635
13,1615,642
13,1851,694
13,1492,701
13,1660,807
13,1628,853
13,1640,861
13,1649,867
13,974,730
13,1211,753
13,1234,745
13,1229,749
13,1224,756
13,415,778
13,419,776
13,455,862
13,462,857
13,478,852
13,500,924
13,509,918
13,483,963
13,488,955
13,492,951
13,500,949
13,513,1023
13,519,1028
13,522,1018
13,529,1015
13,628,944
13,623,875
13,628,877
13,625,888
13,632,897
13,642,1005
13,85,383
13,1797,112
13,879,168
13,659,961
13,669,959
13,644,981
13,636,984
13,658,1046
13,640,1032
13,649,1046
13,626,998
13,625,980
13,619,991
13,617,950
13,624,945
13,626,955
13,621,849
13,629,974
13,651,927
13,609,938
13,619,937
13,657,923
13,619,817
13,609,761
13,620,754
13,611,733
13,620,702
13,613,709
13,606,698
13,615,695
13,608,686
13,601,670
13,611,877
13,602,655
13,527,576
13,501,549
13,508,546
13,504,536
13,496,537
13,492,552
13,202,515
13,94,505
13,92,514
13,44,517
13,46,490
13,44,484
13,43,479
13,44,475
13,224,514
13,334,498
13,340,507
13,13,501
13,13,508
13,1549,560
13,1913,720
13,1849,704
13,1562,1061
13,1547,1043
13,189,510
13,1002,170
13,1016,69
14,49,508
14,78,496
14,79,509
14,90,492
14,91,497
14,91,501
14,132,495
14,134,500
14,134,505
14,132,510
14,158,511
14,160,493
14,166,497
14,191,486
14,172,499
14,204,495
14,207,490
14,223,500
14,235,499
14,301,487
14,459,488
14,466,487
14,468,492
14,481,517
14,489,528
14,484,535
14,491,535
14,497,532
14,496,525
14,549,417
14,555,413
14,740,473
14,739,468
14,756,452
14,754,459
14,764,461
14,795,464
14,893,451
14,970,446
14,983,438
14,1022,482
14,1063,423
14,1049,435
14,1060,434
14,1075,443
14,1061,437
14,1082,453
14,834,277
14,1160,427
14,1158,430
14,1197,471
14,1193,466
14,1226,471
14,1232,483
14,1269,472
14,1285,492
14,1297,501
14,1322,508
14,1351,517
14,1382,516
14,1371,522
14,1368,526
14,1370,533
14,1409,540
14,1407,542
14,1443,556
14,1440,563
14,1462,566
14,1455,574
14,1559,621
14,1573,628
14,1575,623
14,1623,631
14,1619,637
14,1619,643
14,1855,695
14,1489,702
14,1660,809
14,1628,852
14,1640,861
14,1650,867
14,976,731
14,1214,753
14,1239,747
14,1234,750
14,1229,757
14,417,781
14,421,779
14,457,866
14,462,860
14,480,857
14,501,928
14,512,921
14,484,967
14,490,959
14,494,955
14,501,952
14,513,1026
14,520,1031
14,523,1021
14,530,1018
14,627,948
14,623,878
14,629,881
14,626,892
14,633,902
14,644,1009
14,86,381
14,1799,112
14,876,168
14,660,964
14,670,963
14,643,985
14,636,987
14,659,1052
14,638,1035
14,649,1050
14,626,1002
14,626,984
14,619,995
14,617,953
14,625,949
14,627,958
14,622,852
14,630,977
14,652,931
14,610,941
14,619,941
14,659,928
14,611,919
14,620,822
14,610,764
14,620,758
14,621,703
14,611,713
14,606,701
14,615,700
14,609,690
14,602,672
14,611,882
14,604,660
14,589,646
14,530,580
14,503,551
14,510,549
14,506,538
14,498,540
14,495,555
14,205,516
14,98,505
14,97,514
14,48,519
14,51,490
14,47,484
14,46,480
14,49,475
14,228,514
14,338,498
14,343,507
14,17,502
14,17,510
14,1571,569
14,1853,704
14,1565,1064
14,1550,1047
14,191,509
14,203,500
14,1002,183
14,1016,83
15,52,508
15,82,495
15,82,509
15,95,492
15,95,497
15,96,501
15,135,495
15,137,501
15,137,505
15,137,514
15,161,511
15,164,492
15,169,496
15,197,485
15,175,498
15,207,495
15,210,490
15,225,500
15,238,498
15,305,488
15,462,490
15,470,487
15,471,493
15,484,519
15,491,531
15,485,539
15,492,536
15,498,536
15,500,530
15,552,419
15,558,414
15,745,471
15,744,468
15,758,451
15,758,456
15,767,461
15,799,463
15,896,451
15,972,444
15,986,436
15,1024,483
15,1068,422
15,1052,436
15,1063,434
15,1080,443
15,1064,437
15,1086,454
15,834,278
15,1163,428
15,1161,432
15,1203,472
15,1196,466
15,1230,473
15,1234,484
15,1273,474
15,1288,494
15,1302,502
15,1326,510
15,1355,519
15,1384,517
15,1374,524
15,1372,528
15,1372,533
15,1411,540
15,1410,544
15,1447,557
15,1444,565
15,1465,569
15,1458,576
15,1563,620
15,1575,630
15,1578,625
15,1626,632
15,1623,638
15,1622,645
15,1859,696
15,1484,700
15,1658,813
15,1628,852
15,1640,861
15,1649,866
15,978,733
15,1217,753
15,1242,749
15,1238,752
15,1233,757
15,417,784
15,424,782
15,457,868
15,463,863
15,482,860
15,504,931
15,513,923
15,484,968
15,487,964
15,490,961
15,501,955
15,514,1030
15,521,1034
15,523,1024
15,531,1021
15,626,951
15,624,882
15,629,885
15,624,892
15,634,905
15,644,1013
15,85,382
15,1798,114
15,878,169
15,662,968
15,670,966
15,647,988
15,636,990
15,661,1059
15,637,1038
15,649,1054
15,627,1005
15,626,988
15,619,998
15,617,957
15,626,952
15,628,961
15,623,855
15,631,981
15,653,935
15,611,945
15,620,945
15,661,932
15,612,924
15,622,828
15,611,768
15,621,762
15,622,706
15,609,718
15,605,705
15,614,704
15,610,695
15,604,674
15,611,887
15,605,664
15,593,652
15,504,554
15,511,551
15,508,541
15,501,543
15,496,559
15,208,516
15,103,505
15,101,514
15,53,522
15,55,490
15,51,484
15,50,481
15,53,475
15,232,514
15,342,498
15,346,506
15,22,503
15,21,511
15,1593,576
15,1857,705
15,1568,1067
15,1552,1051
15,193,508
15,207,506
15,207,501
15,1002,197
15,1015,96
16,56,511
16,87,496
16,88,507
16,99,491
16,98,497
16,100,500
16,140,495
16,141,499
16,142,504
16,140,510
16,165,511
16,168,491
16,173,495
16,203,484
16,178,497
16,211,495
16,213,490
16,227,499
16,240,497
16,308,487
16,464,491
16,474,485
16,475,493
16,486,522
16,492,533
16,486,542
16,493,540
16,499,538
16,501,533
16,556,421
16,561,416
16,752,473
16,748,467
16,762,448
16,762,456
16,772,461
16,803,462
16,900,451
16,975,443
16,990,437
16,1026,483
16,1072,422
16,1055,436
16,1066,435
16,1084,445
16,1067,438
16,1088,454
16,834,279
16,1167,428
16,1165,434
16,1206,474
16,1199,467
16,1233,474
16,1237,485
16,1276,475
16,1291,494
16,1306,503
16,1330,512
16,1359,520
16,1389,519
16,1377,526
16,1375,530
16,1376,535
16,1414,541
16,1413,546
16,1451,559
16,1447,567
16,1468,572
16,1461,578
16,1567,620
16,1579,632
16,1583,628
16,1629,634
16,1627,639
16,1625,646
16,1863,697
16,1479,699
16,1657,817
16,1628,852
16,1640,861
16,1649,866
16,980,735
16,1222,753
16,1246,753
16,1242,756
16,1238,760
16,419,788
16,425,785
16,459,871
16,465,866
16,484,863
16,505,935
16,514,930
16,487,970
16,490,966
16,492,964
16,502,960
16,514,1032
16,521,1037
16,525,1028
16,530,1024
16,624,963
16,623,885
16,628,890
16,623,898
16,633,909
16,646,1018
16,86,383
16,1797,114
16,878,170
16,661,973
16,672,971
16,648,994
16,636,994
16,662,1062
16,637,1041
16,651,1056
16,628,1008
16,628,992
16,620,1001
16,617,961
16,627,955
16,628,965
16,624,858
16,632,984
16,654,939
16,612,948
16,620,948
16,662,937
16,608,930
16,619,832
16,612,771
16,622,766
16,622,712
16,609,723
16,605,713
16,611,709
16,610,699
16,604,679
16,611,892
16,605,667
16,596,658
16,505,558
16,512,553
16,509,543
16,503,546
16,498,562
16,211,517
16,107,505
16,104,513
16,58,523
16,59,490
16,55,485
16,54,482
16,57,476
16,236,513
16,346,497
16,349,505
16,26,504
16,26,512
16,15,486
16,1615,584
16,1861,705
16,1571,1069
16,1555,1055
16,196,508
16,213,507
16,210,502
16,565,950
16,1002,210
16,1014,110
17,60,511
17,90,496
17,92,507
17,103,492
17,101,497
17,103,500
17,143,493
17,145,499
17,146,503
17,143,510
17,168,511
17,171,492
17,177,495
17,207,483
17,181,497
17,213,495
17,216,490
17,231,499
17,242,498
17,312,489
17,466,492
17,477,486
17,479,492
17,486,525
17,493,537
17,486,544
17,493,543
17,500,541
17,503,536
17,559,424
17,564,418
17,753,472
17,752,469
17,766,446
17,766,455
17,776,460
17,807,461
17,903,450
17,977,442
17,994,438
17,1031,481
17,1076,422
17,1058,436
17,1069,436
17,1089,445
17,1071,439
17,1091,455
17,833,277
17,1171,430
17,1169,435
17,1211,474
17,1203,469
17,1237,475
17,1241,485
17,1281,476
17,1294,497
17,1309,504
17,1335,514
17,1362,522
17,1393,522
17,1380,527
17,1379,531
17,1379,536
17,1416,542
17,1415,547
17,1455,560
17,1451,570
17,1470,576
17,1464,579
17,1570,620
17,1583,634
17,1586,629
17,1633,634
17,1630,641
17,1628,647
17,1868,699
17,1479,699
17,1658,821
17,1628,851
17,1640,861
17,1648,866
17,983,738
17,1228,755
17,1250,755
17,1246,759
17,1242,763
17,421,792
17,426,788
17,460,875
17,467,869
17,483,867
17,505,937
17,517,934
17,486,975
17,491,970
17,492,967
17,502,964
17,514,1035
17,522,1040
17,527,1032
17,530,1027
17,630,967
17,622,888
17,628,893
17,620,901
17,632,912
17,645,1022
17,85,383
17,1796,115
17,878,167
17,664,976
17,672,975
17,647,997
17,639,999
17,662,1064
17,638,1044
17,653,1059
17,629,1011
17,629,995
17,621,1004
17,617,964
17,627,957
17,626,965
17,625,861
17,633,988
17,656,943
17,613,952
17,622,951
17,664,941
17,610,933
17,619,835
17,612,775
17,623,770
17,605,717
17,611,712
17,612,703
17,604,684
17,610,898
17,606,671
17,596,662
17,506,561
17,513,555
17,510,545
17,503,550
17,499,565
17,214,518
17,111,505
17,108,513
17,64,523
17,62,492
17,59,486
17,58,482
17,61,477
17,241,513
17,349,497
17,352,505
17,30,505
17,30,514
17,21,489
17,9,493
17,1637,592
17,1866,706
17,1573,1071
17,1557,1058
17,199,508
17,217,509
17,214,503
17,566,956
17,1003,224
17,1013,124
18,62,512
18,95,495
18,96,507
18,108,492
18,106,496
18,108,499
18,148,492
18,150,498
18,150,503
18,147,510
18,172,511
18,173,491
18,181,494
18,211,482
18,184,497
18,217,495
18,219,490
18,236,498
18,246,497
18,315,490
18,468,494
18,481,485
18,482,490
18,488,528
18,494,540
18,486,547
18,496,547
18,501,544
18,505,539
18,562,426
18,567,420
18,756,472
18,757,468
18,770,446
18,769,454
18,780,459
18,811,461
18,906,449
18,980,440
18,999,438
18,1035,481
18,1080,422
18,1061,437
18,1071,437
18,1093,445
18,1074,439
18,1096,456
18,831,277
18,1173,431
18,1172,437
18,1214,475
18,1207,469
18,1240,476
18,1245,487
18,1284,478
18,1298,497
18,1312,504
18,1338,516
18,1365,524
18,1397,523
18,1383,527
18,1382,533
18,1383,537
18,1418,544
18,1418,549
18,1458,563
18,1453,571
18,1473,576
18,1467,581
18,1573,620
18,1586,635
18,1590,631
18,1636,635
18,1633,642
18,1631,648
18,1872,699
18,1477,696
18,1657,821
18,1629,851
18,1640,861
18,1648,866
18,986,740
18,1232,757
18,1255,759
18,1249,761
18,1245,766
18,423,796
18,427,792
18,461,877
18,470,871
18,485,871
18,506,940
18,518,937
18,483,985
18,492,973
18,495,972
18,501,967
18,514,1039
18,523,1042
18,527,1035
18,533,1030
18,630,972
18,621,891
18,627,894
18,621,906
18,633,917
18,646,1025
18,85,383
18,1791,115
18,878,168
18,665,980
18,674,980
18,647,1000
18,641,1003
18,662,1066
18,639,1047
18,654,1063
18,630,1015
18,630,998
18,622,1006
18,618,967
18,628,960
18,624,965
18,626,864
18,634,992
18,657,947
18,614,955
18,623,954
18,666,944
18,612,936
18,619,838
18,613,778
18,623,774
18,605,720
18,612,714
18,613,706
18,605,692
18,610,903
18,606,674
18,597,666
18,508,564
18,515,557
18,512,547
18,504,552
18,501,567
18,218,519
18,115,505
18,111,513
18,62,525
18,65,493
18,63,487
18,62,482
18,65,477
18,246,512
18,353,496
18,355,504
18,34,506
18,35,515
18,23,491
18,14,495
18,1660,598
18,1870,707
18,1575,1072
18,1560,1060
18,203,509
18,221,510
18,218,504
18,567,961
18,1004,238
18,1012,138
19,66,513
19,99,494
19,100,506
19,111,491
19,111,496
19,112,499
19,151,493
19,154,498
19,154,502
19,151,509
19,174,511
19,175,492
19,183,492
19,217,482
19,187,496
19,218,495
19,222,490
19,241,498
19,249,496
19,319,492
19,471,497
19,483,486
19,485,492
19,489,531
19,495,543
19,487,550
19,496,549
19,502,547
19,507,542
19,565,428
19,571,422
19,759,472
19,760,468
19,775,443
19,773,453
19,784,459
19,814,460
19,909,449
19,984,439
19,1001,437
19,1039,480
19,1085,422
19,1065,437
19,1075,437
19,1096,446
19,1077,439
19,1100,456
19,831,278
19,1178,432
19,1175,438
19,1217,476
19,1208,470
19,1244,476
19,1247,488
19,1288,478
19,1301,498
19,1315,507
19,1341,519
19,1367,524
19,1400,525
19,1386,529
19,1385,532
19,1387,538
19,1421,546
19,1420,550
19,1461,565
19,1456,572
19,1477,578
19,1471,582
19,1577,619
19,1590,636
19,1593,632
19,1638,635
19,1635,643
19,1634,649
19,1876,700
19,1476,693
19,1658,819
19,1629,851
19,1640,861
19,1648,866
19,989,742
19,1237,759
19,1259,763
19,1252,763
19,1247,768
19,425,797
19,429,795
19,462,879
19,471,875
19,487,874
19,507,943
19,520,941
19,487,983
19,494,977
19,497,975
19,505,970
19,514,1042
19,524,1046
19,528,1037
19,535,1034
19,626,966
19,624,897
19,628,896
19,620,911
19,632,921
19,646,1029
19,85,382
19,1791,117
19,878,169
19,665,983
19,676,984
19,641,1005
19,662,1068
19,639,1050
19,654,1069
19,632,1019
19,631,999
19,623,1007
19,619,971
19,628,962
19,627,970
19,627,867
19,636,997
19,659,951
19,615,958
19,624,957
19,667,947
19,613,940
19,619,841
19,614,782
19,624,778
19,617,818
19,627,818
19,605,723
19,613,717
19,615,707
19,606,701
19,610,908
19,608,678
19,598,670
19,511,566
19,518,560
19,514,551
19,505,554
19,504,569
19,223,519
19,119,505
19,116,513
19,64,527
19,70,494
19,68,488
19,67,482
19,70,478
19,250,511
19,356,495
19,359,504
19,96,530
19,38,507
19,40,516
19,28,494
19,20,496
19,1682,604
19,1875,708
19,1578,1073
19,1563,1063
19,207,509
19,224,511
19,221,503
19,569,965
19,1005,251
19,1010,151
20,71,514
20,102,495
20,106,505
20,115,490
20,116,494
20,117,499
20,156,492
20,157,498
20,159,502
20,155,508
20,175,510
20,177,493
20,185,492
20,224,482
20,193,495
20,221,495
20,224,489
20,247,495
20,252,495
20,323,492
20,474,500
20,485,486
20,490,491
20,489,534
20,498,546
20,489,553
20,498,553
20,504,549
20,508,544
20,569,430
20,575,422
20,763,472
20,764,467
20,778,442
20,778,450
20,787,459
20,817,458
20,912,449
20,986,439
20,1005,437
20,1042,479
20,1090,421
20,1068,437
20,1078,438
20,1099,446
20,1080,439
20,1105,456
20,831,279
20,1182,434
20,1180,438
20,1220,477
20,1210,471
20,1248,476
20,1249,489
20,1291,480
20,1305,500
20,1319,508
20,1344,521
20,1371,525
20,1405,526
20,1390,530
20,1388,534
20,1389,538
20,1424,548
20,1424,552
20,1464,568
20,1460,574
20,1481,580
20,1474,584
20,1580,620
20,1593,638
20,1597,634
20,1642,636
20,1639,643
20,1639,649
20,1881,701
20,1477,691
20,1661,812
20,1629,850
20,1641,861
20,1648,867
20,992,743
20,1239,759
20,1262,766
20,1255,766
20,1250,771
20,427,800
20,431,798
20,465,883
20,473,878
20,488,877
20,509,946
20,520,943
20,486,983
20,495,981
20,498,977
20,507,973
20,515,1046
20,524,1047
20,529,1038
20,535,1036
20,627,969
20,624,903
20,628,902
20,621,914
20,633,924
20,648,1033
20,85,382
20,1788,114
20,879,169
20,667,986
20,678,986
20,642,1008
20,662,1070
20,639,1053
20,655,1071
20,633,1022
20,619,975
20,627,963
20,632,976
20,627,872
20,638,996
20,660,955
20,616,961
20,625,960
20,669,951
20,614,946
20,617,846
20,615,785
20,625,782
20,620,823
20,630,823
20,607,726
20,614,720
20,617,707
20,606,711
20,610,913
20,610,684
20,599,674
20,516,567
20,519,561
20,516,552
20,506,556
20,509,572
20,123,506
20,120,513
20,68,528
20,74,495
20,72,488
20,71,483
20,74,479
20,253,511
20,360,495
20,362,503
20,121,527
20,44,508
20,44,516
20,33,497
20,24,498
20,13,488
20,19,482
20,1705,609
20,1879,709
20,1566,1065
20,212,509
20,226,513
20,225,502
20,569,966
20,1005,265
20,1010,164
21,74,516
21,109,494
21,110,505
21,119,490
21,119,494
21,120,499
21,160,492
21,161,497
21,163,502
21,161,507
21,178,510
21,180,494
21,190,489
21,228,482
21,198,495
21,226,494
21,228,489
21,253,493
21,256,494
21,327,492
21,477,502
21,489,486
21,492,490
21,491,537
21,499,548
21,492,557
21,499,555
21,506,552
21,510,545
21,574,432
21,579,423
21,769,470
21,768,466
21,781,441
21,782,450
21,790,458
21,820,458
21,916,449
21,990,438
21,1010,437
21,1045,479
21,1094,421
21,1070,437
21,1081,438
21,1103,446
21,1083,440
21,1108,456
21,828,279
21,1186,435
21,1184,439
21,1224,478
21,1214,474
21,1252,477
21,1253,489
21,1294,481
21,1308,500
21,1323,509
21,1348,521
21,1377,526
21,1409,527
21,1393,531
21,1392,536
21,1393,540
21,1427,550
21,1427,554
21,1467,570
21,1463,576
21,1485,582
21,1477,585
21,1584,620
21,1597,641
21,1601,635
21,1646,636
21,1642,644
21,1642,650
21,1886,700
21,1479,690
21,1665,807
21,1629,850
21,1642,862
21,1649,865
21,997,744
21,1245,763
21,1265,768
21,1258,769
21,1254,773
21,430,804
21,433,801
21,466,885
21,476,880
21,489,879
21,510,949
21,521,947
21,489,987
21,495,984
21,500,980
21,509,975
21,514,1047
21,526,1050
21,531,1041
21,537,1039
21,626,978
21,623,908
21,627,907
21,619,917
21,633,927
21,650,1037
21,86,382
21,1787,114
21,879,170
21,668,991
21,678,993
21,643,1011
21,663,1074
21,639,1056
21,655,1073
21,634,1024
21,619,979
21,627,964
21,633,981
21,627,878
21,640,997
21,662,959
21,617,964
21,626,963
21,670,955
21,616,949
21,616,851
21,615,789
21,626,786
21,621,827
21,631,826
21,639,822
21,624,817
21,607,730
21,615,723
21,619,708
21,608,718
21,610,917
21,613,686
21,600,678
21,519,569
21,521,562
21,519,554
21,509,557
21,513,575
21,128,506
21,125,514
21,71,530
21,79,495
21,77,488
21,75,483
21,79,480
21,256,510
21,363,494
21,365,503
21,124,526
21,49,508
21,48,516
21,39,499
21,26,499
21,18,490
21,26,485
21,1728,615
21,1883,710
21,1571,1066
21,217,509
21,228,515
21,228,501
21,570,968
21,1006,279
21,1009,178
22,77,516
22,114,494
22,115,504
22,124,489
22,124,495
22,124,498
22,165,491
22,166,496
22,167,500
22,166,507
22,180,510
22,185,493
22,195,489
22,232,481
22,202,495
22,229,494
22,231,489
22,259,492
22,260,495
22,331,494
22,478,504
22,493,485
22,496,490
22,492,540
22,500,550
22,494,559
22,500,558
22,508,553
22,513,547
22,578,433
22,583,426
22,773,471
22,771,466
22,785,441
22,785,451
22,794,458
22,824,456
22,920,449
22,993,437
22,1014,438
22,1049,478
22,1098,421
22,1074,437
22,1085,439
22,1109,447
22,1086,440
22,1111,455
22,827,278
22,1190,436
22,1188,441
22,1229,479
22,1218,474
22,1255,478
22,1256,490
22,1298,483
22,1310,500
22,1328,510
22,1351,523
22,1379,527
22,1412,528
22,1397,532
22,1396,538
22,1396,541
22,1429,551
22,1429,555
22,1470,573
22,1468,578
22,1488,583
22,1479,586
22,1588,621
22,1602,643
22,1605,636
22,1649,638
22,1646,644
22,1645,651
22,1889,701
22,1482,689
22,1671,809
22,1629,850
22,1642,862
22,1649,865
22,999,746
22,1249,765
22,1270,772
22,1261,772
22,1258,776
22,431,807
22,435,804
22,468,887
22,477,882
22,491,882
22,512,952
22,523,951
22,494,992
22,498,987
22,501,983
22,510,979
22,516,1050
22,528,1054
22,534,1046
22,538,1042
22,625,982
22,617,913
22,626,912
22,617,922
22,633,931
22,650,1040
22,86,383
22,1787,114
22,879,172
22,671,994
22,680,994
22,665,1080
22,639,1059
22,656,1076
22,635,1026
22,620,982
22,629,975
22,633,984
22,642,1000
22,664,963
22,618,967
22,627,967
22,671,959
22,618,952
22,617,859
22,616,792
22,627,790
22,622,832
22,631,828
22,639,828
22,626,822
22,606,735
22,618,728
22,620,713
22,611,724
22,611,920
22,612,696
22,602,689
22,521,571
22,522,564
22,522,558
22,508,555
22,132,505
22,130,514
22,76,528
22,84,496
22,82,488
22,80,484
22,84,480
22,260,510
22,367,494
22,368,503
22,128,525
22,53,509
22,53,516
22,46,500
22,29,499
22,23,491
22,30,485
22,13,481
22,10,491
22,1750,620
22,1888,711
22,1575,1068
22,222,509
22,228,515
22,232,500
22,571,970
22,1008,293
22,1008,191
23,82,515
23,119,493
23,120,504
23,130,488
23,129,494
23,129,498
23,169,491
23,170,496
23,172,500
23,169,507
23,184,510
23,187,494
23,198,490
23,239,482
23,205,495
23,232,493
23,234,489
23,264,491
23,264,497
23,337,493
23,480,506
23,496,484
23,499,491
23,494,543
23,503,553
23,496,562
23,501,559
23,510,555
23,514,549
23,582,435
23,587,427
23,777,470
23,777,466
23,789,440
23,790,449
23,800,457
23,829,456
23,923,447
23,997,438
23,1018,438
23,1052,476
23,1101,421
23,1077,439
23,1087,440
23,1114,448
23,1089,441
23,1114,454
23,826,278
23,1194,438
23,1191,443
23,1233,481
23,1222,475
23,1259,478
23,1260,490
23,1304,485
23,1313,501
23,1331,511
23,1357,524
23,1383,526
23,1416,530
23,1401,533
23,1400,538
23,1400,543
23,1432,552
23,1431,556
23,1474,575
23,1473,579
23,1491,584
23,1482,588
23,1592,621
23,1607,645
23,1609,637
23,1652,639
23,1649,645
23,1648,652
23,1893,700
23,1484,690
23,1672,806
23,1629,849
23,1642,862
23,1649,865
23,1004,746
23,1253,767
23,1273,774
23,1265,774
23,1261,778
23,433,810
23,438,807
23,470,890
23,479,885
23,493,885
23,513,955
23,525,954
23,493,994
23,499,989
23,505,985
23,512,981
23,517,1052
23,528,1056
23,535,1049
23,539,1046
23,628,979
23,616,915
23,626,914
23,620,925
23,635,935
23,652,1044
23,86,383
23,1787,115
23,881,169
23,672,997
23,682,997
23,639,1064
23,636,1028
23,621,985
23,630,979
23,634,988
23,642,1005
23,665,968
23,619,971
23,628,970
23,672,963
23,619,955
23,619,861
23,617,795
23,627,794
23,624,836
23,632,832
23,640,833
23,627,826
23,606,740
23,620,735
23,621,719
23,611,727
23,612,924
23,613,695
23,605,700
23,522,575
23,524,569
23,526,563
23,506,552
23,136,505
23,135,514
23,83,525
23,90,496
23,86,489
23,84,484
23,89,479
23,263,510
23,370,495
23,371,503
23,132,525
23,56,509
23,58,516
23,53,501
23,32,500
23,27,492
23,35,486
23,17,482
23,15,493
23,1772,624
23,1892,711
23,1579,1069
23,227,509
23,228,515
23,234,500
23,573,974
23,1013,308
23,1008,203
24,85,513
24,124,493
24,124,504
24,133,488
24,133,493
24,132,498
24,174,490
24,174,495
24,175,499
24,171,505
24,187,510
24,192,493
24,203,487
24,245,482
24,209,495
24,235,493
24,238,488
24,268,491
24,269,496
24,340,495
24,483,509
24,500,483
24,503,490
24,496,546
24,504,556
24,499,565
24,504,563
24,515,562
24,515,550
24,586,437
24,591,428
24,782,466
24,779,465
24,794,439
24,794,448
24,804,456
24,833,456
24,926,447
24,1000,438
24,1023,438
24,1057,474
24,1106,420
24,1081,440
24,1090,440
24,1118,447
24,1092,441
24,1119,454
24,827,278
24,1197,438
24,1194,442
24,1237,481
24,1225,475
24,1263,478
24,1262,490
24,1308,485
24,1319,504
24,1334,513
24,1360,527
24,1386,527
24,1421,531
24,1404,534
24,1403,538
24,1403,544
24,1435,553
24,1434,558
24,1478,577
24,1477,580
24,1494,585
24,1485,590
24,1596,621
24,1610,645
24,1613,638
24,1656,640
24,1653,646
24,1652,653
24,1896,700
24,1486,690
24,1671,807
24,1629,849
24,1642,862
24,1649,865
24,1007,748
24,1256,769
24,1275,775
24,1269,777
24,1263,780
24,435,812
24,440,811
24,472,894
24,482,888
24,494,888
24,516,959
24,527,957
24,493,998
24,500,991
24,506,988
24,513,983
24,519,1054
24,529,1059
24,535,1052
24,539,1049
24,629,983
24,618,921
24,626,916
24,620,927
24,633,938
24,654,1048
24,86,383
24,1786,116
24,879,170
24,674,1002
24,683,1000
24,640,1069
24,637,1031
24,622,988
24,631,984
24,635,993
24,642,1011
24,667,973
24,621,976
24,629,973
24,673,966
24,621,958
24,617,799
24,628,798
24,625,840
24,633,837
24,641,836
24,628,829
24,621,819
24,612,730
24,613,927
24,612,698
24,607,710
24,522,579
24,526,574
24,530,568
24,504,549
24,140,505
24,138,513
24,87,524
24,95,496
24,91,489
24,89,484
24,94,479
24,267,509
24,374,495
24,374,502
24,135,525
24,60,509
24,63,516
24,60,502
24,37,500
24,31,492
24,39,487
24,21,483
24,20,495
24,1793,628
24,1897,711
24,1582,1071
24,232,510
24,228,515
24,237,500
24,574,978
24,1018,323
24,1008,216
25,88,514
25,128,493
25,129,502
25,137,487
25,137,493
25,137,497
25,177,490
25,180,494
25,179,499
25,176,506
25,190,510
25,196,493
25,206,487
25,249,482
25,211,495
25,238,493
25,242,488
25,273,491
25,273,497
25,344,494
25,485,514
25,504,483
25,506,489
25,496,548
25,505,557
25,503,568
25,507,564
25,518,564
25,515,551
25,590,438
25,594,430
25,785,466
25,782,465
25,797,439
25,798,446
25,808,455
25,838,455
25,930,446
25,1004,438
25,1027,438
25,1060,472
25,1110,421
25,1083,441
25,1094,440
25,1121,448
25,1096,442
25,1123,453
25,825,278
25,1200,439
25,1198,443
25,1241,483
25,1229,475
25,1264,478
25,1266,490
25,1312,487
25,1321,504
25,1338,515
25,1363,528
25,1390,530
25,1426,532
25,1407,535
25,1406,540
25,1405,545
25,1438,556
25,1436,559
25,1481,578
25,1481,583
25,1499,587
25,1488,591
25,1599,622
25,1615,648
25,1618,640
25,1659,641
25,1656,647
25,1655,655
25,1901,702
25,1488,691
25,1668,809
25,1629,849
25,1642,862
25,1649,865
25,1010,750
25,1260,772
25,1278,778
25,1272,780
25,1266,783
25,437,815
25,440,812
25,472,897
25,484,891
25,496,891
25,517,962
25,527,959
25,494,1001
25,502,994
25,507,991
25,514,986
25,520,1058
25,530,1062
25,535,1054
25,540,1052
25,626,988
25,617,923
25,624,921
25,621,932
25,635,942
25,654,1055
25,85,382
25,1785,119
25,880,169
25,675,1004
25,683,1004
25,643,1070
25,638,1034
25,624,992
25,632,987
25,636,998
25,642,1014
25,669,977
25,623,980
25,631,976
25,675,970
25,623,961
25,618,802
25,629,802
25,626,844
25,634,842
25,642,840
25,628,833
25,620,824
25,615,733
25,614,931
25,612,702
25,607,715
25,503,546
25,519,582
25,144,505
25,142,513
25,91,523
25,99,495
25,95,489
25,94,484
25,97,479
25,271,508
25,376,493
25,378,502
25,137,526
25,64,508
25,67,517
25,67,502
25,41,500
25,35,493
25,43,487
25,25,484
25,24,495
25,9,497
25,10,507
25,10,514
25,1815,632
25,1901,711
25,237,510
25,228,515
25,240,500
25,575,982
25,1025,333
25,1006,228
26,93,513
26,131,492
26,132,501
26,140,487
26,141,493
26,141,497
26,179,488
26,182,494
26,183,499
26,179,505
26,193,510
26,199,493
26,210,487
26,255,481
26,215,495
26,241,492
26,245,487
26,277,490
26,275,496
26,348,495
26,487,515
26,508,481
26,510,489
26,496,551
26,507,558
26,504,570
26,509,566
26,518,564
26,516,553
26,594,440
26,597,430
26,790,465
26,789,464
26,802,439
26,801,446
26,811,454
26,841,455
26,933,445
26,1006,439
26,1030,439
26,1062,472
26,1114,422
26,1085,441
26,1098,440
26,1126,448
26,1100,442
26,1126,455
26,824,275
26,1204,439
26,1201,445
26,1245,483
26,1232,476
26,1266,479
26,1268,492
26,1316,488
26,1324,505
26,1340,516
26,1367,530
26,1393,530
26,1429,534
26,1412,537
26,1410,542
26,1408,547
26,1441,558
26,1439,560
26,1484,580
26,1485,585
26,1503,589
26,1491,593
26,1603,622
26,1618,649
26,1621,642
26,1663,643
26,1660,649
26,1659,655
26,1905,703
26,1490,692
26,1669,811
26,1629,848
26,1642,862
26,1647,863
26,1013,751
26,1262,773
26,1282,782
26,1275,783
26,1269,785
26,439,819
26,442,815
26,474,900
26,486,894
26,497,894
26,519,966
26,525,964
26,495,1004
26,499,999
26,509,995
26,516,990
26,521,1061
26,530,1065
26,537,1057
26,541,1055
26,631,988
26,618,926
26,623,926
26,622,936
26,635,946
26,653,1058
26,85,382
26,1785,120
26,880,169
26,675,1008
26,685,1010
26,646,1071
26,639,1038
26,624,993
26,632,987
26,636,1000
26,643,1018
26,669,981
26,623,983
26,631,979
26,676,974
26,623,964
26,619,806
26,630,806
26,626,848
26,634,846
26,643,844
26,629,836
26,619,829
26,615,934
26,610,706
26,607,719
26,501,542
26,514,575
26,147,505
26,145,513
26,94,522
26,102,495
26,100,489
26,99,485
26,100,479
26,276,508
26,378,491
26,381,501
26,142,526
26,67,508
26,71,518
26,76,502
26,45,501
26,40,494
26,46,487
26,30,484
26,28,495
26,13,497
26,14,508
26,15,517
26,1837,636
26,1904,711
26,243,510
26,228,515
26,242,500
26,577,986
26,1032,343
26,1005,241
27,96,512
27,135,490
27,135,501
27,144,485
27,144,492
27,145,496
27,184,487
27,185,493
27,187,499
27,183,505
27,197,509
27,202,493
27,213,486
27,260,481
27,219,495
27,244,491
27,247,486
27,281,489
27,279,495
27,352,495
27,489,519
27,512,481
27,513,488
27,497,554
27,509,560
27,505,572
27,511,568
27,518,564
27,518,555
27,596,441
27,600,431
27,794,465
27,795,462
27,807,439
27,804,445
27,815,454
27,845,454
27,936,445
27,1010,440
27,1034,439
27,1066,471
27,1119,423
27,1088,442
27,1100,439
27,1130,448
27,1102,443
27,1131,455
27,824,275
27,1207,440
27,1204,445
27,1248,485
27,1235,477
27,1271,481
27,1272,492
27,1320,489
27,1327,506
27,1343,517
27,1371,531
27,1396,530
27,1434,534
27,1415,539
27,1413,543
27,1412,545
27,1443,559
27,1442,562
27,1488,581
27,1488,586
27,1507,591
27,1494,594
27,1605,623
27,1622,650
27,1626,644
27,1666,644
27,1663,650
27,1662,656
27,1908,703
27,1491,691
27,1668,813
27,1629,848
27,1642,862
27,1647,863
27,1017,752
27,1266,778
27,1285,785
27,1279,786
27,1272,789
27,440,821
27,444,818
27,475,903
27,487,897
27,499,897
27,520,969
27,526,967
27,496,1008
27,501,1003
27,510,998
27,520,992
27,521,1064
27,532,1070
27,537,1058
27,541,1057
27,631,994
27,619,929
27,624,930
27,621,938
27,635,950
27,652,1062
27,84,381
27,1783,122
27,880,170
27,678,1013
27,685,1012
27,648,1073
27,640,1040
27,624,994
27,632,986
27,636,1003
27,644,1019
27,670,985
27,623,986
27,632,982
27,678,978
27,624,967
27,618,916
27,620,809
27,630,810
27,626,853
27,634,851
27,643,849
27,629,840
27,618,834
27,616,938
27,608,710
27,606,724
27,499,539
27,508,569
27,151,506
27,150,515
27,97,521
27,107,495
27,104,489
27,104,485
27,105,478
27,279,507
27,382,491
27,383,501
27,324,505
27,147,526
27,71,509
27,74,518
27,86,502
27,49,501
27,45,494
27,49,487
27,33,485
27,31,494
27,18,497
27,18,508
27,19,518
27,1860,642
27,1908,711
27,250,510
27,228,515
27,245,500
27,577,990
27,1040,354
27,1004,254
28,99,512
28,138,490
28,139,501
28,147,485
28,148,491
28,148,495
28,188,487
28,189,493
28,191,497
28,187,504
28,201,509
28,206,492
28,217,486
28,266,482
28,222,495
28,247,493
28,249,487
28,284,489
28,283,496
28,356,495
28,490,523
28,515,480
28,515,488
28,498,556
28,511,564
28,507,577
28,514,571
28,519,566
28,521,557
28,598,442
28,603,432
28,797,467
28,798,462
28,810,437
28,807,444
28,818,452
28,847,454
28,939,445
28,1013,440
28,1038,438
28,1071,469
28,1123,424
28,1091,442
28,1103,439
28,1133,448
28,1105,443
28,1135,455
28,825,276
28,1211,441
28,1208,447
28,1253,485
28,1238,477
28,1275,483
28,1274,493
28,1323,490
28,1329,507
28,1347,518
28,1375,533
28,1399,532
28,1439,537
28,1419,539
28,1415,544
28,1415,548
28,1445,560
28,1443,564
28,1492,583
28,1492,588
28,1511,591
28,1498,596
28,1610,625
28,1627,651
28,1631,645
28,1669,645
28,1667,651
28,1665,657
28,1912,704
28,1492,692
28,1665,815
28,1630,848
28,1642,862
28,1649,863
28,1020,754
28,1270,780
28,1288,788
28,1283,789
28,1277,792
28,442,824
28,446,821
28,478,905
28,489,900
28,501,902
28,521,973
28,527,972
28,496,1011
28,502,1005
28,511,1001
28,520,994
28,523,1068
28,532,1072
28,537,1060
28,541,1059
28,633,995
28,620,933
28,626,931
28,621,943
28,635,955
28,651,1066
28,84,381
28,1782,124
28,879,170
28,680,1016
28,688,1015
28,650,1074
28,637,1035
28,632,986
28,646,1021
28,671,988
28,624,989
28,633,985
28,679,981
28,625,971
28,619,921
28,620,813
28,631,814
28,627,857
28,636,854
28,644,854
28,630,844
28,618,838
28,616,942
28,607,716
28,609,730
28,497,536
28,502,562
28,157,508
28,156,516
28,100,520
28,112,496
28,108,489
28,108,484
28,110,478
28,282,506
28,385,491
28,386,501
28,327,505
28,75,511
28,78,518
28,92,502
28,52,502
28,49,494
28,52,487
28,37,485
28,35,494
28,22,497
28,22,508
28,23,519
28,1884,649
28,256,509
28,228,515
28,250,501
28,577,994
28,1050,363
28,1002,264
29,104,511
29,142,489
29,144,501
29,151,485
29,152,490
29,153,495
29,192,486
29,194,493
29,195,497
29,191,504
29,204,508
29,210,492
29,221,486
29,271,481
29,226,495
29,250,492
29,251,488
29,287,488
29,286,496
29,360,494
29,492,526
29,518,479
29,520,487
29,500,558
29,514,567
29,511,575
29,517,574
29,521,568
29,522,560
29,601,443
29,607,434
29,803,468
29,803,462
29,813,437
29,811,442
29,821,453
29,851,454
29,943,444
29,1017,440
29,1042,438
29,1074,468
29,1127,424
29,1096,443
29,1107,441
29,1137,448
29,1108,445
29,1139,455
29,825,277
29,1214,443
29,1212,449
29,1258,487
29,1241,479
29,1278,484
29,1277,494
29,1326,492
29,1332,508
29,1351,520
29,1378,534
29,1402,533
29,1443,538
29,1422,541
29,1420,546
29,1419,550
29,1448,562
29,1446,565
29,1499,585
29,1495,589
29,1514,592
29,1502,598
29,1613,626
29,1632,653
29,1634,645
29,1672,647
29,1669,651
29,1669,658
29,1915,705
29,1493,693
29,1663,816
29,1631,848
29,1642,862
29,1649,864
29,1026,755
29,1274,782
29,1292,791
29,1286,793
29,1279,795
29,444,827
29,448,824
29,479,907
29,491,904
29,502,905
29,522,976
29,530,973
29,494,1017
29,501,1008
29,510,1004
29,520,999
29,524,1071
29,533,1073
29,539,1063
29,545,1062
29,634,999
29,620,936
29,626,934
29,623,943
29,637,958
29,656,1070
29,85,383
29,1781,124
29,880,169
29,682,1018
29,691,1018
29,638,1039
29,632,987
29,642,1007
29,671,992
29,625,992
29,634,988
29,681,985
29,627,974
29,621,925
29,621,816
29,632,818
29,627,860
29,636,858
29,644,857
29,630,847
29,616,841
29,617,946
29,607,722
29,610,734
29,495,533
29,496,556
29,160,508
29,160,517
29,103,519
29,117,496
29,112,489
29,112,484
29,114,478
29,285,505
29,388,490
29,388,501
29,331,505
29,79,511
29,81,518
29,97,503
29,56,502
29,53,494
29,55,488
29,40,486
29,38,494
29,26,497
29,25,508
29,27,519
29,1906,652
29,262,509
29,228,515
29,256,502
29,578,999
29,1061,373
29,1000,275
30,107,510
30,146,489
30,148,500
30,156,483
30,157,489
30,157,495
30,195,486
30,197,492
30,199,497
30,195,502
30,206,509
30,213,492
30,224,485
30,275,480
30,230,494
30,253,491
30,255,486
30,290,489
30,288,496
30,363,495
30,492,531
30,521,479
30,523,487
30,502,561
30,515,568
30,514,577
30,520,574
30,525,569
30,523,562
30,606,444
30,610,436
30,806,468
30,807,459
30,818,435
30,815,442
30,826,451
30,856,453
30,947,443
30,1019,441
30,1046,438
30,1077,468
30,1131,425
30,1101,443
30,1109,441
30,1140,448
30,1112,446
30,1142,455
30,825,277
30,1218,443
30,1216,450
30,1262,488
30,1244,481
30,1281,485
30,1280,496
30,1331,493
30,1336,511
30,1354,522
30,1382,535
30,1407,532
30,1447,540
30,1424,542
30,1423,547
30,1423,551
30,1451,563
30,1449,566
30,1499,587
30,1498,591
30,1518,592
30,1505,599
30,1617,625
30,1636,654
30,1638,646
30,1675,648
30,1672,653
30,1673,659
30,1917,703
30,1493,693
30,1660,815
30,1631,849
30,1642,862
30,1649,865
30,1030,754
30,1278,786
30,1295,794
30,1289,795
30,1282,799
30,446,830
30,450,827
30,480,910
30,491,907
30,504,908
30,524,980
30,529,977
30,495,1019
30,499,1016
30,510,1007
30,521,1003
30,524,1072
30,535,1075
30,539,1066
30,546,1065
30,633,1004
30,619,938
30,626,938
30,624,946
30,638,961
30,657,1071
30,87,384
30,1781,128
30,881,169
30,683,1021
30,691,1022
30,636,1027
30,631,990
30,634,984
30,672,995
30,626,995
30,635,992
30,682,988
30,628,977
30,622,928
30,622,819
30,633,822
30,627,863
30,636,862
30,645,860
30,630,851
30,615,844
30,618,950
30,609,734
30,611,735
30,594,650
30,493,529
30,491,549
30,164,508
30,165,517
30,108,518
30,122,496
30,117,489
30,115,484
30,118,478
30,290,505
30,388,489
30,392,501
30,334,505
30,82,511
30,84,518
30,105,504
30,59,502
30,56,494
30,58,489
30,43,487
30,41,494
30,29,497
30,30,509
30,31,520
30,266,511
30,228,515
30,262,502
30,580,1003
30,1075,380
30,1000,287
