1,123,439
1,224,406
1,144,510
1,161,458
1,45,596
1,15,782
1,249,476
1,94,640
1,119,632
1,103,529
1,115,535
1,186,677
1,203,588
1,222,621
1,250,542
1,270,518
1,309,517
1,320,620
1,475,599
1,474,580
1,550,569
1,570,595
1,575,610
1,463,439
1,527,404
1,604,504
1,694,503
1,691,616
1,713,488
1,724,520
1,738,524
1,723,451
1,757,509
1,761,491
1,793,490
1,852,406
1,828,483
1,817,539
1,870,532
1,927,537
1,933,508
1,912,344
1,991,412
1,1021,563
1,1026,522
1,1031,496
1,1110,553
1,1167,436
1,1128,533
1,1213,612
1,1226,555
1,1224,520
1,1322,512
1,1323,529
1,1334,483
1,1359,419
1,1404,527
1,1419,474
1,1460,525
1,1436,499
1,1472,479
1,1489,561
1,1489,508
1,1501,480
1,1530,478
1,1536,514
1,1560,529
1,1618,501
1,1608,566
1,1507,443
1,1370,332
1,1587,405
1,1693,400
1,1702,508
1,1742,481
1,1801,470
1,1809,332
1,1868,477
1,1869,540
1,1883,559
1,1675,800
1,1712,817
1,1760,611
1,1780,616
1,861,791
1,6,742
1,9,669
1,7,812
1,97,837
1,1498,272
1,1598,310
1,1689,309
1,1725,312
1,1744,344
1,1783,313
1,1642,526
1,1882,512
1,1675,624
1,1427,573
1,15,573
1,40,503
1,307,574
1,31,432
1,97,430
1,89,406
1,42,376
1,62,532
1,65,376
1,40,356
1,370,384
1,528,358
1,94,573
1,929,794
1,362,625
1,1570,583
1,801,522
2,127,443
2,229,412
2,144,509
2,163,457
2,46,596
2,13,784
2,250,476
2,95,639
2,120,631
2,100,535
2,110,535
2,186,676
2,216,588
2,222,621
2,264,545
2,263,522
2,301,518
2,325,616
2,492,597
2,493,579
2,564,573
2,586,595
2,592,611
2,463,439
2,521,416
2,600,507
2,692,505
2,705,614
2,714,488
2,727,522
2,745,535
2,726,459
2,750,512
2,757,494
2,792,490
2,852,406
2,820,486
2,827,536
2,884,529
2,927,536
2,948,512
2,911,343
2,990,411
2,1021,562
2,1047,518
2,1021,498
2,1109,552
2,1167,437
2,1114,532
2,1213,611
2,1233,557
2,1213,519
2,1306,510
2,1309,530
2,1356,485
2,1358,419
2,1391,530
2,1430,470
2,1446,530
2,1436,502
2,1473,479
2,1489,561
2,1480,506
2,1509,489
2,1529,477
2,1522,520
2,1547,535
2,1605,504
2,1618,564
2,1508,443
2,1389,336
2,1589,404
2,1692,399
2,1684,502
2,1731,482
2,1793,474
2,1806,333
2,1862,476
2,1867,539
2,1880,556
2,1671,802
2,1708,816
2,1761,611
2,1781,616
2,862,791
2,8,734
2,16,663
2,18,813
2,1500,272
2,1598,308
2,1679,314
2,1730,311
2,1748,344
2,1799,311
2,1659,524
2,1897,509
2,1676,637
2,1447,576
2,11,582
2,43,492
2,293,582
2,29,416
2,110,428
2,105,399
2,58,379
2,59,524
2,79,376
2,49,359
2,360,385
2,528,357
2,92,579
2,923,800
2,355,628
2,1570,589
2,798,523
3,127,443
3,231,412
3,145,509
3,163,448
3,47,596
3,14,776
3,252,476
3,97,639
3,121,624
3,99,535
3,114,535
3,186,676
3,231,580
3,222,620
3,274,543
3,255,521
3,296,518
3,327,616
3,513,595
3,512,577
3,582,570
3,602,594
3,606,611
3,463,439
3,508,428
3,594,509
3,683,509
3,716,612
3,715,488
3,732,523
3,753,537
3,733,464
3,751,510
3,758,496
3,792,489
3,852,406
3,818,487
3,837,533
3,900,520
3,927,535
3,954,514
3,911,343
3,990,410
3,1021,562
3,1058,514
3,1011,494
3,1109,552
3,1167,438
3,1107,528
3,1214,611
3,1240,552
3,1202,515
3,1292,508
3,1296,527
3,1367,483
3,1358,420
3,1377,525
3,1440,464
3,1434,528
3,1437,506
3,1474,480
3,1489,561
3,1474,505
3,1515,495
3,1529,477
3,1512,522
3,1538,535
3,1593,510
3,1625,563
3,1509,443
3,1417,339
3,1592,404
3,1692,399
3,1662,499
3,1725,478
3,1784,479
3,1801,334
3,1848,479
3,1862,534
3,1873,554
3,1663,803
3,1708,811
3,1762,611
3,1783,616
3,863,792
3,7,721
3,19,653
3,32,815
3,1502,273
3,1599,307
3,1672,316
3,1663,291
3,1738,306
3,1753,332
3,1807,310
3,1675,523
3,1908,507
3,1677,647
3,1463,578
3,13,600
3,41,478
3,277,592
3,22,400
3,126,422
3,117,397
3,68,375
3,60,514
3,89,374
3,60,360
3,350,390
3,528,357
3,84,581
3,931,798
3,345,627
3,1571,596
3,795,525
4,128,443
4,231,412
4,145,509
4,165,445
4,48,596
4,13,775
4,254,476
4,98,639
4,121,620
4,94,534
4,110,536
4,186,676
4,242,577
4,222,620
4,289,540
4,246,524
4,289,517
4,335,612
4,530,593
4,528,572
4,597,573
4,614,594
4,622,612
4,463,439
4,504,443
4,584,507
4,672,517
4,724,613
4,716,488
4,738,527
4,761,541
4,738,465
4,756,509
4,756,492
4,792,489
4,852,406
4,816,482
4,848,532
4,916,513
4,928,534
4,971,516
4,911,343
4,990,410
4,1021,561
4,1074,515
4,1003,492
4,1108,551
4,1167,439
4,1095,531
4,1215,610
4,1247,548
4,1189,518
4,1281,504
4,1283,523
4,1378,480
4,1358,420
4,1364,522
4,1450,460
4,1421,529
4,1438,510
4,1476,480
4,1489,561
4,1465,504
4,1524,497
4,1529,476
4,1498,522
4,1524,539
4,1581,514
4,1633,563
4,1511,443
4,1435,335
4,1592,405
4,1692,399
4,1643,498
4,1717,477
4,1776,478
4,1800,337
4,1837,482
4,1855,534
4,1869,554
4,1656,802
4,1712,809
4,1763,611
4,1785,615
4,864,792
4,7,711
4,27,645
4,43,813
4,1507,274
4,1599,306
4,1662,319
4,1653,295
4,1748,303
4,1776,319
4,1810,303
4,1696,523
4,1913,508
4,1680,653
4,1487,575
4,12,610
4,43,467
4,255,594
4,18,383
4,139,419
4,131,396
4,77,375
4,56,500
4,103,375
4,74,358
4,332,386
4,528,357
4,78,590
4,928,797
4,333,630
4,1568,601
4,790,524
4,1425,318
4,1802,803
5,125,440
5,231,412
5,146,509
5,166,440
5,49,594
5,10,771
5,253,475
5,100,639
5,118,622
5,88,531
5,103,541
5,186,676
5,255,571
5,222,620
5,302,542
5,235,530
5,281,518
5,343,611
5,547,591
5,545,570
5,614,569
5,629,592
5,637,607
5,463,439
5,496,454
5,583,508
5,658,518
5,732,615
5,715,488
5,744,531
5,763,549
5,739,467
5,756,510
5,757,492
5,791,491
5,853,407
5,816,481
5,857,532
5,932,513
5,927,534
5,980,517
5,910,342
5,990,409
5,1021,561
5,1092,507
5,992,491
5,1108,551
5,1166,439
5,1090,530
5,1216,610
5,1255,548
5,1178,521
5,1263,501
5,1268,518
5,1386,479
5,1357,421
5,1345,519
5,1460,455
5,1407,524
5,1438,515
5,1478,481
5,1489,561
5,1455,502
5,1532,498
5,1529,476
5,1486,527
5,1515,541
5,1567,513
5,1640,564
5,1512,445
5,1459,336
5,1592,406
5,1694,395
5,1621,503
5,1707,475
5,1762,476
5,1796,339
5,1825,483
5,1848,534
5,1857,559
5,1651,798
5,1711,803
5,1765,612
5,1783,614
5,866,793
5,9,703
5,29,632
5,60,819
5,1509,273
5,1600,305
5,1650,323
5,1644,296
5,1787,320
5,1817,302
5,1714,518
5,1513,574
5,12,623
5,42,458
5,239,596
5,11,373
5,156,414
5,147,390
5,90,373
5,54,493
5,110,371
5,82,360
5,322,384
5,528,356
5,69,598
5,925,796
5,317,624
5,1573,602
5,786,523
5,297,382
5,1444,317
5,1788,807
6,126,437
6,231,412
6,146,509
6,163,433
6,51,592
6,10,769
6,253,475
6,97,642
6,115,619
6,83,533
6,96,544
6,186,676
6,267,568
6,222,620
6,315,535
6,220,533
6,274,523
6,352,612
6,562,588
6,564,569
6,628,568
6,644,589
6,653,604
6,463,439
6,485,463
6,578,508
6,638,524
6,741,613
6,714,488
6,749,535
6,768,554
6,734,462
6,756,508
6,756,489
6,789,492
6,852,406
6,816,480
6,867,525
6,946,511
6,926,534
6,986,520
6,910,342
6,990,408
6,1021,560
6,1103,503
6,985,492
6,1108,551
6,1166,439
6,1073,533
6,1215,609
6,1260,547
6,1163,524
6,1250,501
6,1255,517
6,1385,475
6,1357,421
6,1329,512
6,1465,455
6,1389,516
6,1429,515
6,1480,482
6,1487,559
6,1444,494
6,1541,494
6,1528,475
6,1470,527
6,1499,536
6,1551,522
6,1646,557
6,1511,446
6,1477,332
6,1592,403
6,1693,397
6,1603,509
6,1697,476
6,1750,478
6,1783,340
6,1811,486
6,1842,526
6,1852,558
6,1635,797
6,1704,797
6,1764,612
6,1782,613
6,865,792
6,11,694
6,32,628
6,70,824
6,1513,267
6,1601,303
6,1637,324
6,1629,293
6,1800,316
6,1821,302
6,1733,520
6,1528,567
6,8,631
6,36,447
6,216,591
6,10,368
6,172,408
6,163,386
6,103,374
6,56,485
6,121,372
6,94,357
6,309,380
6,528,356
6,61,603
6,921,799
6,300,626
6,1569,599
6,1579,265
6,782,522
6,288,379
6,1464,316
6,1765,811
7,126,437
7,232,412
7,147,509
7,162,424
7,50,589
7,17,760
7,253,474
7,95,646
7,117,617
7,77,538
7,90,546
7,185,675
7,279,568
7,222,617
7,329,531
7,207,535
7,269,524
7,360,615
7,581,583
7,579,564
7,640,568
7,657,585
7,667,596
7,463,439
7,478,475
7,574,513
7,621,524
7,747,613
7,713,486
7,755,540
7,776,554
7,735,466
7,755,507
7,755,488
7,789,492
7,851,406
7,814,479
7,878,519
7,957,514
7,926,532
7,994,520
7,910,342
7,990,408
7,1021,560
7,1118,503
7,976,490
7,1107,551
7,1166,439
7,1063,536
7,1214,609
7,1269,543
7,1152,528
7,1235,500
7,1238,515
7,1388,477
7,1357,422
7,1313,503
7,1469,458
7,1378,516
7,1424,515
7,1482,480
7,1486,557
7,1436,489
7,1549,488
7,1528,475
7,1454,525
7,1487,536
7,1535,521
7,1649,555
7,1509,440
7,1497,332
7,1589,404
7,1688,396
7,1585,513
7,1687,475
7,1739,480
7,1772,338
7,1793,489
7,1831,522
7,1843,548
7,1628,797
7,1693,792
7,1762,610
7,1781,612
7,864,792
7,8,691
7,34,616
7,85,826
7,1515,261
7,1600,304
7,1627,329
7,1617,289
7,1814,325
7,1827,301
7,1746,518
7,1551,560
7,7,636
7,35,435
7,196,594
7,187,406
7,180,382
7,115,374
7,59,478
7,139,374
7,304,378
7,528,356
7,61,605
7,279,628
7,1570,596
7,1886,463
7,1591,272
7,778,521
7,280,377
7,1483,315
7,1753,818
8,127,439
8,228,414
8,147,509
8,166,420
8,51,586
8,17,756
8,253,473
8,94,650
8,118,621
8,74,539
8,84,544
8,184,672
8,292,567
8,225,611
8,350,530
8,197,536
8,255,527
8,370,612
8,597,580
8,597,563
8,654,562
8,668,580
8,682,590
8,464,439
8,465,483
8,568,515
8,605,530
8,759,614
8,714,485
8,765,540
8,786,554
8,735,467
8,752,507
8,754,488
8,789,492
8,850,406
8,812,479
8,889,517
8,965,515
8,926,531
8,997,520
8,910,342
8,990,407
8,1021,560
8,1136,495
8,968,489
8,1109,550
8,1166,439
8,1057,535
8,1214,608
8,1277,542
8,1140,529
8,1218,498
8,1223,513
8,1391,480
8,1353,421
8,1297,504
8,1473,464
8,1363,511
8,1425,518
8,1487,483
8,1486,558
8,1431,482
8,1561,483
8,1528,474
8,1446,531
8,1478,539
8,1524,518
8,1655,558
8,1508,440
8,1512,328
8,1589,404
8,1688,396
8,1569,516
8,1679,475
8,1731,478
8,1758,336
8,1782,495
8,1822,520
8,1838,541
8,1618,796
8,1684,785
8,1761,610
8,1780,612
8,866,791
8,9,688
8,41,610
8,101,830
8,1520,257
8,1609,308
8,1615,329
8,1607,291
8,1826,337
8,1764,520
8,1572,552
8,8,653
8,36,427
8,179,592
8,198,399
8,195,377
8,123,371
8,56,460
8,158,371
8,299,383
8,528,355
8,56,608
8,268,631
8,1567,594
8,1868,463
8,1881,482
8,1607,272
8,774,521
8,271,372
8,1502,314
8,1745,817
9,124,435
9,233,413
9,148,509
9,175,410
9,52,584
9,17,745
9,253,473
9,94,645
9,119,623
9,73,535
9,78,545
9,185,671
9,305,568
9,225,607
9,372,530
9,188,534
9,244,529
9,377,607
9,616,580
9,612,562
9,666,559
9,681,578
9,696,585
9,465,437
9,456,487
9,557,512
9,587,532
9,767,610
9,715,485
9,774,539
9,796,553
9,737,466
9,746,505
9,757,487
9,787,489
9,852,411
9,814,479
9,904,510
9,973,512
9,927,530
9,999,521
9,912,342
9,991,407
9,1021,559
9,1149,492
9,962,491
9,1108,549
9,1166,439
9,1054,537
9,1214,607
9,1285,544
9,1128,529
9,1206,498
9,1210,514
9,1395,481
9,1355,418
9,1286,499
9,1480,463
9,1347,504
9,1426,519
9,1492,492
9,1486,558
9,1427,482
9,1568,473
9,1528,474
9,1432,532
9,1464,539
9,1513,519
9,1659,560
9,1507,441
9,1532,328
9,1587,403
9,1688,393
9,1550,516
9,1671,469
9,1719,474
9,1744,333
9,1765,499
9,1815,511
9,1827,535
9,1610,794
9,1680,775
9,1755,608
9,1778,610
9,866,790
9,12,683
9,46,587
9,1523,259
9,1618,303
9,1605,329
9,1596,288
9,1840,335
9,1782,533
9,1592,547
9,32,418
9,157,588
9,212,395
9,212,371
9,133,368
9,57,454
9,170,369
9,284,381
9,528,355
9,49,607
9,1566,594
9,1850,465
9,1863,483
9,1899,540
9,1640,616
9,1623,275
9,1667,310
9,1848,319
9,770,521
9,261,366
9,1522,313
9,1726,821
10,122,433
10,238,412
10,149,509
10,189,401
10,54,584
10,17,738
10,254,473
10,95,641
10,122,618
10,71,530
10,77,547
10,188,672
10,318,573
10,225,602
10,392,537
10,184,531
10,240,534
10,387,607
10,633,578
10,632,559
10,679,558
10,693,571
10,713,576
10,466,435
10,449,495
10,550,511
10,570,538
10,779,605
10,716,485
10,786,539
10,808,545
10,740,465
10,748,499
10,759,485
10,787,487
10,853,417
10,814,477
10,917,510
10,984,503
10,927,529
10,1001,522
10,913,340
10,991,406
10,1021,559
10,1165,490
10,956,492
10,1108,548
10,1166,440
10,1048,535
10,1214,606
10,1293,547
10,1118,526
10,1192,498
10,1194,514
10,1403,486
10,1355,418
10,1272,495
10,1489,468
10,1338,507
10,1428,520
10,1499,490
10,1487,556
10,1419,479
10,1581,472
10,1528,473
10,1425,537
10,1454,546
10,1502,520
10,1668,558
10,1510,438
10,1553,330
10,1586,401
10,1690,393
10,1538,517
10,1666,470
10,1714,474
10,1730,330
10,1755,507
10,1809,510
10,1820,528
10,1594,790
10,1677,759
10,1754,605
10,1777,609
10,865,788
10,22,676
10,39,561
10,1532,259
10,1629,302
10,1599,324
10,1584,284
10,1859,334
10,1793,538
10,1611,542
10,32,411
10,142,593
10,229,395
10,228,368
10,143,369
10,61,449
10,178,369
10,278,374
10,528,355
10,49,610
10,1566,594
10,1831,465
10,1846,483
10,1881,536
10,1639,607
10,1640,281
10,1652,325
10,1836,322
10,766,522
10,1537,315
10,1714,819
11,119,432
11,241,419
11,150,509
11,198,402
11,54,584
11,18,727
11,255,473
11,94,644
11,121,622
11,68,527
11,81,552
11,189,672
11,329,576
11,221,599
11,413,539
11,181,524
11,231,534
11,403,609
11,649,579
11,648,560
11,692,553
11,713,563
11,728,575
11,466,435
11,436,496
11,545,517
11,552,542
11,784,603
11,718,485
11,797,531
11,817,543
11,741,463
11,747,495
11,760,485
11,786,485
11,856,425
11,815,478
11,926,511
11,998,499
11,927,529
11,1003,523
11,914,338
11,991,406
11,1021,559
11,1179,482
11,950,493
11,1110,547
11,1166,440
11,1047,536
11,1213,606
11,1300,546
11,1109,525
11,1176,503
11,1186,514
11,1414,494
11,1355,418
11,1261,495
11,1497,470
11,1322,507
11,1430,521
11,1510,491
11,1485,557
11,1414,474
11,1594,465
11,1527,473
11,1412,542
11,1447,550
11,1490,517
11,1672,551
11,1508,439
11,1569,332
11,1585,403
11,1689,393
11,1527,520
11,1656,473
11,1704,472
11,1712,331
11,1738,507
11,1803,508
11,1815,525
11,1584,787
11,1669,744
11,1754,603
11,1776,609
11,864,789
11,31,669
11,29,545
11,1532,254
11,1637,302
11,1586,311
11,1572,288
11,1870,328
11,1808,541
11,1637,534
11,33,402
11,124,593
11,241,389
11,237,367
11,154,368
11,65,443
11,191,367
11,273,366
11,529,355
11,46,612
11,1566,594
11,1811,465
11,1831,482
11,1864,530
11,1637,599
11,1637,330
11,1820,324
11,1817,301
11,762,522
11,13,599
11,1550,317
11,1686,821
12,116,436
12,241,422
12,151,509
12,214,399
12,53,584
12,25,713
12,256,473
12,95,652
12,121,624
12,66,533
12,80,553
12,190,672
12,347,578
12,220,595
12,436,544
12,178,524
12,222,533
12,407,610
12,665,579
12,661,560
12,704,553
12,730,558
12,745,573
12,466,435
12,422,498
12,545,519
12,534,542
12,794,602
12,720,483
12,810,524
12,829,538
12,743,463
12,742,492
12,761,484
12,789,487
12,855,425
12,816,479
12,941,509
12,1015,493
12,927,529
12,1005,524
12,916,337
12,991,406
12,1021,558
12,1190,480
12,941,492
12,1115,547
12,1166,441
12,1048,539
12,1213,606
12,1307,545
12,1098,528
12,1167,502
12,1171,512
12,1427,491
12,1355,418
12,1250,491
12,1502,474
12,1303,510
12,1427,521
12,1519,494
12,1487,555
12,1413,467
12,1604,463
12,1527,472
12,1405,544
12,1441,556
12,1478,520
12,1675,548
12,1507,439
12,1583,338
12,1582,402
12,1689,393
12,1513,521
12,1649,475
12,1695,468
12,1702,330
12,1723,508
12,1792,507
12,1803,521
12,1576,781
12,1666,737
12,1753,603
12,1776,609
12,867,788
12,37,661
12,25,536
12,1527,248
12,1645,293
12,1588,303
12,1557,284
12,1880,319
12,1822,549
12,1658,530
12,31,394
12,110,599
12,252,391
12,253,368
12,164,370
12,63,435
12,201,366
12,269,363
12,530,356
12,41,615
12,1565,594
12,1792,464
12,1814,480
12,1847,523
12,1631,595
12,1627,327
12,1800,324
12,1797,309
12,756,523
12,10,583
12,8,610
12,78,353
12,1564,320
12,1680,825
13,111,437
13,243,424
13,152,509
13,227,394
13,52,585
13,25,702
13,258,474
13,94,653
13,122,621
13,65,538
13,76,552
13,192,672
13,361,583
13,223,591
13,458,552
13,172,527
13,215,531
13,414,607
13,683,576
13,678,558
13,715,552
13,746,553
13,758,565
13,467,435
13,411,503
13,545,517
13,515,542
13,799,601
13,721,483
13,822,517
13,837,529
13,742,463
13,742,490
13,763,484
13,790,488
13,856,423
13,814,479
13,948,513
13,1031,489
13,927,529
13,1002,526
13,916,338
13,991,406
13,1021,558
13,1207,478
13,929,495
13,1115,550
13,1166,441
13,1048,538
13,1213,606
13,1310,549
13,1088,523
13,1158,498
13,1160,512
13,1443,493
13,1355,418
13,1238,489
13,1508,481
13,1294,514
13,1424,523
13,1527,499
13,1484,555
13,1402,470
13,1615,459
13,1527,472
13,1395,548
13,1422,561
13,1466,522
13,1680,550
13,1508,439
13,1599,341
13,1581,402
13,1689,393
13,1503,518
13,1641,473
13,1686,471
13,1686,330
13,1709,510
13,1783,504
13,1798,520
13,1568,779
13,1663,730
13,1753,603
13,1775,609
13,867,784
13,49,650
13,30,524
13,1534,248
13,1648,288
13,1571,296
13,1547,284
13,1892,310
13,1837,551
13,1678,528
13,27,386
13,97,602
13,263,388
13,268,365
13,173,369
13,66,426
13,212,365
13,263,362
13,531,356
13,35,614
13,1565,594
13,1775,462
13,1794,479
13,1831,514
13,1620,596
13,1616,324
13,1784,327
13,1776,311
13,747,523
13,13,567
13,8,598
13,91,357
13,9,632
13,1578,322
14,110,434
14,245,426
14,153,509
14,239,394
14,52,586
14,28,691
14,258,474
14,95,649
14,122,619
14,61,539
14,75,554
14,191,669
14,374,585
14,228,587
14,478,561
14,168,527
14,207,535
14,435,604
14,694,577
14,692,559
14,730,547
14,760,549
14,775,563
14,467,435
14,398,504
14,544,516
14,497,537
14,803,598
14,721,484
14,833,511
14,848,521
14,740,463
14,745,488
14,764,485
14,789,486
14,855,422
14,815,480
14,959,509
14,1048,487
14,927,529
14,997,528
14,916,339
14,991,406
14,1021,558
14,1224,477
14,922,495
14,1117,556
14,1166,442
14,1047,537
14,1213,606
14,1317,548
14,1081,527
14,1145,498
14,1140,516
14,1460,487
14,1355,418
14,1225,496
14,1510,488
14,1282,516
14,1423,527
14,1534,498
14,1485,554
14,1397,474
14,1625,456
14,1527,471
14,1384,550
14,1412,559
14,1452,524
14,1680,550
14,1506,439
14,1613,342
14,1579,403
14,1687,394
14,1489,515
14,1632,470
14,1675,472
14,1672,330
14,1696,508
14,1771,502
14,1780,523
14,1565,778
14,1660,710
14,1752,602
14,1775,609
14,865,786
14,61,643
14,31,513
14,1543,254
14,1652,291
14,1561,295
14,1542,286
14,1900,307
14,1856,555
14,1696,529
14,27,380
14,83,611
14,279,388
14,278,361
14,188,368
14,71,418
14,224,365
14,255,359
14,532,357
14,29,613
14,1565,594
14,1759,460
14,1773,478
14,1815,505
14,1608,597
14,1602,309
14,1768,331
14,1756,313
14,1801,303
14,739,523
14,14,554
14,9,585
14,16,729
14,103,361
14,116,823
14,13,617
14,1592,325
15,105,428
15,246,429
15,154,509
15,251,394
15,52,587
15,40,679
15,258,474
15,101,644
15,121,621
15,58,539
15,74,553
15,187,670
15,391,583
15,231,586
15,497,565
15,163,524
15,200,534
15,446,604
15,714,577
15,705,558
15,743,549
15,775,544
15,788,556
15,468,435
15,384,505
15,545,515
15,479,534
15,807,596
15,721,485
15,847,504
15,859,517
15,739,463
15,746,487
15,764,486
15,787,485
15,854,424
15,809,487
15,965,499
15,1068,484
15,927,528
15,992,530
15,916,340
15,991,405
15,1021,558
15,1236,478
15,910,493
15,1121,554
15,1167,443
15,1044,537
15,1213,606
15,1325,547
15,1076,528
15,1131,498
15,1127,513
15,1472,482
15,1355,418
15,1214,497
15,1517,502
15,1265,516
15,1421,533
15,1541,494
15,1483,554
15,1390,472
15,1633,458
15,1527,471
15,1378,541
15,1394,563
15,1442,531
15,1678,542
15,1506,437
15,1629,344
15,1578,402
15,1683,393
15,1467,510
15,1626,471
15,1663,473
15,1659,327
15,1682,504
15,1754,506
15,1771,518
15,1564,779
15,1650,695
15,1751,602
15,1775,609
15,867,786
15,64,633
15,28,503
15,1545,254
15,1659,289
15,1552,294
15,1529,283
15,1872,552
15,1718,529
15,33,372
15,68,614
15,287,379
15,195,367
15,78,406
15,233,367
15,249,360
15,533,358
15,24,617
15,1741,460
15,1752,479
15,1798,496
15,1600,597
15,1899,522
15,1895,470
15,1059,343
15,1593,304
15,1748,332
15,1738,313
15,1780,305
15,730,523
15,12,546
15,14,573
15,26,717
15,19,437
15,116,364
15,105,822
15,15,599
15,1605,327
16,99,431
16,248,432
16,156,510
16,261,392
16,54,586
16,43,664
16,259,474
16,103,641
16,127,624
16,58,542
16,76,553
16,185,666
16,407,583
16,238,579
16,516,570
16,159,527
16,195,532
16,457,598
16,723,577
16,719,556
16,756,546
16,791,539
16,801,553
16,468,435
16,372,510
16,546,514
16,462,531
16,809,595
16,720,483
16,854,501
16,869,510
16,739,463
16,744,487
16,760,481
16,789,485
16,854,420
16,802,494
16,976,499
16,1084,481
16,927,528
16,990,532
16,916,341
16,991,405
16,1020,557
16,1252,483
16,903,491
16,1126,553
16,1167,438
16,1038,535
16,1213,606
16,1328,549
16,1068,529
16,1117,496
16,1116,512
16,1484,488
16,1355,418
16,1200,495
16,1520,510
16,1255,519
16,1421,539
16,1547,488
16,1482,554
16,1386,467
16,1639,455
16,1526,473
16,1367,537
16,1386,562
16,1432,528
16,1683,537
16,1505,438
16,1640,344
16,1576,403
16,1680,392
16,1446,506
16,1619,477
16,1653,475
16,1649,323
16,1665,508
16,1747,502
16,1764,516
16,1562,779
16,1651,650
16,1750,602
16,1775,609
16,866,786
16,71,630
16,27,491
16,1549,254
16,1668,286
16,1547,294
16,1524,287
16,1887,547
16,1737,531
16,29,360
16,56,616
16,300,371
16,208,367
16,79,400
16,245,368
16,249,362
16,534,358
16,19,621
16,1722,461
16,1731,482
16,1780,486
16,1600,597
16,1886,519
16,1876,474
16,1053,346
16,1580,306
16,1728,333
16,1721,314
16,1760,308
16,1844,303
16,721,524
16,14,530
16,27,558
16,35,705
16,32,453
16,128,368
16,91,822
16,16,584
16,1619,330
17,101,434
17,246,432
17,156,509
17,271,385
17,56,585
17,47,652
17,260,473
17,102,642
17,125,625
17,61,544
17,79,553
17,187,665
17,425,584
17,246,576
17,536,571
17,155,531
17,191,528
17,468,594
17,742,573
17,733,554
17,769,543
17,803,533
17,814,547
17,468,435
17,359,513
17,547,513
17,443,530
17,811,595
17,721,485
17,862,498
17,881,508
17,739,463
17,745,488
17,762,480
17,790,484
17,853,421
17,800,497
17,987,494
17,1105,477
17,927,528
17,990,534
17,916,342
17,992,405
17,1020,557
17,1267,486
17,894,490
17,1128,552
17,1166,435
17,1036,536
17,1213,607
17,1333,554
17,1057,524
17,1106,495
17,1108,514
17,1498,490
17,1355,418
17,1186,496
17,1533,512
17,1245,520
17,1420,543
17,1555,490
17,1480,553
17,1382,467
17,1646,455
17,1526,473
17,1351,529
17,1376,556
17,1421,522
17,1693,542
17,1504,438
17,1655,344
17,1574,403
17,1681,392
17,1426,505
17,1613,479
17,1648,479
17,1640,313
17,1650,510
17,1739,499
17,1758,513
17,1563,774
17,1650,612
17,1750,601
17,1775,609
17,865,786
17,83,624
17,30,479
17,1548,256
17,1537,296
17,1511,287
17,1902,541
17,1756,534
17,28,353
17,50,621
17,308,362
17,212,367
17,81,393
17,252,368
17,249,364
17,535,359
17,19,614
17,1703,463
17,1711,485
17,1761,476
17,1601,597
17,1873,517
17,1858,480
17,1047,348
17,1563,311
17,1708,331
17,1704,310
17,1742,310
17,1831,304
17,711,525
17,15,524
17,36,542
17,44,692
17,44,469
17,142,369
17,76,822
17,190,819
17,14,571
17,1633,333
18,100,439
18,248,432
18,157,509
18,281,384
18,59,585
18,60,646
18,261,473
18,103,643
18,126,623
18,65,546
18,82,553
18,188,661
18,443,583
18,254,576
18,557,574
18,151,535
18,185,526
18,480,596
18,751,573
18,744,552
18,784,541
18,814,527
18,829,542
18,469,435
18,346,516
18,548,512
18,424,525
18,816,596
18,720,484
18,870,502
18,893,512
18,738,463
18,746,488
18,762,482
18,788,484
18,854,421
18,784,507
18,997,486
18,1123,476
18,927,528
18,989,534
18,915,342
18,991,405
18,1019,556
18,1282,491
18,886,490
18,1129,553
18,1165,433
18,1028,539
18,1211,605
18,1340,553
18,1049,525
18,1092,492
18,1093,511
18,1512,497
18,1355,418
18,1173,493
18,1535,520
18,1230,515
18,1425,549
18,1562,491
18,1481,552
18,1379,470
18,1655,458
18,1522,474
18,1338,522
18,1370,550
18,1410,527
18,1702,545
18,1501,438
18,1673,343
18,1573,404
18,1681,394
18,1403,499
18,1607,474
18,1639,477
18,1629,309
18,1635,509
18,1731,494
18,1746,514
18,1563,775
18,1652,595
18,1749,601
18,1775,609
18,866,782
18,94,616
18,24,467
18,1551,255
18,1527,293
18,1497,284
18,1913,536
18,1776,536
18,33,346
18,46,630
18,232,365
18,92,385
18,264,366
18,246,363
18,536,359
18,13,617
18,1687,470
18,1695,491
18,1741,468
18,1601,596
18,1859,517
18,1841,487
18,1041,351
18,1543,317
18,1687,327
18,1688,302
18,1727,310
18,1818,305
18,702,525
18,17,520
18,42,525
18,51,680
18,17,705
18,56,482
18,21,428
18,31,397
18,23,368
18,156,370
18,12,755
18,66,817
18,121,825
18,183,821
18,13,557
18,1647,335
19,94,439
19,249,431
19,158,509
19,292,380
19,54,586
19,63,631
19,263,473
19,104,642
19,127,625
19,64,547
19,80,552
19,188,650
19,455,585
19,265,579
19,578,576
19,145,531
19,177,528
19,489,598
19,765,567
19,757,548
19,794,538
19,827,521
19,837,534
19,469,435
19,331,519
19,549,512
19,405,525
19,819,595
19,720,484
19,882,502
19,902,509
19,738,463
19,744,488
19,763,491
19,787,483
19,855,421
19,770,513
19,1008,486
19,1142,476
19,927,528
19,989,532
19,915,342
19,991,405
19,1019,556
19,1293,496
19,874,487
19,1129,554
19,1165,434
19,1020,539
19,1211,605
19,1347,558
19,1047,530
19,1082,492
19,1082,511
19,1522,499
19,1355,418
19,1164,490
19,1540,532
19,1217,513
19,1430,550
19,1565,487
19,1480,553
19,1376,474
19,1661,456
19,1522,476
19,1324,519
19,1351,541
19,1399,524
19,1709,542
19,1502,438
19,1686,342
19,1572,405
19,1680,393
19,1381,503
19,1601,469
19,1632,473
19,1616,303
19,1621,512
19,1723,494
19,1739,515
19,1561,775
19,1656,577
19,1748,601
19,1775,609
19,866,783
19,106,607
19,19,459
19,1558,257
19,1511,293
19,1487,286
19,1801,534
19,41,643
19,240,367
19,99,381
19,267,362
19,537,360
19,1670,476
19,1678,497
19,1721,461
19,1602,596
19,1843,515
19,1820,488
19,1896,486
19,1036,353
19,1523,322
19,1668,321
19,1675,297
19,1709,311
19,1806,306
19,692,526
19,19,518
19,46,506
19,57,667
19,27,692
19,68,495
19,30,442
19,39,405
19,30,379
19,170,371
19,20,755
19,57,812
19,104,827
19,176,824
19,11,548
19,1663,335
20,93,441
20,248,431
20,160,510
20,298,375
20,55,586
20,67,617
20,263,472
20,103,641
20,127,626
20,66,548
20,81,551
20,188,648
20,471,585
20,278,581
20,598,577
20,138,530
20,171,529
20,502,596
20,778,564
20,770,547
20,805,535
20,840,516
20,846,535
20,470,435
20,314,520
20,550,512
20,390,524
20,821,591
20,720,484
20,894,501
20,914,507
20,738,463
20,743,489
20,760,490
20,788,482
20,856,421
20,758,521
20,1018,481
20,1162,477
20,928,528
20,987,533
20,915,342
20,991,405
20,1019,556
20,1308,492
20,868,487
20,1130,551
20,1165,435
20,1010,540
20,1211,605
20,1358,564
20,1042,531
20,1071,490
20,1074,510
20,1533,495
20,1355,418
20,1150,494
20,1553,533
20,1209,511
20,1435,554
20,1573,487
20,1478,552
20,1372,477
20,1669,452
20,1522,473
20,1309,518
20,1340,537
20,1385,520
20,1719,541
20,1503,438
20,1700,340
20,1571,405
20,1678,392
20,1363,505
20,1596,464
20,1624,472
20,1603,304
20,1608,512
20,1715,488
20,1731,507
20,1560,775
20,1657,561
20,1748,601
20,1775,609
20,865,783
20,116,600
20,21,446
20,1564,258
20,1498,299
20,1475,280
20,1822,536
20,33,653
20,252,364
20,105,375
20,538,361
20,1563,595
20,1656,484
20,1665,504
20,1701,467
20,1602,596
20,1826,514
20,1797,485
20,1878,484
20,1030,356
20,1056,329
20,1504,328
20,1651,316
20,1692,307
20,1793,306
20,681,525
20,20,505
20,43,492
20,64,655
20,36,678
20,80,508
20,43,451
20,55,403
20,42,385
20,184,371
20,21,743
20,49,807
20,88,829
20,159,825
20,10,361
20,1683,333
21,93,440
21,250,431
21,163,511
21,308,369
21,58,584
21,77,605
21,264,472
21,104,640
21,128,624
21,69,546
21,83,551
21,182,646
21,488,583
21,288,582
21,619,582
21,137,533
21,166,528
21,511,598
21,791,561
21,783,542
21,815,535
21,851,513
21,854,528
21,471,435
21,306,523
21,552,511
21,372,523
21,823,587
21,721,484
21,906,502
21,928,509
21,739,463
21,745,489
21,758,490
21,786,483
21,858,421
21,744,523
21,1031,479
21,1181,480
21,928,529
21,987,535
21,914,342
21,991,405
21,1018,555
21,1319,494
21,859,486
21,1129,552
21,1165,436
21,1009,545
21,1212,605
21,1367,561
21,1033,532
21,1060,491
21,1060,506
21,1540,493
21,1355,418
21,1148,491
21,1558,540
21,1197,509
21,1443,562
21,1583,492
21,1479,550
21,1368,480
21,1680,450
21,1522,473
21,1299,512
21,1326,535
21,1376,522
21,1729,543
21,1502,438
21,1716,343
21,1572,405
21,1677,393
21,1348,514
21,1588,467
21,1620,468
21,1592,307
21,1594,513
21,1704,492
21,1724,510
21,1561,775
21,1665,552
21,1747,599
21,1775,609
21,865,783
21,132,592
21,15,436
21,1575,260
21,1487,299
21,1467,281
21,1845,534
21,21,669
21,116,365
21,539,361
21,1642,492
21,1651,511
21,1682,472
21,1605,595
21,1811,514
21,1784,487
21,1861,483
21,1024,355
21,1035,328
21,1482,331
21,1637,316
21,1636,297
21,1780,307
21,669,523
21,21,492
21,41,478
21,75,646
21,45,664
21,92,521
21,56,460
21,71,402
21,54,390
21,198,372
21,21,729
21,41,802
21,71,831
21,139,825
21,31,371
21,1703,330
22,95,438
22,252,432
22,163,511
22,318,366
22,57,585
22,83,592
22,265,472
22,105,642
22,130,623
22,70,545
22,83,549
22,181,646
22,505,581
22,298,585
22,639,583
22,135,538
22,161,527
22,521,601
22,804,558
22,796,538
22,826,534
22,863,511
22,865,525
22,472,435
22,296,526
22,551,512
22,355,525
22,826,586
22,722,484
22,919,498
22,939,504
22,741,463
22,745,488
22,758,492
22,784,485
22,859,422
22,736,527
22,1038,480
22,1202,480
22,928,530
22,988,535
22,914,342
22,991,405
22,1018,555
22,1332,497
22,850,490
22,1129,547
22,1165,437
22,998,545
22,1212,601
22,1376,559
22,1026,532
22,1047,495
22,1054,506
22,1549,495
22,1355,418
22,1145,486
22,1562,546
22,1186,511
22,1452,567
22,1592,491
22,1479,551
22,1364,483
22,1693,449
22,1522,473
22,1282,515
22,1308,528
22,1368,523
22,1737,547
22,1500,437
22,1736,339
22,1570,404
22,1678,395
22,1336,518
22,1579,468
22,1614,467
22,1585,308
22,1578,515
22,1696,493
22,1709,516
22,1562,775
22,1679,544
22,1746,597
22,1775,609
22,865,784
22,141,585
22,16,428
22,1579,256
22,1470,298
22,1866,535
22,19,676
22,128,365
22,540,362
22,1624,500
22,1639,518
22,1666,477
22,1613,595
22,1798,515
22,1775,490
22,1845,483
22,1019,354
22,1014,327
22,1461,335
22,1621,314
22,1620,292
22,1767,308
22,1841,314
22,657,520
22,18,480
22,43,462
22,87,637
22,56,651
22,105,534
22,64,472
22,89,404
22,70,391
22,13,540
22,212,373
22,24,724
22,35,797
22,122,821
22,49,372
22,1722,327
23,97,438
23,252,432
23,164,511
23,332,364
23,59,585
23,86,584
23,265,473
23,107,642
23,133,624
23,72,545
23,84,549
23,178,632
23,522,577
23,304,587
23,659,586
23,136,536
23,154,528
23,530,604
23,813,555
23,809,536
23,841,527
23,872,511
23,870,527
23,473,435
23,285,526
23,550,504
23,337,521
23,831,582
23,722,483
23,930,495
23,950,498
23,743,463
23,745,487
23,755,501
23,783,487
23,857,420
23,721,524
23,1048,477
23,1219,481
23,928,531
23,988,534
23,914,342
23,991,405
23,1018,555
23,1343,495
23,840,491
23,1129,548
23,1165,438
23,995,546
23,1212,601
23,1387,559
23,1022,533
23,1036,494
23,1050,506
23,1559,490
23,1355,418
23,1139,485
23,1567,554
23,1177,510
23,1463,568
23,1602,487
23,1478,552
23,1355,480
23,1704,454
23,1522,473
23,1270,511
23,1295,528
23,1358,518
23,1747,540
23,1499,438
23,1754,337
23,1568,402
23,1677,396
23,1320,515
23,1577,465
23,1605,466
23,1580,310
23,1568,514
23,1687,498
23,1703,518
23,1561,775
23,1689,540
23,1746,596
23,1774,608
23,865,784
23,158,583
23,20,414
23,1590,258
23,1458,300
23,1887,533
23,16,691
23,137,366
23,542,363
23,1607,507
23,1627,524
23,1650,482
23,1621,594
23,1786,516
23,1766,493
23,1829,483
23,1013,356
23,994,326
23,1440,339
23,1606,312
23,1604,287
23,1638,294
23,1646,267
23,1756,310
23,1877,295
23,1858,333
23,645,518
23,15,469
23,45,446
23,99,629
23,68,637
23,116,541
23,72,485
23,107,406
23,84,392
23,29,527
23,226,373
23,27,717
23,32,792
23,107,811
23,61,366
23,1742,325
24,99,438
24,252,432
24,165,511
24,342,364
24,59,585
24,97,574
24,265,474
24,108,642
24,134,624
24,71,545
24,86,547
24,173,627
24,536,576
24,317,589
24,681,582
24,133,532
24,150,529
24,541,602
24,825,552
24,819,534
24,847,529
24,881,511
24,880,526
24,474,436
24,274,529
24,546,504
24,322,525
24,837,578
24,722,482
24,945,494
24,960,499
24,740,463
24,746,487
24,747,506
24,780,488
24,856,418
24,714,522
24,1057,475
24,1237,479
24,929,533
24,987,531
24,913,342
24,991,406
24,1020,555
24,1353,498
24,831,493
24,1130,550
24,1164,440
24,992,548
24,1212,602
24,1393,558
24,1017,534
24,1023,494
24,1034,505
24,1572,489
24,1355,418
24,1137,483
24,1574,563
24,1164,507
24,1469,571
24,1610,487
24,1477,551
24,1344,482
24,1714,453
24,1522,473
24,1262,510
24,1280,530
24,1349,518
24,1755,542
24,1499,437
24,1772,334
24,1568,401
24,1678,395
24,1307,515
24,1566,462
24,1600,464
24,1585,322
24,1550,513
24,1675,501
24,1693,521
24,1559,773
24,1708,539
24,1746,597
24,1773,608
24,865,785
24,172,582
24,21,404
24,1596,259
24,1446,293
24,1905,530
24,11,704
24,149,366
24,536,364
24,1592,511
24,1611,530
24,1637,492
24,1629,593
24,1777,520
24,1756,495
24,1816,485
24,1010,358
24,975,325
24,1417,338
24,1590,308
24,1590,285
24,1623,290
24,1640,276
24,1746,312
24,1859,301
24,1875,351
24,632,513
24,13,457
24,47,429
24,111,620
24,80,624
24,128,548
24,82,495
24,122,406
24,92,396
24,40,513
24,239,373
24,33,710
24,28,787
24,93,807
24,79,364
24,1761,322
25,99,438
25,252,433
25,166,512
25,351,363
25,59,586
25,105,571
25,266,475
25,110,641
25,135,622
25,73,546
25,83,549
25,166,625
25,553,574
25,327,591
25,701,578
25,133,533
25,148,523
25,550,600
25,835,547
25,829,532
25,853,527
25,893,511
25,892,521
25,475,436
25,260,535
25,540,504
25,305,521
25,839,574
25,722,482
25,956,491
25,972,498
25,737,463
25,747,486
25,740,501
25,778,488
25,858,411
25,712,519
25,1065,480
25,1248,466
25,929,532
25,995,529
25,913,342
25,991,406
25,1021,555
25,1366,500
25,824,491
25,1131,554
25,1164,442
25,988,548
25,1212,602
25,1402,553
25,1009,536
25,1012,493
25,1027,505
25,1583,488
25,1355,418
25,1139,483
25,1577,565
25,1152,511
25,1476,575
25,1617,484
25,1477,553
25,1339,481
25,1725,454
25,1522,473
25,1243,507
25,1266,530
25,1341,516
25,1764,545
25,1500,437
25,1795,332
25,1568,401
25,1680,394
25,1294,516
25,1562,462
25,1594,464
25,1589,327
25,1539,510
25,1667,503
25,1680,519
25,1559,774
25,1728,537
25,1747,599
25,1773,608
25,865,785
25,185,583
25,14,393
25,1601,259
25,12,715
25,533,367
25,1577,515
25,1594,536
25,1625,504
25,1637,593
25,1769,525
25,1746,498
25,1803,488
25,1012,358
25,954,324
25,1395,337
25,1574,303
25,1576,282
25,1607,285
25,1634,285
25,1735,314
25,1842,307
25,1885,364
25,1065,319
25,619,507
25,11,445
25,48,411
25,123,612
25,92,611
25,140,556
25,90,506
25,138,404
25,102,400
25,48,498
25,251,373
25,39,703
25,23,782
25,80,806
25,97,362
25,1780,322
26,100,438
26,252,433
26,166,512
26,365,372
26,59,586
26,112,566
26,266,476
26,111,642
26,135,623
26,74,547
26,84,551
26,166,617
26,571,576
26,336,594
26,717,573
26,133,538
26,146,519
26,556,601
26,847,544
26,835,529
26,857,524
26,900,513
26,902,520
26,473,435
26,247,535
26,532,501
26,290,524
26,839,571
26,722,483
26,968,488
26,983,499
26,731,462
26,748,486
26,737,502
26,776,488
26,857,408
26,706,519
26,1073,481
26,1259,453
26,929,532
26,997,528
26,913,342
26,991,406
26,1018,555
26,1378,493
26,817,496
26,1132,559
26,1164,441
26,971,543
26,1212,603
26,1413,555
26,1003,539
26,1000,487
26,1014,503
26,1593,489
26,1355,418
26,1139,483
26,1581,576
26,1139,513
26,1483,574
26,1626,475
26,1479,553
26,1332,481
26,1738,458
26,1522,473
26,1235,507
26,1253,534
26,1337,511
26,1775,541
26,1501,437
26,1814,330
26,1569,401
26,1680,395
26,1279,513
26,1560,468
26,1590,464
26,1599,339
26,1522,510
26,1662,510
26,1677,534
26,1563,778
26,1740,539
26,1747,600
26,1773,608
26,865,785
26,201,584
26,18,383
26,1606,259
26,9,724
26,534,369
26,1561,516
26,1577,539
26,1611,513
26,1645,592
26,1760,528
26,1737,501
26,1790,491
26,1014,358
26,930,320
26,1372,335
26,1561,296
26,1560,281
26,1591,275
26,1629,293
26,1725,315
26,1823,306
26,1894,375
26,1076,319
26,606,502
26,10,432
26,50,391
26,137,606
26,105,604
26,152,563
26,94,520
26,155,400
26,119,403
26,56,482
26,263,373
26,40,695
26,25,772
26,70,795
26,117,361
26,1800,322
27,100,438
27,252,433
27,166,512
27,374,373
27,59,587
27,111,560
27,266,477
27,110,643
27,135,625
27,75,549
27,84,551
27,161,612
27,590,577
27,348,595
27,730,566
27,127,538
27,141,522
27,566,607
27,851,546
27,845,527
27,869,522
27,909,508
27,911,519
27,471,435
27,233,538
27,522,495
27,277,526
27,838,568
27,723,484
27,972,492
27,990,507
27,730,457
27,749,486
27,736,500
27,775,486
27,857,407
27,695,523
27,1084,481
27,1269,438
27,929,532
27,1012,529
27,913,342
27,991,406
27,1016,555
27,1390,493
27,805,499
27,1132,562
27,1164,440
27,963,543
27,1213,603
27,1423,554
27,999,541
27,994,486
27,1011,494
27,1598,483
27,1355,418
27,1139,483
27,1584,582
27,1128,515
27,1489,576
27,1638,474
27,1479,554
27,1323,488
27,1751,456
27,1522,473
27,1223,501
27,1240,540
27,1330,508
27,1786,538
27,1503,437
27,1832,324
27,1569,401
27,1678,395
27,1271,511
27,1555,479
27,1582,462
27,1611,341
27,1511,507
27,1651,516
27,1671,538
27,1562,778
27,1754,538
27,1748,602
27,1774,608
27,865,786
27,212,588
27,14,372
27,1613,260
27,531,370
27,1545,516
27,1560,537
27,1595,521
27,1654,591
27,1746,527
27,1728,506
27,1780,497
27,1015,358
27,905,314
27,1347,333
27,1543,293
27,1543,278
27,1623,302
27,1715,317
27,1805,306
27,1905,382
27,593,496
27,48,374
27,152,603
27,119,597
27,167,566
27,96,528
27,171,398
27,135,407
27,62,466
27,278,373
27,40,687
27,28,762
27,60,785
27,1819,322
28,101,438
28,252,434
28,166,512
28,383,372
28,59,588
28,113,551
28,267,478
28,108,644
28,134,624
28,76,552
28,85,554
28,154,612
28,608,578
28,360,595
28,746,559
28,128,536
28,137,522
28,573,606
28,863,540
28,851,524
28,887,516
28,918,500
28,919,510
28,470,435
28,219,543
28,512,496
28,261,525
28,840,563
28,723,485
28,980,497
28,1000,510
28,726,445
28,750,486
28,737,497
28,774,486
28,857,407
28,695,521
28,1088,485
28,1282,420
28,929,531
28,1029,530
28,912,342
28,991,406
28,1014,555
28,1405,492
28,798,503
28,1137,561
28,1165,440
28,955,546
28,1213,604
28,1428,551
28,996,545
28,983,487
28,1003,494
28,1608,481
28,1355,418
28,1139,483
28,1589,587
28,1116,514
28,1492,578
28,1647,475
28,1474,555
28,1313,490
28,1762,458
28,1522,473
28,1214,500
28,1220,536
28,1323,505
28,1797,540
28,1505,437
28,1852,319
28,1569,401
28,1677,395
28,1249,510
28,1551,483
28,1577,462
28,1626,342
28,1501,506
28,1642,523
28,1658,541
28,1562,778
28,1763,531
28,1749,604
28,1775,608
28,865,786
28,228,589
28,11,367
28,1626,265
28,533,375
28,1530,516
28,1544,536
28,1580,528
28,1662,589
28,1761,790
28,1734,526
28,1719,510
28,1771,503
28,1017,359
28,1320,330
28,1524,292
28,1525,275
28,1614,305
28,1705,318
28,1787,305
28,1644,277
28,580,488
28,45,359
28,167,601
28,132,590
28,183,567
28,97,533
28,186,398
28,152,411
28,68,449
28,44,678
28,23,756
28,51,774
28,1834,314
29,102,438
29,252,434
29,165,512
29,396,376
29,59,588
29,117,548
29,265,478
29,108,643
29,132,626
29,77,558
29,87,559
29,149,608
29,625,582
29,372,596
29,760,549
29,129,537
29,130,520
29,580,606
29,869,534
29,859,518
29,888,521
29,929,496
29,932,510
29,468,435
29,207,543
29,504,498
29,251,529
29,843,557
29,724,486
29,988,502
29,1008,512
29,726,449
29,752,486
29,739,494
29,772,486
29,857,407
29,705,518
29,1095,489
29,1302,410
29,929,531
29,1042,527
29,912,342
29,991,406
29,1013,552
29,1417,488
29,791,504
29,1143,555
29,1165,439
29,947,552
29,1213,604
29,1434,555
29,990,543
29,971,483
29,998,490
29,1616,480
29,1355,418
29,1139,483
29,1590,588
29,1100,513
29,1493,580
29,1657,469
29,1473,557
29,1303,488
29,1772,457
29,1522,473
29,1205,500
29,1205,539
29,1321,505
29,1811,538
29,1506,437
29,1872,311
29,1570,401
29,1676,395
29,1232,506
29,1539,490
29,1573,467
29,1640,341
29,1488,512
29,1631,523
29,1654,544
29,1562,778
29,1775,527
29,1748,605
29,1775,608
29,865,787
29,242,590
29,1631,266
29,535,379
29,1516,518
29,1528,537
29,1565,533
29,1670,588
29,1740,790
29,1724,529
29,1710,510
29,1761,508
29,1017,359
29,1298,327
29,1506,292
29,1505,272
29,1602,304
29,1697,317
29,1769,305
29,1631,285
29,568,478
29,182,599
29,146,583
29,200,567
29,100,538
29,201,395
29,167,410
29,75,433
29,49,668
29,13,752
29,42,764
29,63,355
29,1849,305
30,101,440
30,252,434
30,164,512
30,405,373
30,59,589
30,116,541
30,264,478
30,109,643
30,132,628
30,78,558
30,86,559
30,145,602
30,644,581
30,382,598
30,775,541
30,131,538
30,125,515
30,588,604
30,879,530
30,869,516
30,901,510
30,938,498
30,943,507
30,467,435
30,196,544
30,496,501
30,239,525
30,846,548
30,723,485
30,990,505
30,1014,514
30,727,451
30,750,481
30,739,493
30,772,486
30,858,404
30,709,515
30,1103,491
30,1320,398
30,929,531
30,1067,543
30,912,342
30,991,406
30,1007,553
30,1431,487
30,782,508
30,1148,557
30,1165,439
30,935,555
30,1213,605
30,1439,555
30,980,538
30,963,480
30,988,485
30,1627,474
30,1355,418
30,1139,483
30,1591,588
30,1089,513
30,1494,581
30,1665,463
30,1472,561
30,1294,488
30,1783,458
30,1522,473
30,1193,500
30,1194,540
30,1320,500
30,1824,535
30,1508,437
30,1887,300
30,1580,402
30,1679,395
30,1213,514
30,1537,496
30,1572,469
30,1661,340
30,1477,514
30,1620,524
30,1643,549
30,1560,778
30,1790,524
30,1746,602
30,1776,608
30,865,787
30,257,589
30,1639,263
30,537,391
30,1499,516
30,1512,536
30,1549,532
30,1678,587
30,1719,789
30,1714,533
30,1701,510
30,1751,514
30,1905,472
30,1017,359
30,1278,325
30,1487,290
30,1489,268
30,1591,303
30,1689,316
30,1618,281
30,197,597
30,166,579
30,216,568
30,103,542
30,215,391
30,181,409
30,90,418
30,55,658
30,14,745
30,41,751
30,66,370
