1,985,677
1,982,652
1,989,615
1,771,934
1,883,447
1,991,715
1,1046,737
1,1026,761
1,930,944
1,935,944
1,1032,755
1,1027,638
1,1035,736
1,1019,745
1,1011,748
1,999,778
1,1007,777
1,996,634
1,977,624
1,963,611
1,805,782
1,811,787
1,821,787
1,763,807
1,847,884
1,865,832
1,865,850
1,1015,904
1,1019,645
1,963,803
1,967,821
1,955,761
1,960,786
1,971,773
1,958,770
1,974,634
1,930,622
1,988,624
1,776,922
1,999,448
1,1101,447
1,966,428
1,940,344
1,941,175
1,947,185
1,955,37
1,957,30
1,966,28
1,968,40
1,979,43
1,979,31
1,987,36
1,991,29
1,926,101
1,947,209
1,901,422
1,912,395
1,771,451
1,790,460
1,813,451
1,928,608
1,748,614
1,867,450
1,856,455
1,939,422
1,934,412
1,935,396
1,952,407
1,917,9
1,1027,225
1,993,209
1,893,237
1,893,228
1,898,226
1,886,434
1,859,437
1,860,394
1,869,392
1,742,439
1,695,439
1,345,425
1,343,409
1,552,421
1,887,32
1,885,17
1,866,397
1,1661,478
1,1553,462
1,1517,475
1,1524,480
1,1539,484
1,1460,481
1,1617,476
1,1594,478
1,1579,465
1,1791,481
1,1861,483
1,1905,483
1,1783,471
1,1834,485
1,1329,483
1,1576,486
1,1592,464
1,1564,459
1,1551,481
1,1560,484
2,986,684
2,984,659
2,987,614
2,776,928
2,883,447
2,992,722
2,1048,734
2,1028,754
2,933,953
2,939,950
2,1035,751
2,1026,637
2,1038,732
2,1022,752
2,1017,759
2,1001,786
2,1009,787
2,995,634
2,973,623
2,962,613
2,806,781
2,812,786
2,822,787
2,769,808
2,847,884
2,865,832
2,865,850
2,1016,897
2,1016,642
2,963,803
2,967,821
2,954,768
2,959,786
2,974,774
2,958,770
2,977,637
2,935,624
2,984,626
2,781,917
2,1004,448
2,1106,447
2,973,428
2,940,339
2,940,170
2,947,178
2,948,36
2,956,31
2,963,29
2,964,39
2,975,43
2,977,35
2,984,35
2,986,28
2,927,96
2,948,204
2,908,423
2,917,391
2,771,451
2,790,460
2,813,451
2,921,609
2,748,613
2,867,450
2,856,455
2,940,422
2,934,411
2,932,396
2,948,403
2,913,10
2,1027,225
2,993,205
2,893,237
2,893,228
2,898,226
2,886,433
2,859,436
2,861,392
2,870,388
2,749,439
2,695,439
2,352,426
2,336,410
2,559,424
2,884,33
2,884,20
2,869,393
2,1667,477
2,1558,464
2,1517,475
2,1524,480
2,1539,483
2,1470,479
2,1624,476
2,1604,480
2,1573,470
2,1784,490
2,1863,485
2,1903,482
2,1772,471
2,1834,485
2,1340,482
2,1576,486
2,1589,467
2,1559,460
2,1551,481
2,1560,484
3,988,691
3,987,666
3,985,613
3,781,922
3,883,447
3,994,729
3,1050,726
3,1029,746
3,751,934
3,932,956
3,939,953
3,1035,745
3,1021,634
3,1039,725
3,1024,759
3,1019,766
3,1000,795
3,1011,794
3,993,630
3,972,623
3,957,615
3,807,781
3,813,785
3,823,787
3,776,809
3,946,897
3,847,884
3,865,832
3,865,850
3,1017,891
3,1013,639
3,963,803
3,967,821
3,953,775
3,959,787
3,977,776
3,958,771
3,980,641
3,939,625
3,979,626
3,787,912
3,1009,448
3,1112,447
3,980,428
3,941,334
3,940,165
3,948,171
3,946,37
3,948,33
3,961,30
3,961,38
3,971,43
3,975,39
3,981,35
3,982,28
3,929,92
3,950,199
3,916,425
3,923,388
3,771,451
3,791,460
3,813,451
3,914,610
3,748,612
3,867,450
3,857,455
3,941,423
3,934,410
3,929,396
3,944,400
3,909,12
3,1027,225
3,993,201
3,893,237
3,893,228
3,898,226
3,886,433
3,860,436
3,861,388
3,871,385
3,756,440
3,696,439
3,360,427
3,329,411
3,865,299
3,871,391
3,1673,476
3,1563,467
3,1517,475
3,1524,480
3,1539,483
3,1480,478
3,1463,462
3,1632,476
3,1611,479
3,1571,464
3,1779,490
3,1866,487
3,1902,482
3,1772,471
3,1835,486
3,1351,480
3,1576,486
3,1584,467
3,1554,461
3,1551,481
3,1560,484
3,1786,481
3,1799,475
4,990,698
4,987,671
4,980,613
4,787,917
4,883,447
4,996,736
4,1046,719
4,1028,738
4,758,943
4,932,960
4,939,956
4,1035,738
4,1016,632
4,1036,720
4,1027,762
4,1020,766
4,1001,804
4,1013,804
4,990,628
4,966,621
4,954,615
4,808,780
4,814,785
4,824,788
4,782,809
4,945,905
4,847,884
4,866,832
4,866,850
4,1017,883
4,1010,636
4,963,803
4,967,821
4,952,783
4,958,787
4,980,778
4,958,772
4,980,645
4,942,626
4,974,626
4,793,907
4,1014,448
4,1118,447
4,988,428
4,942,329
4,940,160
4,949,164
4,941,39
4,948,34
4,957,27
4,956,34
4,965,42
4,973,43
4,978,35
4,978,28
4,930,88
4,951,194
4,923,427
4,929,384
4,772,451
4,791,460
4,814,451
4,906,610
4,748,611
4,868,450
4,857,455
4,941,422
4,935,409
4,927,396
4,940,397
4,905,14
4,1027,225
4,994,198
4,893,237
4,893,228
4,898,226
4,886,433
4,858,436
4,863,383
4,872,381
4,763,441
4,697,439
4,367,427
4,323,412
4,870,298
4,871,391
4,1682,476
4,1569,470
4,1517,475
4,1524,480
4,1539,483
4,1486,476
4,1466,462
4,1640,476
4,1616,478
4,1565,464
4,1775,490
4,1865,487
4,1893,484
4,1772,471
4,1836,486
4,1358,480
4,1576,486
4,1579,467
4,1548,461
4,1551,482
4,1560,484
4,1780,481
4,1795,476
5,991,704
5,987,677
5,976,614
5,790,910
5,883,447
5,997,743
5,1046,715
5,1028,735
5,762,949
5,932,961
5,940,960
5,1033,731
5,1013,629
5,1036,710
5,1033,770
5,1025,774
5,1000,810
5,1014,811
5,987,627
5,961,618
5,946,613
5,809,780
5,815,784
5,825,788
5,788,810
5,944,913
5,847,884
5,866,832
5,866,850
5,1018,875
5,1008,634
5,963,803
5,967,821
5,952,791
5,958,788
5,983,780
5,958,772
5,980,649
5,945,627
5,969,625
5,799,902
5,1020,448
5,1123,447
5,995,428
5,943,324
5,940,156
5,950,157
5,935,39
5,942,31
5,953,24
5,952,30
5,960,42
5,972,47
5,976,35
5,974,28
5,932,84
5,953,190
5,931,429
5,935,381
5,772,451
5,792,460
5,814,452
5,898,611
5,748,610
5,868,450
5,858,455
5,941,422
5,935,408
5,924,396
5,934,397
5,1027,225
5,994,194
5,893,237
5,893,228
5,898,226
5,886,433
5,858,433
5,863,380
5,873,377
5,770,440
5,697,439
5,372,426
5,316,413
5,876,297
5,871,385
5,1692,477
5,1572,470
5,1517,475
5,1524,480
5,1539,483
5,1492,474
5,1470,463
5,1647,476
5,1622,477
5,1560,464
5,1769,489
5,1865,487
5,1892,484
5,1766,474
5,1842,477
5,1837,487
5,1366,480
5,1576,486
5,1576,466
5,1542,461
5,1551,482
5,1560,484
5,1774,480
5,1791,476
6,991,710
6,987,682
6,972,614
6,792,904
6,883,447
6,996,754
6,1044,706
6,1029,727
6,766,955
6,933,962
6,940,961
6,1033,723
6,1009,626
6,1036,705
6,1030,782
6,999,817
6,1015,818
6,986,624
6,957,615
6,942,613
6,810,779
6,816,784
6,826,789
6,793,810
6,943,921
6,847,884
6,866,832
6,866,850
6,1019,868
6,1003,632
6,963,803
6,967,821
6,953,795
6,957,789
6,987,787
6,958,773
6,978,656
6,947,628
6,965,623
6,803,895
6,1025,448
6,1129,447
6,1003,429
6,944,320
6,940,150
6,951,150
6,930,36
6,938,31
6,948,24
6,947,31
6,955,42
6,971,49
6,971,34
6,969,27
6,934,77
6,954,185
6,935,430
6,936,375
6,773,451
6,792,460
6,815,452
6,890,612
6,748,610
6,869,450
6,859,455
6,941,422
6,936,407
6,922,397
6,927,391
6,1027,225
6,994,191
6,894,237
6,893,228
6,898,226
6,886,433
6,856,432
6,1035,405
6,778,440
6,698,439
6,377,425
6,309,413
6,878,293
6,1697,476
6,1575,470
6,1517,475
6,1524,480
6,1539,483
6,1499,472
6,1475,464
6,1655,476
6,1627,476
6,1555,464
6,1763,488
6,1865,487
6,1885,484
6,1757,469
6,1837,478
6,1837,487
6,1374,480
6,1576,486
6,1571,466
6,1536,460
6,1552,482
6,1561,484
6,1768,480
6,1784,476
7,990,717
7,987,687
7,968,612
7,799,899
7,883,447
7,1000,768
7,1044,701
7,1027,721
7,769,961
7,934,964
7,940,963
7,1035,718
7,1005,625
7,1034,702
7,1042,780
7,1039,790
7,998,824
7,1013,826
7,981,622
7,959,619
7,941,612
7,811,779
7,817,784
7,826,787
7,799,810
7,942,929
7,847,884
7,867,832
7,867,850
7,1020,860
7,998,631
7,963,804
7,967,821
7,954,800
7,957,789
7,992,794
7,958,774
7,974,666
7,950,629
7,961,622
7,1029,803
7,807,888
7,1030,449
7,1135,448
7,1009,430
7,944,314
7,940,144
7,952,144
7,926,35
7,933,33
7,944,24
7,943,33
7,955,43
7,970,52
7,967,33
7,964,27
7,936,71
7,955,180
7,939,431
7,938,369
7,773,451
7,793,460
7,815,452
7,881,612
7,748,609
7,869,451
7,859,456
7,941,422
7,937,411
7,919,396
7,921,387
7,1027,225
7,994,187
7,894,237
7,894,228
7,898,226
7,886,433
7,855,431
7,1058,775
7,1036,408
7,784,440
7,699,439
7,383,425
7,387,410
7,863,296
7,639,436
7,1705,476
7,1579,471
7,1517,475
7,1524,480
7,1539,483
7,1502,471
7,1481,466
7,1663,477
7,1633,476
7,1551,465
7,1758,488
7,1865,487
7,1881,485
7,1772,471
7,1833,480
7,1837,487
7,1382,481
7,1576,486
7,1566,465
7,1531,459
7,1552,483
7,1561,485
7,1761,480
7,1776,476
8,990,723
8,986,692
8,964,611
8,804,894
8,883,447
8,1000,768
8,1043,695
8,1027,714
8,772,968
8,933,963
8,940,965
8,1032,708
8,1000,623
8,1032,695
8,1049,783
8,998,831
8,1011,834
8,980,622
8,947,614
8,930,610
8,813,779
8,818,785
8,826,786
8,804,810
8,938,936
8,848,884
8,867,832
8,867,850
8,1021,853
8,993,630
8,963,804
8,967,821
8,955,805
8,956,790
8,990,799
8,913,1063
8,921,1068
8,928,1064
8,958,775
8,971,676
8,954,629
8,953,622
8,1030,797
8,811,881
8,1035,449
8,1139,448
8,1016,431
8,944,309
8,940,138
8,951,136
8,919,37
8,927,30
8,939,23
8,938,29
8,956,44
8,969,55
8,963,33
8,959,26
8,938,64
8,956,175
8,943,432
8,940,363
8,773,451
8,794,460
8,815,452
8,873,613
8,748,608
8,870,451
8,860,456
8,942,422
8,936,412
8,916,395
8,917,387
8,1027,225
8,993,183
8,894,237
8,894,228
8,898,226
8,886,433
8,854,430
8,1056,765
8,1037,412
8,789,442
8,699,439
8,389,424
8,381,409
8,863,293
8,659,426
8,646,437
8,1713,477
8,1583,471
8,1517,475
8,1524,480
8,1539,483
8,1508,471
8,1482,469
8,1669,476
8,1638,476
8,1546,464
8,1750,489
8,1865,487
8,1874,485
8,1753,471
8,1825,481
8,1837,487
8,1599,476
8,1390,482
8,1576,486
8,1563,463
8,1527,459
8,1552,483
8,1561,485
8,1755,480
8,1769,477
9,992,730
9,985,697
9,959,610
9,808,885
9,884,447
9,1002,777
9,1042,688
9,1028,706
9,773,975
9,933,963
9,940,967
9,1029,702
9,996,622
9,1032,689
9,999,839
9,1012,843
9,972,620
9,945,615
9,930,611
9,813,779
9,819,785
9,828,786
9,810,810
9,935,943
9,848,884
9,867,832
9,868,850
9,1022,846
9,989,628
9,964,804
9,967,822
9,956,816
9,956,791
9,988,804
9,913,1056
9,921,1062
9,929,1058
9,958,775
9,969,684
9,958,629
9,946,622
9,1031,790
9,815,875
9,1041,450
9,1143,448
9,1022,432
9,945,304
9,941,132
9,950,129
9,915,36
9,924,31
9,935,22
9,935,28
9,947,43
9,965,58
9,959,32
9,954,26
9,940,58
9,957,170
9,947,433
9,942,357
9,774,451
9,794,460
9,816,453
9,865,614
9,748,607
9,870,451
9,861,456
9,942,422
9,937,405
9,913,395
9,910,386
9,1027,225
9,993,179
9,894,237
9,894,228
9,898,226
9,886,433
9,853,431
9,1054,755
9,1038,416
9,795,443
9,700,439
9,394,424
9,376,409
9,863,290
9,654,428
9,654,438
9,1721,478
9,1588,471
9,1517,475
9,1524,480
9,1539,483
9,1514,471
9,1483,472
9,1675,476
9,1643,476
9,1541,463
9,1742,490
9,1865,487
9,1869,486
9,1745,471
9,1819,481
9,1837,487
9,1606,476
9,1399,484
9,1576,486
9,1557,463
9,1523,459
9,1552,483
9,1561,485
9,1750,480
9,1764,479
10,993,737
10,984,702
10,954,610
10,812,881
10,884,447
10,1005,788
10,1038,681
10,1022,699
10,775,982
10,933,963
10,939,968
10,1030,693
10,994,623
10,1033,683
10,1000,848
10,1013,853
10,970,620
10,942,615
10,923,611
10,813,780
10,821,786
10,830,786
10,815,809
10,932,950
10,848,884
10,868,832
10,868,850
10,1023,839
10,986,627
10,964,804
10,967,822
10,954,824
10,955,791
10,987,810
10,913,1049
10,921,1057
10,930,1053
10,959,776
10,968,692
10,962,629
10,940,623
10,1031,781
10,819,869
10,1046,450
10,1147,448
10,1029,433
10,945,298
10,941,127
10,949,122
10,912,37
10,916,28
10,931,21
10,932,27
10,947,46
10,961,62
10,955,32
10,949,25
10,941,53
10,959,165
10,951,434
10,942,350
10,774,451
10,795,460
10,816,453
10,857,614
10,749,607
10,871,451
10,861,456
10,942,422
10,937,406
10,910,394
10,902,386
10,1027,225
10,992,175
10,894,237
10,894,228
10,898,226
10,886,433
10,852,432
10,1053,743
10,1040,420
10,800,443
10,701,439
10,399,423
10,371,409
10,865,286
10,649,430
10,661,438
10,1726,480
10,1593,471
10,1517,475
10,1524,480
10,1539,483
10,1520,470
10,1484,476
10,1681,476
10,1649,477
10,1537,463
10,1734,491
10,1865,487
10,1863,486
10,1742,468
10,1812,483
10,1837,487
10,1613,476
10,1408,486
10,1576,486
10,1552,464
10,1518,458
10,1553,484
10,1562,485
10,1822,476
10,1745,479
10,1759,480
11,995,743
11,983,706
11,949,610
11,816,875
11,884,447
11,1009,795
11,1040,677
11,1024,695
11,776,989
11,933,964
11,939,969
11,1028,688
11,989,622
11,1030,672
11,1001,854
11,1015,860
11,967,619
11,931,614
11,916,612
11,813,780
11,820,786
11,830,787
11,820,809
11,929,958
11,848,884
11,868,832
11,868,850
11,1024,832
11,983,626
11,964,804
11,967,822
11,953,832
11,955,792
11,986,816
11,913,1041
11,921,1049
11,930,1046
11,959,777
11,967,700
11,966,629
11,935,624
11,1031,772
11,823,864
11,1051,450
11,1151,448
11,1036,434
11,945,293
11,941,122
11,948,115
11,909,38
11,908,28
11,927,21
11,928,28
11,940,43
11,957,66
11,951,31
11,945,25
11,942,48
11,959,160
11,953,434
11,943,344
11,775,451
11,795,460
11,817,453
11,849,615
11,748,606
11,871,451
11,862,456
11,942,423
11,937,407
11,908,394
11,894,390
11,1027,225
11,992,172
11,895,237
11,894,228
11,899,226
11,886,432
11,851,434
11,1053,732
11,1040,423
11,807,443
11,701,439
11,405,423
11,365,409
11,867,282
11,644,432
11,668,439
11,1732,481
11,1598,472
11,1517,475
11,1524,480
11,1539,483
11,1527,470
11,1482,477
11,1686,477
11,1655,477
11,1530,463
11,1727,493
11,1865,487
11,1858,487
11,1739,466
11,1807,480
11,1447,459
11,1837,487
11,1029,1067
11,1617,477
11,1417,488
11,1576,486
11,1547,464
11,1514,458
11,1553,484
11,1562,485
11,1818,477
11,1741,478
11,1755,479
12,996,750
12,982,710
12,944,611
12,820,870
12,884,447
12,1007,800
12,1040,669
12,1019,689
12,778,996
12,933,965
12,939,970
12,1027,683
12,983,618
12,1029,670
12,1002,861
12,1018,868
12,963,619
12,928,613
12,913,613
12,814,781
12,820,787
12,830,789
12,825,809
12,924,966
12,848,884
12,868,833
12,869,850
12,1026,825
12,980,625
12,964,805
12,967,822
12,952,841
12,954,792
12,985,823
12,913,1034
12,921,1041
12,930,1039
12,959,777
12,966,709
12,969,632
12,928,625
12,1032,766
12,827,858
12,1056,450
12,1156,449
12,1041,435
12,946,288
12,941,117
12,947,108
12,898,35
12,905,28
12,924,22
12,924,30
12,934,40
12,954,70
12,947,31
12,940,25
12,943,43
12,959,155
12,955,434
12,943,338
12,775,451
12,796,460
12,817,453
12,841,616
12,748,605
12,872,452
12,863,457
12,942,422
12,936,407
12,905,393
12,886,394
12,1027,225
12,992,168
12,895,237
12,894,228
12,899,226
12,886,432
12,850,434
12,1051,720
12,1041,426
12,813,443
12,702,439
12,411,423
12,359,410
12,866,281
12,670,437
12,1741,481
12,1602,472
12,1517,475
12,1524,480
12,1539,483
12,1533,470
12,1480,478
12,1691,478
12,1661,477
12,1523,463
12,1720,493
12,1865,487
12,1850,486
12,1731,468
12,1800,482
12,1454,462
12,1837,487
12,1028,1064
12,1621,478
12,1428,491
12,1576,486
12,1543,463
12,1509,459
12,1553,484
12,1562,485
12,1813,478
12,1737,477
12,1751,478
13,996,756
13,982,715
13,938,612
13,824,864
13,884,447
13,1006,807
13,1038,664
13,1018,685
13,778,1003
13,933,966
13,939,971
13,1022,680
13,981,620
13,1030,665
13,1001,867
13,1018,873
13,958,616
13,925,613
13,910,614
13,814,782
13,820,787
13,830,791
13,831,809
13,920,974
13,848,884
13,869,833
13,869,850
13,1027,817
13,977,625
13,964,805
13,967,822
13,951,847
13,954,793
13,982,827
13,914,1027
13,919,1036
13,927,1032
13,959,778
13,965,718
13,972,635
13,919,626
13,1032,760
13,831,853
13,1061,450
13,1046,436
13,950,285
13,941,112
13,945,101
13,921,23
13,921,31
13,929,39
13,952,74
13,943,32
13,935,25
13,945,38
13,959,150
13,957,434
13,944,332
13,776,452
13,797,460
13,818,454
13,833,616
13,747,605
13,872,452
13,863,457
13,942,422
13,936,407
13,902,393
13,880,398
13,1027,225
13,992,163
13,895,237
13,895,228
13,899,226
13,886,432
13,849,435
13,1050,708
13,1041,429
13,818,443
13,703,440
13,417,423
13,354,411
13,866,281
13,1749,484
13,1606,473
13,1517,475
13,1524,480
13,1539,483
13,1539,470
13,1478,479
13,1696,479
13,1667,479
13,1517,464
13,1713,494
13,1731,489
13,1865,487
13,1844,484
13,1730,472
13,1793,481
13,1455,463
13,1837,487
13,1027,1061
13,1626,479
13,1439,494
13,1576,486
13,1535,462
13,1503,460
13,1553,485
13,1562,486
13,1807,478
13,1733,476
13,1747,477
14,997,762
14,980,720
14,933,613
14,827,856
14,884,447
14,1007,816
14,1039,658
14,1014,675
14,933,967
14,939,972
14,1019,672
14,978,618
14,1028,660
14,1001,873
14,1018,879
14,954,616
14,919,612
14,902,615
14,814,782
14,820,788
14,831,793
14,834,806
14,916,982
14,849,884
14,869,833
14,870,851
14,1028,809
14,974,625
14,964,805
14,967,822
14,951,854
14,953,794
14,980,831
14,917,1017
14,920,1029
14,928,1024
14,959,779
14,964,726
14,975,638
14,910,626
14,1036,751
14,835,847
14,1067,451
14,1052,437
14,954,282
14,941,107
14,944,95
14,919,22
14,918,32
14,925,37
14,950,79
14,939,33
14,930,25
14,946,33
14,959,145
14,959,434
14,945,326
14,776,452
14,797,460
14,819,454
14,825,616
14,747,604
14,872,452
14,863,457
14,942,421
14,936,407
14,898,391
14,875,402
14,1027,225
14,992,159
14,895,237
14,895,228
14,899,226
14,886,432
14,849,436
14,1049,697
14,1042,432
14,825,441
14,707,440
14,423,424
14,348,411
14,866,275
14,913,136
14,1757,487
14,1611,474
14,1517,475
14,1524,480
14,1539,483
14,1546,470
14,1477,480
14,1702,480
14,1673,479
14,1513,464
14,1706,494
14,1727,491
14,1865,487
14,1830,485
14,1724,468
14,1791,481
14,1456,464
14,1837,487
14,1025,1056
14,1634,480
14,1446,490
14,1576,486
14,1528,462
14,1496,461
14,1554,485
14,1563,486
14,1800,478
14,1729,475
14,1743,477
15,997,768
15,979,725
15,927,615
15,831,851
15,884,447
15,1010,825
15,1037,655
15,1011,669
15,933,968
15,939,974
15,1018,666
15,973,614
15,1025,657
15,1001,883
15,1019,887
15,949,616
15,914,612
15,897,614
15,814,783
15,820,788
15,830,793
15,837,804
15,912,991
15,849,884
15,869,833
15,872,850
15,1029,802
15,971,623
15,964,805
15,967,822
15,951,861
15,953,794
15,978,836
15,915,1011
15,919,1021
15,926,1017
15,959,780
15,963,734
15,978,641
15,901,627
15,1039,743
15,839,842
15,1072,450
15,1057,438
15,959,279
15,941,103
15,942,89
15,913,23
15,913,31
15,925,38
15,949,83
15,935,34
15,925,26
15,947,29
15,960,141
15,961,434
15,946,321
15,776,452
15,797,460
15,820,455
15,818,617
15,746,603
15,872,452
15,863,457
15,942,421
15,936,407
15,894,390
15,870,402
15,1027,225
15,993,155
15,895,237
15,895,228
15,899,226
15,887,432
15,849,435
15,1047,688
15,1042,431
15,828,440
15,711,440
15,429,424
15,342,411
15,866,269
15,913,135
15,1765,491
15,1615,475
15,1517,475
15,1524,480
15,1539,483
15,1552,470
15,1482,481
15,1707,478
15,1679,479
15,1509,465
15,1699,495
15,1721,493
15,1865,487
15,1829,487
15,1714,468
15,1777,481
15,1461,464
15,1837,487
15,1024,1051
15,1643,481
15,1453,486
15,1576,486
15,1523,463
15,1491,461
15,1913,488
15,1554,485
15,1563,486
15,1794,477
15,1724,474
15,1739,476
16,998,774
16,977,730
16,922,616
16,835,846
16,885,447
16,1009,830
16,1034,647
16,1010,666
16,932,970
16,938,977
16,1015,658
16,972,615
16,1024,649
16,1002,893
16,1020,896
16,946,616
16,911,613
16,893,614
16,815,784
16,820,789
16,830,793
16,840,801
16,907,998
16,849,884
16,870,833
16,874,850
16,1029,793
16,968,621
16,965,805
16,967,822
16,949,868
16,952,795
16,974,837
16,916,1004
16,921,1012
16,928,1012
16,959,780
16,961,741
16,982,645
16,893,628
16,1037,736
16,843,837
16,1077,449
16,1063,439
16,963,276
16,940,98
16,941,83
16,907,24
16,909,31
16,917,39
16,948,87
16,931,35
16,921,24
16,948,25
16,960,136
16,965,432
16,947,315
16,776,452
16,797,460
16,820,455
16,811,618
16,746,603
16,872,452
16,863,457
16,942,421
16,935,408
16,891,389
16,1027,225
16,993,151
16,896,238
16,895,229
16,899,226
16,887,432
16,849,435
16,1046,679
16,1042,431
16,832,438
16,716,441
16,435,424
16,336,411
16,866,263
16,914,134
16,1772,491
16,1620,476
16,1517,475
16,1524,480
16,1539,483
16,1559,470
16,1488,482
16,1712,476
16,1684,477
16,1505,466
16,1694,494
16,1714,493
16,1865,487
16,1819,487
16,1703,472
16,1773,480
16,1467,465
16,1837,487
16,1025,1046
16,1646,480
16,1460,483
16,1576,486
16,1520,464
16,1486,461
16,1905,487
16,1554,486
16,1563,486
16,1788,476
17,1000,781
17,977,733
17,916,618
17,839,840
17,885,447
17,1009,841
17,1031,642
17,1007,662
17,934,973
17,938,980
17,1012,655
17,965,614
17,1023,644
17,1004,899
17,1018,904
17,944,616
17,906,611
17,885,610
17,815,783
17,820,788
17,830,791
17,843,799
17,903,1005
17,849,884
17,870,833
17,876,849
17,1030,784
17,963,621
17,965,805
17,967,823
17,947,876
17,952,796
17,970,838
17,916,996
17,921,1006
17,928,1004
17,959,781
17,959,747
17,985,648
17,884,628
17,1039,728
17,847,832
17,1082,448
17,1069,439
17,967,273
17,939,93
17,941,77
17,906,25
17,906,32
17,916,38
17,948,91
17,926,34
17,917,22
17,950,21
17,960,131
17,969,430
17,948,310
17,776,452
17,797,460
17,820,455
17,805,617
17,1057,772
17,1026,30
17,745,602
17,872,452
17,863,457
17,942,421
17,935,410
17,888,389
17,1027,225
17,993,147
17,896,238
17,895,229
17,899,226
17,887,432
17,849,435
17,1045,670
17,1042,430
17,838,434
17,719,441
17,441,426
17,331,412
17,867,257
17,915,134
17,1775,492
17,1626,476
17,1517,475
17,1524,480
17,1539,483
17,1565,469
17,1494,484
17,1720,478
17,1689,476
17,1500,465
17,1689,494
17,1706,492
17,1865,487
17,1810,488
17,1705,474
17,1765,476
17,1474,467
17,1837,487
17,1027,1041
17,1022,1070
17,1649,480
17,1467,483
17,1576,486
17,1517,464
17,1483,461
17,1896,487
17,1554,486
17,1563,486
17,1782,475
17,1699,503
18,1002,789
18,977,737
18,911,622
18,842,836
18,885,447
18,1010,846
18,1030,637
18,999,654
18,936,976
18,938,983
18,1008,648
18,962,614
18,1021,640
18,1007,905
18,1017,912
18,937,614
18,902,609
18,882,611
18,816,783
18,821,787
18,830,790
18,846,796
18,904,1014
18,849,884
18,870,833
18,878,849
18,1031,776
18,958,621
18,965,806
18,967,823
18,946,884
18,951,796
18,967,840
18,917,988
18,922,1000
18,928,996
18,959,782
18,957,753
18,986,652
18,876,625
18,1041,720
18,852,827
18,1087,447
18,1075,439
18,972,270
18,938,88
18,941,72
18,900,26
18,904,33
18,910,37
18,947,96
18,921,34
18,913,21
18,950,17
18,960,126
18,974,428
18,948,303
18,776,452
18,797,460
18,820,455
18,796,615
18,1055,765
18,1022,30
18,745,601
18,872,452
18,863,457
18,943,421
18,935,412
18,884,387
18,1027,225
18,994,143
18,896,238
18,895,229
18,899,226
18,887,432
18,849,435
18,1044,662
18,1042,430
18,843,431
18,722,441
18,448,429
18,326,413
18,555,417
18,916,133
18,1781,495
18,1632,476
18,1517,475
18,1524,480
18,1539,483
18,1571,469
18,1498,483
18,1725,481
18,1693,479
18,1496,465
18,1682,493
18,1706,490
18,1865,487
18,1803,487
18,1702,471
18,1762,477
18,1481,469
18,1837,487
18,1027,1035
18,1022,1064
18,1652,480
18,1474,484
18,1576,486
18,1511,463
18,1889,483
18,1555,487
18,1564,487
18,1776,474
18,1693,503
19,1003,796
19,977,740
19,904,626
19,846,833
19,885,447
19,1011,855
19,1025,633
19,999,647
19,937,978
19,935,986
19,1003,644
19,959,614
19,1020,635
19,1009,911
19,1018,920
19,935,616
19,899,609
19,877,611
19,816,783
19,821,786
19,830,789
19,846,796
19,906,1023
19,849,884
19,871,833
19,880,848
19,1027,765
19,954,620
19,965,806
19,967,823
19,941,890
19,951,797
19,962,842
19,918,982
19,923,992
19,928,988
19,959,783
19,955,758
19,986,656
19,868,624
19,1043,712
19,856,822
19,1092,446
19,1081,439
19,976,267
19,937,83
19,941,66
19,899,26
19,900,32
19,909,37
19,946,101
19,917,34
19,909,21
19,950,13
19,961,122
19,980,430
19,948,296
19,776,452
19,797,460
19,820,455
19,792,615
19,1054,759
19,1018,29
19,745,601
19,823,445
19,872,452
19,863,457
19,943,421
19,935,414
19,880,386
19,1027,225
19,994,140
19,896,238
19,896,229
19,899,226
19,887,432
19,849,435
19,1043,654
19,1042,430
19,849,427
19,725,441
19,454,431
19,322,414
19,552,417
19,642,432
19,916,132
19,1790,494
19,1638,476
19,1517,475
19,1524,480
19,1539,483
19,1578,469
19,1502,482
19,1730,485
19,1691,481
19,1492,465
19,1676,492
19,1699,488
19,1865,487
19,1797,486
19,1696,472
19,1754,473
19,1485,469
19,1837,487
19,1028,1031
19,1023,1059
19,1658,481
19,1482,485
19,1576,486
19,1504,462
19,1881,481
19,1555,487
19,1564,487
19,1770,473
19,1687,504
20,1004,801
20,977,743
20,898,623
20,850,828
20,885,447
20,1012,860
20,1023,629
20,996,644
20,785,1062
20,939,981
20,933,989
20,999,638
20,956,614
20,1018,632
20,1012,918
20,1020,929
20,932,615
20,894,609
20,871,610
20,817,783
20,822,785
20,830,788
20,847,796
20,908,1032
20,850,885
20,871,833
20,882,848
20,1024,754
20,950,619
20,965,806
20,967,823
20,936,896
20,951,798
20,958,844
20,919,976
20,924,984
20,929,981
20,957,785
20,951,762
20,986,661
20,860,624
20,1045,705
20,861,818
20,1097,446
20,1087,439
20,980,264
20,937,79
20,942,61
20,896,25
20,906,39
20,945,106
20,914,34
20,905,21
20,960,116
20,986,432
20,948,289
20,776,452
20,797,460
20,820,455
20,787,612
20,1051,748
20,1014,28
20,745,601
20,821,448
20,872,452
20,863,457
20,944,422
20,935,416
20,877,385
20,1027,225
20,994,137
20,896,238
20,896,229
20,899,226
20,887,431
20,849,435
20,1042,646
20,1039,426
20,854,422
20,728,441
20,461,434
20,318,415
20,549,417
20,650,435
20,915,131
20,1798,493
20,1644,476
20,1517,475
20,1524,480
20,1539,483
20,1584,469
20,1506,481
20,1734,489
20,1689,483
20,1488,465
20,1672,493
20,1702,482
20,1865,487
20,1788,486
20,1687,470
20,1750,472
20,1489,470
20,1837,487
20,1030,1027
20,1024,1054
20,1665,482
20,1489,487
20,1576,486
20,1500,463
20,1872,480
20,1555,487
20,1564,487
20,1764,472
20,1573,470
20,1680,504
21,1006,807
21,976,747
21,893,627
21,853,825
21,885,447
21,1013,867
21,1016,624
21,994,643
21,786,1068
21,936,982
21,930,992
21,995,634
21,949,611
21,1013,629
21,1011,925
21,1020,937
21,921,615
21,889,609
21,866,609
21,816,782
21,822,783
21,830,787
21,847,796
21,910,1041
21,850,885
21,871,833
21,884,848
21,1021,744
21,947,618
21,965,806
21,967,823
21,931,902
21,944,799
21,954,847
21,919,966
21,924,975
21,930,973
21,954,788
21,948,766
21,987,665
21,852,624
21,1046,701
21,861,817
21,1102,446
21,1094,439
21,984,261
21,937,73
21,942,54
21,902,40
21,942,110
21,910,33
21,901,21
21,960,111
21,992,434
21,949,282
21,776,452
21,797,460
21,820,455
21,782,612
21,1049,737
21,1010,27
21,745,601
21,819,452
21,872,452
21,863,457
21,945,423
21,933,418
21,874,383
21,1027,225
21,995,133
21,897,238
21,896,229
21,900,226
21,854,420
21,887,431
21,849,435
21,1038,639
21,1036,423
21,859,419
21,731,441
21,467,434
21,314,416
21,881,313
21,547,417
21,657,432
21,913,130
21,1806,492
21,1650,477
21,1517,475
21,1524,480
21,1539,483
21,1591,471
21,1510,480
21,1740,489
21,1688,485
21,1480,464
21,1668,493
21,1712,484
21,1865,487
21,1778,485
21,1686,469
21,1747,472
21,1493,470
21,1837,487
21,1028,1023
21,1025,1049
21,1668,481
21,1576,486
21,1494,464
21,1555,487
21,1564,487
21,1758,471
21,1698,468
21,1710,469
21,1581,472
21,1673,505
22,1006,812
22,975,751
22,888,631
22,854,822
22,885,447
22,1014,875
22,1013,621
22,985,634
22,934,984
22,928,995
22,989,628
22,946,610
22,1008,625
22,1011,933
22,1020,946
22,921,612
22,885,610
22,861,608
22,816,782
22,823,781
22,830,786
22,847,797
22,913,1049
22,850,885
22,872,834
22,891,848
22,1019,729
22,941,617
22,965,806
22,967,823
22,925,906
22,937,800
22,948,849
22,920,956
22,924,969
22,932,966
22,952,791
22,945,770
22,987,670
22,845,624
22,1046,692
22,862,817
22,1107,446
22,1102,440
22,988,258
22,937,68
22,942,48
22,900,40
22,940,115
22,907,32
22,897,21
22,960,106
22,998,434
22,949,275
22,776,452
22,797,460
22,820,455
22,779,609
22,1047,726
22,1006,25
22,745,602
22,816,456
22,872,452
22,863,457
22,947,425
22,931,421
22,871,381
22,1027,225
22,995,130
22,897,238
22,896,229
22,900,226
22,861,417
22,887,431
22,849,435
22,1034,632
22,1034,420
22,863,417
22,734,441
22,473,433
22,307,415
22,878,302
22,879,308
22,872,300
22,883,306
22,542,417
22,912,130
22,1815,491
22,1654,477
22,1517,475
22,1524,480
22,1539,483
22,1598,469
22,1515,477
22,1746,489
22,1682,486
22,1474,463
22,1660,493
22,1718,483
22,1865,487
22,1771,484
22,1681,468
22,1740,470
22,1497,471
22,1837,487
22,1026,1019
22,1027,1045
22,1672,480
22,1576,486
22,1487,464
22,1555,487
22,1564,487
22,1752,469
22,1698,468
22,1699,469
22,1588,473
23,1005,818
23,974,755
23,882,629
23,853,822
23,885,447
23,1014,882
23,1007,621
23,982,630
23,921,993
23,926,999
23,983,624
23,939,612
23,1005,629
23,1012,939
23,1020,951
23,918,615
23,881,605
23,856,607
23,815,781
23,824,779
23,831,785
23,846,798
23,916,1057
23,850,885
23,876,835
23,899,848
23,1018,714
23,936,616
23,966,807
23,967,823
23,919,911
23,927,801
23,942,852
23,923,951
23,926,963
23,934,956
23,942,796
23,942,774
23,987,675
23,837,624
23,1044,687
23,862,817
23,1112,446
23,1109,441
23,993,255
23,937,62
23,942,41
23,938,119
23,904,31
23,960,101
23,1005,434
23,949,269
23,776,452
23,797,460
23,820,455
23,776,607
23,1046,716
23,1002,24
23,746,602
23,814,459
23,872,452
23,863,457
23,949,427
23,930,424
23,868,380
23,1027,225
23,995,127
23,897,238
23,896,229
23,900,226
23,868,414
23,887,431
23,849,435
23,1030,626
23,1032,417
23,868,416
23,735,440
23,1026,11
23,479,433
23,300,414
23,879,299
23,881,302
23,874,298
23,537,417
23,911,129
23,1819,487
23,1658,477
23,1517,475
23,1524,480
23,1539,483
23,1604,469
23,1520,474
23,1750,493
23,1677,487
23,1651,493
23,1722,484
23,1865,487
23,1764,482
23,1674,467
23,1734,470
23,1502,472
23,1837,487
23,1025,1015
23,1029,1041
23,1676,479
23,1576,486
23,1482,463
23,1555,487
23,1564,487
23,1698,468
23,1746,469
23,1698,468
23,1687,469
23,1596,475
24,1005,824
24,971,759
24,877,627
24,853,820
24,886,447
24,1015,890
24,1002,619
24,978,627
24,915,999
24,921,1005
24,978,619
24,936,610
24,1001,627
24,1011,946
24,1021,957
24,910,613
24,876,603
24,854,606
24,815,781
24,823,778
24,831,784
24,846,800
24,850,885
24,881,836
24,907,848
24,1017,700
24,932,616
24,959,806
24,967,823
24,912,916
24,918,803
24,937,855
24,923,944
24,927,955
24,936,950
24,937,799
24,936,776
24,988,680
24,830,624
24,1043,677
24,863,817
24,1117,446
24,1117,442
24,994,250
24,937,57
24,942,35
24,936,124
24,960,96
24,1012,435
24,949,263
24,776,452
24,797,460
24,820,455
24,773,605
24,1044,706
24,998,23
24,746,603
24,811,463
24,872,452
24,863,457
24,948,428
24,928,425
24,1027,225
24,995,123
24,897,238
24,896,229
24,900,226
24,874,413
24,887,431
24,849,435
24,1024,624
24,1030,414
24,874,415
24,732,438
24,736,439
24,801,439
24,1031,16
24,486,432
24,532,417
24,569,433
24,911,129
24,1826,487
24,1662,477
24,1517,475
24,1524,480
24,1539,483
24,1610,469
24,1525,471
24,1756,493
24,1672,488
24,1645,491
24,1726,485
24,1865,487
24,1751,476
24,1668,467
24,1732,471
24,1504,468
24,1837,487
24,1024,1009
24,1030,1034
24,1681,478
24,1505,486
24,1576,486
24,1479,460
24,1555,487
24,1564,487
24,1695,468
24,1741,470
24,1698,468
24,1678,469
24,1603,476
25,1006,829
25,965,763
25,872,625
25,852,819
25,886,447
25,1015,898
25,995,619
25,972,624
25,910,1015
25,918,1016
25,972,617
25,932,611
25,993,626
25,1010,954
25,1022,963
25,903,611
25,871,603
25,849,606
25,815,781
25,822,778
25,831,784
25,846,795
25,850,885
25,885,837
25,915,848
25,1014,688
25,928,616
25,952,806
25,966,823
25,905,921
25,911,802
25,933,858
25,925,935
25,930,947
25,938,944
25,932,802
25,931,779
25,988,686
25,823,622
25,1040,669
25,863,817
25,1122,446
25,1121,440
25,996,246
25,938,52
25,942,29
25,934,128
25,960,91
25,1018,435
25,950,257
25,776,452
25,797,460
25,820,455
25,771,603
25,1042,697
25,992,23
25,747,604
25,809,467
25,872,452
25,863,457
25,948,429
25,927,427
25,1027,225
25,996,120
25,897,238
25,897,229
25,900,226
25,881,413
25,887,431
25,849,435
25,1019,622
25,1029,412
25,881,414
25,734,438
25,738,439
25,795,441
25,1036,21
25,493,432
25,396,405
25,525,417
25,561,433
25,911,128
25,1829,486
25,1666,477
25,1517,475
25,1524,480
25,1539,483
25,1616,470
25,1531,468
25,1763,487
25,1667,489
25,1639,490
25,1730,485
25,1865,487
25,1745,472
25,1664,467
25,1507,465
25,1837,487
25,1024,1003
25,1031,1028
25,1685,478
25,1511,479
25,1576,486
25,1473,461
25,1555,487
25,1564,487
25,1691,468
25,1736,471
25,1698,468
25,1675,469
25,1610,476
26,1007,835
26,959,766
26,865,624
26,852,819
26,886,447
26,1016,905
26,989,615
26,968,621
26,908,1022
26,912,1027
26,964,613
26,928,611
26,986,622
26,1011,961
26,1020,970
26,899,611
26,866,604
26,844,606
26,814,780
26,822,778
26,832,784
26,846,793
26,850,885
26,890,838
26,921,845
26,1012,677
26,924,614
26,944,808
26,965,822
26,899,926
26,905,801
26,929,862
26,926,928
26,932,941
26,938,937
26,927,803
26,926,782
26,989,692
26,817,620
26,1040,665
26,864,817
26,1127,446
26,1126,439
26,997,242
26,937,47
26,943,24
26,932,133
26,961,87
26,1025,436
26,950,250
26,776,452
26,797,460
26,820,455
26,770,601
26,1041,688
26,987,24
26,747,604
26,807,470
26,872,452
26,863,457
26,948,430
26,926,429
26,1027,225
26,996,115
26,898,238
26,897,229
26,900,226
26,887,414
26,887,431
26,849,435
26,1014,620
26,1027,409
26,887,415
26,736,438
26,741,440
26,790,443
26,500,431
26,391,404
26,518,417
26,554,433
26,911,128
26,1832,484
26,1671,477
26,1517,475
26,1524,480
26,1539,483
26,1622,471
26,1535,468
26,1769,491
26,1661,488
26,1633,489
26,1737,486
26,1865,487
26,1746,477
26,1660,467
26,1510,462
26,1837,487
26,1023,996
26,1032,1023
26,1689,474
26,1517,472
26,1576,486
26,1467,461
26,1555,487
26,1564,487
26,1686,467
26,1730,472
26,1698,468
26,1671,469
26,1616,476
27,1006,839
27,955,769
27,858,623
27,852,821
27,886,447
27,1017,911
27,985,616
27,961,621
27,903,1032
27,910,1035
27,958,612
27,921,611
27,984,623
27,1013,969
27,1019,977
27,895,611
27,861,605
27,839,606
27,814,780
27,821,778
27,832,784
27,847,793
27,850,885
27,897,838
27,928,842
27,1010,666
27,918,618
27,936,810
27,959,822
27,893,930
27,894,802
27,925,866
27,929,922
27,934,933
27,940,932
27,921,808
27,918,784
27,989,698
27,812,617
27,1035,657
27,864,817
27,1130,446
27,1130,438
27,999,238
27,937,42
27,944,19
27,930,138
27,962,82
27,1031,437
27,951,244
27,776,452
27,797,460
27,820,455
27,789,603
27,1038,680
27,981,25
27,747,605
27,804,474
27,872,452
27,863,457
27,945,430
27,926,428
27,1027,225
27,996,111
27,898,238
27,897,229
27,900,226
27,893,416
27,887,431
27,849,435
27,1008,618
27,1025,406
27,894,417
27,738,439
27,744,441
27,783,445
27,507,431
27,386,403
27,511,417
27,554,413
27,547,433
27,911,128
27,1842,481
27,1676,477
27,1517,475
27,1524,480
27,1539,483
27,1627,474
27,1540,468
27,1774,486
27,1654,487
27,1628,488
27,1742,485
27,1865,487
27,1739,475
27,1656,467
27,1516,462
27,1837,487
27,1023,990
27,1033,1019
27,1694,481
27,1522,471
27,1576,486
27,1555,487
27,1564,487
27,1681,466
27,1725,473
27,1698,468
27,1667,469
27,1622,477
28,1005,843
28,953,773
28,853,621
28,854,823
28,886,447
28,1017,918
28,980,615
28,953,619
28,899,1039
28,907,1042
28,953,612
28,911,611
28,980,624
28,1012,974
28,1017,987
28,891,611
28,857,606
28,834,606
28,814,780
28,821,778
28,832,784
28,848,793
28,850,885
28,904,838
28,935,840
28,1006,657
28,912,619
28,928,813
28,954,822
28,887,934
28,884,801
28,922,870
28,930,918
28,935,926
28,941,925
28,915,811
28,910,786
28,990,704
28,807,615
28,1033,651
28,865,817
28,1134,447
28,1135,437
28,1000,234
28,936,37
28,928,143
28,963,78
28,1038,438
28,951,237
28,776,452
28,797,460
28,820,455
28,808,606
28,1035,672
28,976,26
28,748,605
28,803,480
28,872,452
28,863,457
28,942,430
28,926,428
28,1027,225
28,996,107
28,898,238
28,897,229
28,900,226
28,899,418
28,887,431
28,849,435
28,1002,617
28,1023,403
28,1040,397
28,1040,386
28,900,419
28,740,439
28,745,441
28,776,448
28,513,431
28,381,402
28,505,417
28,550,414
28,541,434
28,912,128
28,1851,479
28,1682,477
28,1517,475
28,1524,480
28,1539,483
28,1635,476
28,1545,468
28,1776,489
28,1648,486
28,1623,488
28,1748,486
28,1865,487
28,1730,477
28,1652,466
28,1522,463
28,1837,487
28,1024,987
28,1034,1012
28,1699,482
28,1528,470
28,1576,486
28,1795,477
28,1555,487
28,1564,487
28,1675,466
28,1719,472
28,1698,468
28,1658,471
28,1627,477
29,1005,852
29,947,776
29,848,619
29,855,818
29,886,447
29,1017,926
29,973,616
29,946,616
29,892,1047
29,902,1051
29,948,612
29,911,610
29,970,624
29,1012,979
29,1016,996
29,884,610
29,853,606
29,826,607
29,813,779
29,820,778
29,833,784
29,847,792
29,850,885
29,912,838
29,943,838
29,1003,649
29,901,620
29,919,821
29,943,822
29,882,938
29,877,801
29,917,877
29,931,912
29,937,919
29,943,918
29,908,816
29,903,789
29,990,708
29,802,611
29,1028,646
29,867,817
29,1137,447
29,1141,438
29,1002,230
29,936,32
29,926,148
29,964,74
29,1044,438
29,952,231
29,776,452
29,797,460
29,820,455
29,828,608
29,1033,664
29,970,27
29,748,606
29,801,487
29,872,452
29,863,457
29,939,431
29,926,428
29,1027,225
29,996,103
29,898,238
29,897,229
29,900,226
29,904,418
29,888,431
29,849,435
29,996,616
29,1021,399
29,1041,405
29,1041,392
29,905,420
29,743,440
29,746,442
29,767,449
29,520,431
29,376,402
29,499,417
29,545,415
29,534,435
29,912,128
29,1855,481
29,1687,477
29,1517,475
29,1524,480
29,1539,483
29,1640,474
29,1550,468
29,1782,490
29,1641,485
29,1619,489
29,1755,489
29,1865,487
29,1721,478
29,1649,466
29,1528,464
29,1837,487
29,1026,984
29,1036,1006
29,1704,483
29,1534,470
29,1576,486
29,1787,477
29,1555,487
29,1564,487
29,1669,468
29,1713,471
29,1698,468
29,1656,472
29,1632,478
30,1006,861
30,945,784
30,843,617
30,863,818
30,886,447
30,1017,935
30,970,617
30,940,613
30,893,1058
30,897,1062
30,941,613
30,899,610
30,965,625
30,1012,985
30,1016,1006
30,878,610
30,848,605
30,820,607
30,813,779
30,820,778
30,833,784
30,845,792
30,850,885
30,916,839
30,952,837
30,998,641
30,893,616
30,914,825
30,938,821
30,876,946
30,869,805
30,912,885
30,932,905
30,938,912
30,945,911
30,902,821
30,896,791
30,990,712
30,797,608
30,1023,642
30,876,815
30,1141,448
30,1147,439
30,1004,226
30,936,28
30,924,153
30,966,70
30,1050,439
30,952,225
30,776,452
30,797,460
30,820,455
30,847,611
30,1029,655
30,965,28
30,748,606
30,800,493
30,872,452
30,863,457
30,940,426
30,931,415
30,1027,225
30,996,98
30,898,238
30,897,229
30,900,226
30,909,419
30,888,431
30,849,435
30,989,617
30,1020,396
30,1043,412
30,1042,398
30,911,421
30,743,440
30,746,442
30,759,450
30,526,429
30,372,403
30,494,417
30,543,416
30,530,435
30,913,129
30,1863,482
30,1693,478
30,1517,475
30,1524,480
30,1539,483
30,1645,473
30,1555,469
30,1789,487
30,1636,484
30,1615,489
30,1757,488
30,1865,487
30,1713,479
30,1644,466
30,1541,464
30,1837,487
30,1025,980
30,1032,1001
30,1709,485
30,1540,470
30,1576,486
30,1777,477
30,1555,487
30,1564,487
30,1664,470
30,1707,470
30,1698,468
30,1647,472
30,1636,479
