1,644,479
1,685,460
1,686,467
1,702,461
1,705,465
1,708,469
1,743,456
1,739,461
1,736,466
1,735,470
1,779,457
1,778,463
1,803,444
1,800,452
1,800,457
1,816,482
1,814,476
1,923,446
1,921,440
1,1169,449
1,1167,455
1,1165,460
1,1200,466
1,1211,465
1,1467,560
1,1463,562
1,1485,584
1,1484,575
1,1489,569
1,1497,571
1,1506,589
1,1578,629
1,1631,646
1,1639,644
1,1639,634
1,1652,624
1,1656,654
1,1754,681
1,1870,689
1,1864,677
1,1865,672
1,1848,682
1,1820,663
1,1814,678
1,1818,685
1,958,305
1,909,254
1,89,363
1,541,477
1,541,465
1,524,478
1,525,484
1,511,492
1,509,486
1,510,481
1,512,477
1,374,461
1,373,466
1,372,471
1,414,470
1,409,474
1,444,478
1,351,507
1,347,500
1,347,495
1,347,491
1,167,486
1,168,492
1,200,493
1,39,501
1,29,499
1,28,504
1,15,496
1,15,502
1,6,499
1,143,499
1,1491,689
1,1661,816
1,1669,877
1,1632,857
1,1400,887
1,1399,891
1,1396,896
1,1318,811
1,1312,816
1,1280,777
1,1275,784
1,1262,762
1,1257,766
1,1244,754
1,1231,754
1,1223,743
1,1221,748
1,1221,752
1,1222,758
1,1207,770
1,1194,769
1,1194,763
1,1195,757
1,1182,771
1,1178,763
1,1571,1058
1,1565,1050
1,1568,1044
1,1541,1030
1,1529,1025
1,1511,1004
1,1066,868
1,464,915
1,457,917
1,450,919
1,545,1019
1,577,1003
1,536,970
1,533,953
1,406,730
1,410,738
1,405,751
1,415,745
1,417,737
1,633,938
1,635,848
1,625,848
1,644,821
1,631,815
1,621,815
1,611,734
1,608,725
1,612,716
1,607,716
1,607,709
1,615,703
1,617,693
1,594,635
1,605,665
1,597,667
1,504,537
1,500,544
1,484,513
1,451,491
1,445,496
1,426,495
1,429,491
1,434,489
1,436,482
1,411,496
1,405,492
1,407,486
1,368,668
1,377,645
1,386,639
1,382,636
1,290,484
1,277,486
1,277,491
1,311,494
1,303,506
1,292,500
1,140,514
1,154,511
1,205,510
1,255,499
2,649,479
2,689,460
2,690,467
2,706,461
2,709,465
2,712,469
2,747,456
2,742,460
2,740,466
2,739,470
2,783,456
2,783,462
2,806,444
2,803,452
2,804,457
2,820,480
2,817,474
2,926,445
2,924,440
2,1173,450
2,1171,455
2,1169,460
2,1203,467
2,1214,465
2,1471,562
2,1468,566
2,1489,586
2,1488,577
2,1494,571
2,1502,573
2,1510,590
2,1581,630
2,1634,647
2,1642,645
2,1642,635
2,1656,625
2,1660,655
2,1757,681
2,1874,690
2,1868,678
2,1869,673
2,1852,682
2,1824,663
2,1818,678
2,1822,685
2,961,305
2,909,257
2,89,363
2,545,477
2,545,465
2,528,477
2,529,484
2,516,492
2,514,486
2,515,481
2,516,476
2,378,461
2,377,466
2,376,471
2,417,470
2,412,474
2,448,478
2,355,507
2,351,500
2,351,495
2,351,491
2,171,486
2,172,492
2,204,493
2,43,500
2,33,499
2,32,504
2,19,496
2,19,502
2,9,498
2,146,499
2,1492,689
2,1659,815
2,1671,876
2,1632,857
2,1403,889
2,1402,893
2,1399,898
2,1321,813
2,1315,818
2,1283,779
2,1279,786
2,1265,764
2,1260,768
2,1249,757
2,1237,754
2,1229,743
2,1227,747
2,1225,752
2,1226,758
2,1211,768
2,1198,767
2,1199,761
2,1199,755
2,1185,769
2,1182,761
2,1574,1061
2,1569,1053
2,1572,1047
2,1545,1033
2,1533,1027
2,1516,1008
2,1071,865
2,1073,873
2,465,918
2,459,919
2,452,922
2,546,1022
2,578,1007
2,538,973
2,534,956
2,409,734
2,411,742
2,407,754
2,418,749
2,420,740
2,634,942
2,635,850
2,625,852
2,644,825
2,631,819
2,621,819
2,611,734
2,612,727
2,614,719
2,609,720
2,608,713
2,616,707
2,616,698
2,595,639
2,606,670
2,598,670
2,506,539
2,502,547
2,487,517
2,456,493
2,450,497
2,430,495
2,433,491
2,439,489
2,441,483
2,415,496
2,408,492
2,411,486
2,368,670
2,377,649
2,387,642
2,382,641
2,294,484
2,281,487
2,280,492
2,316,495
2,309,506
2,296,500
2,145,514
2,158,511
2,209,509
2,260,499
3,655,479
3,693,460
3,695,467
3,711,461
3,714,465
3,717,470
3,751,456
3,746,460
3,744,466
3,743,471
3,787,456
3,788,462
3,809,444
3,807,452
3,808,457
3,824,479
3,821,472
3,929,445
3,927,440
3,1177,451
3,1175,456
3,1174,461
3,1207,468
3,1218,466
3,1476,564
3,1473,570
3,1493,588
3,1493,579
3,1499,573
3,1508,575
3,1515,592
3,1585,632
3,1637,649
3,1645,647
3,1645,636
3,1660,626
3,1664,656
3,1761,682
3,1878,691
3,1873,679
3,1874,674
3,1856,682
3,1829,664
3,1823,679
3,1826,686
3,964,306
3,910,261
3,89,363
3,549,477
3,549,465
3,533,476
3,534,484
3,522,493
3,520,486
3,520,481
3,520,476
3,382,461
3,381,466
3,380,471
3,420,470
3,415,474
3,452,479
3,360,507
3,355,500
3,356,495
3,355,491
3,176,486
3,177,492
3,208,493
3,47,500
3,37,499
3,36,505
3,23,496
3,23,503
3,13,497
3,149,499
3,1493,689
3,1658,815
3,1673,876
3,1633,857
3,1407,892
3,1405,896
3,1402,901
3,1324,816
3,1319,820
3,1287,782
3,1283,788
3,1269,767
3,1263,771
3,1255,761
3,1244,755
3,1235,743
3,1233,747
3,1230,752
3,1230,758
3,1215,766
3,1203,766
3,1204,760
3,1204,754
3,1189,768
3,1186,760
3,1578,1064
3,1573,1056
3,1576,1051
3,1549,1037
3,1538,1030
3,1521,1012
3,1075,862
3,1066,857
3,1076,870
3,466,922
3,461,922
3,454,925
3,547,1025
3,580,1011
3,540,976
3,536,959
3,412,738
3,413,747
3,410,758
3,421,753
3,424,743
3,635,947
3,636,853
3,626,856
3,645,829
3,631,824
3,621,824
3,611,734
3,617,730
3,617,723
3,611,725
3,610,717
3,617,712
3,615,703
3,597,643
3,608,675
3,600,673
3,508,542
3,505,550
3,491,521
3,462,496
3,456,499
3,434,496
3,438,492
3,444,490
3,447,484
3,419,496
3,412,493
3,415,487
3,369,673
3,378,653
3,389,646
3,382,646
3,299,485
3,285,488
3,284,493
3,322,495
3,316,506
3,301,500
3,150,515
3,163,512
3,214,509
3,265,499
4,661,478
4,698,460
4,700,467
4,716,460
4,719,465
4,722,470
4,756,456
4,750,460
4,748,466
4,747,472
4,792,456
4,794,462
4,813,444
4,811,452
4,812,457
4,828,478
4,825,470
4,933,445
4,930,440
4,1182,452
4,1180,457
4,1178,462
4,1211,470
4,1222,467
4,1481,567
4,1478,574
4,1498,590
4,1498,582
4,1504,575
4,1514,577
4,1520,594
4,1589,633
4,1640,651
4,1648,648
4,1648,638
4,1665,628
4,1668,658
4,1765,683
4,1883,692
4,1878,680
4,1878,675
4,1861,682
4,1833,665
4,1827,679
4,1831,686
4,967,307
4,911,265
4,89,363
4,553,478
4,553,465
4,538,476
4,539,484
4,528,493
4,525,486
4,525,481
4,525,476
4,386,461
4,385,466
4,385,472
4,423,470
4,419,475
4,456,479
4,364,507
4,360,501
4,361,496
4,359,491
4,181,486
4,182,492
4,212,493
4,51,500
4,41,500
4,40,505
4,27,497
4,27,504
4,17,497
4,152,499
4,1494,690
4,1656,815
4,1675,876
4,1633,857
4,1410,894
4,1409,898
4,1406,904
4,1328,818
4,1322,822
4,1291,785
4,1287,790
4,1272,770
4,1267,774
4,1258,763
4,1248,757
4,1240,743
4,1238,747
4,1234,752
4,1234,757
4,1219,765
4,1207,764
4,1209,759
4,1208,752
4,1193,766
4,1190,759
4,1582,1067
4,1578,1060
4,1580,1054
4,1553,1040
4,1543,1033
4,1527,1016
4,1079,860
4,1071,855
4,1080,868
4,467,926
4,463,925
4,457,929
4,548,1028
4,581,1016
4,542,980
4,538,963
4,415,742
4,414,751
4,412,761
4,423,756
4,426,747
4,637,951
4,636,856
4,627,860
4,645,833
4,632,829
4,621,829
4,611,734
4,618,731
4,619,724
4,612,726
4,612,719
4,618,716
4,615,708
4,599,648
4,609,679
4,601,677
4,510,545
4,508,553
4,494,524
4,466,497
4,460,500
4,439,496
4,443,492
4,449,490
4,452,486
4,424,496
4,416,493
4,420,487
4,369,676
4,378,657
4,387,648
4,380,647
4,304,486
4,290,489
4,288,494
4,325,495
4,322,506
4,306,500
4,154,515
4,166,512
4,187,513
4,181,507
4,218,509
4,221,514
4,270,498
5,665,478
5,702,460
5,704,467
5,720,460
5,723,465
5,726,470
5,760,456
5,754,460
5,752,466
5,751,472
5,796,456
5,799,462
5,816,444
5,814,452
5,816,457
5,832,476
5,829,469
5,936,445
5,933,440
5,1186,453
5,1184,458
5,1183,463
5,1215,471
5,1226,468
5,1484,569
5,1481,575
5,1500,591
5,1501,583
5,1507,576
5,1517,578
5,1523,595
5,1593,635
5,1643,652
5,1651,650
5,1651,639
5,1669,629
5,1672,659
5,1768,683
5,1887,693
5,1883,681
5,1883,676
5,1865,682
5,1838,666
5,1832,680
5,1835,687
5,970,308
5,912,268
5,89,363
5,558,478
5,558,465
5,542,476
5,543,483
5,533,493
5,530,485
5,529,480
5,529,475
5,390,461
5,389,467
5,389,472
5,426,471
5,422,475
5,460,480
5,369,507
5,364,501
5,366,496
5,363,491
5,185,486
5,186,492
5,216,493
5,56,500
5,45,500
5,45,506
5,32,497
5,31,505
5,20,496
5,155,499
5,1495,690
5,1655,815
5,1677,876
5,1634,857
5,1414,897
5,1412,901
5,1409,907
5,1331,821
5,1326,824
5,1295,787
5,1291,792
5,1276,772
5,1270,776
5,1261,765
5,1251,758
5,1244,744
5,1242,748
5,1238,752
5,1237,757
5,1224,763
5,1212,763
5,1214,758
5,1213,751
5,1197,765
5,1195,758
5,1586,1070
5,1582,1063
5,1584,1058
5,1557,1043
5,1548,1035
5,1532,1020
5,1082,859
5,1075,854
5,1072,868
5,1084,866
5,469,930
5,465,928
5,459,932
5,549,1031
5,583,1020
5,544,983
5,540,966
5,418,745
5,416,755
5,413,764
5,424,760
5,427,751
5,638,956
5,645,836
5,632,834
5,621,834
5,611,734
5,618,731
5,621,725
5,612,726
5,613,720
5,619,719
5,616,712
5,600,651
5,610,682
5,601,680
5,512,548
5,510,556
5,497,527
5,470,498
5,464,502
5,443,497
5,447,493
5,453,491
5,457,487
5,428,497
5,420,494
5,424,488
5,370,678
5,378,660
5,385,652
5,378,650
5,384,640
5,391,639
5,308,488
5,293,489
5,291,494
5,329,494
5,329,505
5,326,498
5,311,500
5,159,515
5,168,512
5,188,514
5,184,508
5,222,509
5,226,514
5,275,498
5,279,510
5,275,504
5,43,518
5,57,527
6,668,477
6,706,460
6,707,467
6,723,459
6,726,465
6,729,470
6,764,456
6,757,460
6,756,465
6,755,472
6,801,455
6,803,461
6,820,444
6,818,451
6,819,456
6,836,475
6,833,467
6,940,445
6,937,440
6,1190,454
6,1188,459
6,1187,464
6,1219,473
6,1230,469
6,1487,571
6,1484,577
6,1503,593
6,1505,584
6,1511,578
6,1521,579
6,1527,597
6,1597,637
6,1646,654
6,1654,652
6,1655,640
6,1674,630
6,1676,660
6,1772,684
6,1891,694
6,1888,683
6,1887,677
6,1870,682
6,1842,667
6,1837,680
6,1839,687
6,973,309
6,913,272
6,90,363
6,562,478
6,562,464
6,546,476
6,547,483
6,537,493
6,534,485
6,533,480
6,533,474
6,394,461
6,393,467
6,394,473
6,429,471
6,426,476
6,465,481
6,373,506
6,368,501
6,370,496
6,367,490
6,190,486
6,191,492
6,220,493
6,60,500
6,49,500
6,49,506
6,36,497
6,35,505
6,24,496
6,159,499
6,1496,690
6,1653,815
6,1679,876
6,1634,857
6,1417,899
6,1415,903
6,1412,910
6,1334,823
6,1329,826
6,1299,790
6,1295,794
6,1279,775
6,1273,779
6,1264,767
6,1254,759
6,1249,745
6,1247,749
6,1242,752
6,1240,756
6,1228,761
6,1216,762
6,1217,757
6,1217,750
6,1201,764
6,1199,757
6,1585,1066
6,1587,1060
6,1561,1046
6,1552,1038
6,1535,1023
6,1077,864
6,1087,862
6,470,934
6,465,932
6,460,935
6,551,1034
6,585,1025
6,546,987
6,542,970
6,420,748
6,417,758
6,414,767
6,425,763
6,428,755
6,666,1073
6,655,1065
6,639,960
6,617,910
6,646,840
6,632,839
6,622,839
6,611,734
6,618,731
6,623,726
6,612,726
6,615,722
6,620,723
6,616,717
6,601,654
6,611,689
6,603,687
6,515,551
6,513,559
6,500,531
6,474,499
6,468,504
6,448,498
6,451,494
6,457,491
6,461,488
6,432,497
6,424,494
6,426,488
6,370,680
6,378,663
6,383,655
6,377,654
6,382,645
6,391,644
6,312,490
6,297,489
6,294,495
6,335,494
6,337,505
6,330,499
6,316,500
6,163,515
6,170,511
6,190,514
6,187,508
6,225,510
6,231,515
6,280,498
6,282,511
6,279,504
6,47,518
6,61,527
7,672,476
7,710,460
7,711,466
7,727,458
7,730,465
7,733,470
7,768,456
7,761,460
7,760,465
7,759,472
7,805,454
7,807,460
7,823,444
7,821,451
7,822,456
7,840,474
7,837,465
7,943,445
7,940,440
7,1195,455
7,1193,459
7,1192,465
7,1223,474
7,1234,470
7,1490,573
7,1487,579
7,1506,594
7,1509,585
7,1514,580
7,1525,580
7,1530,599
7,1601,638
7,1649,656
7,1657,653
7,1658,642
7,1678,632
7,1680,662
7,1776,685
7,1896,695
7,1893,684
7,1892,678
7,1874,682
7,1847,668
7,1841,681
7,1844,688
7,977,310
7,914,275
7,90,363
7,566,478
7,566,464
7,550,476
7,551,483
7,541,493
7,538,485
7,537,479
7,537,473
7,399,461
7,398,467
7,398,473
7,432,471
7,429,476
7,468,481
7,377,506
7,372,501
7,374,496
7,371,490
7,195,486
7,196,492
7,224,493
7,64,500
7,53,501
7,53,507
7,39,498
7,39,506
7,29,495
7,9,460
7,162,499
7,1497,691
7,1651,813
7,1681,875
7,1635,857
7,1420,902
7,1418,906
7,1415,912
7,1337,826
7,1332,829
7,1302,793
7,1298,797
7,1282,777
7,1276,781
7,1267,770
7,1258,761
7,1254,746
7,1252,750
7,1247,752
7,1244,756
7,1232,759
7,1220,762
7,1220,757
7,1221,749
7,1205,762
7,1203,756
7,1588,1067
7,1590,1062
7,1564,1049
7,1557,1040
7,1538,1026
7,1082,860
7,1064,869
7,471,938
7,466,936
7,461,938
7,551,1037
7,586,1029
7,547,989
7,544,973
7,422,752
7,419,761
7,416,770
7,427,766
7,429,758
7,669,1074
7,658,1069
7,639,963
7,619,915
7,648,844
7,632,843
7,622,843
7,602,656
7,613,699
7,605,697
7,517,554
7,516,562
7,503,534
7,478,501
7,472,506
7,453,499
7,455,495
7,461,492
7,466,489
7,437,497
7,427,495
7,429,488
7,370,682
7,377,666
7,382,659
7,376,657
7,381,649
7,390,648
7,315,492
7,301,489
7,298,496
7,340,495
7,345,507
7,335,499
7,335,504
7,321,500
7,168,515
7,172,511
7,192,515
7,190,509
7,229,510
7,236,515
7,284,498
7,285,511
7,284,505
7,51,519
7,66,527
8,676,476
8,714,460
8,715,466
8,731,458
8,734,465
8,737,470
8,772,456
8,765,460
8,763,465
8,762,471
8,809,453
8,811,459
8,826,444
8,824,450
8,825,455
8,844,472
8,841,463
8,947,445
8,943,440
8,1198,456
8,1196,460
8,1195,466
8,1226,475
8,1237,471
8,1494,575
8,1491,581
8,1509,596
8,1513,587
8,1518,582
8,1529,581
8,1534,600
8,1605,640
8,1652,658
8,1660,655
8,1661,643
8,1682,633
8,1684,663
8,1780,686
8,1900,696
8,1897,685
8,1896,679
8,1878,683
8,1851,669
8,1846,681
8,1848,688
8,980,312
8,916,277
8,90,363
8,569,477
8,570,463
8,554,476
8,555,483
8,545,493
8,542,485
8,541,479
8,541,472
8,403,461
8,402,467
8,403,473
8,435,472
8,432,477
8,472,482
8,381,506
8,376,500
8,377,495
8,374,489
8,199,485
8,200,491
8,228,492
8,67,500
8,57,501
8,56,507
8,43,498
8,42,506
8,34,494
8,12,461
8,165,499
8,1499,691
8,1648,810
8,1683,873
8,1635,857
8,1422,904
8,1420,908
8,1418,915
8,1339,828
8,1335,831
8,1305,796
8,1300,800
8,1285,780
8,1279,783
8,1269,772
8,1260,763
8,1257,748
8,1254,752
8,1249,753
8,1247,758
8,1235,757
8,1223,761
8,1223,756
8,1224,748
8,1208,760
8,1207,754
8,1591,1069
8,1593,1064
8,1567,1051
8,1561,1042
8,1542,1028
8,1085,860
8,1069,866
8,472,942
8,466,940
8,462,941
8,551,1041
8,586,1034
8,548,992
8,545,977
8,423,756
8,421,764
8,418,772
8,429,768
8,430,761
8,661,1071
8,650,1070
8,640,966
8,621,921
8,650,849
8,632,848
8,623,847
8,603,660
8,598,643
8,615,707
8,607,706
8,519,556
8,519,565
8,504,537
8,481,504
8,475,509
8,457,499
8,458,495
8,465,492
8,470,490
8,441,498
8,431,496
8,432,489
8,370,684
8,375,669
8,382,661
8,375,661
8,380,652
8,389,652
8,318,492
8,304,489
8,301,496
8,343,495
8,347,507
8,340,500
8,336,504
8,324,500
8,172,514
8,174,510
8,194,516
8,193,510
8,232,510
8,239,516
8,288,498
8,289,510
8,288,505
8,56,520
8,71,528
8,214,513
9,680,475
9,718,459
9,718,465
9,735,457
9,738,464
9,740,469
9,775,455
9,769,460
9,767,465
9,766,471
9,814,453
9,815,459
9,829,444
9,827,450
9,828,455
9,848,471
9,845,462
9,950,445
9,946,440
9,1202,457
9,1200,461
9,1198,467
9,1230,476
9,1240,472
9,1497,577
9,1494,583
9,1512,597
9,1516,588
9,1521,584
9,1532,582
9,1537,602
9,1608,641
9,1655,659
9,1663,656
9,1664,645
9,1687,635
9,1688,665
9,1783,686
9,1902,696
9,1900,685
9,1899,680
9,1881,683
9,1856,670
9,1850,682
9,1853,689
9,984,314
9,917,280
9,90,363
9,573,477
9,575,463
9,557,475
9,559,482
9,549,492
9,546,484
9,545,478
9,545,471
9,407,461
9,406,467
9,407,473
9,438,473
9,435,478
9,475,483
9,385,506
9,380,500
9,381,495
9,378,489
9,204,485
9,204,491
9,232,492
9,70,501
9,61,501
9,60,507
9,46,498
9,45,506
9,39,493
9,15,462
9,168,499
9,1500,691
9,1648,810
9,1683,872
9,1636,857
9,1425,907
9,1423,911
9,1421,917
9,1342,831
9,1338,833
9,1308,798
9,1303,803
9,1288,782
9,1282,785
9,1272,775
9,1263,766
9,1260,750
9,1257,754
9,1252,755
9,1250,760
9,1239,755
9,1227,760
9,1226,755
9,1228,748
9,1212,759
9,1211,753
9,1593,1072
9,1596,1067
9,1570,1054
9,1566,1045
9,1545,1031
9,1074,863
9,473,945
9,467,944
9,463,944
9,552,1045
9,587,1038
9,550,995
9,547,980
9,424,760
9,422,767
9,420,775
9,430,771
9,431,764
9,661,1073
9,653,1071
9,641,970
9,623,926
9,651,854
9,632,852
9,623,850
9,603,664
9,600,646
9,616,711
9,608,711
9,522,557
9,522,568
9,505,540
9,483,506
9,478,512
9,460,500
9,462,497
9,469,494
9,474,492
9,445,498
9,434,496
9,436,489
9,370,685
9,374,672
9,383,665
9,375,664
9,380,655
9,389,656
9,320,492
9,308,489
9,305,496
9,346,495
9,348,507
9,344,501
9,337,505
9,327,500
9,177,514
9,176,510
9,197,516
9,196,510
9,235,510
9,242,518
9,291,498
9,294,510
9,292,505
9,59,519
9,71,527
9,218,513
10,685,475
10,721,458
10,722,465
10,739,457
10,741,464
10,743,469
10,779,455
10,773,460
10,770,465
10,769,470
10,818,452
10,818,458
10,833,444
10,831,450
10,831,455
10,852,470
10,849,460
10,953,445
10,950,440
10,1206,458
10,1203,462
10,1202,468
10,1234,477
10,1243,473
10,1500,579
10,1497,585
10,1514,599
10,1520,589
10,1525,586
10,1536,583
10,1541,604
10,1612,643
10,1659,661
10,1666,658
10,1668,646
10,1691,636
10,1692,666
10,1787,687
10,1905,697
10,1903,686
10,1903,681
10,1884,683
10,1860,670
10,1855,682
10,1857,689
10,988,315
10,919,282
10,91,363
10,577,476
10,579,462
10,560,475
10,563,482
10,554,491
10,550,484
10,549,478
10,549,471
10,411,461
10,410,467
10,411,473
10,441,474
10,437,479
10,479,484
10,388,505
10,383,500
10,385,495
10,382,489
10,208,485
10,208,490
10,236,492
10,74,501
10,65,501
10,64,507
10,49,498
10,49,506
10,44,492
10,17,464
10,7,460
10,171,498
10,1502,691
10,1650,811
10,1681,871
10,1636,857
10,1428,909
10,1426,913
10,1424,919
10,1344,833
10,1341,836
10,1311,801
10,1305,807
10,1292,784
10,1286,787
10,1275,777
10,1265,768
10,1263,752
10,1260,756
10,1255,757
10,1253,762
10,1243,753
10,1231,760
10,1229,755
10,1232,747
10,1216,757
10,1215,752
10,1597,1075
10,1601,1069
10,1573,1057
10,1571,1049
10,1549,1033
10,1078,860
10,474,948
10,468,948
10,464,948
10,552,1048
10,588,1043
10,551,997
10,549,984
10,426,765
10,424,771
10,421,778
10,432,774
10,434,767
10,662,1074
10,654,1073
10,642,975
10,624,930
10,653,858
10,632,856
10,623,854
10,603,668
10,601,650
10,616,714
10,610,715
10,524,559
10,525,571
10,507,543
10,486,509
10,482,516
10,463,501
10,466,498
10,472,496
10,478,494
10,449,498
10,437,496
10,439,489
10,371,687
10,375,673
10,385,670
10,377,667
10,382,659
10,390,659
10,398,712
10,323,492
10,311,490
10,308,496
10,349,495
10,351,508
10,348,502
10,338,506
10,331,500
10,181,514
10,178,509
10,199,516
10,198,510
10,238,510
10,244,519
10,294,498
10,299,509
10,296,505
10,62,519
10,71,526
10,223,513
11,689,475
11,725,458
11,725,464
11,743,456
11,745,463
11,746,468
11,783,455
11,777,460
11,774,465
11,773,470
11,822,450
11,822,456
11,836,444
11,834,449
11,834,455
11,856,468
11,853,458
11,957,444
11,953,439
11,1209,459
11,1207,463
11,1205,469
11,1237,478
11,1246,474
11,1504,581
11,1501,587
11,1518,601
11,1524,591
11,1529,588
11,1540,585
11,1545,606
11,1616,645
11,1661,663
11,1668,659
11,1671,647
11,1695,638
11,1696,667
11,1791,688
11,1907,698
11,1906,687
11,1906,681
11,1887,683
11,1864,671
11,1859,683
11,1861,690
11,991,317
11,920,284
11,91,363
11,581,476
11,583,462
11,563,475
11,567,482
11,558,490
11,554,484
11,553,478
11,553,470
11,415,461
11,414,467
11,415,473
11,444,475
11,440,480
11,483,484
11,392,505
11,387,499
11,388,494
11,385,488
11,212,485
11,212,490
11,240,492
11,77,502
11,68,501
11,67,507
11,52,498
11,52,506
11,49,491
11,21,465
11,10,462
11,175,498
11,1503,691
11,1651,812
11,1680,870
11,1636,857
11,1431,912
11,1428,915
11,1427,921
11,1347,836
11,1344,838
11,1314,804
11,1308,810
11,1295,786
11,1289,789
11,1278,780
11,1268,771
11,1266,754
11,1263,758
11,1258,759
11,1256,764
11,1246,753
11,1234,759
11,1233,754
11,1236,746
11,1220,756
11,1219,751
11,1576,1059
11,1576,1052
11,1553,1035
11,1082,857
11,475,952
11,469,951
11,465,951
11,553,1052
11,589,1047
11,552,1000
11,551,987
11,428,771
11,426,776
11,422,782
11,434,777
11,436,771
11,664,1075
11,656,1075
11,644,980
11,625,934
11,627,816
11,605,672
11,603,653
11,617,717
11,611,719
11,527,561
11,508,546
11,489,512
11,485,519
11,465,502
11,470,500
11,476,498
11,482,496
11,453,498
11,440,496
11,443,489
11,371,689
11,376,674
11,386,675
11,378,671
11,383,662
11,391,662
11,401,717
11,401,706
11,326,492
11,315,490
11,312,496
11,353,496
11,356,509
11,352,503
11,342,507
11,334,500
11,186,514
11,180,509
11,202,516
11,201,510
11,242,509
11,247,519
11,299,498
11,303,509
11,299,505
11,66,519
11,71,526
11,227,513
12,693,474
12,729,457
12,728,464
12,747,456
12,749,463
12,750,468
12,786,455
12,780,459
12,776,465
12,775,470
12,826,449
12,826,455
12,839,444
12,837,449
12,837,455
12,860,467
12,857,457
12,960,444
12,956,439
12,1213,460
12,1210,464
12,1208,470
12,1241,479
12,1249,475
12,1507,582
12,1504,588
12,1521,603
12,1527,593
12,1532,590
12,1543,587
12,1548,607
12,1619,646
12,1664,664
12,1671,660
12,1674,648
12,1699,639
12,1700,668
12,1794,689
12,1910,698
12,1909,687
12,1909,682
12,1890,683
12,1869,673
12,1863,684
12,1865,691
12,995,319
12,922,287
12,91,363
12,584,475
12,587,462
12,566,475
12,570,481
12,562,489
12,557,483
12,557,477
12,556,469
12,419,460
12,418,467
12,419,473
12,447,476
12,442,481
12,487,485
12,396,505
12,391,499
12,392,494
12,389,488
12,217,485
12,217,490
12,244,491
12,79,502
12,70,501
12,70,507
12,55,498
12,55,506
12,54,490
12,25,466
12,14,464
12,178,498
12,1504,690
12,1653,813
12,1678,869
12,1636,856
12,1433,914
12,1431,918
12,1429,924
12,1349,839
12,1346,841
12,1317,806
12,1311,812
12,1298,789
12,1291,792
12,1281,783
12,1271,774
12,1269,757
12,1266,761
12,1261,761
12,1259,767
12,1249,753
12,1237,758
12,1238,753
12,1240,746
12,1223,755
12,1223,750
12,1579,1062
12,1580,1055
12,1557,1037
12,1086,854
12,476,955
12,470,955
12,466,955
12,553,1055
12,590,1051
12,554,1003
12,553,991
12,430,775
12,427,779
12,423,785
12,435,780
12,438,774
12,646,985
12,626,938
12,627,820
12,607,676
12,604,656
12,618,721
12,613,723
12,529,563
12,509,548
12,492,514
12,488,521
12,468,504
12,474,502
12,480,500
12,486,498
12,457,498
12,444,496
12,447,489
12,371,691
12,377,676
12,389,682
12,383,676
12,385,666
12,392,665
12,403,719
12,404,711
12,329,493
12,318,491
12,315,497
12,356,498
12,357,511
12,355,503
12,345,506
12,337,500
12,189,514
12,184,507
12,205,516
12,204,510
12,248,507
12,252,519
12,304,498
12,307,509
12,303,505
12,70,520
12,71,526
12,232,513
13,698,474
13,733,457
13,732,464
13,751,456
13,753,462
13,753,467
13,789,455
13,783,459
13,779,465
13,778,470
13,830,447
13,829,453
13,843,444
13,840,449
13,840,455
13,864,465
13,861,456
13,963,443
13,959,438
13,1217,461
13,1214,465
13,1211,471
13,1245,480
13,1252,476
13,1510,584
13,1508,590
13,1524,605
13,1531,595
13,1535,592
13,1547,589
13,1551,609
13,1623,648
13,1667,666
13,1674,661
13,1677,650
13,1703,641
13,1704,670
13,1797,689
13,1913,699
13,1912,688
13,1912,683
13,1893,683
13,1873,674
13,1867,685
13,1869,692
13,999,320
13,923,289
13,91,363
13,589,475
13,591,462
13,570,475
13,573,481
13,566,488
13,561,483
13,561,477
13,560,469
13,423,460
13,422,467
13,423,473
13,449,477
13,444,482
13,491,486
13,399,504
13,394,498
13,395,493
13,392,488
13,221,485
13,221,490
13,248,491
13,82,502
13,73,501
13,73,507
13,58,498
13,58,506
13,59,489
13,29,468
13,17,466
13,181,498
13,1504,689
13,1654,813
13,1676,869
13,1635,856
13,1436,917
13,1433,920
13,1432,926
13,1352,841
13,1348,844
13,1319,809
13,1314,815
13,1300,791
13,1294,795
13,1283,785
13,1274,776
13,1271,759
13,1268,764
13,1263,764
13,1261,770
13,1253,753
13,1239,757
13,1242,753
13,1244,746
13,1226,754
13,1226,748
13,1582,1065
13,1584,1058
13,1561,1041
13,477,958
13,471,958
13,467,959
13,553,1059
13,591,1056
13,555,1005
13,555,994
13,432,776
13,429,781
13,425,788
13,437,782
13,440,777
13,646,988
13,627,941
13,627,824
13,608,680
13,605,660
13,619,723
13,614,727
13,611,709
13,617,708
13,531,566
13,510,551
13,495,518
13,491,525
13,471,506
13,477,504
13,483,503
13,489,502
13,460,500
13,447,496
13,450,489
13,371,693
13,377,680
13,387,689
13,383,679
13,386,668
13,393,668
13,405,722
13,407,715
13,386,640
13,332,493
13,321,491
13,319,498
13,360,499
13,359,513
13,358,504
13,349,506
13,341,500
13,191,514
13,189,506
13,210,517
13,209,511
13,253,506
13,256,518
13,309,498
13,311,509
13,307,504
13,73,520
13,73,526
13,236,513
14,702,474
14,735,457
14,736,464
14,755,456
14,756,461
14,757,467
14,792,455
14,786,459
14,782,465
14,781,471
14,834,445
14,833,452
14,846,444
14,843,449
14,844,455
14,868,463
14,865,455
14,966,443
14,962,438
14,1221,462
14,1218,467
14,1215,472
14,1249,481
14,1256,478
14,1514,586
14,1512,592
14,1528,607
14,1535,597
14,1539,594
14,1550,591
14,1555,611
14,1626,649
14,1669,667
14,1676,662
14,1680,651
14,1707,642
14,1708,671
14,1800,690
14,1916,700
14,1915,690
14,1916,684
14,1897,683
14,1877,675
14,1871,685
14,1873,693
14,1001,323
14,926,291
14,92,363
14,593,475
14,594,462
14,574,475
14,576,481
14,570,487
14,565,482
14,565,476
14,564,469
14,427,460
14,427,467
14,428,473
14,452,478
14,447,483
14,496,487
14,403,504
14,398,498
14,399,493
14,396,488
14,225,485
14,225,490
14,251,491
14,84,501
14,75,501
14,76,507
14,61,498
14,61,506
14,64,488
14,31,469
14,19,467
14,7,460
14,184,498
14,1504,689
14,1655,814
14,1674,869
14,1635,856
14,1438,919
14,1436,923
14,1434,929
14,1355,844
14,1351,847
14,1322,811
14,1317,818
14,1303,794
14,1297,798
14,1286,788
14,1277,779
14,1273,762
14,1271,766
14,1266,767
14,1264,772
14,1256,753
14,1242,756
14,1247,752
14,1248,746
14,1230,753
14,1230,747
14,1584,1067
14,1587,1061
14,1565,1045
14,478,962
14,472,961
14,468,962
14,555,1008
14,556,998
14,433,777
14,431,783
14,426,791
14,438,785
14,442,780
14,647,992
14,628,945
14,628,828
14,610,684
14,607,665
14,621,725
14,615,729
14,611,714
14,616,713
14,532,569
14,511,553
14,499,522
14,493,529
14,475,508
14,481,506
14,487,507
14,493,506
14,463,501
14,450,496
14,453,490
14,371,695
14,377,684
14,386,697
14,383,683
14,387,671
14,394,671
14,408,724
14,410,717
14,385,646
14,336,494
14,324,492
14,322,499
14,364,500
14,362,514
14,361,506
14,352,507
14,344,500
14,192,514
14,192,505
14,213,516
14,210,511
14,258,506
14,261,517
14,312,498
14,315,509
14,311,504
14,76,521
14,76,526
14,239,512
14,53,523
14,7,519
15,707,473
15,738,456
15,740,463
15,758,456
15,759,461
15,761,466
15,796,455
15,790,459
15,785,466
15,784,471
15,838,443
15,837,451
15,849,444
15,846,449
15,847,455
15,871,462
15,868,454
15,969,442
15,965,437
15,1224,463
15,1221,468
15,1218,473
15,1252,482
15,1259,479
15,1517,587
15,1515,593
15,1531,609
15,1538,599
15,1542,596
15,1554,593
15,1558,613
15,1630,651
15,1672,669
15,1679,663
15,1683,652
15,1711,644
15,1713,672
15,1803,691
15,1920,701
15,1920,693
15,1920,686
15,1900,684
15,1881,676
15,1876,686
15,1877,694
15,1004,326
15,929,293
15,92,363
15,597,474
15,598,462
15,577,475
15,580,481
15,573,487
15,568,481
15,569,475
15,567,469
15,431,460
15,431,467
15,432,473
15,455,479
15,449,484
15,500,487
15,406,503
15,401,498
15,403,493
15,400,488
15,229,485
15,229,491
15,255,490
15,88,501
15,79,501
15,80,507
15,65,498
15,65,506
15,69,488
15,34,471
15,22,469
15,9,461
15,7,484
15,187,498
15,1504,689
15,1658,816
15,1672,869
15,1635,856
15,1441,922
15,1438,925
15,1437,931
15,1357,847
15,1353,850
15,1325,814
15,1320,820
15,1306,797
15,1299,802
15,1288,791
15,1280,781
15,1275,764
15,1273,769
15,1268,770
15,1266,775
15,1259,753
15,1245,756
15,1251,752
15,1251,746
15,1233,753
15,1234,747
15,1587,1069
15,1591,1064
15,1569,1049
15,479,965
15,474,965
15,470,966
15,555,1011
15,557,1001
15,435,779
15,432,785
15,428,794
15,440,788
15,444,783
15,648,996
15,628,949
15,628,831
15,612,688
15,609,669
15,622,726
15,615,732
15,611,720
15,616,717
15,513,556
15,502,525
15,495,532
15,479,511
15,485,509
15,490,511
15,496,511
15,467,503
15,454,497
15,457,491
15,371,696
15,377,688
15,385,704
15,384,687
15,387,676
15,394,671
15,410,726
15,413,719
15,385,649
15,340,495
15,327,493
15,325,500
15,368,501
15,364,515
15,363,508
15,355,508
15,347,501
15,194,514
15,196,505
15,217,516
15,212,511
15,263,505
15,265,516
15,316,498
15,319,509
15,316,504
15,79,521
15,80,526
15,241,511
15,58,524
15,9,522
16,711,472
16,742,456
16,744,463
16,762,456
16,763,461
16,765,466
16,799,455
16,793,459
16,787,466
16,786,472
16,842,441
16,840,449
16,853,444
16,849,449
16,850,455
16,875,460
16,872,453
16,972,442
16,968,437
16,1228,464
16,1225,469
16,1222,474
16,1256,483
16,1263,480
16,1520,589
16,1519,595
16,1534,611
16,1542,602
16,1546,598
16,1558,595
16,1561,615
16,1633,652
16,1675,670
16,1682,663
16,1685,653
16,1715,645
16,1717,673
16,1806,691
16,1904,685
16,1885,677
16,1880,687
16,1881,694
16,1006,329
16,931,294
16,92,363
16,601,474
16,602,462
16,581,475
16,583,481
16,577,486
16,572,481
16,573,475
16,571,469
16,435,459
16,435,466
16,436,472
16,458,480
16,452,485
16,504,488
16,409,503
16,405,498
16,407,493
16,404,488
16,234,485
16,234,491
16,258,490
16,92,500
16,83,502
16,84,508
16,69,499
16,69,506
16,74,488
16,37,473
16,25,471
16,12,463
16,10,485
16,190,499
16,1504,689
16,1660,818
16,1671,870
16,1635,856
16,1444,924
16,1440,927
16,1439,933
16,1360,850
16,1355,853
16,1328,816
16,1323,823
16,1309,800
16,1302,805
16,1291,793
16,1283,784
16,1277,767
16,1276,772
16,1271,773
16,1269,778
16,1261,755
16,1247,759
16,1253,755
16,1254,749
16,1236,754
16,1238,748
16,1590,1072
16,1594,1068
16,1573,1053
16,479,969
16,474,968
16,470,969
16,555,1013
16,558,1005
16,436,780
16,434,788
16,429,797
16,441,791
16,446,786
16,649,1001
16,629,953
16,628,835
16,614,693
16,610,674
16,624,728
16,616,734
16,611,726
16,617,722
16,516,558
16,504,529
16,497,535
16,482,514
16,487,512
16,493,514
16,498,514
16,470,505
16,457,498
16,460,492
16,372,698
16,377,693
16,385,710
16,384,691
16,387,681
16,394,672
16,412,728
16,415,721
16,385,653
16,343,495
16,330,493
16,328,500
16,371,503
16,367,517
16,366,510
16,358,509
16,351,501
16,195,514
16,200,505
16,220,516
16,214,511
16,268,505
16,270,516
16,320,497
16,323,509
16,320,504
16,83,521
16,84,526
16,243,510
16,62,524
16,12,525
17,715,471
17,746,455
17,748,463
17,766,456
17,767,461
17,769,466
17,802,455
17,796,459
17,790,466
17,789,472
17,846,440
17,844,448
17,856,444
17,852,449
17,853,455
17,879,458
17,876,451
17,974,441
17,970,436
17,1231,466
17,1228,470
17,1226,475
17,1260,484
17,1267,481
17,1524,591
17,1523,597
17,1538,613
17,1546,604
17,1549,600
17,1561,597
17,1565,616
17,1636,653
17,1677,671
17,1684,664
17,1688,654
17,1719,646
17,1721,674
17,1809,692
17,1907,686
17,1890,678
17,1884,687
17,1885,695
17,1009,332
17,934,296
17,92,363
17,605,473
17,605,461
17,585,475
17,587,481
17,580,486
17,576,481
17,577,474
17,575,468
17,438,459
17,439,466
17,440,472
17,460,480
17,454,485
17,507,488
17,413,503
17,408,498
17,410,493
17,407,488
17,238,486
17,238,491
17,262,490
17,96,500
17,87,502
17,88,509
17,73,499
17,73,506
17,79,488
17,40,474
17,28,472
17,14,464
17,13,485
17,193,499
17,1504,689
17,1663,820
17,1669,871
17,1635,857
17,1446,927
17,1443,930
17,1442,936
17,1363,853
17,1358,856
17,1331,819
17,1326,826
17,1312,803
17,1305,808
17,1293,796
17,1286,786
17,1280,769
17,1278,775
17,1273,776
17,1271,781
17,1264,758
17,1250,761
17,1256,757
17,1256,751
17,1239,755
17,1241,749
17,1592,1074
17,1598,1070
17,1578,1057
17,480,973
17,475,972
17,471,973
17,555,1016
17,559,1009
17,438,783
17,435,791
17,430,800
17,443,794
17,448,789
17,650,1006
17,629,957
17,615,696
17,611,679
17,625,729
17,617,736
17,612,730
17,618,725
17,518,560
17,506,533
17,499,539
17,483,517
17,489,517
17,494,518
17,500,517
17,473,508
17,460,499
17,463,494
17,372,698
17,377,697
17,386,713
17,384,695
17,387,686
17,395,673
17,414,730
17,417,723
17,385,656
17,345,495
17,334,493
17,332,500
17,374,506
17,369,519
17,369,512
17,361,511
17,354,502
17,198,513
17,205,505
17,223,515
17,216,512
17,272,505
17,273,515
17,323,497
17,327,509
17,324,504
17,87,521
17,88,526
17,248,510
17,64,524
17,14,525
18,719,470
18,750,455
18,751,463
18,770,456
18,771,461
18,772,466
18,806,454
18,800,458
18,795,466
18,794,471
18,850,438
18,848,446
18,859,443
18,856,448
18,857,454
18,883,457
18,880,450
18,977,440
18,973,435
18,1235,467
18,1232,472
18,1229,477
18,1263,486
18,1270,483
18,1527,592
18,1527,598
18,1541,615
18,1550,606
18,1553,602
18,1565,599
18,1568,618
18,1640,655
18,1680,673
18,1687,665
18,1691,656
18,1723,648
18,1725,676
18,1812,693
18,1911,687
18,1894,679
18,1888,688
18,1889,696
18,1011,335
18,937,298
18,93,363
18,608,473
18,609,461
18,589,475
18,591,482
18,584,486
18,580,481
18,581,473
18,579,467
18,442,459
18,443,466
18,444,472
18,463,480
18,457,485
18,511,488
18,416,502
18,412,497
18,414,492
18,411,487
18,242,486
18,242,491
18,266,490
18,101,500
18,92,503
18,93,510
18,77,500
18,77,507
18,84,488
18,43,475
18,31,474
18,18,465
18,15,486
18,196,500
18,1504,689
18,1665,820
18,1668,871
18,1635,857
18,1449,929
18,1445,932
18,1444,938
18,1366,855
18,1361,859
18,1335,823
18,1330,829
18,1316,806
18,1309,811
18,1296,799
18,1289,789
18,1282,772
18,1281,778
18,1276,779
18,1274,784
18,1266,760
18,1253,764
18,1258,760
18,1259,753
18,1243,756
18,1245,750
18,1595,1075
18,1601,1072
18,1582,1060
18,1121,817
18,480,977
18,476,975
18,472,976
18,555,1018
18,560,1012
18,440,787
18,437,794
18,430,803
18,444,797
18,450,792
18,651,1011
18,630,913
18,625,912
18,630,961
18,617,909
18,615,699
18,611,685
18,626,731
18,618,737
18,614,733
18,620,727
18,521,563
18,508,537
18,501,542
18,485,521
18,491,521
18,496,521
18,501,520
18,476,510
18,464,500
18,467,496
18,372,698
18,377,701
18,388,716
18,385,699
18,387,691
18,395,673
18,415,732
18,419,725
18,385,658
18,348,495
18,337,493
18,335,500
18,377,509
18,371,522
18,372,514
18,363,513
18,357,504
18,201,512
18,209,505
18,225,515
18,219,512
18,275,505
18,276,515
18,327,497
18,331,509
18,329,504
18,90,520
18,91,526
18,253,510
18,65,524
18,17,526
19,723,469
19,754,455
19,755,463
19,774,456
19,775,461
19,776,466
19,809,454
19,803,458
19,799,465
19,800,470
19,854,437
19,852,445
19,863,443
19,859,448
19,860,454
19,887,455
19,884,449
19,980,440
19,976,435
19,1238,469
19,1235,473
19,1233,478
19,1267,487
19,1274,484
19,1530,594
19,1530,600
19,1544,617
19,1553,608
19,1556,604
19,1568,601
19,1571,620
19,1643,656
19,1683,674
19,1690,666
19,1694,657
19,1727,649
19,1729,677
19,1815,693
19,1898,680
19,1892,689
19,1893,697
19,1013,338
19,940,299
19,93,363
19,611,473
19,612,461
19,593,475
19,596,482
19,588,486
19,585,481
19,585,473
19,584,467
19,445,459
19,446,465
19,447,471
19,466,480
19,460,485
19,515,488
19,419,502
19,416,497
19,418,492
19,415,487
19,246,486
19,246,491
19,270,490
19,104,499
19,95,502
19,96,509
19,80,499
19,80,506
19,88,487
19,46,476
19,34,475
19,21,466
19,18,487
19,199,500
19,1505,689
19,1667,820
19,1666,871
19,1635,857
19,1452,932
19,1447,934
19,1447,941
19,1369,858
19,1364,862
19,1339,826
19,1333,832
19,1319,809
19,1312,814
19,1299,801
19,1291,792
19,1285,775
19,1283,780
19,1279,781
19,1276,786
19,1269,762
19,1256,766
19,1261,762
19,1261,756
19,1246,758
19,1248,751
19,1598,1076
19,1605,1073
19,1587,1064
19,1125,814
19,1122,810
19,1125,820
19,1124,828
19,481,981
19,477,979
19,473,980
19,555,1021
19,561,1016
19,442,790
19,438,798
19,431,807
19,446,801
19,452,796
19,652,1014
19,630,916
19,624,915
19,630,965
19,616,912
19,616,702
19,612,690
19,627,732
19,619,739
19,615,736
19,621,730
19,524,565
19,510,541
19,503,545
19,487,524
19,492,525
19,498,524
19,503,523
19,480,512
19,467,502
19,471,497
19,371,698
19,378,705
19,389,720
19,385,703
19,387,695
19,395,674
19,417,734
19,421,727
19,384,661
19,429,725
19,352,496
19,341,494
19,339,501
19,379,512
19,375,516
19,366,515
19,360,505
19,204,512
19,214,505
19,228,515
19,222,512
19,279,505
19,280,515
19,331,497
19,335,508
19,333,504
19,94,520
19,95,525
19,258,510
19,67,524
19,20,526
20,727,468
20,758,454
20,759,462
20,777,455
20,778,460
20,779,465
20,812,453
20,807,458
20,804,464
20,805,469
20,859,435
20,856,443
20,866,443
20,862,448
20,863,454
20,891,454
20,888,448
20,983,439
20,979,434
20,1242,470
20,1239,474
20,1237,479
20,1270,488
20,1277,485
20,1534,595
20,1534,601
20,1548,619
20,1557,610
20,1560,605
20,1571,602
20,1575,622
20,1647,658
20,1685,676
20,1692,667
20,1697,658
20,1731,651
20,1733,678
20,1818,694
20,1901,680
20,1896,690
20,1897,698
20,1015,342
20,944,300
20,93,363
20,614,472
20,615,460
20,596,475
20,599,483
20,591,486
20,588,481
20,588,472
20,587,466
20,449,458
20,450,465
20,451,471
20,469,480
20,463,485
20,519,488
20,423,502
20,419,496
20,421,492
20,419,487
20,251,486
20,250,491
20,274,490
20,107,499
20,99,502
20,99,509
20,83,499
20,83,506
20,93,487
20,49,477
20,37,477
20,24,468
20,21,488
20,202,501
20,1506,689
20,1669,819
20,1665,871
20,1635,858
20,1455,935
20,1450,936
20,1449,944
20,1372,860
20,1367,865
20,1342,829
20,1336,834
20,1321,811
20,1315,816
20,1302,803
20,1294,795
20,1288,777
20,1286,783
20,1281,784
20,1279,789
20,1272,764
20,1259,769
20,1264,765
20,1264,758
20,1249,759
20,1252,752
20,1591,1067
20,1129,812
20,1126,807
20,1127,819
20,1126,825
20,482,984
20,477,982
20,473,983
20,556,1023
20,563,1020
20,444,793
20,439,801
20,433,810
20,448,804
20,454,799
20,654,1018
20,630,920
20,623,918
20,631,969
20,616,915
20,616,705
20,613,696
20,526,567
20,512,545
20,505,549
20,489,527
20,494,530
20,500,528
20,504,527
20,483,515
20,471,503
20,474,499
20,371,696
20,379,708
20,391,723
20,385,707
20,387,700
20,395,675
20,419,737
20,422,730
20,384,665
20,429,727
20,357,497
20,345,495
20,343,501
20,381,516
20,377,519
20,368,518
20,206,511
20,218,503
20,230,515
20,225,511
20,283,505
20,282,514
20,334,497
20,337,508
20,335,504
20,97,519
20,98,525
20,262,510
20,69,524
20,70,529
20,24,526
21,730,468
21,761,454
21,762,462
21,781,455
21,782,460
21,783,465
21,816,453
21,811,458
21,809,464
21,811,468
21,863,434
21,860,442
21,869,442
21,866,448
21,867,453
21,895,454
21,892,447
21,986,439
21,982,434
21,1245,471
21,1242,475
21,1240,480
21,1273,489
21,1280,486
21,1539,596
21,1538,602
21,1551,621
21,1561,611
21,1564,607
21,1574,604
21,1578,624
21,1650,659
21,1689,676
21,1696,668
21,1700,658
21,1734,651
21,1736,678
21,1821,695
21,1905,681
21,1900,691
21,1900,699
21,1017,345
21,948,301
21,93,363
21,617,472
21,619,460
21,600,475
21,602,483
21,593,486
21,592,480
21,592,472
21,591,466
21,452,458
21,454,464
21,455,470
21,471,480
21,465,485
21,523,487
21,426,501
21,423,496
21,425,491
21,423,486
21,255,486
21,253,491
21,277,490
21,110,499
21,103,502
21,102,509
21,87,499
21,86,506
21,98,487
21,51,478
21,40,478
21,28,469
21,24,489
21,206,502
21,1506,689
21,1670,818
21,1664,871
21,1636,858
21,1458,938
21,1452,938
21,1452,947
21,1374,863
21,1370,867
21,1345,832
21,1339,837
21,1324,814
21,1318,818
21,1305,805
21,1296,798
21,1291,780
21,1289,785
21,1284,787
21,1282,791
21,1274,766
21,1261,771
21,1266,767
21,1266,760
21,1252,760
21,1255,753
21,1596,1070
21,1133,810
21,1130,804
21,1129,818
21,1129,823
21,483,987
21,478,986
21,473,986
21,557,1026
21,565,1023
21,445,798
21,441,806
21,436,813
21,450,806
21,455,801
21,655,1021
21,630,923
21,623,921
21,631,973
21,616,919
21,635,820
21,627,821
21,614,710
21,613,698
21,529,569
21,514,549
21,507,552
21,491,530
21,495,534
21,502,531
21,506,531
21,486,517
21,474,505
21,478,501
21,371,694
21,381,710
21,393,726
21,386,710
21,387,704
21,396,675
21,420,739
21,424,732
21,383,668
21,430,729
21,362,498
21,349,496
21,347,502
21,383,521
21,379,522
21,370,521
21,209,511
21,223,501
21,233,516
21,228,511
21,287,505
21,285,513
21,337,497
21,340,508
21,338,504
21,101,519
21,102,525
21,267,510
21,71,524
21,73,529
21,28,526
22,734,467
22,765,454
22,766,461
22,785,455
22,786,460
22,786,465
22,819,452
22,814,457
22,813,463
22,814,467
22,868,433
22,864,441
22,873,442
22,869,448
22,870,453
22,898,453
22,896,446
22,989,438
22,985,433
22,1249,472
22,1246,476
22,1244,482
22,1277,490
22,1283,487
22,1543,597
22,1542,604
22,1554,623
22,1565,613
22,1568,608
22,1577,605
22,1581,626
22,1654,661
22,1692,677
22,1699,668
22,1703,659
22,1738,652
22,1740,679
22,1824,695
22,1908,681
22,1903,692
22,1905,700
22,1019,349
22,951,302
22,93,363
22,620,472
22,622,460
22,603,475
22,605,483
22,596,486
22,595,479
22,596,472
22,595,466
22,456,458
22,458,464
22,459,470
22,474,480
22,468,485
22,527,487
22,429,501
22,426,496
22,428,491
22,427,486
22,259,486
22,257,491
22,281,490
22,114,499
22,106,502
22,105,509
22,90,499
22,90,506
22,103,487
22,54,479
22,43,479
22,31,470
22,27,489
22,210,503
22,1507,689
22,1671,816
22,1662,871
22,1637,858
22,1461,940
22,1454,940
22,1454,949
22,1377,865
22,1373,870
22,1348,835
22,1343,839
22,1326,816
22,1321,820
22,1308,807
22,1299,801
22,1294,783
22,1291,788
22,1287,789
22,1284,794
22,1277,769
22,1264,773
22,1269,770
22,1270,763
22,1255,762
22,1258,756
22,1601,1073
22,1138,809
22,1135,801
22,1131,818
22,1131,820
22,483,990
22,479,989
22,474,989
22,559,1030
22,568,1026
22,447,801
22,442,809
22,438,816
22,452,809
22,457,804
22,656,1026
22,630,927
22,622,924
22,632,978
22,616,922
22,637,823
22,628,826
22,614,701
22,532,571
22,517,552
22,509,555
22,494,532
22,496,538
22,503,534
22,508,535
22,489,519
22,476,507
22,481,503
22,371,693
22,384,712
22,395,728
22,388,711
22,390,705
22,396,676
22,422,742
22,425,735
22,383,671
22,430,731
22,365,498
22,352,495
22,350,502
22,384,524
22,380,525
22,372,523
22,210,511
22,226,501
22,234,515
22,230,510
22,291,505
22,288,513
22,340,497
22,343,508
22,341,504
22,104,518
22,105,524
22,272,510
22,73,523
22,75,529
22,59,529
22,32,526
23,738,467
23,769,454
23,770,461
23,788,455
23,789,460
23,789,465
23,823,451
23,817,456
23,817,462
23,818,466
23,872,431
23,868,439
23,876,441
23,873,447
23,874,452
23,902,452
23,901,445
23,992,437
23,988,433
23,1253,473
23,1249,477
23,1247,483
23,1280,491
23,1286,488
23,1547,598
23,1545,605
23,1558,625
23,1568,615
23,1571,610
23,1580,607
23,1585,627
23,1658,662
23,1695,677
23,1702,669
23,1706,660
23,1741,653
23,1744,679
23,1827,696
23,1912,682
23,1907,693
23,1908,701
23,1021,352
23,955,303
23,94,363
23,624,472
23,626,459
23,607,475
23,608,483
23,597,487
23,599,479
23,600,472
23,599,466
23,460,457
23,462,463
23,462,469
23,477,481
23,471,486
23,531,486
23,433,501
23,430,495
23,432,491
23,431,486
23,264,486
23,261,491
23,285,489
23,117,498
23,110,502
23,108,508
23,94,498
23,93,506
23,108,487
23,57,480
23,46,480
23,35,471
23,30,489
23,213,504
23,1507,689
23,1672,816
23,1661,870
23,1638,859
23,1463,942
23,1457,942
23,1457,951
23,1380,868
23,1375,873
23,1350,837
23,1346,842
23,1329,818
23,1324,822
23,1311,809
23,1301,804
23,1297,786
23,1294,790
23,1290,792
23,1287,796
23,1280,771
23,1267,776
23,1272,772
23,1273,766
23,1258,765
23,1261,759
23,1141,805
23,1138,798
23,1134,815
23,1133,817
23,1118,821
23,484,993
23,480,992
23,474,992
23,561,1033
23,570,1030
23,449,804
23,444,812
23,439,819
23,453,812
23,459,807
23,656,1031
23,630,930
23,622,927
23,633,982
23,616,925
23,638,827
23,628,831
23,615,704
23,534,572
23,519,555
23,511,558
23,496,535
23,498,542
23,505,538
23,510,539
23,491,522
23,479,509
23,484,505
23,371,691
23,386,715
23,396,730
23,391,713
23,394,707
23,396,677
23,423,744
23,426,737
23,383,674
23,431,732
23,368,498
23,355,495
23,354,502
23,212,511
23,230,501
23,236,514
23,233,509
23,295,504
23,292,512
23,344,496
23,346,507
23,344,503
23,107,518
23,108,524
23,275,510
23,75,523
23,76,529
23,63,529
23,36,526
24,742,466
24,773,453
24,774,460
24,792,454
24,793,459
24,793,464
24,826,451
24,821,455
24,822,461
24,821,466
24,876,430
24,872,438
24,879,441
24,876,447
24,877,452
24,906,452
24,905,445
24,996,437
24,991,433
24,1256,474
24,1253,478
24,1251,484
24,1283,492
24,1289,489
24,1551,599
24,1549,606
24,1561,627
24,1572,616
24,1575,611
24,1583,608
24,1588,629
24,1662,663
24,1698,678
24,1705,670
24,1709,660
24,1745,653
24,1747,680
24,1830,697
24,1915,682
24,1911,694
24,1912,702
24,1022,355
24,958,304
24,94,363
24,628,472
24,630,459
24,610,476
24,612,483
24,599,487
24,602,479
24,604,472
24,602,466
24,464,457
24,466,463
24,466,469
24,480,481
24,475,486
24,535,486
24,436,501
24,434,495
24,436,491
24,435,486
24,268,486
24,265,491
24,289,489
24,120,498
24,113,502
24,112,508
24,97,498
24,97,506
24,113,487
24,60,481
24,49,481
24,39,473
24,33,490
24,5,475
24,6,508
24,5,515
24,216,505
24,1507,689
24,1672,816
24,1660,870
24,1638,859
24,1466,945
24,1459,945
24,1459,954
24,1382,870
24,1378,875
24,1353,840
24,1349,844
24,1331,820
24,1327,824
24,1314,811
24,1304,806
24,1300,788
24,1297,792
24,1293,795
24,1290,798
24,1283,774
24,1270,778
24,1275,775
24,1276,769
24,1261,767
24,1264,762
24,1144,802
24,1141,795
24,1138,813
24,1136,815
24,1122,819
24,485,997
24,480,996
24,474,995
24,562,1036
24,571,1033
24,451,806
24,446,815
24,440,822
24,455,814
24,461,810
24,656,1036
24,630,935
24,623,930
24,633,986
24,616,928
24,639,831
24,629,838
24,616,706
24,537,573
24,522,557
24,514,560
24,498,537
24,499,546
24,507,541
24,512,543
24,494,524
24,481,510
24,487,507
24,371,689
24,389,717
24,398,732
24,393,714
24,397,708
24,397,678
24,425,746
24,427,738
24,383,677
24,432,733
24,371,498
24,358,495
24,357,502
24,215,512
24,234,501
24,237,514
24,236,508
24,298,503
24,296,511
24,347,496
24,349,507
24,347,503
24,112,518
24,117,524
24,278,510
24,76,523
24,78,529
24,67,529
24,41,526
25,746,465
25,777,453
25,778,460
25,796,454
25,797,459
25,798,464
25,830,450
25,824,454
25,826,460
25,825,465
25,881,429
25,877,437
25,883,441
25,879,446
25,880,451
25,910,451
25,909,444
25,999,436
25,994,432
25,1260,475
25,1256,480
25,1254,485
25,1286,494
25,1292,491
25,1555,601
25,1553,607
25,1565,629
25,1576,618
25,1579,613
25,1587,610
25,1592,631
25,1665,665
25,1701,679
25,1708,671
25,1712,661
25,1748,654
25,1751,681
25,1833,698
25,1917,683
25,1913,695
25,1914,703
25,1024,359
25,962,305
25,94,363
25,632,472
25,634,459
25,614,476
25,615,483
25,600,488
25,606,479
25,608,472
25,606,466
25,469,457
25,470,463
25,469,469
25,483,481
25,478,486
25,539,485
25,439,501
25,438,495
25,439,491
25,438,486
25,273,486
25,270,492
25,293,489
25,123,498
25,117,502
25,116,508
25,101,498
25,101,506
25,118,487
25,63,481
25,52,481
25,42,474
25,36,490
25,7,475
25,8,510
25,7,517
25,219,506
25,1508,689
25,1673,816
25,1658,870
25,1638,859
25,1468,947
25,1462,947
25,1462,956
25,1385,873
25,1381,878
25,1356,843
25,1352,847
25,1334,822
25,1330,827
25,1317,814
25,1307,809
25,1302,791
25,1299,794
25,1296,797
25,1293,801
25,1286,776
25,1273,780
25,1277,777
25,1279,771
25,1264,769
25,1267,764
25,1148,799
25,1144,791
25,1142,809
25,1139,811
25,1126,817
25,486,1000
25,481,999
25,475,998
25,564,1039
25,572,1037
25,453,809
25,447,818
25,442,825
25,456,817
25,463,813
25,657,1041
25,631,938
25,624,933
25,634,990
25,617,931
25,666,918
25,626,915
25,617,914
25,639,834
25,629,839
25,616,709
25,540,575
25,526,561
25,517,563
25,501,540
25,503,551
25,509,545
25,514,548
25,497,527
25,484,515
25,490,510
25,370,687
25,390,719
25,400,734
25,395,716
25,399,711
25,397,678
25,426,748
25,428,740
25,384,678
25,433,734
25,376,497
25,362,495
25,361,503
25,217,512
25,239,501
25,238,514
25,238,507
25,301,503
25,301,510
25,350,496
25,352,507
25,351,502
25,117,518
25,131,524
25,281,510
25,78,523
25,79,530
25,70,529
25,45,526
26,750,464
26,780,453
26,783,459
26,800,453
26,801,459
26,802,463
26,833,449
26,827,453
26,830,459
26,828,464
26,885,428
26,881,436
26,886,440
26,882,445
26,883,451
26,913,451
26,913,443
26,1002,436
26,997,432
26,1264,476
26,1260,481
26,1258,486
26,1289,495
26,1295,492
26,1560,602
26,1558,608
26,1569,630
26,1580,620
26,1582,615
26,1590,611
26,1595,632
26,1669,666
26,1704,679
26,1711,672
26,1715,662
26,1752,655
26,1755,681
26,1837,699
26,1918,683
26,1915,695
26,1916,703
26,1027,362
26,965,306
26,94,363
26,636,472
26,639,458
26,618,477
26,619,484
26,603,488
26,610,480
26,612,473
26,610,465
26,473,456
26,474,462
26,473,468
26,486,481
26,481,486
26,543,485
26,443,501
26,442,495
26,443,491
26,442,486
26,277,487
26,274,492
26,297,489
26,126,497
26,121,502
26,120,508
26,105,498
26,105,506
26,124,487
26,66,482
26,55,482
26,46,475
26,40,491
26,10,476
26,10,512
26,9,518
26,223,508
26,1508,689
26,1673,817
26,1657,869
26,1638,858
26,1470,949
26,1464,949
26,1464,958
26,1388,875
26,1384,880
26,1358,845
26,1355,850
26,1336,825
26,1333,830
26,1319,816
26,1309,811
26,1305,793
26,1302,796
26,1298,800
26,1296,803
26,1289,778
26,1277,783
26,1280,779
26,1282,773
26,1267,771
26,1270,766
26,1152,795
26,1146,786
26,1145,805
26,1142,807
26,1130,815
26,487,1003
26,482,1002
26,476,1002
26,565,1043
26,573,1041
26,455,811
26,449,820
26,443,828
26,458,819
26,465,815
26,658,1045
26,632,941
26,624,935
26,635,995
26,618,933
26,667,922
26,629,919
26,618,919
26,641,837
26,631,841
26,635,821
26,626,824
26,597,640
26,540,575
26,527,562
26,519,565
26,501,543
26,503,554
26,509,549
26,516,548
26,498,531
26,487,517
26,492,512
26,370,685
26,392,722
26,401,737
26,396,719
26,400,714
26,397,679
26,427,750
26,429,742
26,384,679
26,434,735
26,382,496
26,366,495
26,365,503
26,220,512
26,244,501
26,239,514
26,241,507
26,305,503
26,305,510
26,354,496
26,356,507
26,355,502
26,120,518
26,136,524
26,284,510
26,79,523
26,81,530
26,73,529
26,49,526
27,754,464
27,784,453
27,787,459
27,804,453
27,805,459
27,807,463
27,837,449
27,831,453
27,835,458
27,832,464
27,889,427
27,885,435
27,889,440
27,885,445
27,886,450
27,918,450
27,918,442
27,1005,436
27,1000,432
27,1267,477
27,1263,482
27,1261,487
27,1292,496
27,1298,493
27,1564,603
27,1562,609
27,1573,632
27,1584,622
27,1586,616
27,1594,613
27,1599,633
27,1673,667
27,1707,680
27,1714,673
27,1718,662
27,1755,655
27,1758,682
27,1840,699
27,1029,364
27,969,307
27,95,363
27,640,472
27,643,458
27,621,477
27,623,484
27,607,488
27,613,480
27,615,473
27,615,465
27,477,456
27,478,462
27,476,468
27,489,481
27,485,486
27,547,484
27,446,502
27,446,495
27,447,491
27,446,486
27,282,487
27,278,492
27,301,489
27,130,497
27,124,502
27,124,508
27,108,498
27,109,506
27,129,487
27,70,483
27,59,484
27,50,477
27,43,492
27,14,477
27,13,514
27,12,520
27,7,504
27,226,508
27,1509,689
27,1672,817
27,1656,869
27,1638,858
27,1473,951
27,1467,951
27,1467,960
27,1391,878
27,1387,883
27,1361,848
27,1358,853
27,1338,827
27,1336,833
27,1322,818
27,1312,813
27,1308,795
27,1305,799
27,1301,803
27,1299,806
27,1292,780
27,1280,785
27,1283,782
27,1285,776
27,1270,774
27,1273,769
27,1156,792
27,1149,782
27,1148,802
27,1146,804
27,1134,813
27,487,1007
27,482,1005
27,476,1006
27,567,1046
27,574,1045
27,457,814
27,452,823
27,446,832
27,460,822
27,467,819
27,659,1048
27,633,943
27,625,938
27,636,999
27,618,936
27,669,926
27,632,924
27,620,923
27,642,839
27,632,842
27,638,825
27,629,829
27,599,644
27,540,575
27,530,563
27,523,566
27,501,547
27,505,556
27,510,551
27,516,550
27,500,534
27,490,520
27,495,516
27,370,684
27,393,725
27,403,739
27,398,721
27,402,717
27,398,680
27,428,752
27,429,743
27,385,680
27,434,735
27,387,495
27,370,496
27,369,503
27,223,512
27,249,500
27,240,514
27,245,506
27,309,503
27,310,510
27,358,496
27,360,507
27,358,502
27,123,517
27,143,525
27,288,510
27,81,523
27,82,530
27,77,529
27,54,526
27,6,527
28,759,464
28,788,453
28,791,459
28,808,452
28,809,458
28,811,462
28,840,448
28,834,452
28,838,457
28,835,462
28,894,426
28,890,434
28,893,440
28,889,444
28,889,450
28,922,449
28,922,442
28,1008,436
28,1003,432
28,1271,478
28,1267,483
28,1265,489
28,1295,497
28,1301,494
28,1569,605
28,1566,611
28,1576,633
28,1587,623
28,1590,618
28,1598,614
28,1603,634
28,1677,669
28,1710,680
28,1717,674
28,1721,663
28,1759,656
28,1762,682
28,1843,700
28,1031,367
28,972,308
28,95,363
28,644,471
28,647,457
28,625,478
28,627,485
28,610,488
28,617,480
28,618,473
28,619,465
28,481,456
28,482,462
28,480,468
28,491,481
28,488,486
28,551,484
28,450,502
28,450,496
28,451,491
28,450,486
28,286,487
28,282,493
28,305,489
28,133,497
28,128,502
28,128,508
28,112,497
28,113,507
28,134,488
28,73,484
28,63,485
28,53,479
28,47,493
28,19,479
28,18,516
28,15,521
28,9,506
28,229,508
28,1509,689
28,1672,818
28,1654,868
28,1638,858
28,1475,953
28,1470,953
28,1470,962
28,1394,881
28,1390,886
28,1364,851
28,1361,856
28,1341,829
28,1339,836
28,1325,820
28,1315,815
28,1310,797
28,1307,801
28,1304,805
28,1302,808
28,1294,782
28,1283,788
28,1286,784
28,1287,778
28,1272,776
28,1275,771
28,1160,789
28,1153,780
28,1152,799
28,1149,801
28,1137,810
28,488,1010
28,483,1009
28,477,1009
28,568,1050
28,574,1048
28,459,817
28,454,826
28,448,835
28,462,825
28,469,822
28,660,1052
28,635,946
28,627,941
28,638,1003
28,620,939
28,671,930
28,634,928
28,622,927
28,643,842
28,633,843
28,641,828
28,632,833
28,601,648
28,540,575
28,534,565
28,527,568
28,501,551
28,508,559
28,511,554
28,517,553
28,499,537
28,492,524
28,498,518
28,370,682
28,395,728
28,406,741
28,400,723
28,404,719
28,398,680
28,430,744
28,389,688
28,435,736
28,391,641
28,386,643
28,393,494
28,374,496
28,373,503
28,226,512
28,253,500
28,241,515
28,249,506
28,312,503
28,315,511
28,363,496
28,364,507
28,362,502
28,128,517
28,145,523
28,294,509
28,82,523
28,83,531
28,78,529
28,58,526
28,7,527
29,764,464
29,792,453
29,794,459
29,812,452
29,813,458
29,815,462
29,844,447
29,838,451
29,842,456
29,839,461
29,899,425
29,894,433
29,896,439
29,892,444
29,892,450
29,927,449
29,927,441
29,1011,436
29,1007,432
29,1275,479
29,1271,484
29,1268,490
29,1299,498
29,1304,495
29,1573,606
29,1570,612
29,1580,635
29,1591,625
29,1594,619
29,1602,616
29,1607,635
29,1680,670
29,1713,681
29,1720,675
29,1724,664
29,1763,657
29,1765,683
29,1846,701
29,1033,370
29,976,309
29,95,363
29,648,470
29,651,457
29,629,478
29,631,485
29,613,488
29,621,480
29,622,473
29,623,465
29,486,456
29,485,461
29,484,468
29,495,482
29,492,487
29,555,483
29,453,503
29,454,496
29,455,491
29,454,486
29,291,487
29,286,493
29,309,489
29,137,497
29,132,502
29,132,508
29,116,497
29,117,507
29,140,488
29,77,485
29,68,487
29,57,480
29,51,493
29,24,481
29,22,517
29,18,522
29,12,507
29,233,508
29,1510,689
29,1671,818
29,1653,868
29,1638,858
29,1478,955
29,1473,955
29,1472,964
29,1398,883
29,1392,888
29,1367,853
29,1364,859
29,1344,832
29,1342,838
29,1328,823
29,1318,818
29,1313,800
29,1310,803
29,1307,808
29,1305,811
29,1297,784
29,1286,790
29,1289,786
29,1290,780
29,1275,778
29,1278,773
29,1164,786
29,1157,778
29,1156,796
29,1152,797
29,1141,808
29,489,1014
29,484,1012
29,478,1013
29,569,1054
29,575,1052
29,462,820
29,457,828
29,451,838
29,464,828
29,472,825
29,661,1056
29,637,949
29,628,944
29,639,1008
29,621,942
29,672,933
29,635,932
29,623,930
29,644,846
29,634,848
29,642,833
29,632,837
29,625,824
29,639,817
29,634,816
29,629,814
29,604,653
29,540,575
29,538,567
29,531,570
29,502,555
29,511,563
29,513,557
29,519,556
29,501,542
29,494,528
29,501,523
29,370,680
29,398,730
29,409,743
29,402,726
29,406,722
29,398,681
29,430,744
29,394,698
29,435,736
29,391,646
29,386,647
29,397,494
29,378,497
29,377,503
29,230,513
29,258,500
29,242,515
29,252,506
29,316,503
29,319,511
29,367,497
29,368,507
29,365,502
29,132,518
29,147,523
29,299,509
29,82,523
29,83,531
29,78,529
29,60,526
29,9,527
30,768,464
30,795,453
30,797,459
30,815,452
30,816,458
30,819,462
30,847,447
30,841,451
30,845,456
30,842,460
30,904,425
30,899,431
30,899,439
30,896,444
30,896,450
30,931,448
30,931,441
30,1014,436
30,1010,432
30,1278,480
30,1274,485
30,1272,491
30,1302,499
30,1308,497
30,1578,607
30,1575,613
30,1584,636
30,1595,627
30,1597,621
30,1605,617
30,1610,636
30,1684,671
30,1716,681
30,1723,675
30,1727,664
30,1766,657
30,1769,683
30,1850,702
30,1036,373
30,979,310
30,95,363
30,652,469
30,654,457
30,632,479
30,636,486
30,616,487
30,625,480
30,626,473
30,627,465
30,490,456
30,489,461
30,487,468
30,498,482
30,495,487
30,559,483
30,456,503
30,458,496
30,459,491
30,458,486
30,295,488
30,290,494
30,313,489
30,140,497
30,136,503
30,135,509
30,119,497
30,121,507
30,146,488
30,81,486
30,72,488
30,61,483
30,55,494
30,28,482
30,24,518
30,21,524
30,16,508
30,236,507
30,1510,689
30,1671,818
30,1653,868
30,1636,857
30,1480,957
30,1476,957
30,1475,966
30,1401,886
30,1396,891
30,1370,857
30,1368,863
30,1349,835
30,1345,840
30,1330,825
30,1320,820
30,1316,802
30,1313,805
30,1310,809
30,1308,813
30,1300,787
30,1288,793
30,1292,789
30,1293,782
30,1278,781
30,1281,776
30,1167,785
30,1162,775
30,1158,793
30,1156,792
30,1144,806
30,490,1017
30,485,1016
30,479,1017
30,570,1058
30,576,1055
30,464,824
30,460,831
30,454,841
30,466,831
30,474,828
30,662,1060
30,640,953
30,630,947
30,641,1012
30,623,945
30,674,937
30,636,936
30,625,934
30,645,850
30,635,853
30,643,837
30,632,840
30,626,829
30,640,821
30,636,821
30,630,819
30,605,656
30,540,575
30,541,568
30,534,571
30,504,558
30,514,567
30,517,560
30,523,559
30,500,544
30,494,532
30,500,527
30,370,678
30,400,733
30,412,745
30,405,728
30,409,724
30,403,685
30,430,744
30,398,705
30,435,736
30,392,650
30,386,652
30,398,494
30,382,497
30,381,504
30,234,513
30,262,500
30,243,515
30,256,506
30,320,503
30,324,510
30,370,497
30,373,507
30,369,502
30,135,519
30,152,523
30,303,509
30,82,523
30,83,531
30,78,529
30,63,527
30,11,528
