1,402,763
1,12,476
1,33,460
1,35,454
1,6,494
1,8,488
1,82,456
1,76,464
1,11,445
1,122,334
1,93,369
1,159,486
1,158,494
1,158,501
1,84,491
1,87,486
1,7,437
1,387,468
1,308,471
1,306,477
1,102,489
1,116,489
1,118,494
1,189,493
1,293,485
1,233,485
1,405,481
1,405,485
1,482,479
1,478,484
1,476,489
1,600,465
1,598,474
1,772,454
1,771,460
1,843,449
1,842,455
1,771,469
1,1200,467
1,1163,456
1,1113,447
1,1091,443
1,1086,433
1,1082,437
1,1069,437
1,1069,431
1,1297,486
1,1295,495
1,1307,492
1,1313,493
1,1311,498
1,1398,514
1,1400,529
1,1401,535
1,1455,532
1,1454,536
1,1465,558
1,1458,563
1,1499,579
1,1525,593
1,1552,603
1,1589,624
1,1597,589
1,1640,643
1,1635,648
1,1653,664
1,1655,643
1,1655,636
1,1657,631
1,1661,625
1,1724,635
1,1727,679
1,1760,672
1,1757,677
1,1779,672
1,1909,687
1,1906,692
1,1906,698
1,1858,690
1,1495,693
1,1662,812
1,1715,811
1,1632,850
1,1707,808
1,1486,972
1,1485,981
1,1506,991
1,1498,994
1,1381,875
1,1305,802
1,1290,789
1,1285,796
1,1375,878
1,1186,759
1,1236,753
1,1248,748
1,1244,752
1,1837,207
1,564,961
1,530,1052
1,522,1055
1,620,921
1,654,1064
1,380,656
1,387,641
1,610,723
1,632,902
1,87,505
1,86,512
1,350,498
1,350,504
1,371,489
1,368,495
1,368,500
1,215,513
1,507,542
1,498,539
1,491,533
1,490,523
1,485,513
1,469,505
1,465,496
1,453,493
1,386,483
1,383,477
1,383,472
1,439,484
1,442,489
1,433,487
1,433,491
1,435,494
1,425,487
1,426,483
1,429,479
1,423,473
1,418,483
1,412,488
1,412,492
1,411,496
1,404,496
1,353,490
1,233,492
1,242,492
1,244,487
1,245,481
1,250,499
1,290,492
1,293,497
1,293,501
1,294,505
1,305,494
1,205,503
1,211,508
1,220,506
1,42,519
1,1406,498
1,1846,652
2,405,766
2,16,477
2,38,461
2,40,455
2,7,495
2,10,489
2,85,456
2,80,464
2,15,448
2,122,333
2,94,369
2,163,486
2,162,494
2,162,501
2,88,493
2,91,487
2,7,439
2,392,468
2,313,471
2,311,477
2,106,489
2,120,489
2,123,495
2,193,493
2,297,485
2,237,485
2,409,481
2,408,485
2,485,479
2,482,484
2,479,489
2,603,465
2,601,474
2,776,453
2,775,460
2,846,448
2,846,455
2,775,468
2,1204,468
2,1166,457
2,1117,448
2,1095,443
2,1090,434
2,1086,437
2,1073,438
2,1073,432
2,1300,487
2,1299,496
2,1310,493
2,1316,494
2,1315,500
2,1402,515
2,1404,530
2,1405,536
2,1459,533
2,1458,537
2,1468,560
2,1461,564
2,1503,580
2,1529,594
2,1555,604
2,1592,625
2,1601,590
2,1643,644
2,1639,649
2,1657,665
2,1659,644
2,1660,637
2,1661,632
2,1665,626
2,1729,635
2,1731,679
2,1764,672
2,1761,678
2,1783,672
2,1911,688
2,1908,692
2,1909,698
2,1862,690
2,1495,692
2,1662,812
2,1712,813
2,1632,850
2,1704,810
2,1490,975
2,1488,983
2,1509,994
2,1502,997
2,1384,878
2,1308,805
2,1293,792
2,1288,799
2,1379,882
2,1190,758
2,1240,754
2,1251,750
2,1248,754
2,1838,208
2,565,965
2,531,1056
2,523,1059
2,621,926
2,656,1066
2,380,661
2,386,645
2,611,725
2,633,907
2,92,505
2,90,513
2,354,498
2,355,505
2,376,490
2,372,496
2,372,501
2,218,514
2,511,549
2,500,543
2,493,537
2,492,527
2,487,516
2,471,507
2,468,497
2,457,494
2,390,484
2,387,477
2,387,472
2,443,484
2,446,490
2,437,487
2,436,491
2,439,495
2,428,488
2,431,485
2,434,480
2,427,474
2,421,484
2,416,488
2,415,492
2,416,497
2,406,497
2,358,490
2,237,492
2,246,492
2,247,487
2,249,480
2,254,499
2,269,507
2,269,500
2,294,491
2,297,496
2,297,501
2,298,505
2,309,494
2,208,504
2,215,508
2,223,505
2,46,519
2,1426,507
2,1864,654
3,409,769
3,21,479
3,43,462
3,45,457
3,10,497
3,13,490
3,89,456
3,84,464
3,19,451
3,122,333
3,95,369
3,167,486
3,166,495
3,166,501
3,92,495
3,95,488
3,6,442
3,397,468
3,318,471
3,316,477
3,110,489
3,125,490
3,128,496
3,198,493
3,302,485
3,241,485
3,413,481
3,412,486
3,489,479
3,486,485
3,483,490
3,606,466
3,605,474
3,780,453
3,779,460
3,850,448
3,850,455
3,779,467
3,1208,469
3,1169,458
3,1122,449
3,1100,444
3,1094,435
3,1090,438
3,1077,439
3,1078,433
3,1304,488
3,1303,497
3,1313,495
3,1320,495
3,1319,502
3,1406,516
3,1408,532
3,1409,538
3,1464,534
3,1463,539
3,1472,562
3,1464,565
3,1507,582
3,1534,595
3,1559,606
3,1596,626
3,1605,592
3,1647,645
3,1643,651
3,1662,667
3,1663,646
3,1665,639
3,1666,634
3,1670,627
3,1734,636
3,1735,679
3,1768,673
3,1766,679
3,1788,673
3,1913,689
3,1910,693
3,1911,698
3,1866,691
3,1496,692
3,1663,812
3,1710,816
3,1632,850
3,1702,812
3,1494,978
3,1492,986
3,1513,997
3,1506,1000
3,1388,882
3,1312,809
3,1296,795
3,1292,802
3,1384,886
3,1194,757
3,1245,756
3,1255,752
3,1252,757
3,1120,820
3,1111,813
3,1840,209
3,567,969
3,532,1060
3,525,1063
3,622,931
3,659,1068
3,630,998
3,380,666
3,386,650
3,612,728
3,634,912
3,97,506
3,95,514
3,359,498
3,360,505
3,381,491
3,376,496
3,377,502
3,222,515
3,516,557
3,502,547
3,495,541
3,495,531
3,490,520
3,474,509
3,471,499
3,461,496
3,395,485
3,392,478
3,392,473
3,447,484
3,450,491
3,442,488
3,439,492
3,443,496
3,432,490
3,437,486
3,439,480
3,432,476
3,424,484
3,421,489
3,419,493
3,421,498
3,409,498
3,364,490
3,241,492
3,251,493
3,251,487
3,254,480
3,258,500
3,273,507
3,273,500
3,298,491
3,301,496
3,301,501
3,302,505
3,313,494
3,212,505
3,219,509
3,226,505
3,50,519
3,1444,515
3,1883,656
4,413,772
4,26,480
4,47,462
4,49,457
4,12,496
4,17,490
4,92,457
4,88,464
4,23,454
4,122,333
4,96,369
4,172,486
4,171,495
4,170,501
4,97,497
4,100,490
4,7,444
4,401,468
4,323,471
4,321,477
4,114,490
4,130,491
4,133,498
4,202,493
4,307,485
4,246,485
4,417,480
4,416,486
4,493,479
4,490,485
4,487,490
4,609,467
4,608,474
4,785,453
4,783,460
4,854,448
4,855,455
4,783,467
4,1212,470
4,1173,459
4,1126,450
4,1104,444
4,1099,436
4,1095,439
4,1082,441
4,1083,434
4,1308,489
4,1307,499
4,1316,497
4,1324,497
4,1323,504
4,1411,518
4,1413,534
4,1413,540
4,1468,536
4,1467,541
4,1476,565
4,1468,566
4,1512,583
4,1538,596
4,1563,607
4,1599,627
4,1609,593
4,1651,646
4,1647,652
4,1667,668
4,1667,647
4,1670,641
4,1671,636
4,1674,628
4,1739,637
4,1739,680
4,1772,674
4,1771,680
4,1792,674
4,1914,690
4,1911,693
4,1914,698
4,1870,692
4,1497,691
4,1664,813
4,1707,819
4,1632,850
4,1700,814
4,1499,981
4,1495,989
4,1517,1000
4,1510,1003
4,1392,885
4,1316,812
4,1300,799
4,1295,805
4,1388,890
4,1199,756
4,1249,758
4,1259,754
4,1256,760
4,1125,818
4,1115,811
4,1842,211
4,569,973
4,534,1064
4,527,1067
4,624,936
4,662,1072
4,380,671
4,386,655
4,613,731
4,382,638
4,635,918
4,101,507
4,99,514
4,51,524
4,363,498
4,363,505
4,385,490
4,379,496
4,381,502
4,225,516
4,520,563
4,504,551
4,497,544
4,498,534
4,492,523
4,477,512
4,474,501
4,465,498
4,399,486
4,396,479
4,396,474
4,452,485
4,454,491
4,446,488
4,442,493
4,448,497
4,435,491
4,440,486
4,442,480
4,435,476
4,428,484
4,425,489
4,423,494
4,423,498
4,413,498
4,369,490
4,246,492
4,256,493
4,254,487
4,258,480
4,263,501
4,277,507
4,277,500
4,302,491
4,305,496
4,305,501
4,306,505
4,317,494
4,216,507
4,224,509
4,230,504
4,54,519
4,1458,520
4,1903,659
5,416,774
5,31,481
5,51,463
5,53,457
5,15,495
5,21,490
5,95,457
5,92,464
5,27,455
5,122,333
5,98,368
5,175,487
5,174,495
5,174,500
5,101,497
5,103,491
5,9,445
5,9,506
5,7,512
5,404,468
5,329,470
5,326,477
5,119,489
5,134,491
5,137,497
5,207,493
5,312,485
5,250,485
5,420,479
5,419,485
5,496,479
5,493,485
5,490,489
5,612,468
5,612,474
5,789,452
5,787,459
5,858,447
5,859,454
5,1216,471
5,1176,460
5,1131,451
5,1109,445
5,1103,436
5,1099,440
5,1086,441
5,1087,434
5,1310,489
5,1311,500
5,1319,497
5,1327,498
5,1327,504
5,1415,519
5,1417,535
5,1417,542
5,1473,537
5,1472,542
5,1480,567
5,1471,567
5,1516,585
5,1543,598
5,1567,609
5,1603,629
5,1613,595
5,1654,647
5,1650,653
5,1671,669
5,1671,648
5,1673,642
5,1674,637
5,1679,630
5,1744,638
5,1744,680
5,1776,675
5,1775,681
5,1797,675
5,1874,693
5,1498,691
5,1665,813
5,1705,821
5,1632,850
5,1698,816
5,1503,984
5,1499,992
5,1521,1003
5,1514,1006
5,1396,888
5,1320,815
5,1303,801
5,1299,807
5,1392,893
5,1203,755
5,1252,761
5,1263,757
5,1260,763
5,1130,816
5,1120,808
5,1844,212
5,527,904
5,533,903
5,571,978
5,535,1068
5,529,1071
5,625,941
5,654,1046
5,382,674
5,386,659
5,614,734
5,380,645
5,636,923
5,104,507
5,103,513
5,54,524
5,368,497
5,367,504
5,388,489
5,383,495
5,386,501
5,228,515
5,523,567
5,505,555
5,498,546
5,500,537
5,495,526
5,481,514
5,477,503
5,468,500
5,403,486
5,400,480
5,400,474
5,456,485
5,458,491
5,450,487
5,446,493
5,452,497
5,439,492
5,443,486
5,446,480
5,439,477
5,433,484
5,428,489
5,426,494
5,425,498
5,416,497
5,375,491
5,250,492
5,261,494
5,258,487
5,263,480
5,268,501
5,281,506
5,281,498
5,306,491
5,309,496
5,309,501
5,310,505
5,321,494
5,218,507
5,225,508
5,233,504
5,58,519
5,250,501
5,1474,526
6,419,775
6,35,481
6,53,462
6,56,457
6,18,495
6,25,490
6,98,457
6,95,464
6,30,457
6,122,333
6,99,368
6,179,487
6,178,494
6,178,500
6,105,497
6,106,492
6,11,447
6,7,437
6,13,507
6,10,514
6,408,468
6,334,469
6,331,476
6,124,488
6,138,490
6,141,496
6,211,492
6,316,484
6,255,484
6,423,478
6,423,484
6,500,479
6,497,484
6,493,488
6,615,469
6,616,475
6,793,452
6,791,459
6,862,447
6,863,454
6,1220,472
6,1180,461
6,1135,452
6,1113,446
6,1108,437
6,1103,441
6,1091,441
6,1091,434
6,1313,490
6,1315,501
6,1322,498
6,1330,499
6,1331,505
6,1420,520
6,1422,537
6,1421,544
6,1476,538
6,1475,543
6,1483,569
6,1474,569
6,1520,586
6,1547,599
6,1571,610
6,1606,630
6,1617,596
6,1657,649
6,1652,654
6,1676,670
6,1675,650
6,1677,644
6,1678,639
6,1684,631
6,1749,638
6,1748,680
6,1780,676
6,1780,682
6,1801,676
6,1878,693
6,1499,689
6,1666,814
6,1703,823
6,1632,850
6,1697,817
6,1506,986
6,1502,995
6,1524,1005
6,1517,1009
6,1399,891
6,1324,817
6,1306,803
6,1302,809
6,1396,896
6,1208,754
6,1255,763
6,1267,759
6,1264,766
6,1134,813
6,1124,806
6,1846,214
6,529,907
6,535,907
6,572,982
6,536,1070
6,529,1072
6,626,945
6,389,664
6,636,811
6,629,810
6,620,813
6,380,649
6,637,927
6,108,507
6,107,513
6,58,524
6,371,497
6,371,504
6,391,489
6,387,495
6,390,501
6,232,515
6,526,570
6,506,558
6,499,547
6,503,539
6,497,528
6,484,517
6,480,506
6,471,501
6,406,486
6,405,480
6,404,474
6,461,485
6,462,491
6,454,487
6,450,493
6,456,497
6,442,492
6,446,486
6,449,479
6,442,477
6,436,484
6,431,488
6,429,493
6,428,497
6,419,496
6,379,489
6,254,492
6,265,494
6,263,487
6,266,480
6,272,500
6,284,505
6,284,497
6,310,491
6,314,496
6,313,501
6,314,505
6,325,493
6,329,498
6,331,503
6,221,508
6,227,507
6,236,503
6,61,520
6,255,501
6,1490,532
7,421,777
7,39,482
7,56,462
7,59,457
7,22,495
7,29,491
7,102,457
7,98,464
7,34,459
7,123,333
7,100,368
7,183,487
7,182,493
7,182,500
7,110,498
7,109,493
7,13,449
7,8,441
7,6,428
7,17,507
7,13,515
7,413,468
7,339,468
7,336,474
7,128,488
7,142,490
7,145,496
7,216,491
7,319,484
7,259,484
7,426,477
7,426,483
7,503,479
7,500,483
7,497,487
7,618,469
7,619,475
7,797,452
7,795,458
7,866,446
7,867,453
7,1223,473
7,1182,461
7,1139,452
7,1117,446
7,1112,438
7,1107,443
7,1095,441
7,1095,434
7,1315,491
7,1319,502
7,1325,499
7,1333,500
7,1335,505
7,1424,522
7,1426,539
7,1424,546
7,1480,539
7,1479,544
7,1487,571
7,1476,570
7,1524,587
7,1551,601
7,1575,611
7,1610,631
7,1621,597
7,1659,650
7,1655,655
7,1681,671
7,1679,651
7,1681,645
7,1682,640
7,1688,632
7,1753,639
7,1752,681
7,1784,677
7,1784,683
7,1805,677
7,1882,694
7,1499,687
7,1666,815
7,1701,823
7,1632,850
7,1695,818
7,1509,989
7,1506,998
7,1528,1008
7,1521,1012
7,1403,894
7,1327,819
7,1309,805
7,1306,811
7,1399,899
7,1213,753
7,1259,766
7,1270,762
7,1267,769
7,1137,810
7,1128,802
7,1848,215
7,531,910
7,537,911
7,573,986
7,538,1073
7,530,1074
7,626,949
7,637,1019
7,657,1055
7,645,1031
7,650,1033
7,654,1026
7,659,1022
7,390,671
7,637,815
7,630,813
7,620,817
7,380,652
7,637,932
7,111,507
7,111,512
7,111,515
7,62,525
7,374,497
7,376,503
7,394,488
7,391,495
7,394,500
7,233,515
7,528,573
7,508,561
7,500,549
7,505,542
7,500,531
7,487,519
7,483,509
7,474,501
7,410,486
7,409,480
7,407,474
7,465,486
7,465,492
7,458,487
7,453,493
7,458,497
7,445,493
7,449,487
7,452,479
7,445,477
7,439,485
7,434,488
7,431,493
7,430,497
7,422,495
7,384,487
7,258,492
7,269,494
7,267,487
7,270,480
7,276,500
7,289,504
7,288,497
7,314,490
7,318,496
7,317,501
7,318,505
7,331,493
7,334,498
7,337,503
7,224,508
7,229,505
7,239,503
7,65,520
7,260,501
7,1507,539
8,424,779
8,44,483
8,61,462
8,62,457
8,26,495
8,32,491
8,106,457
8,101,463
8,38,460
8,123,333
8,101,368
8,187,487
8,186,492
8,186,499
8,113,498
8,112,493
8,15,451
8,9,443
8,7,433
8,21,507
8,16,515
8,417,468
8,343,467
8,340,473
8,131,487
8,146,490
8,148,496
8,220,490
8,323,483
8,263,484
8,430,476
8,430,482
8,506,478
8,504,482
8,500,486
8,621,469
8,622,475
8,800,451
8,800,458
8,869,446
8,870,453
8,1227,474
8,1185,461
8,1142,452
8,1121,447
8,1116,439
8,1111,443
8,1099,441
8,1099,435
8,1318,492
8,1323,504
8,1328,500
8,1337,501
8,1339,506
8,1428,523
8,1429,540
8,1428,547
8,1483,540
8,1482,545
8,1490,573
8,1479,571
8,1527,588
8,1555,602
8,1578,611
8,1614,632
8,1626,599
8,1662,651
8,1658,656
8,1685,672
8,1683,652
8,1684,646
8,1685,641
8,1692,633
8,1758,640
8,1755,681
8,1788,677
8,1787,684
8,1810,678
8,1885,694
8,1499,685
8,1666,816
8,1699,824
8,1632,850
8,1694,819
8,1511,992
8,1509,1000
8,1531,1011
8,1524,1014
8,1406,896
8,1331,822
8,1312,808
8,1309,813
8,1403,901
8,1218,752
8,1262,769
8,1274,764
8,1271,771
8,1140,806
8,1132,799
8,1850,216
8,532,914
8,539,914
8,574,990
8,539,1075
8,531,1076
8,627,953
8,637,1023
8,658,1061
8,663,1070
8,653,1068
8,647,1069
8,646,1037
8,653,1037
8,657,1030
8,664,1028
8,390,673
8,638,820
8,631,817
8,621,821
8,380,656
8,637,936
8,115,507
8,115,512
8,117,516
8,65,525
8,378,496
8,380,502
8,397,487
8,395,494
8,397,499
8,235,516
8,532,576
8,509,564
8,501,551
8,507,544
8,502,533
8,489,522
8,485,513
8,477,503
8,413,485
8,413,480
8,411,474
8,468,487
8,468,493
8,461,488
8,456,494
8,461,498
8,449,494
8,453,487
8,456,479
8,448,477
8,442,485
8,437,487
8,434,493
8,433,497
8,425,494
8,389,486
8,263,492
8,273,494
8,272,487
8,274,480
8,279,500
8,293,504
8,292,497
8,318,490
8,322,496
8,321,501
8,322,505
8,335,492
8,338,497
8,341,502
8,226,509
8,230,504
8,242,502
8,68,520
8,265,501
8,1524,546
9,426,781
9,49,484
9,66,462
9,66,458
9,30,495
9,34,490
9,109,457
9,103,463
9,41,462
9,123,333
9,101,368
9,191,487
9,189,492
9,189,498
9,117,499
9,116,493
9,19,453
9,11,445
9,8,437
9,8,429
9,25,507
9,18,516
9,421,469
9,348,467
9,345,473
9,135,487
9,150,490
9,152,496
9,225,489
9,326,483
9,267,484
9,435,476
9,433,482
9,509,477
9,507,482
9,503,486
9,624,469
9,625,475
9,804,451
9,804,457
9,873,445
9,874,452
9,803,464
9,1230,476
9,1188,461
9,1146,452
9,1125,448
9,1120,439
9,1114,444
9,1103,441
9,1103,435
9,1320,492
9,1326,505
9,1331,500
9,1339,501
9,1342,506
9,1432,525
9,1433,542
9,1431,549
9,1487,541
9,1486,546
9,1493,575
9,1481,572
9,1530,589
9,1558,604
9,1581,612
9,1617,633
9,1630,600
9,1665,652
9,1660,657
9,1690,673
9,1687,653
9,1688,647
9,1689,642
9,1696,635
9,1762,641
9,1758,682
9,1791,677
9,1790,684
9,1814,679
9,1889,695
9,1500,683
9,1666,818
9,1698,825
9,1632,850
9,1692,820
9,1514,994
9,1512,1003
9,1534,1013
9,1527,1017
9,1409,899
9,1334,824
9,1316,810
9,1312,815
9,1406,904
9,1223,751
9,1265,772
9,1277,767
9,1274,774
9,1144,802
9,1136,796
9,1852,218
9,534,917
9,541,918
9,575,994
9,628,957
9,638,1027
9,659,1065
9,665,1072
9,656,1070
9,649,1072
9,647,1042
9,654,1042
9,659,1035
9,666,1032
9,640,824
9,632,821
9,622,825
9,380,659
9,637,940
9,119,507
9,118,511
9,121,516
9,127,522
9,69,525
9,381,495
9,383,501
9,401,487
9,398,493
9,401,499
9,237,516
9,512,566
9,502,554
9,510,547
9,503,536
9,490,525
9,488,516
9,480,505
9,418,485
9,416,480
9,416,474
9,471,487
9,471,494
9,464,488
9,460,494
9,463,499
9,451,495
9,455,488
9,459,480
9,451,479
9,445,486
9,439,487
9,437,493
9,437,497
9,428,494
9,394,485
9,267,491
9,277,494
9,277,486
9,278,480
9,283,498
9,298,504
9,296,497
9,323,490
9,326,496
9,326,501
9,326,505
9,339,492
9,342,497
9,345,502
9,229,509
9,232,503
9,245,502
9,71,520
9,271,500
9,1541,553
10,429,783
10,52,485
10,69,462
10,69,458
10,33,496
10,36,490
10,113,457
10,106,463
10,45,464
10,123,333
10,101,369
10,195,487
10,193,492
10,193,496
10,120,499
10,119,493
10,22,455
10,15,446
10,8,439
10,10,433
10,29,508
10,425,469
10,353,467
10,350,473
10,139,486
10,154,489
10,156,495
10,229,488
10,330,482
10,272,484
10,439,476
10,436,481
10,511,476
10,511,482
10,507,485
10,627,469
10,628,475
10,808,450
10,808,456
10,877,444
10,878,451
10,807,464
10,1234,477
10,1191,461
10,1150,452
10,1128,449
10,1124,440
10,1118,444
10,1108,441
10,1107,436
10,1323,493
10,1329,506
10,1334,501
10,1341,502
10,1346,507
10,1436,526
10,1437,543
10,1435,551
10,1491,542
10,1490,547
10,1497,577
10,1484,574
10,1533,590
10,1562,606
10,1584,612
10,1621,634
10,1634,601
10,1668,653
10,1663,657
10,1695,673
10,1691,654
10,1692,648
10,1693,643
10,1700,636
10,1766,642
10,1762,682
10,1795,678
10,1794,685
10,1819,680
10,1893,695
10,1498,683
10,1664,819
10,1697,823
10,1632,850
10,1691,821
10,1518,997
10,1515,1006
10,1537,1016
10,1530,1020
10,1413,901
10,1338,826
10,1319,812
10,1315,817
10,1410,906
10,1227,751
10,1269,776
10,1281,769
10,1277,776
10,1148,799
10,1139,793
10,1854,220
10,535,920
10,542,921
10,576,998
10,629,962
10,621,908
10,640,1031
10,660,1067
10,667,1074
10,660,1073
10,652,1074
10,649,1047
10,656,1047
10,661,1040
10,667,1035
10,641,829
10,633,825
10,623,829
10,634,811
10,629,809
10,380,663
10,384,633
10,638,945
10,122,507
10,122,511
10,126,516
10,132,522
10,73,525
10,385,494
10,386,500
10,405,487
10,402,492
10,404,498
10,239,516
10,515,568
10,503,556
10,513,551
10,505,539
10,492,528
10,490,520
10,482,507
10,423,485
10,420,480
10,421,474
10,475,489
10,474,496
10,467,490
10,463,495
10,465,500
10,454,496
10,458,489
10,461,482
10,453,480
10,448,487
10,441,487
10,440,493
10,440,497
10,431,494
10,398,484
10,273,491
10,281,494
10,281,485
10,283,480
10,287,497
10,302,505
10,300,497
10,327,490
10,331,496
10,330,501
10,330,505
10,344,492
10,347,497
10,350,502
10,231,509
10,235,502
10,248,501
10,75,521
10,271,500
10,1558,560
11,431,786
11,55,486
11,72,462
11,73,458
11,37,496
11,40,490
11,115,457
11,109,463
11,48,465
11,123,333
11,101,369
11,198,486
11,196,492
11,196,496
11,124,500
11,122,493
11,24,456
11,20,448
11,9,441
11,13,435
11,33,509
11,428,470
11,358,467
11,355,473
11,142,486
11,157,489
11,159,495
11,233,488
11,334,482
11,275,483
11,444,475
11,439,480
11,514,475
11,514,481
11,510,484
11,630,468
11,631,474
11,812,449
11,812,456
11,881,444
11,881,451
11,811,463
11,1237,478
11,1194,461
11,1153,452
11,1132,449
11,1127,441
11,1122,445
11,1112,442
11,1111,437
11,1326,494
11,1332,507
11,1337,501
11,1343,502
11,1349,507
11,1440,527
11,1441,544
11,1438,552
11,1494,542
11,1493,547
11,1500,578
11,1486,574
11,1536,592
11,1566,607
11,1587,613
11,1625,635
11,1638,602
11,1671,654
11,1666,658
11,1699,674
11,1694,655
11,1695,649
11,1696,644
11,1704,637
11,1770,643
11,1765,683
11,1799,678
11,1797,686
11,1823,681
11,1896,696
11,1497,683
11,1662,820
11,1697,823
11,1632,850
11,1690,823
11,1521,1000
11,1518,1009
11,1540,1018
11,1534,1022
11,1417,904
11,1341,829
11,1322,814
11,1318,819
11,1413,909
11,1232,751
11,1272,779
11,1284,772
11,1280,779
11,1153,795
11,1143,790
11,1116,818
11,1110,811
11,1856,221
11,536,923
11,543,923
11,577,1002
11,629,966
11,623,914
11,641,1036
11,661,1068
11,649,1052
11,657,1052
11,662,1044
11,668,1039
11,641,832
11,633,829
11,623,832
11,636,817
11,629,815
11,379,667
11,383,638
11,595,641
11,638,948
11,126,507
11,127,511
11,130,516
11,136,523
11,389,493
11,390,499
11,409,486
11,406,492
11,407,498
11,241,515
11,518,570
11,504,558
11,515,553
11,506,542
11,493,532
11,491,523
11,485,510
11,426,485
11,423,480
11,424,474
11,478,491
11,477,498
11,470,491
11,466,496
11,468,502
11,456,497
11,460,490
11,464,484
11,456,481
11,451,488
11,443,487
11,442,493
11,443,498
11,434,494
11,403,484
11,276,491
11,283,494
11,284,485
11,286,480
11,291,496
11,307,505
11,306,497
11,331,490
11,335,496
11,334,501
11,334,505
11,347,492
11,349,497
11,354,502
11,232,509
11,238,501
11,251,501
11,79,520
11,273,499
11,278,507
11,270,507
11,1575,567
12,434,788
12,59,488
12,75,463
12,76,458
12,40,496
12,43,490
12,118,458
12,113,463
12,51,466
12,124,332
12,101,369
12,202,486
12,200,492
12,200,496
12,127,500
12,126,493
12,25,456
12,24,450
12,12,443
12,16,438
12,36,509
12,432,471
12,363,466
12,360,472
12,145,486
12,161,488
12,163,494
12,237,488
12,338,481
12,278,483
12,447,475
12,443,480
12,516,475
12,517,481
12,513,484
12,633,468
12,634,474
12,816,449
12,816,456
12,884,444
12,884,451
12,816,463
12,1241,479
12,1197,461
12,1158,453
12,1136,450
12,1131,441
12,1126,446
12,1115,442
12,1115,437
12,1328,496
12,1334,509
12,1339,502
12,1345,504
12,1353,508
12,1444,529
12,1445,546
12,1442,554
12,1498,543
12,1497,548
12,1503,579
12,1489,575
12,1539,593
12,1570,609
12,1590,613
12,1629,636
12,1642,604
12,1673,654
12,1670,658
12,1703,674
12,1698,656
12,1699,650
12,1700,645
12,1708,638
12,1775,644
12,1769,684
12,1803,679
12,1801,687
12,1828,682
12,1900,696
12,1497,683
12,1657,821
12,1698,826
12,1632,850
12,1690,824
12,1525,1002
12,1521,1011
12,1543,1020
12,1537,1024
12,1421,907
12,1344,832
12,1325,816
12,1321,821
12,1416,912
12,1237,751
12,1276,783
12,1287,775
12,1283,782
12,1158,791
12,1146,786
12,1120,816
12,1113,809
12,1858,223
12,538,926
12,545,926
12,579,1006
12,630,969
12,624,919
12,643,1041
12,649,1055
12,657,1055
12,662,1048
12,669,1043
12,641,835
12,633,833
12,623,835
12,637,822
12,629,819
12,379,670
12,381,643
12,598,646
12,639,952
12,130,507
12,132,512
12,134,516
12,139,523
12,392,493
12,394,499
12,413,486
12,409,492
12,410,498
12,244,514
12,215,512
12,522,572
12,507,561
12,518,555
12,508,544
12,494,535
12,493,526
12,487,513
12,428,485
12,425,480
12,426,474
12,482,492
12,480,500
12,472,493
12,469,497
12,471,503
12,459,498
12,463,491
12,467,486
12,459,483
12,454,489
12,446,487
12,444,493
12,446,498
12,436,494
12,407,483
12,279,491
12,286,494
12,287,485
12,289,480
12,295,496
12,311,505
12,311,497
12,335,489
12,338,496
12,337,501
12,338,505
12,350,492
12,352,498
12,357,502
12,234,509
12,241,500
12,254,500
12,83,519
12,275,499
12,282,508
12,274,507
12,1592,574
13,436,791
13,63,490
13,79,464
13,80,458
13,44,497
13,47,491
13,120,458
13,116,463
13,55,468
13,124,332
13,101,370
13,205,485
13,204,492
13,204,496
13,130,500
13,130,493
13,28,457
13,25,451
13,16,445
13,19,440
13,40,509
13,435,472
13,367,466
13,364,472
13,149,486
13,164,488
13,166,494
13,241,488
13,342,481
13,281,483
13,451,474
13,447,480
13,519,474
13,519,480
13,516,483
13,635,467
13,637,473
13,819,448
13,819,455
13,888,444
13,887,450
13,820,462
13,1244,479
13,1200,463
13,1162,454
13,1140,450
13,1134,442
13,1130,447
13,1119,442
13,1120,437
13,1330,497
13,1336,510
13,1342,503
13,1347,505
13,1356,509
13,1448,530
13,1448,547
13,1446,555
13,1501,544
13,1501,549
13,1506,580
13,1492,576
13,1542,594
13,1573,611
13,1593,614
13,1632,637
13,1646,605
13,1676,654
13,1673,658
13,1707,674
13,1702,656
13,1702,651
13,1704,645
13,1712,640
13,1777,645
13,1772,683
13,1806,679
13,1804,687
13,1831,682
13,1904,697
13,1497,684
13,1652,821
13,1699,828
13,1632,850
13,1690,825
13,1528,1005
13,1524,1014
13,1546,1022
13,1540,1026
13,1424,910
13,1348,835
13,1329,818
13,1324,823
13,1419,915
13,1241,752
13,1280,786
13,1290,778
13,1287,785
13,1163,787
13,1150,783
13,1123,814
13,1117,807
13,1859,224
13,539,929
13,546,929
13,580,1010
13,631,973
13,626,924
13,642,1040
13,649,1058
13,658,1058
13,663,1051
13,670,1047
13,641,839
13,633,837
13,636,826
13,629,822
13,380,673
13,380,648
13,600,652
13,640,956
13,134,507
13,136,512
13,138,517
13,142,524
13,396,492
13,397,498
13,416,486
13,413,492
13,414,498
13,246,514
13,219,511
13,526,574
13,509,563
13,520,557
13,510,547
13,495,539
13,495,529
13,490,517
13,431,485
13,428,481
13,429,475
13,484,494
13,482,502
13,475,494
13,472,498
13,473,504
13,462,499
13,466,492
13,469,487
13,462,484
13,457,491
13,448,487
13,446,493
13,448,498
13,439,494
13,412,482
13,283,491
13,290,493
13,291,485
13,293,480
13,299,495
13,314,505
13,314,497
13,340,488
13,342,495
13,341,500
13,342,504
13,353,491
13,355,498
13,361,501
13,235,509
13,244,500
13,257,500
13,87,519
13,278,499
13,287,509
13,278,507
13,1610,580
14,439,793
14,67,491
14,82,464
14,83,458
14,47,497
14,50,491
14,124,458
14,119,462
14,58,469
14,124,332
14,101,370
14,208,485
14,208,492
14,208,496
14,134,499
14,134,492
14,31,458
14,26,453
14,20,447
14,22,443
14,44,509
14,439,472
14,372,466
14,369,471
14,152,486
14,168,488
14,170,494
14,245,488
14,346,481
14,284,483
14,454,474
14,452,480
14,521,473
14,522,479
14,519,483
14,638,466
14,640,472
14,823,447
14,823,455
14,891,444
14,891,450
14,824,462
14,1247,480
14,1203,464
14,1166,455
14,1144,451
14,1138,443
14,1134,448
14,1123,443
14,1124,438
14,1332,499
14,1339,512
14,1345,505
14,1350,507
14,1360,510
14,1452,530
14,1452,549
14,1450,557
14,1505,545
14,1505,550
14,1509,582
14,1495,577
14,1546,594
14,1577,613
14,1597,615
14,1635,637
14,1650,606
14,1679,655
14,1677,659
14,1712,675
14,1706,657
14,1705,652
14,1708,646
14,1716,640
14,1780,646
14,1776,683
14,1810,679
14,1808,687
14,1835,683
14,1907,698
14,1497,685
14,1648,821
14,1698,830
14,1632,850
14,1689,827
14,1532,1008
14,1528,1017
14,1549,1024
14,1544,1029
14,1428,912
14,1351,837
14,1332,820
14,1327,825
14,1422,917
14,1246,754
14,1283,790
14,1293,781
14,1290,788
14,1167,783
14,1154,780
14,1127,812
14,1120,805
14,1861,226
14,539,932
14,546,932
14,582,1014
14,632,976
14,626,928
14,642,1039
14,650,1061
14,659,1061
14,664,1054
14,671,1051
14,389,705
14,642,842
14,633,841
14,622,843
14,636,829
14,629,826
14,381,676
14,380,651
14,602,657
14,641,960
14,139,507
14,141,513
14,142,517
14,144,524
14,399,491
14,401,497
14,420,486
14,416,491
14,417,496
14,7,519
14,248,513
14,222,511
14,512,565
14,523,559
14,512,549
14,497,541
14,496,531
14,491,519
14,435,485
14,433,481
14,434,475
14,487,497
14,484,504
14,478,496
14,474,500
14,475,506
14,465,500
14,469,494
14,472,489
14,465,485
14,459,492
14,451,488
14,449,493
14,451,499
14,442,494
14,417,482
14,286,491
14,293,493
14,294,485
14,296,480
14,303,495
14,317,504
14,317,496
14,344,487
14,347,494
14,345,500
14,346,504
14,358,491
14,359,498
14,365,501
14,237,508
14,247,499
14,260,499
14,91,518
14,282,499
14,291,509
14,280,507
14,1628,586
15,442,795
15,72,491
15,86,464
15,87,458
15,50,497
15,53,491
15,127,458
15,122,461
15,62,471
15,124,332
15,101,371
15,212,484
15,212,491
15,211,495
15,137,499
15,137,492
15,33,459
15,28,456
15,25,449
15,26,444
15,48,509
15,444,471
15,377,466
15,374,471
15,156,485
15,171,487
15,174,493
15,249,487
15,350,480
15,288,482
15,458,473
15,456,480
15,524,472
15,525,478
15,522,482
15,641,466
15,643,472
15,827,446
15,827,454
15,895,443
15,894,449
15,828,461
15,1251,481
15,1207,466
15,1171,456
15,1148,452
15,1141,443
15,1138,448
15,1126,443
15,1127,438
15,1335,499
15,1343,512
15,1347,505
15,1354,508
15,1364,511
15,1456,531
15,1456,550
15,1454,558
15,1508,545
15,1508,551
15,1512,583
15,1498,577
15,1549,595
15,1581,614
15,1601,616
15,1638,638
15,1654,607
15,1682,655
15,1681,659
15,1716,675
15,1709,658
15,1709,653
15,1711,647
15,1720,640
15,1782,648
15,1780,683
15,1814,679
15,1812,687
15,1839,684
15,1911,698
15,1498,685
15,1647,821
15,1697,832
15,1632,850
15,1689,828
15,1534,1010
15,1531,1019
15,1552,1026
15,1547,1031
15,1431,915
15,1353,839
15,1335,822
15,1330,827
15,1426,920
15,1250,755
15,1287,793
15,1297,784
15,1293,791
15,1170,780
15,1158,778
15,1130,809
15,1123,802
15,1863,227
15,540,935
15,547,935
15,583,1018
15,634,980
15,627,931
15,642,1038
15,653,1064
15,662,1064
15,665,1056
15,671,1056
15,392,709
15,642,846
15,633,845
15,622,847
15,636,833
15,628,829
15,380,655
15,603,660
15,642,964
15,144,505
15,145,511
15,146,517
15,146,523
15,404,490
15,405,497
15,424,486
15,419,489
15,420,494
15,8,520
15,250,512
15,225,510
15,515,566
15,527,560
15,514,551
15,499,544
15,498,534
15,493,522
15,439,485
15,437,481
15,438,475
15,489,499
15,486,506
15,481,497
15,477,502
15,477,507
15,467,501
15,471,495
15,474,490
15,468,486
15,462,494
15,454,488
15,451,493
15,452,499
15,444,493
15,423,482
15,290,491
15,297,492
15,298,484
15,300,479
15,306,495
15,321,503
15,320,496
15,347,486
15,351,493
15,349,499
15,349,504
15,362,491
15,363,497
15,368,501
15,243,508
15,251,498
15,263,499
15,95,518
15,285,499
15,295,509
15,283,507
15,1646,590
16,445,796
16,76,492
16,90,464
16,91,458
16,54,497
16,57,491
16,130,457
16,126,460
16,66,473
16,124,332
16,101,371
16,216,483
16,215,489
16,215,493
16,140,499
16,140,492
16,36,459
16,30,458
16,30,451
16,30,445
16,52,509
16,49,519
16,448,471
16,381,465
16,378,471
16,159,485
16,175,487
16,177,493
16,253,486
16,354,479
16,292,482
16,462,473
16,461,480
16,527,472
16,527,478
16,524,482
16,644,465
16,646,471
16,831,445
16,831,453
16,898,443
16,898,448
16,831,460
16,1255,481
16,1210,466
16,1174,456
16,1151,452
16,1145,443
16,1141,448
16,1130,443
16,1131,438
16,1339,499
16,1347,512
16,1349,505
16,1358,509
16,1368,512
16,1460,531
16,1459,552
16,1458,560
16,1512,546
16,1512,552
16,1515,584
16,1500,578
16,1552,595
16,1584,616
16,1604,617
16,1641,638
16,1657,608
16,1684,655
16,1684,659
16,1720,675
16,1713,658
16,1712,653
16,1715,647
16,1723,640
16,1785,649
16,1784,683
16,1818,679
16,1816,687
16,1843,685
16,1498,686
16,1646,821
16,1697,833
16,1632,850
16,1689,829
16,1537,1013
16,1534,1022
16,1555,1029
16,1550,1034
16,1434,917
16,1356,841
16,1338,824
16,1333,830
16,1429,923
16,1254,757
16,1291,797
16,1300,786
16,1297,793
16,1174,776
16,1161,775
16,1133,806
16,1127,798
16,1865,229
16,541,937
16,547,937
16,585,1022
16,635,983
16,628,934
16,641,1037
16,656,1067
16,664,1067
16,666,1059
16,672,1060
16,395,712
16,641,850
16,633,849
16,622,851
16,636,838
16,626,834
16,380,659
16,605,664
16,643,969
16,149,504
16,149,509
16,150,517
16,148,523
16,408,489
16,409,496
16,428,486
16,423,487
16,423,491
16,9,520
16,252,512
16,228,509
16,518,567
16,530,561
16,516,553
16,501,546
16,500,537
16,495,525
16,443,485
16,441,481
16,441,476
16,492,502
16,488,507
16,484,498
16,479,503
16,478,508
16,470,501
16,474,496
16,477,491
16,472,487
16,465,495
16,457,488
16,454,494
16,454,500
16,447,493
16,429,482
16,294,491
16,301,491
16,302,483
16,306,479
16,311,494
16,324,502
16,323,495
16,352,485
16,354,492
16,352,498
16,353,503
16,366,490
16,368,496
16,372,500
16,248,507
16,254,497
16,266,499
16,99,517
16,289,498
16,299,508
16,286,507
16,1664,595
17,447,797
17,81,493
17,94,464
17,95,458
17,58,497
17,61,491
17,134,457
17,129,459
17,70,474
17,124,332
17,101,371
17,220,482
17,219,487
17,218,491
17,144,498
17,143,492
17,38,459
17,33,460
17,33,451
17,34,446
17,56,509
17,55,518
17,452,472
17,385,465
17,383,471
17,163,485
17,179,487
17,181,493
17,257,485
17,358,478
17,297,481
17,465,472
17,466,480
17,529,472
17,530,477
17,526,481
17,648,465
17,650,470
17,836,445
17,834,452
17,902,442
17,901,448
17,835,459
17,1259,482
17,1213,467
17,1178,457
17,1155,452
17,1148,443
17,1145,448
17,1133,443
17,1134,438
17,1342,500
17,1350,513
17,1352,506
17,1361,511
17,1371,513
17,1464,532
17,1463,553
17,1462,561
17,1516,547
17,1516,553
17,1519,585
17,1503,579
17,1556,596
17,1588,618
17,1608,618
17,1644,639
17,1661,609
17,1687,656
17,1687,660
17,1724,676
17,1717,659
17,1716,654
17,1719,648
17,1727,641
17,1787,651
17,1788,683
17,1822,679
17,1820,687
17,1847,686
17,1498,686
17,1646,821
17,1692,832
17,1633,850
17,1687,828
17,1540,1016
17,1537,1024
17,1559,1032
17,1554,1036
17,1437,920
17,1359,843
17,1341,826
17,1336,832
17,1433,925
17,1257,759
17,1294,799
17,1303,789
17,1300,796
17,1177,773
17,1165,773
17,1136,802
17,1131,794
17,1867,231
17,542,940
17,548,940
17,585,1024
17,636,986
17,629,938
17,641,1036
17,659,1070
17,666,1070
17,667,1061
17,673,1065
17,398,716
17,635,842
17,626,838
17,380,662
17,606,667
17,644,973
17,152,503
17,152,509
17,412,488
17,412,495
17,432,485
17,426,486
17,426,490
17,10,521
17,254,511
17,232,509
17,521,568
17,533,562
17,518,555
17,503,548
17,501,539
17,496,527
17,446,485
17,444,481
17,443,476
17,494,504
17,490,509
17,487,500
17,482,505
17,480,510
17,473,502
17,477,497
17,480,493
17,475,488
17,467,496
17,460,488
17,457,494
17,456,500
17,449,493
17,435,482
17,298,492
17,305,491
17,306,483
17,310,479
17,316,493
17,328,502
17,327,494
17,356,484
17,357,492
17,355,497
17,356,502
17,369,490
17,372,496
17,376,500
17,254,507
17,257,496
17,269,499
17,103,517
17,292,498
17,302,508
17,291,506
17,1682,600
18,450,799
18,85,493
18,97,464
18,98,458
18,62,497
18,65,491
18,137,456
18,132,459
18,74,474
18,124,332
18,101,372
18,224,481
18,222,486
18,221,491
18,147,498
18,147,492
18,41,458
18,37,462
18,37,451
18,38,448
18,61,508
18,60,517
18,455,473
18,8,501
18,9,506
18,9,512
18,390,465
18,388,471
18,167,485
18,182,487
18,185,493
18,262,484
18,362,477
18,301,480
18,469,472
18,470,480
18,532,471
18,532,476
18,528,480
18,651,464
18,653,470
18,840,444
18,838,451
18,905,442
18,905,447
18,839,458
18,1263,482
18,1217,467
18,1182,457
18,1159,453
18,1152,444
18,1149,448
18,1137,443
18,1138,438
18,1344,502
18,1354,515
18,1356,507
18,1365,512
18,1374,514
18,1468,532
18,1467,555
18,1466,563
18,1520,549
18,1520,554
18,1522,585
18,1506,579
18,1559,597
18,1592,620
18,1612,620
18,1647,640
18,1665,610
18,1690,657
18,1690,661
18,1729,676
18,1721,660
18,1720,655
18,1723,650
18,1731,641
18,1790,652
18,1792,683
18,1826,679
18,1824,687
18,1851,687
18,1498,686
18,1646,821
18,1690,832
18,1633,850
18,1686,827
18,1543,1019
18,1540,1027
18,1562,1035
18,1557,1039
18,1441,922
18,1362,846
18,1344,829
18,1340,834
18,1436,928
18,1260,760
18,1298,802
18,1307,792
18,1303,798
18,1182,771
18,1170,769
18,1139,800
18,1134,792
18,1869,232
18,543,943
18,549,943
18,586,1026
18,638,989
18,629,941
18,641,1035
18,662,1073
18,668,1073
18,668,1064
18,673,1070
18,400,719
18,634,847
18,626,843
18,621,813
18,627,812
18,631,809
18,380,666
18,384,632
18,607,671
18,645,977
18,156,502
18,156,509
18,416,488
18,416,495
18,436,485
18,430,486
18,430,490
18,9,520
18,14,522
18,256,510
18,244,506
18,525,569
18,520,557
18,505,551
18,503,542
18,497,530
18,450,485
18,448,481
18,446,476
18,496,507
18,492,512
18,489,503
18,484,508
18,482,513
18,476,503
18,480,499
18,483,494
18,478,489
18,470,497
18,463,488
18,460,495
18,459,501
18,451,493
18,440,482
18,303,492
18,310,491
18,311,485
18,314,480
18,320,493
18,333,502
18,332,494
18,361,483
18,361,492
18,358,497
18,360,502
18,373,489
18,376,496
18,380,499
18,260,507
18,261,496
18,272,499
18,107,516
18,295,498
18,305,507
18,296,505
18,1702,605
19,452,802
19,90,494
19,101,464
19,102,458
19,66,497
19,68,491
19,140,456
19,136,459
19,78,475
19,124,332
19,101,372
19,228,481
19,226,486
19,225,491
19,150,498
19,150,492
19,44,458
19,40,463
19,41,452
19,41,449
19,66,508
19,66,517
19,458,473
19,11,502
19,12,507
19,12,512
19,394,464
19,393,470
19,171,484
19,186,486
19,189,492
19,266,483
19,366,476
19,305,480
19,474,472
19,474,480
19,536,471
19,536,476
19,532,480
19,654,464
19,656,469
19,844,443
19,842,450
19,909,441
19,909,446
19,843,458
19,1268,483
19,1220,468
19,1185,458
19,1163,453
19,1156,444
19,1153,449
19,1141,444
19,1142,438
19,1347,503
19,1357,516
19,1359,508
19,1368,514
19,1377,515
19,1473,533
19,1471,557
19,1470,565
19,1524,550
19,1524,556
19,1525,586
19,1508,580
19,1563,597
19,1596,622
19,1615,620
19,1650,641
19,1669,611
19,1693,657
19,1693,662
19,1733,676
19,1725,661
19,1725,656
19,1727,651
19,1735,641
19,1794,654
19,1796,683
19,1830,680
19,1829,687
19,1855,688
19,1498,685
19,1648,822
19,1688,831
19,1634,849
19,1684,826
19,1546,1022
19,1543,1029
19,1565,1038
19,1560,1041
19,1444,925
19,1365,848
19,1347,831
19,1343,837
19,1440,931
19,1263,763
19,1301,805
19,1310,794
19,1307,801
19,1186,769
19,1174,765
19,1142,797
19,1137,790
19,1871,235
19,543,945
19,549,946
19,586,1029
19,639,993
19,630,945
19,641,1035
19,403,723
19,641,862
19,634,849
19,626,845
19,622,818
19,629,818
19,633,814
19,385,639
19,596,637
19,608,674
19,646,981
19,159,502
19,160,509
19,419,488
19,420,494
19,440,485
19,433,486
19,434,491
19,12,520
19,20,523
19,258,510
19,257,504
19,528,569
19,522,558
19,508,554
19,504,544
19,498,533
19,453,486
19,451,482
19,450,476
19,498,510
19,494,515
19,491,506
19,486,511
19,485,516
19,478,504
19,482,500
19,485,496
19,481,490
19,472,498
19,467,489
19,464,495
19,462,502
19,454,494
19,445,483
19,306,491
19,314,491
19,314,485
19,317,480
19,324,493
19,338,501
19,337,494
19,365,483
19,365,492
19,362,497
19,364,502
19,377,488
19,380,496
19,384,499
19,265,506
19,264,496
19,276,499
19,111,516
19,299,499
19,308,507
19,299,505
19,59,520
19,58,526
19,1722,610
20,455,805
20,95,495
20,105,464
20,106,458
20,71,496
20,72,491
20,144,456
20,140,460
20,82,475
20,124,332
20,101,372
20,231,480
20,230,486
20,229,491
20,154,498
20,153,491
20,47,458
20,44,464
20,46,452
20,45,449
20,71,508
20,71,517
20,461,473
20,15,502
20,17,507
20,17,512
20,399,464
20,398,470
20,175,484
20,190,486
20,193,492
20,270,483
20,370,476
20,309,479
20,478,472
20,478,480
20,539,470
20,539,475
20,536,480
20,657,463
20,659,468
20,848,442
20,846,449
20,912,440
20,913,445
20,847,457
20,1272,484
20,1224,469
20,1189,459
20,1167,454
20,1161,444
20,1157,450
20,1146,445
20,1147,438
20,1349,504
20,1361,517
20,1362,509
20,1372,516
20,1381,516
20,1476,534
20,1474,559
20,1473,567
20,1529,552
20,1528,557
20,1529,587
20,1511,581
20,1567,598
20,1600,624
20,1619,621
20,1654,642
20,1674,612
20,1697,658
20,1697,663
20,1737,677
20,1729,662
20,1729,657
20,1731,652
20,1739,641
20,1799,656
20,1800,683
20,1835,681
20,1833,687
20,1860,689
20,1499,685
20,1651,822
20,1685,828
20,1634,848
20,1682,824
20,1549,1025
20,1546,1033
20,1569,1041
20,1564,1044
20,1447,928
20,1368,851
20,1349,833
20,1345,839
20,1443,933
20,1266,766
20,1305,808
20,1314,797
20,1310,803
20,1191,767
20,1179,762
20,1145,795
20,1140,787
20,1872,237
20,544,947
20,550,948
20,641,997
20,632,949
20,640,1034
20,406,726
20,641,865
20,624,822
20,631,823
20,635,818
20,640,812
20,628,809
20,386,647
20,600,642
20,610,677
20,647,985
20,163,501
20,423,488
20,424,494
20,444,485
20,437,487
20,438,492
20,15,520
20,260,509
20,270,502
20,525,559
20,510,556
20,506,547
20,499,536
20,457,486
20,455,482
20,455,476
20,500,513
20,495,518
20,493,509
20,488,514
20,487,519
20,481,507
20,484,503
20,487,499
20,484,492
20,475,500
20,471,490
20,468,495
20,465,502
20,456,494
20,450,484
20,309,490
20,318,491
20,318,485
20,321,480
20,327,493
20,341,501
20,342,494
20,370,483
20,369,492
20,366,497
20,368,502
20,381,488
20,384,496
20,389,499
20,271,506
20,267,495
20,278,499
20,115,515
20,302,500
20,310,508
20,302,506
20,65,520
20,63,526
20,1742,615
21,457,808
21,99,496
21,109,465
21,110,458
21,75,495
21,76,491
21,147,456
21,144,460
21,86,476
21,124,332
21,101,373
21,235,480
21,234,486
21,233,491
21,157,498
21,156,491
21,50,459
21,48,465
21,50,453
21,49,449
21,75,508
21,75,517
21,465,473
21,18,502
21,21,507
21,21,511
21,403,463
21,404,470
21,179,483
21,194,485
21,196,491
21,274,482
21,374,476
21,313,478
21,482,472
21,482,480
21,542,469
21,542,474
21,540,480
21,660,462
21,662,468
21,852,442
21,850,449
21,916,440
21,917,445
21,850,457
21,1276,485
21,1227,470
21,1192,459
21,1171,454
21,1165,445
21,1161,452
21,1150,446
21,1151,439
21,1351,505
21,1365,518
21,1366,511
21,1377,518
21,1385,517
21,1480,536
21,1478,561
21,1477,569
21,1533,553
21,1532,558
21,1532,587
21,1513,581
21,1571,599
21,1605,626
21,1623,622
21,1658,644
21,1679,614
21,1700,659
21,1700,664
21,1742,677
21,1733,663
21,1733,658
21,1734,653
21,1743,642
21,1803,658
21,1803,684
21,1839,682
21,1838,688
21,1864,690
21,1501,685
21,1654,823
21,1682,825
21,1635,848
21,1679,822
21,1552,1028
21,1549,1036
21,1572,1043
21,1567,1047
21,1450,931
21,1372,854
21,1352,836
21,1348,841
21,1446,936
21,1270,769
21,1308,811
21,1317,800
21,1313,806
21,1195,765
21,1183,758
21,1148,792
21,1143,785
21,1874,240
21,545,949
21,551,951
21,643,1001
21,633,953
21,640,1033
21,408,729
21,641,865
21,624,826
21,631,828
21,637,820
21,640,813
21,629,814
21,387,654
21,603,647
21,648,989
21,168,501
21,113,518
21,426,487
21,427,494
21,446,484
21,440,486
21,441,492
21,262,508
21,276,501
21,528,561
21,512,558
21,508,549
21,500,539
21,460,487
21,459,483
21,459,477
21,502,516
21,497,521
21,495,512
21,490,517
21,489,522
21,483,509
21,486,506
21,489,501
21,487,494
21,478,502
21,474,491
21,471,496
21,467,503
21,458,495
21,453,486
21,313,490
21,322,490
21,322,485
21,325,480
21,331,493
21,346,501
21,347,494
21,372,483
21,372,491
21,370,496
21,372,502
21,384,487
21,387,494
21,392,498
21,276,506
21,271,493
21,282,497
21,119,515
21,306,502
21,312,508
21,305,506
21,70,520
21,69,526
21,1762,620
22,460,811
22,104,496
22,113,465
22,114,458
22,80,495
22,80,492
22,150,456
22,147,460
22,91,477
22,124,332
22,101,373
22,238,479
22,237,485
22,236,490
22,160,498
22,160,491
22,53,460
22,52,466
22,55,454
22,53,450
22,79,508
22,80,517
22,469,473
22,22,502
22,26,506
22,26,511
22,408,462
22,409,470
22,183,483
22,199,484
22,200,491
22,278,482
22,378,476
22,316,477
22,487,473
22,486,480
22,545,469
22,545,474
22,543,480
22,663,461
22,665,467
22,855,441
22,853,448
22,919,439
22,920,444
22,854,456
22,1279,486
22,1230,471
22,1196,460
22,1175,455
22,1168,446
22,1164,452
22,1153,446
22,1154,439
22,1355,506
22,1369,519
22,1370,512
22,1380,519
22,1387,517
22,1484,538
22,1481,563
22,1481,571
22,1537,555
22,1536,560
22,1536,588
22,1516,582
22,1574,600
22,1608,627
22,1626,623
22,1661,645
22,1683,615
22,1703,659
22,1703,665
22,1746,677
22,1737,664
22,1737,659
22,1738,654
22,1746,644
22,1807,660
22,1807,684
22,1843,683
22,1843,688
22,1868,691
22,1502,685
22,1657,823
22,1678,821
22,1635,847
22,1675,820
22,1555,1031
22,1551,1039
22,1575,1046
22,1570,1050
22,1454,933
22,1375,858
22,1355,838
22,1350,844
22,1450,939
22,1273,772
22,1312,813
22,1321,803
22,1317,808
22,1200,763
22,1187,756
22,1151,789
22,1145,783
22,1875,242
22,545,952
22,552,954
22,644,1005
22,634,957
22,640,1032
22,410,732
22,641,869
22,624,830
22,631,832
22,638,823
22,641,815
22,631,819
22,388,661
22,603,652
22,649,993
22,173,501
22,119,518
22,430,487
22,430,494
22,448,484
22,443,485
22,445,492
22,265,508
22,280,501
22,531,562
22,515,560
22,509,551
22,502,542
22,463,488
22,463,483
22,463,478
22,503,519
22,499,523
22,496,515
22,492,520
22,491,525
22,485,511
22,488,508
22,491,503
22,489,496
22,480,504
22,477,492
22,473,497
22,469,504
22,461,496
22,457,487
22,317,491
22,326,490
22,325,485
22,329,481
22,336,493
22,351,501
22,352,494
22,374,483
22,375,490
22,374,496
22,376,502
22,388,486
22,390,493
22,396,497
22,281,505
22,275,492
22,285,496
22,124,514
22,309,502
22,314,508
22,308,506
22,74,519
22,74,525
22,1782,625
23,462,813
23,108,496
23,117,465
23,118,458
23,83,495
23,83,492
23,153,455
23,151,460
23,96,478
23,125,331
23,101,373
23,242,478
23,241,484
23,240,490
23,163,498
23,163,491
23,56,461
23,56,467
23,60,455
23,57,450
23,83,507
23,84,517
23,472,472
23,26,501
23,30,505
23,30,511
23,412,461
23,414,469
23,187,483
23,203,484
23,204,491
23,283,481
23,382,475
23,320,477
23,491,474
23,490,481
23,548,468
23,548,474
23,547,480
23,667,461
23,669,467
23,859,440
23,857,447
23,923,438
23,924,443
23,858,456
23,1283,487
23,1232,472
23,1200,461
23,1179,456
23,1172,447
23,1168,453
23,1157,447
23,1158,440
23,1359,507
23,1373,520
23,1374,514
23,1383,521
23,1390,517
23,1488,540
23,1485,565
23,1485,573
23,1540,556
23,1539,561
23,1539,590
23,1519,583
23,1578,601
23,1612,629
23,1629,624
23,1665,646
23,1687,616
23,1705,660
23,1705,666
23,1750,678
23,1741,665
23,1741,660
23,1742,655
23,1750,645
23,1811,662
23,1811,684
23,1847,684
23,1847,688
23,1872,692
23,1503,685
23,1659,823
23,1677,821
23,1635,846
23,1674,820
23,1558,1034
23,1554,1042
23,1578,1048
23,1573,1053
23,1457,936
23,1379,861
23,1358,841
23,1353,846
23,1453,942
23,1276,775
23,1316,816
23,1324,806
23,1320,811
23,1204,761
23,1192,754
23,1154,786
23,1148,781
23,1877,244
23,546,954
23,553,957
23,644,1008
23,634,961
23,640,1031
23,412,735
23,640,874
23,624,834
23,631,837
23,638,826
23,641,819
23,632,822
23,389,668
23,604,657
23,177,500
23,126,519
23,433,487
23,433,494
23,450,484
23,446,485
23,448,492
23,267,507
23,279,501
23,518,561
23,511,553
23,504,544
23,465,489
23,466,484
23,467,479
23,505,521
23,500,526
23,497,518
23,493,523
23,492,528
23,487,514
23,490,511
23,493,506
23,491,499
23,482,507
23,479,494
23,475,499
23,471,505
23,463,496
23,460,488
23,321,491
23,329,490
23,329,485
23,333,481
23,340,492
23,354,500
23,355,493
23,377,482
23,379,489
23,378,495
23,380,501
23,392,485
23,394,492
23,400,496
23,282,505
23,278,492
23,287,496
23,128,514
23,313,501
23,317,508
23,312,505
23,77,518
23,79,525
23,1804,629
24,464,815
24,113,497
24,121,466
24,122,458
24,86,496
24,86,492
24,156,455
24,154,460
24,101,479
24,125,331
24,101,373
24,245,478
24,244,483
24,244,490
24,166,498
24,167,491
24,59,462
24,59,468
24,63,456
24,60,451
24,88,507
24,476,472
24,30,500
24,34,504
24,34,510
24,417,460
24,418,468
24,190,482
24,206,483
24,207,490
24,287,480
24,385,474
24,323,477
24,496,475
24,494,481
24,551,467
24,551,473
24,551,479
24,669,460
24,672,466
24,863,439
24,861,447
24,926,438
24,927,442
24,862,455
24,1287,488
24,1235,473
24,1203,461
24,1183,457
24,1175,448
24,1171,454
24,1160,448
24,1161,441
24,1362,508
24,1376,521
24,1377,515
24,1386,522
24,1393,518
24,1492,542
24,1489,567
24,1489,575
24,1543,558
24,1542,563
24,1543,592
24,1521,584
24,1581,602
24,1616,631
24,1633,626
24,1669,648
24,1691,618
24,1708,661
24,1707,666
24,1755,679
24,1744,666
24,1744,660
24,1745,655
24,1754,647
24,1815,664
24,1815,685
24,1851,685
24,1851,690
24,1876,693
24,1503,685
24,1661,821
24,1677,823
24,1635,846
24,1673,821
24,1562,1036
24,1557,1045
24,1582,1051
24,1576,1057
24,1460,939
24,1382,864
24,1360,843
24,1355,848
24,1456,944
24,1279,777
24,1320,818
24,1327,809
24,1323,813
24,1209,759
24,1196,752
24,1157,783
24,1150,779
24,1878,247
24,547,956
24,554,960
24,645,1012
24,634,965
24,639,1030
24,414,739
24,398,706
24,638,879
24,624,838
24,632,841
24,638,830
24,641,824
24,631,826
24,631,807
24,391,675
24,605,661
24,181,500
24,129,518
24,436,486
24,436,493
24,453,482
24,449,484
24,451,490
24,269,506
24,278,501
24,521,563
24,513,555
24,505,547
24,468,489
24,470,484
24,471,479
24,506,524
24,502,528
24,498,521
24,494,526
24,494,531
24,489,517
24,492,513
24,495,509
24,493,501
24,484,509
24,482,495
24,478,500
24,474,506
24,466,497
24,463,489
24,325,491
24,333,490
24,334,485
24,337,481
24,344,492
24,358,499
24,359,492
24,381,481
24,382,489
24,381,494
24,383,500
24,395,484
24,398,491
24,403,496
24,284,504
24,282,491
24,289,496
24,132,513
24,316,499
24,321,507
24,315,504
24,81,517
24,84,523
24,1825,633
25,466,817
25,116,496
25,124,466
25,125,458
25,90,496
25,90,491
25,159,455
25,157,460
25,104,479
25,125,330
25,101,372
25,249,477
25,247,482
25,247,489
25,169,497
25,170,491
25,63,462
25,61,469
25,66,457
25,63,452
25,92,506
25,479,472
25,34,499
25,37,504
25,38,509
25,421,459
25,422,467
25,194,481
25,209,482
25,211,489
25,291,479
25,388,474
25,327,477
25,500,475
25,498,481
25,554,466
25,553,472
25,554,478
25,672,459
25,675,465
25,866,438
25,865,446
25,930,437
25,931,441
25,865,454
25,1290,489
25,1238,474
25,1207,462
25,1187,458
25,1179,449
25,1175,455
25,1164,449
25,1165,442
25,1365,510
25,1379,522
25,1380,516
25,1389,523
25,1396,519
25,1496,543
25,1492,569
25,1493,577
25,1547,560
25,1546,565
25,1547,593
25,1524,585
25,1585,603
25,1619,633
25,1636,627
25,1673,649
25,1695,619
25,1710,661
25,1710,667
25,1759,681
25,1748,666
25,1748,661
25,1749,656
25,1757,649
25,1818,665
25,1818,686
25,1854,686
25,1855,691
25,1880,694
25,1503,685
25,1663,819
25,1677,825
25,1634,846
25,1672,822
25,1565,1039
25,1560,1047
25,1585,1054
25,1578,1060
25,1463,942
25,1385,867
25,1363,846
25,1358,851
25,1459,947
25,1282,780
25,1324,821
25,1331,812
25,1327,816
25,1214,757
25,1201,750
25,1160,781
25,1153,776
25,1880,249
25,548,959
25,555,963
25,646,1015
25,634,969
25,639,1029
25,416,742
25,399,709
25,637,883
25,624,840
25,632,843
25,637,835
25,641,829
25,630,830
25,632,812
25,625,805
25,392,678
25,606,665
25,184,499
25,186,506
25,132,517
25,439,486
25,439,492
25,456,481
25,451,483
25,454,489
25,7,512
25,7,519
25,271,505
25,278,500
25,523,564
25,515,557
25,507,550
25,470,489
25,473,484
25,475,479
25,507,526
25,504,531
25,499,524
25,496,529
25,496,534
25,491,520
25,493,516
25,497,512
25,495,503
25,485,511
25,484,497
25,480,501
25,476,507
25,468,498
25,466,490
25,328,490
25,336,491
25,338,485
25,340,481
25,348,491
25,361,499
25,362,492
25,385,480
25,386,489
25,385,494
25,387,499
25,398,483
25,402,490
25,406,496
25,285,501
25,285,490
25,293,496
25,137,513
25,319,498
25,324,507
25,318,503
25,85,516
25,88,522
25,1846,637
26,468,819
26,120,496
26,127,466
26,128,458
26,93,495
26,93,490
26,162,454
26,160,460
26,108,479
26,125,330
26,101,371
26,252,476
26,251,481
26,250,488
26,171,497
26,173,491
26,66,463
26,64,470
26,69,458
26,66,453
26,96,506
26,482,472
26,38,498
26,40,503
26,41,508
26,426,458
26,426,466
26,198,480
26,212,481
26,215,488
26,295,478
26,392,473
26,331,477
26,504,475
26,502,480
26,556,465
26,555,471
26,556,477
26,675,458
26,678,464
26,870,438
26,868,445
26,933,436
26,934,441
26,869,453
26,1293,490
26,1241,474
26,1212,462
26,1190,458
26,1182,449
26,1179,455
26,1168,449
26,1168,443
26,1368,511
26,1383,524
26,1383,517
26,1392,525
26,1399,521
26,1500,545
26,1496,571
26,1497,579
26,1550,562
26,1549,567
26,1551,595
26,1526,586
26,1588,604
26,1623,634
26,1639,628
26,1677,650
26,1699,620
26,1712,662
26,1712,668
26,1763,682
26,1751,667
26,1752,662
26,1753,657
26,1761,650
26,1822,666
26,1822,687
26,1858,687
26,1859,692
26,1884,695
26,1503,685
26,1665,817
26,1677,827
26,1634,846
26,1671,823
26,1568,1041
26,1563,1050
26,1588,1057
26,1581,1063
26,1466,945
26,1387,869
26,1365,848
26,1361,854
26,1462,950
26,1285,783
26,1327,824
26,1333,814
26,1330,818
26,1217,755
26,1205,748
26,1162,779
26,1155,772
26,1881,252
26,548,961
26,555,965
26,647,1019
26,635,973
26,639,1029
26,418,745
26,400,712
26,636,887
26,642,831
26,630,832
26,632,815
26,625,807
26,607,669
26,187,498
26,189,504
26,136,517
26,443,486
26,442,492
26,459,480
26,454,483
26,458,487
26,40,514
26,10,512
26,9,519
26,273,505
26,277,500
26,525,565
26,517,558
26,510,552
26,473,489
26,476,484
26,479,479
26,508,529
26,505,533
26,500,527
26,497,532
26,497,537
26,492,523
26,495,519
26,498,515
26,496,506
26,487,514
26,486,498
26,482,502
26,478,508
26,470,499
26,469,491
26,331,489
26,339,491
26,341,485
26,343,481
26,352,490
26,364,499
26,364,492
26,387,479
26,388,487
26,388,493
26,391,498
26,402,482
26,405,489
26,409,495
26,286,498
26,288,488
26,296,497
26,142,512
26,322,497
26,327,506
26,321,502
26,89,515
26,92,521
26,1866,640
27,470,821
27,124,496
27,130,466
27,131,459
27,97,495
27,97,490
27,164,454
27,164,460
27,112,479
27,125,329
27,100,371
27,256,474
27,254,481
27,253,487
27,174,497
27,176,490
27,70,463
27,68,470
27,72,459
27,68,455
27,101,504
27,485,472
27,41,497
27,44,502
27,44,507
27,430,457
27,430,465
27,201,478
27,216,479
27,218,486
27,300,478
27,395,473
27,335,477
27,507,475
27,506,480
27,559,464
27,557,470
27,559,476
27,678,457
27,681,464
27,873,437
27,872,445
27,936,436
27,937,440
27,872,453
27,1296,491
27,1244,475
27,1216,463
27,1194,459
27,1186,450
27,1183,456
27,1172,450
27,1172,444
27,1371,513
27,1386,525
27,1386,518
27,1395,526
27,1402,522
27,1504,547
27,1499,573
27,1500,580
27,1553,563
27,1552,568
27,1554,596
27,1529,587
27,1591,606
27,1627,636
27,1643,630
27,1680,652
27,1703,621
27,1714,663
27,1714,668
27,1768,683
27,1754,668
27,1755,662
27,1756,657
27,1765,652
27,1826,667
27,1825,688
27,1861,687
27,1862,694
27,1887,695
27,1503,685
27,1664,815
27,1676,829
27,1634,847
27,1670,826
27,1571,1044
27,1566,1052
27,1591,1061
27,1583,1067
27,1469,948
27,1389,872
27,1368,851
27,1364,857
27,1465,953
27,1287,786
27,1330,827
27,1336,817
27,1333,821
27,1221,753
27,1210,747
27,1165,777
27,1158,768
27,1883,254
27,549,964
27,555,968
27,647,1023
27,635,975
27,639,1028
27,420,748
27,401,716
27,636,891
27,644,836
27,630,834
27,632,818
27,626,810
27,608,673
27,612,703
27,657,1015
27,190,496
27,193,503
27,139,516
27,446,485
27,445,491
27,462,478
27,457,482
27,461,485
27,44,514
27,58,521
27,12,512
27,11,518
27,278,505
27,277,499
27,527,567
27,520,560
27,512,554
27,476,490
27,478,485
27,481,480
27,510,531
27,506,535
27,502,530
27,498,534
27,498,539
27,494,526
27,496,521
27,500,518
27,498,508
27,488,516
27,487,500
27,484,504
27,481,508
27,473,500
27,472,491
27,335,489
27,343,492
27,344,486
27,347,482
27,355,489
27,368,498
27,367,491
27,390,479
27,391,486
27,392,492
27,395,497
27,406,482
27,409,488
27,413,494
27,287,495
27,291,487
27,299,501
27,145,511
27,325,495
27,330,506
27,324,501
27,93,514
27,96,520
27,1887,644
28,472,823
28,128,496
28,133,466
28,135,459
28,100,495
28,101,489
28,167,454
28,167,460
28,115,480
28,125,329
28,100,370
28,259,473
28,257,480
28,255,486
28,176,497
28,179,490
28,74,463
28,71,470
28,75,459
28,69,456
28,105,502
28,488,473
28,45,496
28,47,501
28,48,506
28,435,457
28,435,465
28,205,477
28,219,478
28,222,485
28,304,477
28,398,472
28,339,477
28,511,474
28,510,479
28,562,464
28,559,469
28,562,476
28,681,456
28,684,463
28,877,436
28,876,443
28,939,435
28,940,440
28,876,452
28,1300,492
28,1247,476
28,1221,464
28,1198,460
28,1189,451
28,1187,457
28,1177,451
28,1175,445
28,1374,514
28,1389,526
28,1389,519
28,1398,527
28,1405,523
28,1508,549
28,1503,575
28,1504,582
28,1556,565
28,1556,570
28,1557,598
28,1531,588
28,1594,608
28,1630,638
28,1646,631
28,1683,653
28,1706,622
28,1717,664
28,1716,669
28,1772,684
28,1758,669
28,1759,663
28,1760,658
28,1769,654
28,1830,668
28,1829,689
28,1865,688
28,1866,695
28,1891,696
28,1503,685
28,1664,814
28,1676,832
28,1634,848
28,1669,829
28,1575,1047
28,1569,1056
28,1595,1064
28,1586,1069
28,1472,951
28,1392,875
28,1371,854
28,1367,861
28,1468,957
28,1290,790
28,1333,830
28,1338,820
28,1336,823
28,1225,751
28,1214,746
28,1167,775
28,1160,765
28,1885,256
28,549,967
28,556,970
28,648,1028
28,636,978
28,638,1027
28,423,752
28,402,719
28,636,894
28,645,838
28,631,835
28,632,821
28,627,813
28,609,677
28,612,707
28,658,1021
28,194,495
28,198,502
28,206,507
28,193,508
28,143,515
28,449,485
28,448,490
28,466,475
28,460,480
28,464,483
28,48,514
28,61,520
28,15,512
28,13,518
28,280,505
28,277,497
28,529,568
28,522,561
28,515,556
28,478,492
28,481,486
28,484,481
28,511,534
28,507,538
28,503,533
28,498,537
28,498,541
28,495,530
28,497,523
28,501,521
28,499,512
28,489,519
28,489,502
28,486,505
28,483,509
28,475,501
28,474,493
28,338,489
28,346,492
28,346,486
28,349,483
28,359,489
28,371,496
28,370,489
28,394,478
28,395,485
28,396,491
28,398,496
28,410,481
28,413,487
28,150,511
28,329,494
28,333,505
28,328,500
28,97,513
28,100,518
28,1908,647
29,473,825
29,132,496
29,136,466
29,138,460
29,104,495
29,104,489
29,170,454
29,170,460
29,119,480
29,125,328
29,100,370
29,262,472
29,260,480
29,259,485
29,178,497
29,182,490
29,76,465
29,75,471
29,78,460
29,70,460
29,110,501
29,112,510
29,491,476
29,49,496
29,51,501
29,52,506
29,440,457
29,440,464
29,209,477
29,223,478
29,225,485
29,307,477
29,401,471
29,343,477
29,515,474
29,514,479
29,565,464
29,562,469
29,565,476
29,685,456
29,687,463
29,880,435
29,879,442
29,943,435
29,944,440
29,879,451
29,1303,493
29,1249,476
29,1224,465
29,1201,461
29,1193,452
29,1191,458
29,1180,452
29,1179,446
29,1377,515
29,1391,527
29,1392,520
29,1400,528
29,1408,524
29,1511,551
29,1507,576
29,1507,584
29,1559,566
29,1559,571
29,1560,599
29,1533,588
29,1597,609
29,1633,639
29,1649,632
29,1685,655
29,1709,624
29,1719,665
29,1718,670
29,1776,686
29,1761,670
29,1762,664
29,1763,659
29,1773,655
29,1833,669
29,1832,690
29,1868,689
29,1870,696
29,1895,697
29,1504,685
29,1664,813
29,1676,835
29,1634,849
29,1668,831
29,1578,1051
29,1572,1059
29,1598,1066
29,1589,1071
29,1475,954
29,1395,878
29,1373,856
29,1369,863
29,1471,959
29,1293,793
29,1336,834
29,1341,822
29,1338,826
29,1229,749
29,1219,745
29,1170,773
29,1163,763
29,1886,259
29,550,970
29,556,973
29,648,1033
29,636,981
29,638,1026
29,423,753
29,403,722
29,636,898
29,645,838
29,631,835
29,632,824
29,628,816
29,610,678
29,612,712
29,658,1024
29,199,495
29,204,501
29,210,507
29,198,508
29,146,514
29,453,485
29,452,490
29,470,474
29,464,479
29,467,482
29,52,513
29,63,520
29,19,512
29,17,518
29,279,505
29,280,497
29,525,563
29,518,558
29,481,493
29,483,487
29,486,483
29,513,536
29,508,540
29,504,536
29,499,539
29,499,543
29,496,533
29,497,525
29,502,524
29,500,515
29,490,522
29,492,504
29,488,506
29,485,510
29,477,502
29,476,494
29,342,489
29,349,493
29,348,487
29,351,484
29,362,489
29,375,495
29,373,488
29,397,477
29,399,485
29,400,490
29,401,495
29,413,480
29,416,486
29,152,509
29,332,493
29,336,505
29,331,499
29,102,512
29,105,517
30,474,828
30,137,496
30,139,467
30,141,461
30,107,495
30,108,489
30,174,454
30,172,460
30,123,480
30,125,327
30,100,369
30,265,472
30,264,480
30,263,484
30,181,498
30,184,490
30,78,466
30,80,471
30,82,461
30,71,464
30,114,500
30,116,510
30,494,479
30,53,495
30,55,500
30,56,505
30,444,457
30,444,463
30,212,477
30,226,478
30,228,484
30,311,476
30,405,470
30,345,479
30,519,474
30,517,479
30,568,464
30,566,469
30,569,476
30,688,456
30,690,463
30,884,434
30,882,440
30,946,435
30,947,440
30,1306,494
30,1252,477
30,1227,466
30,1205,462
30,1198,453
30,1194,459
30,1184,454
30,1183,447
30,1381,516
30,1394,528
30,1396,521
30,1403,529
30,1411,525
30,1515,553
30,1510,578
30,1510,585
30,1563,567
30,1562,572
30,1564,600
30,1535,589
30,1600,611
30,1637,641
30,1653,633
30,1688,656
30,1713,625
30,1723,665
30,1720,670
30,1781,686
30,1766,671
30,1766,665
30,1766,659
30,1777,656
30,1837,671
30,1836,691
30,1872,690
30,1874,698
30,1899,698
30,1504,685
30,1665,815
30,1674,837
30,1634,850
30,1667,834
30,1581,1055
30,1575,1062
30,1601,1069
30,1592,1074
30,1478,957
30,1399,881
30,1376,858
30,1372,865
30,1474,961
30,1295,796
30,1340,839
30,1344,825
30,1341,829
30,1233,749
30,1223,744
30,1174,770
30,1166,761
30,1888,261
30,550,973
30,556,975
30,650,1037
30,636,985
30,638,1025
30,424,754
30,405,725
30,635,904
30,627,908
30,619,908
30,645,838
30,631,835
30,632,824
30,628,816
30,624,805
30,610,678
30,612,716
30,659,1030
30,203,495
30,211,500
30,214,506
30,202,508
30,150,513
30,456,486
30,455,492
30,473,474
30,467,479
30,471,482
30,56,511
30,66,519
30,278,505
30,283,496
30,528,565
30,520,559
30,483,494
30,485,489
30,488,485
30,515,539
30,510,543
30,506,540
30,500,542
30,500,546
30,497,536
30,498,527
30,503,526
30,501,518
30,491,525
30,494,506
30,490,508
30,479,510
30,480,505
30,479,495
30,346,490
30,353,494
30,351,488
30,354,485
30,365,489
30,378,495
30,377,487
30,400,477
30,402,484
30,403,489
30,404,494
30,417,480
30,419,486
30,423,491
30,157,510
30,335,492
30,337,504
30,334,498
30,106,511
30,109,516
30,385,629
