1,15,355
1,7,349
1,41,373
1,48,419
1,87,419
1,89,373
1,101,377
1,109,372
1,43,351
1,44,343
1,26,343
1,67,358
1,119,388
1,84,347
1,145,402
1,128,350
1,157,387
1,185,377
1,153,359
1,150,350
1,205,330
1,208,338
1,211,345
1,246,333
1,295,331
1,291,324
1,313,318
1,276,339
1,322,300
1,347,291
1,352,295
1,351,303
1,367,307
1,370,312
1,288,407
1,280,405
1,304,381
1,425,283
1,407,296
1,441,304
1,446,311
1,447,298
1,435,282
1,463,308
1,461,300
1,468,310
1,470,305
1,469,291
1,478,270
1,489,267
1,511,307
1,512,313
1,515,303
1,509,296
1,560,343
1,575,341
1,561,311
1,551,310
1,575,319
1,571,309
1,651,320
1,676,310
1,587,316
1,561,283
1,566,291
1,574,301
1,583,308
1,533,295
1,584,300
1,617,323
1,609,305
1,637,307
1,611,318
1,593,289
1,690,291
1,704,292
1,671,323
1,672,330
1,678,334
1,775,334
1,781,322
1,788,292
1,807,302
1,801,310
1,835,275
1,829,281
1,843,299
1,849,312
1,847,321
1,863,316
1,864,309
1,814,332
1,833,347
1,822,382
1,841,383
1,819,363
1,920,390
1,873,340
1,934,356
1,881,267
1,893,288
1,943,296
1,892,275
1,933,279
1,953,328
1,1014,321
1,1048,331
1,1078,322
1,1082,356
1,1085,350
1,1091,305
1,1100,292
1,1097,300
1,1045,265
1,1164,282
1,1140,256
1,1134,350
1,1130,344
1,1121,299
1,1123,303
1,1152,332
1,1204,315
1,1137,370
1,1226,338
1,1233,329
1,1204,372
1,1212,362
1,1217,374
1,1227,351
1,1232,358
1,1227,369
1,1237,345
1,1250,347
1,1264,333
1,1263,340
1,1265,372
1,1271,391
1,1265,405
1,1279,402
1,1297,336
1,1303,369
1,1300,373
1,1305,394
1,1317,319
1,1298,425
1,1308,426
1,1294,435
1,1308,451
1,1324,439
1,1333,445
1,1337,445
1,1325,461
1,1333,480
1,1338,459
1,1345,482
1,1349,479
1,1353,459
1,1356,444
1,1338,403
1,1345,395
1,1355,415
1,1373,457
1,1370,360
1,1382,338
1,1365,516
1,1372,511
1,1376,504
1,1293,300
1,1304,286
1,1317,177
1,1312,192
1,1378,258
1,1318,282
1,1373,308
1,1381,299
1,1374,217
1,1386,212
1,1397,223
1,1391,229
1,1391,220
1,1384,235
1,1405,231
1,1414,229
1,1489,171
1,1471,307
1,1459,302
1,1626,72
1,1630,66
1,1634,62
1,1679,203
1,1685,203
1,1675,254
1,1684,274
1,1684,260
1,1709,259
1,1707,270
1,1701,336
1,1702,251
1,1660,422
1,1645,481
1,1636,489
1,1569,510
1,1569,516
1,1317,658
1,1354,681
1,1368,699
1,1379,667
1,1387,672
1,1375,636
1,1401,608
1,1321,583
1,1332,603
1,1371,526
1,1348,538
1,1346,552
1,1361,551
1,1376,539
1,1384,546
1,1388,517
1,1389,525
1,1397,531
1,1404,523
1,1391,508
1,1413,515
1,1411,503
1,1438,507
1,1424,527
1,1355,425
1,1414,541
1,1409,560
1,1421,562
1,1430,555
1,1433,546
1,1450,550
1,1473,554
1,1495,564
1,1445,526
1,1444,530
1,1531,504
1,1394,512
1,1529,553
1,1537,535
1,1543,528
1,1818,633
1,1840,625
1,1849,625
1,1551,551
1,1567,533
1,1572,561
1,1580,549
1,1596,571
1,1598,555
1,1697,575
1,1664,554
1,1658,563
1,1629,563
1,1616,555
1,19,603
1,162,596
1,185,595
1,324,590
1,430,595
1,748,591
1,673,586
1,925,605
1,943,615
1,960,619
1,982,620
1,1002,616
1,1007,616
1,1034,645
1,1055,637
1,1050,641
1,1163,665
1,1162,672
1,1060,657
1,1182,672
1,1046,627
1,1193,685
1,1748,807
1,1749,815
1,1779,824
1,1779,818
1,1781,812
2,15,354
2,6,346
2,35,373
2,47,418
2,86,418
2,85,373
2,96,378
2,104,372
2,42,350
2,43,342
2,26,342
2,67,357
2,127,386
2,83,346
2,148,401
2,122,352
2,162,387
2,186,376
2,149,359
2,147,351
2,199,332
2,202,339
2,216,345
2,240,333
2,289,332
2,286,325
2,309,322
2,281,341
2,321,299
2,342,295
2,347,299
2,347,306
2,363,307
2,366,313
2,288,406
2,280,404
2,304,380
2,429,277
2,410,291
2,434,303
2,444,311
2,440,298
2,433,283
2,458,307
2,456,300
2,465,308
2,467,303
2,472,292
2,479,273
2,489,273
2,509,305
2,509,311
2,516,303
2,513,296
2,566,343
2,581,342
2,565,315
2,553,308
2,577,319
2,570,308
2,644,322
2,670,312
2,586,314
2,561,283
2,566,290
2,574,300
2,583,307
2,533,294
2,584,299
2,612,323
2,607,304
2,634,308
2,610,318
2,593,288
2,689,289
2,702,295
2,676,320
2,678,327
2,683,331
2,782,335
2,784,323
2,787,291
2,805,302
2,796,310
2,838,274
2,833,280
2,837,299
2,843,312
2,841,320
2,857,315
2,858,308
2,821,333
2,839,346
2,822,381
2,841,383
2,819,362
2,920,389
2,878,341
2,939,355
2,884,269
2,889,289
2,949,297
2,887,278
2,928,279
2,947,327
2,1006,321
2,1039,331
2,1068,321
2,1089,355
2,1091,350
2,1096,307
2,1105,293
2,1102,302
2,1045,264
2,1164,281
2,1140,255
2,1140,349
2,1136,343
2,1125,299
2,1127,303
2,1144,331
2,1195,317
2,1130,370
2,1220,336
2,1227,327
2,1203,373
2,1207,361
2,1211,372
2,1234,352
2,1227,358
2,1222,368
2,1231,344
2,1244,342
2,1260,330
2,1259,338
2,1259,370
2,1265,389
2,1261,404
2,1274,398
2,1293,333
2,1299,365
2,1296,369
2,1303,389
2,1315,316
2,1296,420
2,1305,419
2,1292,430
2,1306,446
2,1325,446
2,1331,440
2,1338,438
2,1326,467
2,1335,486
2,1334,454
2,1342,476
2,1347,473
2,1352,454
2,1354,438
2,1334,399
2,1341,391
2,1351,410
2,1371,452
2,1373,369
2,1379,346
2,1360,509
2,1369,505
2,1374,499
2,1292,299
2,1308,288
2,1317,176
2,1312,191
2,1376,251
2,1317,281
2,1378,306
2,1381,293
2,1376,211
2,1386,211
2,1397,222
2,1392,229
2,1391,219
2,1384,234
2,1405,226
2,1415,225
2,1485,162
2,1467,313
2,1455,306
2,1625,71
2,1630,65
2,1634,61
2,1679,209
2,1686,209
2,1674,250
2,1683,279
2,1681,267
2,1711,262
2,1707,269
2,1699,326
2,1702,245
2,1661,416
2,1649,474
2,1641,482
2,1576,507
2,1577,515
2,1317,663
2,1355,687
2,1370,704
2,1377,673
2,1386,679
2,1374,643
2,1401,615
2,1322,574
2,1333,595
2,1365,521
2,1351,539
2,1349,555
2,1362,551
2,1375,535
2,1383,542
2,1385,514
2,1384,522
2,1393,527
2,1401,523
2,1394,507
2,1409,515
2,1415,502
2,1433,510
2,1420,528
2,1355,422
2,1409,547
2,1415,561
2,1431,564
2,1437,557
2,1441,547
2,1456,548
2,1481,554
2,1503,565
2,1440,526
2,1439,530
2,1523,504
2,1395,512
2,1537,554
2,1531,535
2,1537,527
2,1816,633
2,1835,625
2,1842,624
2,1558,552
2,1560,533
2,1579,560
2,1587,548
2,1605,571
2,1606,554
2,1703,577
2,1672,556
2,1667,565
2,1638,563
2,1626,555
2,162,596
2,187,595
2,320,589
2,426,594
2,755,592
2,669,587
2,931,606
2,936,614
2,953,618
2,989,624
2,1002,616
2,1006,615
2,1027,642
2,1048,636
2,1046,640
2,1157,664
2,1156,670
2,1054,655
2,1174,671
2,1045,626
2,1199,686
2,1743,806
2,1743,814
2,1774,823
2,1776,817
2,1775,809
2,1784,803
3,16,354
3,6,343
3,6,390
3,29,374
3,47,418
3,86,417
3,81,373
3,91,379
3,99,373
3,42,350
3,43,342
3,26,342
3,67,357
3,135,384
3,83,346
3,151,400
3,116,354
3,167,387
3,188,376
3,145,360
3,144,353
3,193,334
3,197,341
3,221,345
3,235,333
3,283,334
3,282,326
3,305,326
3,286,343
3,320,298
3,338,299
3,342,303
3,343,309
3,360,308
3,363,314
3,288,406
3,280,404
3,304,380
3,433,272
3,414,287
3,428,303
3,442,311
3,433,298
3,431,285
3,453,307
3,452,300
3,463,306
3,464,301
3,475,294
3,481,276
3,489,279
3,507,303
3,507,310
3,518,304
3,517,297
3,572,343
3,587,343
3,569,319
3,556,305
3,580,319
3,569,308
3,638,324
3,664,314
3,585,311
3,561,283
3,566,290
3,574,300
3,582,306
3,533,294
3,584,299
3,608,323
3,606,303
3,631,309
3,610,318
3,593,288
3,689,288
3,700,299
3,682,318
3,684,325
3,688,329
3,790,336
3,788,324
3,787,291
3,803,303
3,791,311
3,842,273
3,837,279
3,831,300
3,837,312
3,835,319
3,851,315
3,853,308
3,828,334
3,845,346
3,822,381
3,841,383
3,819,362
3,920,389
3,884,342
3,944,354
3,886,270
3,884,289
3,954,299
3,882,281
3,924,279
3,942,327
3,998,322
3,1030,331
3,1059,320
3,1096,355
3,1098,350
3,1103,307
3,1110,294
3,1106,302
3,1045,264
3,1164,281
3,1140,255
3,1146,349
3,1142,343
3,1130,299
3,1131,303
3,1137,330
3,1186,319
3,1123,370
3,1215,334
3,1222,326
3,1202,374
3,1203,360
3,1206,371
3,1242,353
3,1222,359
3,1217,367
3,1225,344
3,1239,337
3,1256,328
3,1255,337
3,1254,368
3,1259,387
3,1258,403
3,1269,394
3,1290,331
3,1296,362
3,1293,366
3,1302,384
3,1313,313
3,1294,415
3,1302,413
3,1290,425
3,1305,441
3,1327,454
3,1330,435
3,1336,432
3,1328,473
3,1337,492
3,1331,450
3,1340,471
3,1345,467
3,1352,449
3,1352,433
3,1331,395
3,1337,388
3,1347,405
3,1369,447
3,1376,378
3,1376,355
3,1356,502
3,1367,500
3,1373,495
3,1291,298
3,1312,290
3,1317,176
3,1312,191
3,1375,244
3,1317,281
3,1383,304
3,1381,287
3,1378,205
3,1386,210
3,1396,221
3,1393,228
3,1391,219
3,1385,234
3,1406,221
3,1416,221
3,1482,154
3,1463,320
3,1452,311
3,1625,70
3,1630,65
3,1634,61
3,1680,215
3,1687,216
3,1673,246
3,1683,285
3,1679,274
3,1713,265
3,1707,269
3,1697,317
3,1702,239
3,1662,411
3,1654,468
3,1646,476
3,1583,505
3,1585,514
3,1317,669
3,1356,694
3,1375,680
3,1385,687
3,1374,651
3,1401,623
3,1324,566
3,1335,587
3,1360,517
3,1354,540
3,1353,558
3,1364,552
3,1374,532
3,1382,538
3,1383,512
3,1380,520
3,1390,524
3,1398,524
3,1397,507
3,1406,515
3,1419,501
3,1428,513
3,1416,529
3,1356,419
3,1404,553
3,1421,562
3,1441,566
3,1441,557
3,1450,548
3,1463,546
3,1489,555
3,1511,566
3,1436,526
3,1434,531
3,1516,505
3,1397,512
3,1546,556
3,1525,536
3,1531,526
3,1815,633
3,1830,625
3,1566,553
3,1553,533
3,1587,560
3,1595,548
3,1614,571
3,1615,554
3,1709,579
3,1681,559
3,1677,568
3,1647,563
3,1637,555
3,162,596
3,190,596
3,316,589
3,423,593
3,762,593
3,666,588
3,938,607
3,930,613
3,947,617
3,997,629
3,1002,616
3,1006,615
3,1021,640
3,1041,635
3,1042,640
3,1151,663
3,1150,668
3,1048,654
3,1167,670
3,1044,625
3,1205,688
3,1738,805
3,1738,813
3,1769,822
3,1774,816
3,1769,806
3,1782,804
3,1785,818
4,16,354
4,5,341
4,13,389
4,23,372
4,47,418
4,86,417
4,77,373
4,87,381
4,95,374
4,42,350
4,43,342
4,27,342
4,67,356
4,144,383
4,83,345
4,154,400
4,110,356
4,172,387
4,190,376
4,141,361
4,141,354
4,187,336
4,191,342
4,226,346
4,230,333
4,278,336
4,278,328
4,301,330
4,291,345
4,319,297
4,334,303
4,338,307
4,339,313
4,357,309
4,359,315
4,288,406
4,280,404
4,304,380
4,438,267
4,418,283
4,422,303
4,440,311
4,427,299
4,430,287
4,448,306
4,447,300
4,461,305
4,462,300
4,478,295
4,484,278
4,496,284
4,505,301
4,504,309
4,518,303
4,521,300
4,508,279
4,579,344
4,594,344
4,572,321
4,559,303
4,583,317
4,568,307
4,632,326
4,658,316
4,587,311
4,562,283
4,566,290
4,574,300
4,582,306
4,533,294
4,584,299
4,605,323
4,605,303
4,628,310
4,610,318
4,593,288
4,685,289
4,694,302
4,687,316
4,690,322
4,693,327
4,798,337
4,792,326
4,787,291
4,798,303
4,786,311
4,845,271
4,839,278
4,825,301
4,831,312
4,829,319
4,846,315
4,848,308
4,835,335
4,852,346
4,822,381
4,841,383
4,819,362
4,920,388
4,890,343
4,949,354
4,890,276
4,880,290
4,959,299
4,877,284
4,920,279
4,936,327
4,991,323
4,1021,331
4,1051,319
4,1002,274
4,1104,355
4,1105,350
4,1110,307
4,1113,294
4,1110,302
4,1045,263
4,1164,281
4,1140,254
4,1152,348
4,1149,343
4,1134,299
4,1135,303
4,1130,330
4,1177,321
4,1117,370
4,1210,332
4,1217,325
4,1201,375
4,1198,359
4,1201,370
4,1250,354
4,1218,360
4,1213,367
4,1219,344
4,1234,333
4,1252,326
4,1251,336
4,1248,366
4,1252,383
4,1254,399
4,1264,388
4,1287,329
4,1293,358
4,1289,362
4,1301,379
4,1311,310
4,1292,410
4,1299,407
4,1288,420
4,1303,436
4,1328,460
4,1326,430
4,1334,426
4,1330,479
4,1340,499
4,1328,445
4,1338,466
4,1343,462
4,1351,445
4,1350,427
4,1328,391
4,1334,385
4,1343,400
4,1368,442
4,1379,387
4,1374,364
4,1353,496
4,1364,492
4,1371,488
4,1290,298
4,1317,292
4,1318,175
4,1312,191
4,1375,237
4,1317,281
4,1389,302
4,1382,282
4,1381,199
4,1387,210
4,1396,221
4,1393,228
4,1391,219
4,1385,234
4,1407,217
4,1418,217
4,1393,118
4,1479,145
4,1458,326
4,1449,316
4,1624,69
4,1630,65
4,1634,61
4,1681,222
4,1689,223
4,1672,242
4,1682,291
4,1677,281
4,1715,269
4,1707,268
4,1695,308
4,1702,234
4,1663,404
4,1655,458
4,1648,467
4,1591,503
4,1591,509
4,1318,675
4,1357,700
4,1373,687
4,1384,695
4,1373,658
4,1401,631
4,1326,557
4,1336,579
4,1355,513
4,1359,541
4,1357,560
4,1365,553
4,1373,529
4,1381,534
4,1378,508
4,1376,516
4,1387,518
4,1395,524
4,1401,507
4,1402,515
4,1423,500
4,1423,516
4,1412,531
4,1357,414
4,1400,560
4,1427,564
4,1452,569
4,1445,557
4,1459,550
4,1469,544
4,1497,556
4,1520,567
4,1432,526
4,1430,531
4,1509,505
4,1399,512
4,1555,557
4,1518,534
4,1524,525
4,1813,633
4,1824,622
4,1574,555
4,1546,534
4,1595,560
4,1603,548
4,1620,569
4,1622,553
4,1716,582
4,1690,562
4,1687,571
4,1654,564
4,1642,554
4,161,595
4,192,595
4,310,588
4,418,593
4,770,595
4,659,588
4,944,609
4,924,612
4,940,616
4,1003,628
4,1003,616
4,1006,615
4,1034,635
4,1038,640
4,1144,660
4,1143,668
4,1042,653
4,1161,667
4,1044,625
4,1733,805
4,1733,812
4,1609,780
4,1764,821
4,1772,816
4,1763,804
4,1780,805
4,1779,817
4,1786,808
5,17,354
5,19,388
5,18,371
5,47,418
5,86,416
5,73,371
5,81,380
5,90,373
5,42,349
5,43,342
5,27,341
5,67,356
5,150,379
5,83,345
5,155,399
5,103,357
5,177,387
5,192,376
5,137,361
5,138,356
5,181,339
5,186,344
5,232,347
5,224,333
5,271,335
5,270,329
5,295,330
5,295,343
5,318,296
5,329,305
5,333,309
5,333,315
5,354,309
5,356,316
5,288,405
5,280,404
5,304,380
5,439,261
5,423,280
5,416,303
5,436,308
5,420,299
5,426,287
5,443,306
5,443,300
5,456,303
5,459,296
5,482,297
5,488,280
5,503,290
5,503,300
5,502,308
5,518,302
5,523,299
5,510,282
5,584,343
5,599,344
5,576,323
5,563,301
5,586,316
5,566,307
5,624,324
5,651,321
5,589,312
5,562,283
5,566,290
5,574,300
5,582,306
5,533,294
5,584,299
5,603,323
5,604,302
5,624,309
5,610,318
5,593,287
5,682,290
5,689,306
5,693,314
5,696,320
5,698,325
5,805,336
5,796,326
5,787,290
5,793,303
5,781,311
5,848,270
5,841,278
5,819,301
5,825,311
5,824,318
5,840,313
5,842,307
5,841,335
5,858,346
5,822,380
5,841,383
5,819,362
5,920,388
5,896,344
5,954,353
5,891,277
5,877,291
5,965,300
5,875,280
5,883,253
5,884,258
5,887,266
5,916,280
5,931,327
5,983,322
5,1012,331
5,1043,319
5,1005,277
5,1110,354
5,1111,349
5,1113,307
5,1116,296
5,1115,302
5,1046,263
5,1164,281
5,1140,254
5,1158,348
5,1155,342
5,1139,299
5,1140,304
5,1122,328
5,1167,321
5,1110,369
5,1204,330
5,1211,323
5,1201,376
5,1194,359
5,1197,369
5,1258,357
5,1213,356
5,1211,365
5,1212,342
5,1229,329
5,1248,324
5,1247,334
5,1243,364
5,1246,380
5,1251,396
5,1259,383
5,1284,327
5,1290,355
5,1286,359
5,1300,375
5,1309,307
5,1288,405
5,1295,401
5,1287,415
5,1302,431
5,1330,466
5,1323,426
5,1332,420
5,1332,485
5,1342,505
5,1325,441
5,1335,460
5,1339,456
5,1351,440
5,1348,422
5,1324,386
5,1330,380
5,1339,395
5,1366,437
5,1381,398
5,1372,371
5,1350,490
5,1361,485
5,1369,481
5,1288,298
5,1319,292
5,1318,175
5,1312,191
5,1376,231
5,1317,281
5,1393,292
5,1382,275
5,1383,192
5,1387,209
5,1396,220
5,1392,228
5,1391,219
5,1386,234
5,1407,211
5,1419,212
5,1392,111
5,1477,136
5,1454,333
5,1446,321
5,1624,69
5,1630,64
5,1634,61
5,1683,226
5,1690,229
5,1672,239
5,1682,297
5,1675,289
5,1716,273
5,1708,268
5,1694,299
5,1702,227
5,1664,397
5,1657,449
5,1650,459
5,1598,499
5,1599,506
5,1315,679
5,1358,707
5,1373,695
5,1382,700
5,1373,666
5,1401,639
5,1328,549
5,1338,572
5,1353,506
5,1365,542
5,1361,562
5,1367,554
5,1372,525
5,1380,530
5,1374,504
5,1372,512
5,1384,513
5,1393,525
5,1404,503
5,1399,516
5,1427,499
5,1419,517
5,1409,530
5,1359,410
5,1396,572
5,1432,565
5,1461,569
5,1450,556
5,1467,551
5,1476,542
5,1505,556
5,1528,567
5,1427,527
5,1425,532
5,1501,506
5,1401,512
5,1564,559
5,1511,532
5,1517,524
5,1812,634
5,1818,620
5,1582,554
5,1538,533
5,1601,558
5,1611,547
5,1626,568
5,1629,552
5,1722,585
5,1697,564
5,1695,572
5,1662,566
5,1653,554
5,161,594
5,194,594
5,305,588
5,414,594
5,777,595
5,653,588
5,951,610
5,918,611
5,934,616
5,1010,628
5,1003,616
5,1006,614
5,1025,633
5,1034,640
5,1137,659
5,1136,666
5,1037,655
5,1155,665
5,1043,624
5,1728,804
5,1728,811
5,1603,778
5,1761,819
5,1764,812
5,1760,804
5,1778,806
5,1774,817
5,1781,808
5,1781,816
6,17,353
6,26,388
6,13,370
6,46,418
6,85,416
6,70,369
6,76,380
6,85,373
6,42,349
6,43,342
6,28,341
6,67,355
6,157,376
6,83,345
6,157,399
6,97,358
6,182,388
6,194,376
6,133,362
6,133,355
6,174,340
6,179,344
6,238,348
6,218,333
6,264,335
6,263,330
6,290,331
6,300,341
6,317,296
6,324,307
6,328,311
6,327,318
6,351,310
6,352,317
6,288,405
6,281,404
6,304,380
6,440,255
6,428,277
6,409,304
6,426,306
6,414,300
6,422,287
6,438,305
6,438,300
6,452,301
6,453,294
6,484,300
6,491,281
6,505,294
6,498,296
6,499,304
6,518,301
6,525,299
6,512,285
6,590,343
6,605,344
6,580,325
6,563,300
6,590,315
6,563,308
6,618,324
6,644,322
6,592,310
6,563,284
6,565,289
6,574,299
6,582,305
6,533,294
6,584,298
6,600,322
6,602,301
6,621,309
6,610,318
6,593,287
6,676,292
6,684,306
6,697,310
6,700,316
6,703,321
6,812,335
6,800,326
6,787,290
6,789,303
6,776,312
6,849,268
6,845,276
6,789,264
6,813,301
6,820,310
6,819,318
6,834,311
6,836,307
6,847,335
6,864,346
6,822,380
6,841,383
6,819,362
6,920,388
6,902,345
6,959,352
6,893,279
6,874,292
6,971,300
6,870,281
6,875,253
6,876,258
6,883,268
6,911,278
6,924,325
6,975,322
6,1003,331
6,1035,319
6,1009,280
6,1116,353
6,1117,348
6,1116,307
6,1120,297
6,1119,302
6,1046,263
6,1164,281
6,1140,253
6,1164,347
6,1162,342
6,1142,298
6,1144,303
6,1114,326
6,1158,322
6,1104,368
6,1199,329
6,1205,321
6,1204,375
6,1188,359
6,1193,369
6,1264,361
6,1208,355
6,1205,362
6,1206,340
6,1223,324
6,1244,323
6,1243,333
6,1238,360
6,1240,377
6,1248,393
6,1255,378
6,1281,325
6,1287,352
6,1283,356
6,1299,370
6,1307,304
6,1285,400
6,1292,396
6,1282,410
6,1300,426
6,1336,470
6,1320,421
6,1328,414
6,1334,491
6,1345,512
6,1319,436
6,1332,455
6,1336,451
6,1351,436
6,1346,417
6,1320,381
6,1326,375
6,1335,390
6,1365,432
6,1383,409
6,1370,378
6,1347,484
6,1358,478
6,1367,475
6,1287,298
6,1322,293
6,1319,174
6,1312,191
6,1377,225
6,1317,280
6,1397,282
6,1382,268
6,1385,186
6,1387,208
6,1396,220
6,1392,228
6,1391,219
6,1386,234
6,1407,206
6,1420,207
6,1392,105
6,1475,127
6,1449,339
6,1442,328
6,1624,68
6,1630,64
6,1634,60
6,1685,230
6,1691,236
6,1671,235
6,1683,302
6,1675,296
6,1720,276
6,1708,267
6,1690,288
6,1702,220
6,1665,390
6,1658,440
6,1652,450
6,1606,496
6,1607,503
6,1312,683
6,1373,674
6,1401,647
6,1325,539
6,1336,563
6,1351,500
6,1371,543
6,1365,564
6,1369,555
6,1371,522
6,1379,526
6,1371,498
6,1369,506
6,1381,507
6,1390,525
6,1408,500
6,1394,514
6,1431,499
6,1415,518
6,1406,529
6,1360,406
6,1392,585
6,1438,566
6,1471,569
6,1456,555
6,1476,552
6,1483,540
6,1513,556
6,1537,567
6,1423,527
6,1421,532
6,1494,506
6,1403,512
6,1571,558
6,1505,530
6,1510,523
6,1812,633
6,1813,617
6,1590,554
6,1531,532
6,1607,557
6,1619,546
6,1633,567
6,1636,551
6,1728,588
6,1704,566
6,1703,574
6,1670,568
6,1664,554
6,161,593
6,195,593
6,410,593
6,784,595
6,647,588
6,958,612
6,912,609
6,927,614
6,1015,627
6,1004,616
6,1006,614
6,1029,638
6,1130,658
6,1129,664
6,1031,653
6,1149,663
6,1043,623
6,1723,803
6,1723,810
6,1598,777
6,1574,773
6,1754,818
6,1759,814
6,1754,804
6,1773,803
6,1768,814
6,1776,808
6,1781,817
7,16,352
7,32,386
7,8,369
7,46,418
7,85,415
7,66,367
7,70,380
7,80,373
7,42,349
7,42,342
7,28,341
7,67,355
7,163,372
7,83,344
7,158,398
7,91,360
7,185,386
7,195,375
7,129,363
7,129,354
7,167,341
7,173,345
7,244,349
7,213,333
7,210,326
7,258,335
7,256,332
7,283,333
7,304,340
7,317,296
7,320,309
7,324,314
7,322,321
7,348,311
7,349,318
7,288,405
7,281,404
7,304,380
7,442,249
7,433,274
7,402,306
7,417,305
7,406,300
7,419,288
7,434,305
7,434,300
7,447,299
7,447,292
7,487,304
7,494,283
7,508,298
7,494,292
7,496,301
7,518,300
7,527,299
7,515,288
7,596,343
7,610,344
7,585,327
7,564,300
7,592,314
7,560,308
7,611,325
7,637,323
7,593,310
7,563,284
7,565,289
7,574,299
7,582,305
7,533,293
7,584,298
7,598,321
7,601,299
7,617,308
7,610,318
7,593,287
7,670,295
7,680,307
7,702,306
7,705,312
7,708,317
7,819,334
7,804,326
7,787,290
7,783,301
7,770,311
7,850,267
7,849,275
7,792,264
7,808,301
7,815,310
7,814,318
7,828,310
7,831,307
7,853,335
7,870,346
7,822,380
7,841,383
7,819,362
7,920,387
7,907,345
7,964,352
7,894,280
7,871,293
7,977,300
7,866,282
7,868,254
7,868,258
7,877,269
7,907,277
7,918,324
7,968,322
7,995,331
7,1027,319
7,1013,284
7,1122,352
7,1123,347
7,1120,307
7,1128,295
7,1124,302
7,1046,262
7,1163,280
7,1140,253
7,1170,347
7,1168,342
7,1146,297
7,1149,302
7,1106,324
7,1149,323
7,1098,368
7,1193,328
7,1199,319
7,1208,374
7,1183,359
7,1186,369
7,1270,365
7,1204,355
7,1200,360
7,1200,338
7,1218,319
7,1241,322
7,1239,332
7,1233,357
7,1233,373
7,1245,389
7,1248,374
7,1277,322
7,1283,349
7,1279,353
7,1298,365
7,1305,301
7,1282,395
7,1288,391
7,1277,406
7,1299,421
7,1334,475
7,1315,420
7,1323,412
7,1337,496
7,1349,515
7,1314,432
7,1329,450
7,1333,446
7,1346,431
7,1343,411
7,1316,377
7,1322,371
7,1332,386
7,1364,428
7,1385,420
7,1369,386
7,1344,477
7,1356,472
7,1363,468
7,1286,298
7,1325,294
7,1319,174
7,1312,191
7,1378,218
7,1317,280
7,1401,273
7,1383,261
7,1384,183
7,1387,207
7,1395,219
7,1392,228
7,1391,218
7,1387,234
7,1408,201
7,1421,202
7,1392,99
7,1473,118
7,1445,346
7,1439,335
7,1624,68
7,1630,64
7,1634,60
7,1684,236
7,1691,240
7,1670,231
7,1684,307
7,1675,304
7,1723,278
7,1708,267
7,1687,277
7,1703,214
7,1666,384
7,1660,431
7,1654,442
7,1614,493
7,1615,500
7,1308,685
7,1373,682
7,1398,655
7,1323,530
7,1334,555
7,1349,494
7,1376,545
7,1370,565
7,1372,555
7,1370,519
7,1378,523
7,1368,493
7,1366,500
7,1378,501
7,1387,525
7,1414,500
7,1389,512
7,1435,499
7,1411,519
7,1403,529
7,1362,402
7,1388,597
7,1444,567
7,1481,569
7,1462,554
7,1485,554
7,1493,539
7,1522,556
7,1546,567
7,1419,527
7,1416,533
7,1487,507
7,1407,513
7,1579,558
7,1498,529
7,1502,521
7,1813,632
7,1809,615
7,1598,554
7,1524,531
7,1613,554
7,1626,545
7,1640,566
7,1643,551
7,1735,591
7,1712,568
7,1711,576
7,1678,570
7,1671,557
7,161,593
7,196,592
7,409,593
7,791,595
7,641,588
7,964,613
7,906,607
7,920,612
7,1021,627
7,1004,616
7,1005,614
7,1025,637
7,1121,656
7,1120,661
7,1143,661
7,1042,623
7,1718,803
7,1718,809
7,1589,777
7,1572,771
7,1751,816
7,1756,810
7,1748,803
7,1768,802
7,1766,815
7,1772,808
7,1782,819
8,16,347
8,37,386
8,46,418
8,85,415
8,63,365
8,65,380
8,75,373
8,41,348
8,42,342
8,28,340
8,67,354
8,170,369
8,83,344
8,160,398
8,85,360
8,188,385
8,197,374
8,125,364
8,125,354
8,160,342
8,167,346
8,251,351
8,207,334
8,205,327
8,251,336
8,249,331
8,276,336
8,309,338
8,317,296
8,314,310
8,317,315
8,316,322
8,345,312
8,346,320
8,288,404
8,281,404
8,304,380
8,440,241
8,437,273
8,395,308
8,410,308
8,399,300
8,414,288
8,427,305
8,426,300
8,443,297
8,442,290
8,490,307
8,497,285
8,511,302
8,490,289
8,493,298
8,518,300
8,529,300
8,515,287
8,602,343
8,616,345
8,590,330
8,565,300
8,594,313
8,557,309
8,605,326
8,630,324
8,594,308
8,564,285
8,565,289
8,574,299
8,582,305
8,533,293
8,584,298
8,595,320
8,601,298
8,613,307
8,610,318
8,593,286
8,663,296
8,675,307
8,706,302
8,709,308
8,713,313
8,826,333
8,809,326
8,787,289
8,778,301
8,765,311
8,852,267
8,849,274
8,796,265
8,804,263
8,802,301
8,810,311
8,808,318
8,822,310
8,824,306
8,860,335
8,876,347
8,822,380
8,841,383
8,819,362
8,920,387
8,912,345
8,970,352
8,896,282
8,868,295
8,983,300
8,862,283
8,861,255
8,861,259
8,872,271
8,902,275
8,911,322
8,958,322
8,986,330
8,1018,319
8,1015,287
8,1128,352
8,1129,346
8,1124,307
8,1131,295
8,1128,301
8,1046,262
8,1163,279
8,1140,252
8,1177,347
8,1175,342
8,1150,297
8,1154,302
8,1098,323
8,1140,323
8,1092,366
8,1188,327
8,1194,318
8,1211,373
8,1177,359
8,1180,369
8,1277,369
8,1198,353
8,1194,359
8,1194,337
8,1210,316
8,1235,321
8,1234,330
8,1228,354
8,1227,369
8,1242,385
8,1241,370
8,1273,319
8,1279,346
8,1276,351
8,1297,361
8,1304,299
8,1279,390
8,1285,386
8,1272,401
8,1296,415
8,1333,480
8,1311,416
8,1320,409
8,1340,501
8,1353,519
8,1309,428
8,1326,445
8,1330,441
8,1342,427
8,1340,406
8,1311,374
8,1317,367
8,1327,381
8,1359,421
8,1386,429
8,1368,394
8,1342,471
8,1354,466
8,1360,461
8,1284,297
8,1328,292
8,1320,173
8,1311,190
8,1379,212
8,1317,280
8,1403,263
8,1381,255
8,1387,206
8,1394,219
8,1393,228
8,1391,218
8,1387,233
8,1407,195
8,1420,196
8,1471,110
8,1441,353
8,1435,342
8,1624,67
8,1630,63
8,1634,60
8,1684,242
8,1692,245
8,1670,227
8,1685,312
8,1675,311
8,1727,281
8,1709,267
8,1684,266
8,1703,207
8,1665,377
8,1660,421
8,1654,431
8,1620,489
8,1623,495
8,1305,687
8,1373,690
8,1395,663
8,1321,520
8,1332,546
8,1347,488
8,1382,547
8,1375,566
8,1375,555
8,1368,513
8,1376,518
8,1365,488
8,1364,495
8,1375,494
8,1385,525
8,1418,499
8,1387,505
8,1437,500
8,1406,517
8,1401,527
8,1361,397
8,1384,610
8,1450,569
8,1492,568
8,1468,553
8,1493,553
8,1503,538
8,1530,555
8,1555,568
8,1415,528
8,1412,534
8,1479,508
8,1412,514
8,1587,557
8,1492,528
8,1494,519
8,1812,632
8,1803,610
8,1606,554
8,1517,531
8,1620,551
8,1633,545
8,1647,565
8,1650,551
8,1741,593
8,1719,571
8,1717,579
8,1685,571
8,1678,560
8,161,593
8,198,592
8,408,593
8,798,596
8,636,588
8,970,614
8,900,604
8,912,609
8,1028,630
8,1004,616
8,1005,614
8,1114,655
8,1114,659
8,1137,659
8,1042,622
8,1203,671
8,1203,676
8,1586,773
8,1568,771
8,1745,816
8,1749,810
8,1742,802
8,1769,805
8,1758,812
8,1779,814
8,1783,821
9,14,345
9,43,387
9,46,418
9,85,414
9,61,363
9,59,378
9,70,372
9,41,348
9,42,342
9,29,340
9,67,354
9,176,366
9,83,343
9,163,397
9,80,360
9,191,383
9,199,373
9,121,364
9,121,353
9,7,389
9,154,343
9,161,347
9,257,351
9,201,335
9,200,329
9,245,337
9,243,331
9,270,339
9,314,337
9,317,297
9,308,311
9,311,316
9,310,323
9,340,312
9,341,320
9,288,404
9,281,404
9,304,380
9,439,233
9,442,272
9,389,310
9,403,312
9,392,300
9,409,289
9,420,306
9,418,300
9,436,297
9,435,289
9,493,311
9,499,288
9,516,307
9,487,285
9,490,295
9,519,299
9,532,302
9,516,286
9,607,343
9,621,345
9,595,332
9,564,299
9,597,312
9,553,309
9,599,327
9,624,325
9,594,306
9,564,283
9,565,289
9,574,299
9,581,304
9,533,293
9,585,298
9,592,320
9,600,297
9,609,306
9,609,318
9,593,286
9,657,298
9,670,307
9,711,298
9,714,304
9,718,309
9,832,331
9,813,325
9,787,289
9,772,303
9,760,311
9,854,268
9,850,274
9,800,266
9,812,264
9,796,301
9,805,312
9,803,319
9,817,310
9,818,306
9,866,334
9,882,347
9,822,379
9,841,383
9,819,361
9,921,387
9,917,345
9,975,353
9,891,280
9,865,297
9,990,301
9,857,282
9,854,256
9,855,260
9,867,274
9,898,274
9,905,321
9,949,322
9,977,329
9,1009,320
9,1018,290
9,1134,351
9,1135,345
9,1128,307
9,1135,295
9,1132,300
9,1047,262
9,1163,279
9,1140,252
9,1186,347
9,1180,342
9,1154,296
9,1157,301
9,1090,322
9,1131,323
9,1086,365
9,1182,326
9,1188,317
9,1214,373
9,1172,359
9,1174,369
9,1283,373
9,1193,352
9,1189,358
9,1190,335
9,1203,313
9,1230,320
9,1229,328
9,1222,352
9,1221,366
9,1240,382
9,1234,366
9,1270,316
9,1276,344
9,1273,349
9,1294,356
9,1301,297
9,1274,385
9,1280,381
9,1268,397
9,1293,410
9,1337,486
9,1307,412
9,1318,407
9,1343,506
9,1357,522
9,1304,424
9,1322,439
9,1326,435
9,1338,423
9,1337,401
9,1306,371
9,1313,363
9,1323,377
9,1355,414
9,1388,439
9,1367,402
9,1340,465
9,1353,460
9,1357,454
9,1283,297
9,1332,291
9,1320,173
9,1311,189
9,1380,206
9,1317,280
9,1405,254
9,1379,249
9,1387,205
9,1395,219
9,1392,227
9,1391,218
9,1387,233
9,1406,189
9,1419,191
9,1470,101
9,1436,358
9,1432,350
9,1624,67
9,1630,63
9,1634,60
9,1684,247
9,1691,250
9,1669,222
9,1686,317
9,1675,319
9,1731,284
9,1709,267
9,1677,258
9,1704,201
9,1664,370
9,1660,412
9,1655,421
9,1627,486
9,1631,491
9,1304,687
9,1375,697
9,1391,669
9,1319,511
9,1331,538
9,1342,481
9,1388,550
9,1381,567
9,1379,556
9,1366,508
9,1375,513
9,1363,481
9,1363,490
9,1373,487
9,1382,525
9,1422,499
9,1385,498
9,1439,502
9,1401,515
9,1400,525
9,1360,392
9,1381,619
9,1457,568
9,1503,567
9,1475,552
9,1501,553
9,1513,537
9,1538,555
9,1563,567
9,1411,527
9,1408,533
9,1471,509
9,1414,515
9,1595,557
9,1486,528
9,1487,518
9,1811,633
9,1798,606
9,1806,610
9,1612,555
9,1510,530
9,1624,547
9,1641,545
9,1654,564
9,1658,551
9,1747,596
9,1726,574
9,1724,582
9,1692,572
9,1686,564
9,161,593
9,199,591
9,406,594
9,628,586
9,977,615
9,904,609
9,1035,634
9,1005,616
9,1005,613
9,1108,654
9,1109,658
9,1130,657
9,1041,621
9,1198,669
9,1198,674
9,1581,772
9,1562,768
9,1629,775
9,1632,781
9,1739,815
9,1742,809
9,1736,800
9,1766,803
9,1752,809
9,1771,814
9,1783,819
10,13,344
10,49,386
10,46,418
10,85,414
10,59,361
10,54,376
10,65,372
10,41,348
10,42,342
10,29,340
10,67,353
10,182,364
10,83,343
10,166,396
10,75,361
10,195,382
10,201,372
10,118,364
10,118,352
10,14,389
10,148,345
10,155,349
10,264,351
10,195,336
10,195,330
10,239,339
10,237,331
10,264,339
10,318,336
10,315,296
10,302,312
10,305,318
10,305,324
10,335,312
10,336,320
10,288,404
10,281,404
10,305,380
10,438,226
10,447,271
10,382,310
10,397,316
10,385,300
10,405,289
10,414,307
10,411,301
10,430,298
10,428,289
10,495,313
10,502,292
10,521,313
10,485,281
10,486,290
10,521,298
10,535,304
10,517,285
10,613,343
10,627,345
10,601,335
10,564,298
10,599,310
10,549,310
10,592,326
10,617,325
10,592,306
10,564,281
10,565,289
10,573,298
10,581,304
10,533,293
10,584,297
10,589,318
10,600,297
10,609,303
10,609,318
10,593,286
10,651,300
10,666,308
10,716,294
10,719,301
10,724,305
10,839,330
10,817,325
10,787,289
10,765,299
10,754,310
10,855,267
10,851,273
10,804,268
10,817,265
10,791,301
10,798,312
10,797,320
10,812,311
10,812,306
10,873,332
10,889,348
10,822,379
10,841,384
10,819,361
10,920,387
10,923,345
10,979,352
10,886,278
10,862,299
10,996,301
10,852,281
10,848,257
10,849,262
10,862,276
10,893,273
10,899,318
10,940,323
10,968,329
10,1000,320
10,1021,293
10,1140,350
10,1141,344
10,1132,307
10,1141,295
10,1136,299
10,1047,261
10,1162,278
10,1140,252
10,1191,345
10,1185,340
10,1158,295
10,1161,300
10,1083,322
10,1122,323
10,1080,364
10,1177,325
10,1182,316
10,1217,372
10,1166,359
10,1167,368
10,1289,377
10,1188,351
10,1184,358
10,1186,333
10,1196,310
10,1225,319
10,1225,327
10,1216,351
10,1213,362
10,1237,378
10,1228,363
10,1267,313
10,1271,341
10,1268,346
10,1292,352
10,1299,295
10,1269,381
10,1276,377
10,1264,392
10,1290,405
10,1339,490
10,1304,407
10,1314,402
10,1347,511
10,1362,526
10,1299,421
10,1319,433
10,1322,430
10,1334,418
10,1334,395
10,1302,368
10,1309,360
10,1319,372
10,1351,407
10,1390,449
10,1367,410
10,1336,458
10,1350,453
10,1354,447
10,1282,296
10,1335,290
10,1320,173
10,1311,188
10,1381,200
10,1316,279
10,1407,245
10,1378,243
10,1388,204
10,1396,218
10,1392,227
10,1391,218
10,1387,232
10,1405,183
10,1419,186
10,1469,92
10,1432,364
10,1427,355
10,1624,66
10,1630,63
10,1634,60
10,1684,252
10,1690,255
10,1668,217
10,1687,322
10,1676,327
10,1735,285
10,1709,267
10,1670,250
10,1704,194
10,1663,363
10,1660,402
10,1655,411
10,1633,481
10,1638,486
10,1304,687
10,1387,675
10,1317,502
10,1327,528
10,1338,475
10,1392,552
10,1385,566
10,1382,555
10,1364,503
10,1374,509
10,1361,474
10,1362,485
10,1370,480
10,1378,522
10,1424,500
10,1383,491
10,1445,501
10,1396,514
10,1399,523
10,1360,388
10,1378,629
10,1464,568
10,1514,566
10,1482,551
10,1509,552
10,1523,536
10,1547,554
10,1572,566
10,1407,527
10,1404,533
10,1463,511
10,1416,516
10,1603,557
10,1480,527
10,1481,518
10,1811,632
10,1793,602
10,1801,606
10,1618,556
10,1504,529
10,1630,547
10,1647,543
10,1660,564
10,1665,552
10,1753,599
10,1733,577
10,1730,585
10,1700,574
10,1691,569
10,162,593
10,201,591
10,399,593
10,981,616
10,1041,637
10,1005,616
10,970,621
10,1005,613
10,1020,639
10,1101,648
10,1100,654
10,1123,655
10,1041,621
10,1193,667
10,1193,673
10,1576,769
10,1562,769
10,1623,776
10,1621,781
10,1733,814
10,1735,808
10,1730,798
10,1759,800
10,1746,807
10,1762,814
10,1778,821
11,13,342
11,56,386
11,46,417
11,84,413
11,57,359
11,48,374
11,60,372
11,41,347
11,42,342
11,30,340
11,67,353
11,188,361
11,83,343
11,71,361
11,199,381
11,203,370
11,114,364
11,114,352
11,20,388
11,142,347
11,149,351
11,270,351
11,190,337
11,190,332
11,232,340
11,230,332
11,258,339
11,323,335
11,314,296
11,297,312
11,300,318
11,299,325
11,331,313
11,331,320
11,289,404
11,282,404
11,305,376
11,438,220
11,451,275
11,376,311
11,390,319
11,378,300
11,400,290
11,407,308
11,404,301
11,424,298
11,421,289
11,497,316
11,505,296
11,527,319
11,483,277
11,482,286
11,523,297
11,534,303
11,516,285
11,618,343
11,632,345
11,608,332
11,564,298
11,602,308
11,545,311
11,586,325
11,611,325
11,590,306
11,564,280
11,565,289
11,573,297
11,581,303
11,533,293
11,584,297
11,587,317
11,600,297
11,609,301
11,609,318
11,593,286
11,645,301
11,661,308
11,721,291
11,724,297
11,728,301
11,846,328
11,821,324
11,789,289
11,758,298
11,749,310
11,856,265
11,851,273
11,806,267
11,824,267
11,784,300
11,791,312
11,791,321
11,806,311
11,806,305
11,880,331
11,896,349
11,822,379
11,841,383
11,819,361
11,920,387
11,929,346
11,983,351
11,881,277
11,859,302
11,1003,302
11,848,281
11,841,259
11,843,264
11,857,278
11,889,272
11,893,316
11,932,323
11,959,328
11,992,321
11,1024,293
11,1146,349
11,1147,343
11,1137,307
11,1145,295
11,1142,299
11,1047,261
11,1162,278
11,1139,252
11,1197,343
11,1191,339
11,1163,295
11,1165,300
11,1074,320
11,1112,322
11,1073,362
11,1172,324
11,1176,315
11,1220,372
11,1161,359
11,1160,367
11,1295,381
11,1183,350
11,1179,358
11,1179,332
11,1190,308
11,1221,318
11,1220,326
11,1210,350
11,1206,358
11,1234,373
11,1221,361
11,1264,311
11,1266,339
11,1264,344
11,1289,348
11,1297,293
11,1264,377
11,1271,373
11,1260,387
11,1288,400
11,1341,495
11,1302,402
11,1311,397
11,1351,514
11,1365,528
11,1294,416
11,1315,428
11,1319,426
11,1330,414
11,1331,390
11,1297,365
11,1304,356
11,1315,368
11,1350,405
11,1391,459
11,1363,420
11,1333,452
11,1347,446
11,1352,441
11,1281,296
11,1339,289
11,1319,172
11,1311,186
11,1384,191
11,1316,279
11,1408,235
11,1378,236
11,1388,206
11,1396,217
11,1392,226
11,1391,218
11,1387,232
11,1405,177
11,1418,180
11,1469,83
11,1428,369
11,1422,360
11,1624,66
11,1630,63
11,1634,59
11,1685,258
11,1690,260
11,1668,213
11,1687,327
11,1678,335
11,1740,285
11,1709,267
11,1667,239
11,1705,188
11,1662,356
11,1660,393
11,1656,401
11,1640,476
11,1645,481
11,1303,687
11,1384,682
11,1316,493
11,1324,519
11,1333,468
11,1396,554
11,1390,565
11,1385,555
11,1362,499
11,1372,504
11,1360,468
11,1362,481
11,1368,473
11,1375,519
11,1427,501
11,1383,484
11,1443,502
11,1390,506
11,1398,521
11,1360,382
11,1375,639
11,1471,567
11,1524,566
11,1488,550
11,1517,552
11,1533,536
11,1555,554
11,1580,565
11,1403,527
11,1400,532
11,1457,514
11,1418,518
11,1610,557
11,1474,526
11,1475,518
11,1811,631
11,1789,599
11,1796,603
11,1625,557
11,1498,528
11,1636,547
11,1654,542
11,1667,564
11,1672,553
11,1759,601
11,1740,581
11,1737,588
11,1708,576
11,1697,575
11,1860,623
11,161,592
11,201,590
11,394,592
11,986,617
11,1048,641
11,1006,616
11,962,619
11,1005,613
11,1026,643
11,1093,646
11,1093,652
11,1029,651
11,1116,652
11,1040,620
11,1188,665
11,1188,672
11,1571,767
11,1563,770
11,1618,773
11,1615,778
11,1728,813
11,1729,807
11,1724,797
11,1760,798
11,1742,803
11,1758,812
11,1772,819
12,13,340
12,63,384
12,46,416
12,84,413
12,55,357
12,43,373
12,56,372
12,41,347
12,42,342
12,30,340
12,67,352
12,195,359
12,83,342
12,67,361
12,203,380
12,205,368
12,110,365
12,110,352
12,28,388
12,136,349
12,143,353
12,277,352
12,184,337
12,184,332
12,226,342
12,223,333
12,253,339
12,328,334
12,313,296
12,292,313
12,295,319
12,294,327
12,326,313
12,326,320
12,289,403
12,281,403
12,305,373
12,438,214
12,455,279
12,369,311
12,383,322
12,372,301
12,395,290
12,400,309
12,398,302
12,418,299
12,415,289
12,500,318
12,508,299
12,533,322
12,481,274
12,478,281
12,533,302
12,516,285
12,624,344
12,638,345
12,615,330
12,564,297
12,605,307
12,542,311
12,579,324
12,604,325
12,588,308
12,564,279
12,565,289
12,573,297
12,581,303
12,533,293
12,584,297
12,584,315
12,600,297
12,608,299
12,609,318
12,593,286
12,639,303
12,657,308
12,727,288
12,729,294
12,733,298
12,853,327
12,825,324
12,789,288
12,751,298
12,744,309
12,857,264
12,855,271
12,810,267
12,830,268
12,778,299
12,785,313
12,785,322
12,800,311
12,800,305
12,885,332
12,900,350
12,822,379
12,841,382
12,819,361
12,920,385
12,935,346
12,987,351
12,876,271
12,855,301
12,1007,302
12,844,282
12,833,259
12,836,264
12,851,278
12,887,272
12,887,314
12,924,323
12,950,327
12,983,320
12,1028,294
12,1153,349
12,1154,343
12,1143,307
12,1149,295
12,1147,299
12,1047,261
12,1162,277
12,1139,252
12,1203,340
12,1197,337
12,1166,294
12,1168,299
12,1066,319
12,1103,322
12,1066,361
12,1166,323
12,1170,314
12,1223,371
12,1155,359
12,1153,367
12,1298,385
12,1178,349
12,1174,358
12,1172,332
12,1185,307
12,1217,317
12,1216,325
12,1206,349
12,1200,355
12,1232,369
12,1214,359
12,1261,309
12,1262,336
12,1260,341
12,1287,344
12,1295,291
12,1260,373
12,1267,369
12,1256,382
12,1284,395
12,1343,500
12,1299,398
12,1309,391
12,1355,517
12,1369,530
12,1290,411
12,1311,424
12,1316,422
12,1326,410
12,1329,385
12,1293,362
12,1300,353
12,1310,365
12,1344,399
12,1392,469
12,1360,430
12,1330,446
12,1345,440
12,1350,435
12,1280,296
12,1342,287
12,1319,172
12,1311,186
12,1385,184
12,1316,279
12,1409,225
12,1378,229
12,1387,204
12,1394,214
12,1393,226
12,1391,218
12,1372,198
12,1387,231
12,1405,171
12,1417,175
12,1468,74
12,1424,375
12,1416,366
12,1624,63
12,1630,61
12,1634,59
12,1684,262
12,1689,265
12,1667,208
12,1687,332
12,1680,344
12,1745,285
12,1709,267
12,1664,228
12,1704,181
12,1662,349
12,1660,383
12,1656,392
12,1644,471
12,1650,475
12,1303,687
12,1382,690
12,1315,484
12,1321,510
12,1329,462
12,1400,557
12,1395,565
12,1388,555
12,1361,495
12,1370,499
12,1358,463
12,1362,475
12,1367,468
12,1372,517
12,1430,502
12,1383,478
12,1442,503
12,1386,498
12,1394,515
12,1360,377
12,1373,649
12,1478,567
12,1534,567
12,1494,550
12,1525,552
12,1542,534
12,1564,554
12,1589,564
12,1399,527
12,1396,532
12,1451,517
12,1419,519
12,1618,558
12,1469,526
12,1469,518
12,1811,630
12,1785,595
12,1791,599
12,1636,557
12,1491,528
12,1644,549
12,1662,541
12,1674,565
12,1680,555
12,1765,604
12,1747,584
12,1743,592
12,1715,578
12,1703,579
12,1860,630
12,161,591
12,202,589
12,389,592
12,991,619
12,1055,644
12,1008,614
12,955,617
12,1005,613
12,1033,643
12,1086,644
12,1087,651
12,1032,651
12,1110,649
12,1040,620
12,1183,664
12,1183,671
12,1566,764
12,1565,770
12,1614,771
12,1610,775
12,1721,811
12,1724,806
12,1718,796
12,1761,797
12,1737,801
12,1752,811
12,1768,819
13,11,338
13,70,383
13,46,416
13,84,412
13,53,355
13,37,372
13,50,370
13,41,347
13,42,341
13,30,340
13,67,352
13,201,356
13,83,342
13,64,362
13,207,379
13,207,366
13,107,365
13,107,353
13,36,387
13,131,352
13,138,356
13,283,348
13,179,338
13,179,333
13,220,344
13,217,335
13,247,339
13,333,333
13,311,297
13,290,320
13,289,329
13,322,314
13,322,321
13,289,403
13,281,403
13,306,368
13,438,209
13,459,284
13,363,312
13,377,325
13,366,302
13,391,291
13,393,310
13,391,303
13,411,299
13,408,290
13,502,321
13,511,303
13,539,325
13,478,268
13,474,277
13,532,301
13,516,286
13,629,343
13,644,344
13,622,327
13,564,296
13,608,307
13,539,311
13,573,323
13,598,326
13,588,307
13,564,278
13,565,289
13,573,296
13,581,303
13,532,292
13,583,296
13,582,314
13,600,297
13,608,298
13,609,318
13,593,286
13,633,305
13,653,308
13,733,285
13,734,290
13,738,294
13,859,325
13,829,324
13,789,287
13,745,298
13,739,309
13,857,264
13,860,269
13,813,267
13,835,269
13,772,299
13,779,312
13,778,321
13,795,311
13,794,305
13,890,333
13,906,350
13,822,378
13,841,382
13,819,360
13,921,382
13,941,347
13,991,350
13,872,265
13,852,300
13,1012,303
13,840,283
13,825,259
13,829,263
13,845,278
13,884,272
13,881,312
13,916,323
13,942,326
13,974,319
13,1031,294
13,1156,346
13,1159,341
13,1148,307
13,1156,296
13,1153,299
13,1048,260
13,1161,277
13,1139,253
13,1210,338
13,1204,335
13,1170,293
13,1172,299
13,1058,318
13,1094,322
13,1060,360
13,1160,322
13,1165,314
13,1227,371
13,1150,359
13,1146,366
13,1302,389
13,1174,349
13,1169,358
13,1165,332
13,1180,306
13,1213,316
13,1212,324
13,1203,348
13,1193,353
13,1228,366
13,1206,359
13,1258,307
13,1257,334
13,1256,339
13,1285,340
13,1293,290
13,1255,369
13,1262,365
13,1252,377
13,1280,391
13,1346,505
13,1297,395
13,1308,385
13,1360,521
13,1373,532
13,1286,406
13,1307,420
13,1313,418
13,1323,405
13,1324,381
13,1288,359
13,1295,350
13,1306,362
13,1340,394
13,1391,479
13,1354,437
13,1327,440
13,1342,433
13,1347,427
13,1279,296
13,1345,285
13,1319,171
13,1312,186
13,1386,178
13,1316,279
13,1410,216
13,1379,223
13,1387,202
13,1395,215
13,1393,224
13,1390,216
13,1371,199
13,1387,230
13,1406,166
13,1417,170
13,1468,65
13,1420,381
13,1410,372
13,1625,61
13,1630,60
13,1634,59
13,1683,266
13,1688,271
13,1667,204
13,1687,338
13,1682,353
13,1751,286
13,1709,268
13,1662,218
13,1703,175
13,1662,343
13,1661,373
13,1656,383
13,1649,466
13,1656,469
13,1302,686
13,1380,698
13,1314,475
13,1318,501
13,1325,455
13,1403,554
13,1397,566
13,1389,555
13,1360,491
13,1368,494
13,1356,459
13,1363,469
13,1365,461
13,1369,512
13,1433,503
13,1382,467
13,1441,504
13,1382,490
13,1391,510
13,1360,371
13,1371,656
13,1485,565
13,1545,566
13,1501,550
13,1533,551
13,1552,532
13,1571,553
13,1597,563
13,1395,527
13,1392,531
13,1444,518
13,1421,521
13,1626,559
13,1463,526
13,1463,517
13,1812,630
13,1781,592
13,1787,596
13,1641,557
13,1483,527
13,1652,547
13,1668,541
13,1680,567
13,1685,557
13,1771,607
13,1754,587
13,1749,596
13,1722,581
13,1710,584
13,1860,635
13,1912,618
13,1913,626
13,161,590
13,202,588
13,384,591
13,996,621
13,1010,613
13,948,615
13,1005,612
13,1037,643
13,1082,639
13,1082,644
13,1035,651
13,1104,647
13,1037,621
13,1177,663
13,1178,669
13,1561,761
13,1560,767
13,1603,771
13,1603,775
13,1713,808
13,1715,803
13,1714,794
13,1765,795
13,1730,799
13,1745,810
13,1761,818
14,10,336
14,77,381
14,46,415
14,84,412
14,52,354
14,31,371
14,44,369
14,39,346
14,42,341
14,30,340
14,67,352
14,208,354
14,83,342
14,62,361
14,211,378
14,210,365
14,103,365
14,103,354
14,43,386
14,125,354
14,132,358
14,289,345
14,173,338
14,173,333
14,213,345
14,211,336
14,242,340
14,338,332
14,309,298
14,284,321
14,284,329
14,318,314
14,318,322
14,289,402
14,281,402
14,306,363
14,438,202
14,464,288
14,357,312
14,370,324
14,360,303
14,386,290
14,386,311
14,385,304
14,405,300
14,402,292
14,504,323
14,514,307
14,546,329
14,475,263
14,471,272
14,531,301
14,517,287
14,635,343
14,650,343
14,629,325
14,564,295
14,611,305
14,537,312
14,565,320
14,591,326
14,586,304
14,564,278
14,565,289
14,573,295
14,581,302
14,532,292
14,582,295
14,581,313
14,600,297
14,608,297
14,609,318
14,593,286
14,628,309
14,647,307
14,739,282
14,740,287
14,743,291
14,866,324
14,833,324
14,789,287
14,740,299
14,734,309
14,858,263
14,863,269
14,816,268
14,840,271
14,766,298
14,773,311
14,771,320
14,788,310
14,788,304
14,897,333
14,913,350
14,822,378
14,841,381
14,819,360
14,921,382
14,947,348
14,996,350
14,868,261
14,849,300
14,1017,304
14,837,284
14,818,259
14,822,263
14,839,277
14,881,272
14,873,310
14,908,321
14,934,324
14,965,318
14,1035,295
14,1160,343
14,1165,340
14,1151,306
14,1159,292
14,1159,299
14,1048,260
14,1161,276
14,1138,253
14,1216,334
14,1210,332
14,1173,291
14,1176,297
14,1050,318
14,1085,320
14,1054,358
14,1154,321
14,1159,313
14,1231,373
14,1145,358
14,1139,365
14,1306,394
14,1170,349
14,1165,358
14,1158,331
14,1175,305
14,1206,314
14,1207,323
14,1199,347
14,1187,352
14,1225,363
14,1199,360
14,1255,305
14,1253,332
14,1252,337
14,1282,336
14,1290,288
14,1251,366
14,1257,361
14,1249,373
14,1277,386
14,1348,510
14,1292,390
14,1304,381
14,1365,524
14,1378,534
14,1283,403
14,1303,415
14,1308,412
14,1320,400
14,1320,378
14,1284,356
14,1291,347
14,1301,360
14,1338,389
14,1391,488
14,1345,447
14,1324,434
14,1339,426
14,1344,420
14,1278,296
14,1349,283
14,1318,170
14,1312,186
14,1387,172
14,1316,278
14,1409,206
14,1379,217
14,1387,201
14,1395,216
14,1392,222
14,1389,215
14,1371,201
14,1387,230
14,1405,161
14,1416,164
14,1467,55
14,1413,385
14,1404,378
14,1624,59
14,1629,57
14,1634,59
14,1682,271
14,1688,277
14,1667,200
14,1685,343
14,1684,360
14,1756,285
14,1709,268
14,1660,206
14,1703,169
14,1663,337
14,1662,363
14,1657,374
14,1653,458
14,1659,462
14,1306,686
14,1312,467
14,1316,493
14,1321,449
14,1405,555
14,1401,566
14,1390,556
14,1359,485
14,1367,488
14,1353,453
14,1362,463
14,1364,454
14,1366,508
14,1437,505
14,1380,458
14,1440,505
14,1378,482
14,1387,504
14,1361,366
14,1369,663
14,1493,564
14,1556,565
14,1508,550
14,1541,551
14,1561,531
14,1578,553
14,1606,562
14,1392,527
14,1388,531
14,1438,520
14,1423,522
14,1633,558
14,1457,527
14,1458,517
14,1811,630
14,1776,587
14,1782,592
14,1648,561
14,1475,527
14,1658,548
14,1675,542
14,1686,570
14,1691,559
14,1778,610
14,1762,591
14,1756,600
14,1729,583
14,1717,588
14,1861,641
14,1906,618
14,1907,626
14,161,590
14,203,588
14,379,591
14,1001,624
14,1010,613
14,941,613
14,1005,612
14,1042,643
14,1076,638
14,1076,643
14,1039,652
14,1099,644
14,1035,622
14,1172,662
14,1173,668
14,1290,686
14,1555,759
14,1555,765
14,1597,768
14,1597,772
14,1768,793
14,1723,798
14,1736,808
14,1758,817
15,9,336
15,84,379
15,46,415
15,84,412
15,51,353
15,26,370
15,39,367
15,37,346
15,42,340
15,30,340
15,67,352
15,215,353
15,82,341
15,60,361
15,214,377
15,212,364
15,99,366
15,100,355
15,50,384
15,120,356
15,127,360
15,295,342
15,168,339
15,168,334
15,207,346
15,205,337
15,236,340
15,343,331
15,308,299
15,278,321
15,278,329
15,315,314
15,314,323
15,289,402
15,281,402
15,306,358
15,438,196
15,469,293
15,351,312
15,364,324
15,354,304
15,382,290
15,379,311
15,378,305
15,399,301
15,395,294
15,507,326
15,517,311
15,553,332
15,472,258
15,469,268
15,531,300
15,519,288
15,641,343
15,656,342
15,636,321
15,564,295
15,615,303
15,533,310
15,557,318
15,584,326
15,587,304
15,564,278
15,564,287
15,573,295
15,581,302
15,532,291
15,582,295
15,580,312
15,600,297
15,607,298
15,609,318
15,593,286
15,624,314
15,642,307
15,743,277
15,744,283
15,747,287
15,873,324
15,837,324
15,789,286
15,735,300
15,730,309
15,858,263
15,863,269
15,819,268
15,846,273
15,760,298
15,767,311
15,765,319
15,782,310
15,782,303
15,904,333
15,920,351
15,822,378
15,841,380
15,819,360
15,921,382
15,952,347
15,998,349
15,865,258
15,847,300
15,1022,305
15,833,283
15,812,259
15,815,262
15,833,277
15,878,273
15,866,309
15,900,320
15,926,323
15,957,317
15,1038,294
15,1163,341
15,1170,339
15,1156,306
15,1161,292
15,1158,298
15,1048,260
15,1161,276
15,1138,254
15,1222,330
15,1216,329
15,1177,290
15,1180,296
15,1042,318
15,1076,319
15,1048,357
15,1149,321
15,1154,313
15,1235,376
15,1140,357
15,1133,365
15,1311,400
15,1165,348
15,1159,357
15,1152,331
15,1171,304
15,1200,313
15,1202,322
15,1196,347
15,1182,348
15,1223,362
15,1192,359
15,1251,304
15,1249,331
15,1248,336
15,1279,333
15,1288,286
15,1246,363
15,1252,357
15,1244,370
15,1273,382
15,1351,515
15,1287,386
15,1300,378
15,1370,527
15,1383,537
15,1280,400
15,1299,411
15,1304,407
15,1316,395
15,1315,375
15,1279,354
15,1285,344
15,1297,357
15,1335,385
15,1391,497
15,1339,456
15,1321,429
15,1336,419
15,1341,412
15,1278,295
15,1351,283
15,1318,170
15,1312,186
15,1388,165
15,1316,278
15,1409,197
15,1379,212
15,1388,200
15,1395,216
15,1392,221
15,1389,214
15,1371,203
15,1387,228
15,1405,156
15,1416,158
15,1467,45
15,1407,389
15,1398,385
15,1624,57
15,1629,55
15,1635,58
15,1681,277
15,1688,284
15,1667,196
15,1684,349
15,1686,367
15,1762,284
15,1709,268
15,1659,194
15,1702,163
15,1663,330
15,1664,353
15,1658,365
15,1653,450
15,1661,453
15,1309,688
15,1311,459
15,1314,485
15,1317,442
15,1407,556
15,1405,566
15,1391,556
15,1359,479
15,1366,482
15,1351,448
15,1361,458
15,1363,447
15,1364,504
15,1436,505
15,1379,450
15,1439,506
15,1374,474
15,1384,499
15,1361,361
15,1368,670
15,1501,563
15,1567,565
15,1516,550
15,1550,551
15,1571,529
15,1586,553
15,1615,562
15,1389,522
15,1385,526
15,1432,522
15,1425,524
15,1657,562
15,1452,528
15,1453,517
15,1810,630
15,1771,583
15,1777,588
15,1641,558
15,1468,527
15,1665,549
15,1682,544
15,1692,573
15,1698,562
15,1784,611
15,1769,594
15,1763,603
15,1736,586
15,1724,593
15,1863,648
15,1900,617
15,1901,625
15,160,589
15,203,588
15,375,591
15,1007,627
15,1010,613
15,934,612
15,1006,612
15,1046,643
15,1071,637
15,1070,642
15,1043,652
15,1094,642
15,1033,623
15,1167,661
15,1168,667
15,1296,689
15,1550,757
15,1551,763
15,1591,766
15,1591,770
15,1771,792
15,1718,798
15,1733,807
15,1750,815
16,9,335
16,92,378
16,45,414
16,83,411
16,49,351
16,21,370
16,32,366
16,35,345
16,42,340
16,30,340
16,67,352
16,222,351
16,81,341
16,58,361
16,218,376
16,215,363
16,96,366
16,96,356
16,58,383
16,114,359
16,121,363
16,301,340
16,163,340
16,163,335
16,201,347
16,200,338
16,231,341
16,348,330
16,307,299
16,273,322
16,272,330
16,311,314
16,311,324
16,289,402
16,281,402
16,306,353
16,438,190
16,474,298
16,346,312
16,357,324
16,348,305
16,378,290
16,372,311
16,371,306
16,393,302
16,389,296
16,509,328
16,521,315
16,560,336
16,469,253
16,467,264
16,531,300
16,520,289
16,647,343
16,662,342
16,643,317
16,563,294
16,620,302
16,530,308
16,549,316
16,577,325
16,588,304
16,563,278
16,564,286
16,573,294
16,580,302
16,532,291
16,456,221
16,447,210
16,582,294
16,578,310
16,600,296
16,606,299
16,604,319
16,593,286
16,619,316
16,638,309
16,748,273
16,749,279
16,752,283
16,880,325
16,841,324
16,788,285
16,730,298
16,725,308
16,859,262
16,863,269
16,820,267
16,853,276
16,754,298
16,760,310
16,758,318
16,776,310
16,777,303
16,908,337
16,923,351
16,823,378
16,841,380
16,819,360
16,922,383
16,957,346
16,1001,349
16,844,300
16,1029,305
16,830,283
16,806,259
16,808,263
16,827,276
16,874,274
16,859,309
16,892,319
16,918,322
16,948,315
16,1042,293
16,1167,339
16,1175,338
16,1159,306
16,1166,290
16,1157,297
16,1048,259
16,1160,275
16,1138,254
16,1228,326
16,1223,326
16,1181,289
16,1184,295
16,1034,318
16,1067,318
16,1042,355
16,1143,320
16,1148,312
16,1240,379
16,1135,356
16,1126,364
16,1316,406
16,1160,347
16,1153,356
16,1146,331
16,1168,302
16,1195,312
16,1197,321
16,1190,346
16,1175,347
16,1218,362
16,1184,359
16,1248,303
16,1245,331
16,1244,335
16,1277,330
16,1286,285
16,1242,360
16,1247,353
16,1240,368
16,1270,378
16,1354,520
16,1286,382
16,1296,374
16,1375,530
16,1388,539
16,1278,397
16,1295,407
16,1300,402
16,1312,390
16,1312,371
16,1274,352
16,1280,342
16,1293,355
16,1333,381
16,1391,506
16,1333,469
16,1318,425
16,1334,413
16,1339,405
16,1278,295
16,1353,283
16,1318,170
16,1312,185
16,1316,278
16,1409,188
16,1380,207
16,1388,197
16,1395,215
16,1392,220
16,1389,213
16,1371,204
16,1388,226
16,1405,151
16,1416,152
16,1467,35
16,1400,393
16,1392,386
16,1624,56
16,1629,54
16,1635,58
16,1681,283
16,1689,291
16,1666,192
16,1683,354
16,1688,374
16,1768,283
16,1709,268
16,1659,184
16,1702,157
16,1663,324
16,1666,344
16,1660,356
16,1654,443
16,1664,444
16,1313,690
16,1310,452
16,1313,477
16,1314,436
16,1409,557
16,1409,566
16,1392,557
16,1359,474
16,1366,477
16,1349,441
16,1359,452
16,1362,440
16,1361,500
16,1436,505
16,1378,442
16,1439,507
16,1370,466
16,1381,494
16,1362,357
16,1366,677
16,1509,564
16,1576,565
16,1524,548
16,1557,551
16,1581,528
16,1593,552
16,1622,561
16,1386,518
16,1382,521
16,1430,525
16,1421,522
16,1665,564
16,1446,529
16,1446,518
16,1809,630
16,1766,579
16,1772,584
16,1649,558
16,1461,529
16,1672,552
16,1687,546
16,1698,577
16,1705,566
16,1791,612
16,1777,597
16,1770,606
16,1743,589
16,1731,596
16,1783,591
16,1865,656
16,1893,616
16,1894,623
16,160,589
16,203,588
16,96,597
16,86,597
16,371,591
16,1011,629
16,1010,613
16,926,609
16,1006,612
16,1051,644
16,982,619
16,946,613
16,1063,635
16,1064,640
16,1047,652
16,1021,640
16,1087,640
16,1031,624
16,1162,660
16,1163,666
16,1303,692
16,1544,755
16,1546,761
16,1585,764
16,1585,768
16,1775,793
16,1711,794
16,1725,807
16,1746,814
17,8,335
17,99,376
17,45,414
17,83,410
17,48,349
17,15,369
17,26,365
17,33,345
17,38,339
17,30,340
17,67,352
17,228,349
17,80,341
17,56,359
17,221,375
17,218,362
17,92,367
17,93,356
17,65,382
17,109,361
17,116,365
17,307,338
17,158,341
17,158,336
17,195,348
17,194,339
17,226,342
17,354,330
17,306,299
17,267,322
17,266,330
17,308,314
17,307,325
17,289,401
17,280,401
17,307,349
17,439,185
17,480,303
17,340,313
17,351,324
17,341,307
17,373,290
17,366,312
17,365,307
17,386,304
17,381,297
17,511,330
17,524,318
17,567,337
17,465,250
17,465,260
17,531,300
17,522,290
17,653,342
17,667,341
17,650,313
17,563,294
17,626,301
17,527,307
17,542,314
17,570,324
17,589,304
17,563,278
17,564,286
17,573,293
17,580,301
17,532,291
17,460,223
17,448,214
17,582,294
17,576,308
17,601,295
17,605,300
17,598,321
17,593,286
17,614,319
17,635,311
17,752,269
17,753,275
17,757,279
17,887,327
17,845,325
17,788,285
17,726,297
17,721,307
17,859,262
17,863,269
17,822,265
17,858,280
17,748,297
17,754,309
17,752,318
17,769,309
17,770,302
17,916,338
17,930,351
17,823,377
17,839,378
17,819,359
17,922,382
17,963,345
17,1003,349
17,841,300
17,1036,306
17,826,283
17,800,260
17,802,264
17,820,276
17,873,275
17,853,309
17,883,317
17,909,320
17,940,313
17,1046,293
17,1170,337
17,1181,337
17,1165,305
17,1169,288
17,1157,296
17,1049,259
17,1160,275
17,1137,255
17,1233,322
17,1228,321
17,1184,288
17,1187,294
17,1026,317
17,1058,317
17,1037,354
17,1138,319
17,1143,311
17,1243,380
17,1130,356
17,1119,363
17,1321,412
17,1155,347
17,1148,356
17,1140,331
17,1165,300
17,1191,312
17,1192,320
17,1184,346
17,1169,346
17,1213,363
17,1177,359
17,1244,302
17,1241,330
17,1240,334
17,1274,326
17,1284,283
17,1236,357
17,1241,350
17,1236,365
17,1265,374
17,1358,521
17,1285,378
17,1293,371
17,1381,533
17,1394,542
17,1274,392
17,1291,402
17,1296,397
17,1308,386
17,1310,366
17,1269,350
17,1275,340
17,1288,352
17,1330,376
17,1397,513
17,1331,485
17,1315,421
17,1329,407
17,1334,399
17,1278,294
17,1355,282
17,1317,170
17,1312,185
17,1391,163
17,1316,278
17,1407,179
17,1381,200
17,1388,194
17,1396,213
17,1393,219
17,1391,210
17,1371,205
17,1389,224
17,1407,142
17,1416,148
17,1467,26
17,1394,397
17,1386,388
17,1624,55
17,1629,54
17,1635,58
17,1681,288
17,1690,296
17,1665,188
17,1682,360
17,1691,382
17,1773,282
17,1709,268
17,1659,174
17,1702,152
17,1663,317
17,1668,335
17,1661,347
17,1655,434
17,1664,435
17,1317,694
17,1308,445
17,1312,469
17,1309,430
17,1412,558
17,1413,567
17,1394,558
17,1357,468
17,1364,471
17,1347,435
17,1357,446
17,1359,433
17,1359,496
17,1435,505
17,1374,434
17,1438,508
17,1362,458
17,1379,487
17,1362,353
17,1365,685
17,1517,565
17,1585,566
17,1532,547
17,1565,551
17,1587,524
17,1600,552
17,1630,561
17,1384,514
17,1379,516
17,1426,529
17,1421,522
17,1670,570
17,1440,530
17,1439,519
17,1808,630
17,1761,575
17,1767,580
17,1657,558
17,1455,531
17,1679,556
17,1693,548
17,1703,580
17,1710,568
17,1796,613
17,1784,598
17,1778,606
17,1751,593
17,1738,600
17,1778,589
17,1867,664
17,1887,616
17,1887,622
17,160,589
17,204,588
17,102,596
17,92,596
17,367,591
17,1015,631
17,583,585
17,1010,613
17,918,606
17,1007,612
17,1055,645
17,978,617
17,940,612
17,1056,633
17,1058,638
17,1052,652
17,1031,641
17,1080,638
17,1027,623
17,1155,659
17,1156,665
17,1310,695
17,1539,754
17,1542,759
17,1580,762
17,1580,766
17,1775,792
17,1720,806
17,1739,812
18,8,335
18,106,374
18,45,414
18,83,410
18,47,347
18,11,369
18,19,364
18,29,344
18,37,338
18,30,340
18,67,352
18,235,349
18,80,341
18,54,358
18,225,374
18,221,361
18,88,367
18,89,356
18,72,380
18,104,364
18,111,368
18,313,336
18,153,342
18,153,337
18,189,350
18,189,341
18,221,343
18,358,327
18,305,300
18,262,323
18,260,331
18,305,314
18,304,327
18,289,401
18,280,401
18,308,345
18,440,181
18,485,306
18,334,314
18,345,324
18,335,309
18,369,290
18,359,313
18,357,307
18,380,306
18,374,298
18,513,332
18,528,321
18,575,338
18,462,247
18,463,256
18,531,300
18,520,291
18,659,341
18,672,341
18,657,309
18,563,293
18,631,297
18,522,305
18,535,313
18,564,323
18,590,304
18,563,278
18,564,286
18,573,293
18,580,301
18,532,291
18,464,225
18,448,218
18,582,293
18,574,308
18,602,295
18,605,302
18,592,323
18,593,286
18,607,321
18,630,312
18,757,265
18,758,272
18,762,276
18,894,327
18,848,325
18,788,284
18,721,295
18,716,307
18,859,262
18,863,269
18,824,263
18,864,284
18,742,297
18,747,308
18,745,317
18,762,308
18,763,301
18,924,339
18,937,351
18,823,377
18,836,377
18,820,359
18,922,381
18,968,344
18,1006,348
18,838,300
18,1044,307
18,823,283
18,794,260
18,795,265
18,814,276
18,871,276
18,887,268
18,847,310
18,875,316
18,901,318
18,932,312
18,1050,293
18,1173,336
18,1187,336
18,1163,307
18,1168,287
18,1152,292
18,1049,259
18,1160,274
18,1136,259
18,1239,319
18,1234,317
18,1187,287
18,1190,294
18,1019,316
18,1049,316
18,1033,352
18,1133,319
18,1138,310
18,1245,380
18,1125,355
18,1112,363
18,1324,422
18,1149,343
18,1142,353
18,1134,332
18,1162,298
18,1187,312
18,1188,320
18,1178,346
18,1163,345
18,1208,364
18,1170,360
18,1241,302
18,1237,330
18,1237,334
18,1271,323
18,1282,282
18,1230,355
18,1235,348
18,1232,363
18,1261,371
18,1362,523
18,1281,373
18,1288,367
18,1386,534
18,1396,544
18,1270,387
18,1287,397
18,1293,392
18,1303,382
18,1306,362
18,1264,348
18,1269,338
18,1284,349
18,1328,371
18,1400,515
18,1330,502
18,1312,417
18,1325,401
18,1330,393
18,1278,294
18,1358,281
18,1317,170
18,1312,185
18,1391,151
18,1315,277
18,1406,170
18,1382,193
18,1389,192
18,1396,211
18,1393,217
18,1390,208
18,1371,206
18,1371,190
18,1388,221
18,1405,139
18,1416,144
18,1467,18
18,1388,398
18,1380,389
18,1624,55
18,1629,53
18,1635,58
18,1682,294
18,1692,302
18,1665,184
18,1681,365
18,1692,389
18,1779,282
18,1709,269
18,1659,164
18,1703,147
18,1663,311
18,1670,326
18,1663,338
18,1656,425
18,1665,426
18,1323,695
18,1307,438
18,1311,461
18,1305,425
18,1414,558
18,1416,567
18,1393,558
18,1355,463
18,1362,466
18,1345,432
18,1356,440
18,1356,427
18,1358,491
18,1435,505
18,1370,427
18,1438,510
18,1355,451
18,1378,480
18,1363,349
18,1365,690
18,1525,566
18,1594,567
18,1541,546
18,1572,551
18,1594,521
18,1608,552
18,1638,560
18,1382,507
18,1377,509
18,1421,531
18,1422,522
18,1676,570
18,1435,531
18,1433,521
18,1803,628
18,1758,573
18,1765,576
18,1766,568
18,1664,560
18,1449,534
18,1684,559
18,1699,551
18,1709,583
18,1716,570
18,1800,612
18,1792,599
18,1783,608
18,1757,595
18,1745,602
18,1774,586
18,1866,670
18,1881,614
18,1881,620
18,160,588
18,203,587
18,108,595
18,98,595
18,363,591
18,1020,634
18,578,584
18,1010,613
18,911,605
18,1008,612
18,1062,647
18,974,616
18,935,611
18,1050,630
18,1051,635
18,1034,640
18,1074,637
18,1024,622
18,1149,658
18,1150,665
18,1289,693
18,1535,751
18,1537,756
18,1572,760
18,1574,764
18,1774,792
18,1732,813
19,8,333
19,114,373
19,45,414
19,83,409
19,46,346
19,14,364
19,25,344
19,36,337
19,30,340
19,67,352
19,242,348
19,80,341
19,52,357
19,228,373
19,224,360
19,85,368
19,86,356
19,79,380
19,10,381
19,99,366
19,106,369
19,319,334
19,148,343
19,148,338
19,183,351
19,183,342
19,216,346
19,362,324
19,304,300
19,257,324
19,255,332
19,300,314
19,300,326
19,289,401
19,280,401
19,309,341
19,491,309
19,328,315
19,339,324
19,329,311
19,365,290
19,352,315
19,349,307
19,373,308
19,366,299
19,515,334
19,531,324
19,582,339
19,459,244
19,462,253
19,530,289
19,531,299
19,519,290
19,665,340
19,678,341
19,662,304
19,563,293
19,635,297
19,518,303
19,529,311
19,556,320
19,593,303
19,562,276
19,564,286
19,573,293
19,580,301
19,532,291
19,465,225
19,446,222
19,582,293
19,573,308
19,600,294
19,602,305
19,587,320
19,593,286
19,600,324
19,626,314
19,762,266
19,768,268
19,902,328
19,851,325
19,787,284
19,715,295
19,710,307
19,860,262
19,864,268
19,827,260
19,866,285
19,736,297
19,741,308
19,739,317
19,756,308
19,757,301
19,929,338
19,942,351
19,820,375
19,835,375
19,820,358
19,921,381
19,974,342
19,1008,345
19,835,300
19,1050,304
19,819,282
19,788,261
19,789,265
19,807,276
19,867,276
19,883,270
19,841,311
19,867,315
19,893,317
19,923,312
19,1054,293
19,1176,335
19,1194,336
19,1164,306
19,1167,286
19,1146,289
19,1049,258
19,1159,274
19,1135,263
19,1244,316
19,1239,314
19,1191,287
19,1194,294
19,1012,316
19,1041,316
19,1029,350
19,1127,318
19,1132,310
19,1243,379
19,1120,354
19,1105,362
19,1327,432
19,1143,340
19,1137,350
19,1128,333
19,1160,296
19,1181,312
19,1182,320
19,1172,346
19,1158,342
19,1203,365
19,1162,360
19,1237,301
19,1231,327
19,1231,332
19,1269,320
19,1280,278
19,1224,353
19,1230,345
19,1225,362
19,1257,368
19,1366,524
19,1277,368
19,1283,364
19,1392,536
19,1403,545
19,1266,382
19,1283,392
19,1290,388
19,1298,379
19,1302,358
19,1259,346
19,1264,336
19,1280,347
19,1326,366
19,1407,512
19,1330,517
19,1308,412
19,1321,395
19,1325,388
19,1277,293
19,1360,279
19,1317,170
19,1312,185
19,1391,140
19,1315,277
19,1403,161
19,1383,187
19,1387,105
19,1390,188
19,1392,206
19,1393,213
19,1389,203
19,1371,209
19,1371,193
19,1387,219
19,1416,136
19,1382,399
19,1375,391
19,1624,54
19,1629,53
19,1635,58
19,1683,300
19,1693,308
19,1664,180
19,1681,371
19,1694,397
19,1784,281
19,1709,269
19,1659,154
19,1703,142
19,1664,305
19,1672,317
19,1665,329
19,1657,416
19,1666,417
19,1327,697
19,1306,432
19,1311,454
19,1300,420
19,1416,558
19,1420,567
19,1392,558
19,1354,458
19,1361,461
19,1344,429
19,1356,435
19,1353,420
19,1358,486
19,1434,505
19,1367,420
19,1435,513
19,1348,444
19,1377,473
19,1364,345
19,1533,567
19,1604,566
19,1548,544
19,1580,551
19,1600,518
19,1615,551
19,1646,560
19,1381,501
19,1375,503
19,1412,527
19,1423,523
19,1684,574
19,1429,531
19,1430,523
19,1799,626
19,1751,570
19,1758,573
19,1758,562
19,1670,562
19,1443,538
19,1689,562
19,1706,554
19,1715,586
19,1722,572
19,1804,611
19,1800,601
19,1764,597
19,1752,605
19,1769,584
19,1865,676
19,1874,612
19,1874,618
19,161,588
19,202,586
19,115,594
19,104,595
19,359,590
19,1024,636
19,573,582
19,1010,613
19,904,604
19,1008,612
19,970,613
19,929,607
19,1045,627
19,1045,632
19,1045,643
19,1068,635
19,1021,622
19,1143,658
19,1144,665
19,1295,692
19,1566,757
19,1568,764
19,1776,792
19,1728,812
20,8,332
20,121,371
20,45,414
20,83,409
20,45,345
20,11,364
20,22,344
20,36,336
20,30,340
20,67,352
20,249,347
20,80,341
20,54,360
20,232,372
20,227,360
20,81,368
20,83,357
20,85,379
20,18,382
20,95,369
20,102,370
20,325,333
20,143,344
20,143,339
20,177,352
20,177,343
20,211,349
20,366,321
20,303,300
20,251,325
20,251,333
20,296,315
20,296,326
20,289,400
20,280,400
20,311,338
20,497,313
20,323,316
20,333,324
20,323,313
20,359,291
20,346,315
20,343,308
20,367,311
20,359,300
20,515,334
20,535,328
20,590,340
20,457,241
20,460,249
20,528,289
20,531,299
20,519,289
20,671,339
20,683,341
20,667,299
20,563,293
20,640,297
20,514,301
20,523,310
20,549,318
20,594,303
20,562,276
20,563,286
20,573,293
20,580,300
20,532,291
20,468,227
20,445,227
20,583,293
20,572,308
20,600,295
20,599,308
20,582,318
20,593,286
20,594,325
20,622,316
20,770,265
20,909,325
20,854,325
20,787,284
20,709,295
20,704,307
20,860,262
20,864,268
20,829,258
20,873,287
20,729,296
20,734,308
20,733,317
20,749,307
20,751,300
20,935,338
20,948,351
20,816,374
20,835,374
20,820,357
20,921,381
20,980,341
20,1011,341
20,832,300
20,1057,304
20,816,281
20,782,262
20,784,266
20,800,276
20,863,277
20,879,272
20,835,313
20,859,315
20,884,316
20,914,312
20,1057,292
20,1181,334
20,1199,335
20,1166,306
20,1166,286
20,1140,286
20,1049,258
20,1159,273
20,1134,267
20,1250,313
20,1244,311
20,1193,286
20,1196,294
20,1004,314
20,1031,315
20,1025,348
20,1122,318
20,1127,310
20,1241,377
20,1115,353
20,1099,362
20,1331,443
20,1137,337
20,1132,348
20,1120,332
20,1155,295
20,1176,312
20,1177,320
20,1166,346
20,1153,339
20,1199,366
20,1155,361
20,1233,301
20,1225,325
20,1226,330
20,1264,320
20,1277,277
20,1218,352
20,1224,344
20,1219,361
20,1253,365
20,1371,526
20,1273,364
20,1278,361
20,1397,537
20,1410,546
20,1262,379
20,1279,387
20,1285,383
20,1293,375
20,1298,354
20,1255,345
20,1259,334
20,1275,344
20,1321,364
20,1414,509
20,1330,532
20,1304,408
20,1317,389
20,1321,382
20,1276,292
20,1363,277
20,1317,170
20,1312,184
20,1391,132
20,1315,277
20,1401,153
20,1385,181
20,1387,98
20,1392,185
20,1392,202
20,1393,213
20,1388,201
20,1371,212
20,1371,196
20,1387,217
20,1376,396
20,1371,387
20,1624,54
20,1629,53
20,1635,57
20,1684,306
20,1695,314
20,1664,176
20,1681,376
20,1696,405
20,1790,281
20,1709,269
20,1659,145
20,1704,137
20,1698,123
20,1663,116
20,1665,300
20,1675,309
20,1668,320
20,1657,408
20,1666,409
20,1333,699
20,1303,427
20,1309,447
20,1296,415
20,1419,559
20,1424,568
20,1391,559
20,1352,453
20,1360,455
20,1343,419
20,1355,430
20,1350,414
20,1357,481
20,1434,505
20,1362,413
20,1432,516
20,1341,437
20,1376,467
20,1366,345
20,1542,569
20,1614,566
20,1555,542
20,1587,551
20,1607,515
20,1623,550
20,1654,560
20,1379,494
20,1373,496
20,1404,526
20,1422,522
20,1693,576
20,1424,532
20,1427,525
20,1795,624
20,1749,568
20,1754,569
20,1752,560
20,1678,566
20,1437,538
20,1695,565
20,1713,558
20,1717,586
20,1728,577
20,1812,613
20,1771,599
20,1760,608
20,1764,581
20,1864,677
20,1867,618
20,160,587
20,202,586
20,121,593
20,110,594
20,355,589
20,1029,639
20,817,585
20,568,580
20,1010,613
20,1009,612
20,965,612
20,921,606
20,1040,628
20,1041,632
20,1050,642
20,1062,633
20,1018,623
20,1139,657
20,1301,692
20,1561,755
20,1562,761
20,1778,792
20,1721,810
21,8,333
21,128,370
21,44,414
21,83,409
21,45,344
21,9,368
21,8,341
21,20,343
21,37,337
21,30,340
21,67,352
21,256,346
21,81,341
21,53,359
21,234,371
21,231,359
21,78,369
21,80,358
21,93,379
21,25,383
21,91,372
21,98,372
21,331,332
21,139,346
21,138,341
21,172,353
21,172,344
21,207,352
21,370,319
21,302,301
21,246,326
21,247,334
21,292,316
21,292,326
21,289,400
21,280,400
21,314,335
21,504,316
21,317,318
21,328,325
21,318,315
21,354,292
21,341,315
21,337,310
21,360,312
21,352,302
21,516,335
21,540,329
21,598,340
21,455,238
21,458,246
21,527,290
21,531,299
21,519,288
21,677,338
21,689,341
21,673,294
21,563,293
21,644,295
21,509,299
21,517,309
21,542,316
21,596,305
21,562,276
21,563,286
21,573,293
21,580,300
21,532,291
21,470,230
21,446,233
21,583,293
21,572,307
21,600,296
21,596,309
21,581,317
21,593,286
21,589,327
21,618,318
21,916,322
21,858,326
21,787,284
21,703,295
21,699,307
21,860,261
21,864,268
21,831,256
21,880,290
21,723,296
21,728,308
21,727,317
21,742,306
21,745,300
21,941,338
21,954,352
21,816,374
21,835,374
21,820,357
21,921,381
21,986,340
21,1014,338
21,829,300
21,1064,304
21,813,281
21,775,265
21,777,269
21,794,276
21,860,278
21,874,275
21,829,315
21,851,315
21,875,315
21,905,313
21,1061,291
21,1187,334
21,1204,335
21,1164,304
21,1165,285
21,1134,285
21,1050,258
21,1159,273
21,1132,271
21,1256,311
21,1250,308
21,1195,285
21,1198,294
21,996,313
21,1022,314
21,1021,346
21,1117,318
21,1121,310
21,1240,376
21,1111,353
21,1092,360
21,1334,453
21,1131,335
21,1127,345
21,1112,331
21,1151,295
21,1171,312
21,1172,322
21,1160,346
21,1149,336
21,1195,367
21,1148,362
21,1229,301
21,1219,323
21,1220,328
21,1259,321
21,1275,276
21,1212,351
21,1218,343
21,1213,360
21,1249,362
21,1376,529
21,1270,361
21,1274,357
21,1403,539
21,1417,547
21,1258,376
21,1276,383
21,1281,379
21,1289,372
21,1295,351
21,1251,343
21,1254,332
21,1271,341
21,1316,362
21,1422,507
21,1330,547
21,1301,404
21,1313,384
21,1317,377
21,1276,292
21,1363,275
21,1317,170
21,1312,184
21,1392,125
21,1315,277
21,1399,147
21,1384,175
21,1393,182
21,1392,199
21,1393,210
21,1387,198
21,1372,213
21,1371,199
21,1386,214
21,1370,394
21,1368,384
21,1624,53
21,1629,52
21,1635,57
21,1685,311
21,1695,319
21,1663,172
21,1681,382
21,1698,413
21,1795,280
21,1709,269
21,1659,136
21,1705,133
21,1694,128
21,1658,112
21,1667,293
21,1678,300
21,1672,312
21,1657,400
21,1666,402
21,1339,701
21,1300,423
21,1307,441
21,1292,410
21,1421,558
21,1427,567
21,1391,559
21,1351,449
21,1359,450
21,1341,416
21,1353,423
21,1348,408
21,1357,477
21,1433,507
21,1357,406
21,1431,519
21,1335,429
21,1374,460
21,1365,344
21,1549,568
21,1624,566
21,1562,540
21,1595,551
21,1612,510
21,1630,549
21,1660,562
21,1378,488
21,1372,490
21,1398,518
21,1421,521
21,1699,583
21,1417,531
21,1423,526
21,1791,622
21,1742,562
21,1749,565
21,1746,558
21,1686,569
21,1432,539
21,1703,569
21,1719,562
21,1725,584
21,1735,579
21,1822,617
21,1778,599
21,1768,609
21,1759,577
21,1863,678
21,1860,618
21,1654,760
21,159,587
21,202,586
21,128,593
21,117,594
21,352,589
21,1034,642
21,810,585
21,563,580
21,1010,613
21,1009,612
21,960,612
21,914,605
21,941,612
21,1033,627
21,1034,633
21,1057,643
21,1057,632
21,1016,624
21,1135,657
21,1308,692
21,1556,753
21,1557,758
21,1781,793
21,1714,809
22,8,332
22,138,371
22,44,414
22,83,409
22,46,346
22,9,342
22,18,342
22,38,338
22,30,340
22,67,352
22,263,346
22,81,341
22,208,387
22,52,359
22,237,370
22,235,358
22,74,370
22,77,359
22,100,378
22,33,384
22,85,374
22,91,375
22,337,331
22,134,347
22,133,342
22,166,354
22,166,345
22,202,355
22,375,316
22,301,301
22,241,327
22,243,335
22,288,316
22,288,325
22,289,400
22,280,400
22,317,332
22,511,320
22,311,321
22,323,327
22,312,317
22,349,293
22,336,316
22,332,312
22,353,313
22,346,304
22,516,335
22,545,331
22,606,340
22,454,235
22,456,243
22,526,291
22,531,299
22,519,288
22,682,338
22,694,340
22,679,288
22,563,294
22,649,293
22,505,297
22,511,308
22,535,314
22,601,303
22,562,277
22,563,285
22,573,294
22,580,300
22,532,291
22,473,233
22,446,239
22,457,220
22,583,293
22,572,307
22,600,297
22,594,311
22,580,316
22,593,286
22,584,329
22,614,321
22,921,318
22,863,326
22,787,284
22,698,295
22,694,307
22,860,261
22,864,268
22,833,253
22,887,290
22,717,296
22,722,309
22,721,318
22,736,306
22,739,300
22,948,336
22,960,352
22,816,374
22,835,374
22,820,357
22,921,382
22,991,339
22,1014,334
22,826,299
22,1071,304
22,809,279
22,769,269
22,771,273
22,788,276
22,856,279
22,869,277
22,822,314
22,844,315
22,867,315
22,897,312
22,1065,291
22,1193,334
22,1209,335
22,1163,302
22,1165,285
22,1128,284
22,1050,258
22,1159,273
22,1132,274
22,1262,310
22,1256,306
22,1198,285
22,1201,294
22,988,312
22,1012,313
22,1018,347
22,1112,318
22,1116,310
22,1235,373
22,1106,352
22,1085,359
22,1337,463
22,1125,333
22,1122,342
22,1107,330
22,1149,293
22,1167,313
22,1167,323
22,1155,346
22,1143,332
22,1190,366
22,1140,362
22,1225,301
22,1214,321
22,1215,327
22,1257,319
22,1272,275
22,1206,350
22,1213,343
22,1207,359
22,1245,360
22,1381,532
22,1267,359
22,1270,353
22,1408,540
22,1422,546
22,1254,373
22,1272,379
22,1277,375
22,1285,369
22,1291,348
22,1247,341
22,1250,330
22,1267,339
22,1311,361
22,1431,504
22,1330,562
22,1297,399
22,1308,380
22,1311,373
22,1274,292
22,1364,276
22,1317,170
22,1312,184
22,1392,118
22,1315,276
22,1398,141
22,1384,171
22,1395,179
22,1394,197
22,1393,207
22,1387,195
22,1373,215
22,1372,202
22,1386,212
22,1365,390
22,1364,381
22,1624,52
22,1629,52
22,1635,57
22,1686,316
22,1696,324
22,1662,168
22,1680,387
22,1698,421
22,1800,279
22,1710,270
22,1657,128
22,1707,129
22,1691,133
22,1654,108
22,1667,286
22,1679,290
22,1673,302
22,1657,392
22,1666,394
22,1343,706
22,1298,419
22,1305,435
22,1289,406
22,1424,558
22,1430,566
22,1391,559
22,1349,443
22,1358,445
22,1338,412
22,1351,418
22,1343,404
22,1357,472
22,1432,510
22,1352,399
22,1430,522
22,1329,422
22,1373,454
22,1364,344
22,1556,568
22,1634,566
22,1569,539
22,1602,551
22,1617,506
22,1638,548
22,1667,565
22,1377,481
22,1371,483
22,1393,511
22,1419,522
22,1702,585
22,1411,530
22,1420,528
22,1787,621
22,1736,559
22,1745,562
22,1737,553
22,1691,571
22,1427,539
22,1711,573
22,1726,566
22,1732,587
22,1741,582
22,1829,619
22,1786,599
22,1777,610
22,1754,573
22,1863,678
22,1854,616
22,1655,757
22,1646,762
22,158,586
22,202,586
22,132,593
22,123,594
22,349,590
22,1039,643
22,813,593
22,558,579
22,1010,613
22,1010,612
22,955,609
22,908,603
22,935,609
22,1026,627
22,1028,634
22,1064,644
22,1050,630
22,1015,623
22,1131,653
22,1313,694
22,1551,751
22,1552,756
23,9,332
23,144,370
23,44,414
23,83,410
23,48,348
23,10,344
23,16,341
23,39,339
23,30,340
23,67,352
23,269,345
23,81,341
23,210,386
23,52,359
23,239,369
23,239,357
23,71,370
23,74,361
23,108,377
23,39,386
23,79,376
23,84,379
23,344,330
23,129,349
23,129,343
23,161,355
23,161,347
23,197,359
23,380,314
23,300,302
23,232,324
23,236,328
23,235,338
23,284,317
23,284,325
23,289,400
23,280,400
23,321,330
23,519,324
23,305,323
23,318,329
23,307,319
23,344,294
23,330,318
23,326,313
23,346,314
23,339,306
23,517,336
23,551,333
23,615,341
23,452,232
23,455,240
23,525,292
23,532,299
23,518,287
23,687,338
23,700,340
23,686,283
23,563,294
23,654,291
23,501,296
23,503,304
23,527,312
23,605,303
23,562,277
23,563,284
23,572,294
23,580,300
23,532,291
23,473,237
23,446,242
23,459,224
23,583,294
23,571,307
23,600,298
23,592,313
23,580,314
23,593,286
23,578,328
23,609,321
23,926,314
23,868,326
23,787,285
23,696,296
23,690,308
23,860,261
23,864,268
23,894,290
23,712,296
23,717,309
23,715,319
23,730,307
23,733,301
23,955,335
23,966,352
23,816,374
23,835,375
23,820,357
23,921,382
23,996,339
23,1014,331
23,824,299
23,1077,304
23,806,278
23,761,269
23,763,274
23,781,275
23,853,280
23,864,279
23,815,313
23,835,315
23,858,315
23,889,312
23,1069,291
23,1198,333
23,1213,335
23,1161,299
23,1163,284
23,1123,283
23,1050,258
23,1159,273
23,1131,277
23,1268,309
23,1262,305
23,1200,284
23,1203,294
23,980,311
23,1003,312
23,1015,348
23,1107,318
23,1111,310
23,1231,370
23,1101,351
23,1079,358
23,1340,473
23,1120,331
23,1117,339
23,1102,329
23,1147,292
23,1163,314
23,1163,322
23,1149,345
23,1138,328
23,1186,365
23,1133,362
23,1221,301
23,1208,320
23,1209,327
23,1256,317
23,1270,275
23,1200,351
23,1207,344
23,1200,360
23,1242,359
23,1386,535
23,1265,357
23,1266,350
23,1413,542
23,1428,546
23,1251,370
23,1269,375
23,1273,371
23,1281,366
23,1288,345
23,1243,339
23,1246,328
23,1263,337
23,1309,360
23,1440,502
23,1327,576
23,1294,394
23,1303,376
23,1306,370
23,1272,293
23,1366,278
23,1317,170
23,1312,184
23,1392,112
23,1315,276
23,1397,176
23,1397,196
23,1393,204
23,1387,192
23,1375,217
23,1375,208
23,1386,209
23,1360,387
23,1358,376
23,1624,52
23,1629,51
23,1635,57
23,1687,322
23,1697,329
23,1662,165
23,1680,393
23,1698,429
23,1805,278
23,1710,275
23,1656,121
23,1688,139
23,1650,104
23,1667,279
23,1680,280
23,1674,292
23,1658,384
23,1666,387
23,1348,707
23,1296,414
23,1305,430
23,1286,402
23,1427,558
23,1432,565
23,1392,560
23,1348,437
23,1357,441
23,1336,408
23,1350,413
23,1339,400
23,1356,467
23,1433,512
23,1347,393
23,1428,524
23,1323,415
23,1372,448
23,1363,344
23,1564,568
23,1644,564
23,1576,536
23,1610,552
23,1623,501
23,1646,548
23,1674,567
23,1376,475
23,1370,477
23,1388,504
23,1418,523
23,1714,587
23,1406,528
23,1415,526
23,1784,619
23,1733,556
23,1740,559
23,1733,550
23,1700,573
23,1422,540
23,1717,576
23,1732,568
23,1736,592
23,1748,583
23,1834,621
23,1793,600
23,1785,611
23,1748,568
23,1862,678
23,1847,614
23,1656,747
23,1649,755
23,158,586
23,202,586
23,137,593
23,129,594
23,346,591
23,1044,644
23,806,592
23,552,579
23,1010,613
23,1010,612
23,950,606
23,903,601
23,930,607
23,1070,642
23,1044,629
23,1014,623
23,1124,651
23,1119,655
23,1318,696
23,1544,750
23,1546,754
24,8,333
24,150,369
24,44,414
24,83,410
24,50,350
24,11,346
24,14,340
24,39,339
24,30,340
24,67,352
24,276,345
24,81,341
24,213,385
24,51,358
24,242,369
24,243,356
24,67,370
24,72,362
24,115,377
24,46,388
24,73,378
24,77,383
24,351,329
24,125,351
24,125,344
24,156,356
24,155,349
24,192,363
24,385,311
24,298,302
24,226,326
24,230,331
24,230,339
24,280,318
24,281,325
24,289,400
24,280,400
24,327,328
24,525,325
24,299,326
24,313,331
24,301,321
24,339,296
24,324,320
24,320,315
24,340,316
24,333,308
24,517,336
24,556,335
24,621,341
24,451,230
24,452,236
24,524,293
24,533,299
24,518,287
24,692,339
24,705,339
24,696,281
24,563,294
24,659,290
24,497,291
24,495,300
24,519,310
24,609,304
24,562,278
24,564,283
24,572,294
24,580,301
24,532,291
24,473,241
24,446,246
24,461,229
24,583,294
24,570,307
24,600,299
24,588,315
24,581,312
24,593,286
24,572,327
24,604,322
24,932,311
24,873,329
24,787,285
24,687,296
24,684,306
24,860,260
24,864,268
24,901,290
24,708,297
24,711,311
24,709,320
24,725,308
24,728,302
24,961,334
24,971,352
24,816,374
24,835,375
24,820,357
24,921,383
24,1001,339
24,1010,326
24,822,299
24,1083,304
24,803,277
24,754,270
24,756,275
24,775,277
24,849,282
24,860,281
24,808,312
24,827,316
24,849,316
24,881,312
24,1073,292
24,1203,332
24,1217,335
24,1159,297
24,1161,283
24,1118,282
24,1050,258
24,1160,274
24,1130,280
24,1274,308
24,1269,304
24,1203,284
24,1206,294
24,972,312
24,993,314
24,1009,348
24,1102,319
24,1106,311
24,1225,368
24,1096,350
24,1072,357
24,1343,483
24,1115,330
24,1112,338
24,1097,328
24,1146,288
24,1158,314
24,1158,322
24,1144,345
24,1133,325
24,1182,365
24,1126,363
24,1218,302
24,1203,320
24,1204,327
24,1252,315
24,1267,274
24,1194,349
24,1202,344
24,1193,359
24,1239,358
24,1391,538
24,1260,356
24,1262,349
24,1418,544
24,1434,546
24,1244,369
24,1263,372
24,1266,368
24,1278,363
24,1285,342
24,1240,338
24,1241,327
24,1259,335
24,1309,360
24,1449,500
24,1324,591
24,1291,389
24,1298,372
24,1300,366
24,1270,294
24,1368,281
24,1318,171
24,1311,184
24,1391,106
24,1315,276
24,1396,173
24,1396,194
24,1389,200
24,1387,189
24,1372,218
24,1378,213
24,1386,207
24,1407,108
24,1416,113
24,1354,383
24,1353,371
24,1624,51
24,1629,51
24,1635,57
24,1686,328
24,1696,335
24,1661,161
24,1680,399
24,1699,438
24,1811,278
24,1710,280
24,1655,114
24,1685,147
24,1649,99
24,1670,277
24,1681,270
24,1675,282
24,1658,377
24,1665,378
24,1294,410
24,1305,425
24,1281,399
24,1431,559
24,1435,564
24,1392,560
24,1347,432
24,1354,437
24,1335,406
24,1349,408
24,1334,397
24,1356,462
24,1434,514
24,1342,386
24,1426,526
24,1317,407
24,1370,442
24,1363,344
24,1571,568
24,1655,563
24,1583,534
24,1618,553
24,1628,497
24,1652,549
24,1680,570
24,1375,469
24,1369,470
24,1382,493
24,1417,524
24,1729,592
24,1401,526
24,1411,525
24,1781,617
24,1727,554
24,1735,556
24,1729,546
24,1708,575
24,1416,539
24,1724,579
24,1738,571
24,1741,598
24,1755,584
24,1840,623
24,1794,612
24,1743,564
24,1857,677
24,1841,614
24,1657,741
24,1649,746
24,157,586
24,202,586
24,142,593
24,136,594
24,344,592
24,1050,646
24,799,592
24,547,579
24,1010,613
24,1011,612
24,946,605
24,923,605
24,1075,643
24,1037,630
24,1010,624
24,1119,648
24,1117,653
24,1324,698
24,1301,695
24,1538,749
24,1540,753
25,9,334
25,157,369
25,44,414
25,83,411
25,52,352
25,13,346
25,13,341
25,39,339
25,30,340
25,67,352
25,282,345
25,81,341
25,216,384
25,51,358
25,245,368
25,245,356
25,64,371
25,69,364
25,124,377
25,54,390
25,67,380
25,70,385
25,358,328
25,120,352
25,120,345
25,151,358
25,149,351
25,187,367
25,390,309
25,297,303
25,220,328
25,224,334
25,225,341
25,276,319
25,276,326
25,289,401
25,280,401
25,333,326
25,531,327
25,293,329
25,309,336
25,296,324
25,334,296
25,318,322
25,314,317
25,333,317
25,326,309
25,518,337
25,561,337
25,629,342
25,450,228
25,450,232
25,523,294
25,534,299
25,518,286
25,697,339
25,711,339
25,702,279
25,563,294
25,664,289
25,492,291
25,487,297
25,512,309
25,612,300
25,563,278
25,564,284
25,572,294
25,580,301
25,532,291
25,473,245
25,447,253
25,463,233
25,583,295
25,570,307
25,600,300
25,585,317
25,581,311
25,593,286
25,567,327
25,600,323
25,938,308
25,876,329
25,787,286
25,684,299
25,681,307
25,861,260
25,864,268
25,905,290
25,703,298
25,705,311
25,703,320
25,719,309
25,722,303
25,968,334
25,977,353
25,816,374
25,835,376
25,820,357
25,921,384
25,1006,337
25,1007,322
25,821,299
25,1089,304
25,800,276
25,748,270
25,750,275
25,768,279
25,846,284
25,856,284
25,801,311
25,818,317
25,840,317
25,872,313
25,1077,293
25,1208,332
25,1222,335
25,1157,295
25,1159,283
25,1114,278
25,1050,258
25,1160,275
25,1129,283
25,1279,309
25,1275,303
25,1205,283
25,1206,294
25,964,313
25,984,316
25,1004,347
25,1097,319
25,1101,311
25,1220,366
25,1091,349
25,1066,356
25,1347,494
25,1110,329
25,1107,337
25,1091,326
25,1146,284
25,1153,315
25,1153,323
25,1139,345
25,1127,324
25,1178,366
25,1119,363
25,1215,302
25,1197,320
25,1198,327
25,1249,314
25,1265,273
25,1189,348
25,1196,341
25,1187,359
25,1235,357
25,1396,541
25,1255,355
25,1258,348
25,1423,543
25,1439,545
25,1238,368
25,1257,370
25,1259,366
25,1274,360
25,1280,340
25,1236,336
25,1237,325
25,1255,334
25,1307,365
25,1457,500
25,1321,606
25,1288,385
25,1293,368
25,1295,363
25,1270,293
25,1371,284
25,1318,171
25,1311,184
25,1391,100
25,1315,276
25,1395,170
25,1396,193
25,1391,200
25,1387,186
25,1371,221
25,1381,219
25,1386,205
25,1407,103
25,1417,108
25,1406,13
25,1349,380
25,1348,368
25,1625,51
25,1629,51
25,1635,56
25,1685,335
25,1695,341
25,1660,157
25,1680,404
25,1699,446
25,1817,278
25,1709,285
25,1642,88
25,1682,155
25,1669,273
25,1682,262
25,1676,272
25,1658,370
25,1665,370
25,1291,406
25,1300,420
25,1276,397
25,1434,559
25,1438,565
25,1393,560
25,1346,428
25,1352,433
25,1335,404
25,1348,403
25,1330,393
25,1356,458
25,1432,517
25,1338,379
25,1423,530
25,1311,400
25,1369,436
25,1363,344
25,1579,568
25,1666,562
25,1591,532
25,1626,554
25,1634,493
25,1658,551
25,1687,572
25,1375,463
25,1369,464
25,1376,483
25,1416,525
25,1729,597
25,1399,523
25,1406,522
25,1778,614
25,1722,550
25,1727,553
25,1726,544
25,1715,578
25,1410,538
25,1732,583
25,1744,574
25,1750,600
25,1763,587
25,1846,625
25,1802,614
25,1738,560
25,1852,677
25,1834,614
25,1659,734
25,1649,737
25,157,587
25,202,587
25,148,595
25,142,595
25,340,591
25,1055,645
25,793,592
25,540,579
25,1010,613
25,1012,612
25,942,605
25,917,604
25,1080,645
25,1031,631
25,1007,624
25,1114,644
25,1112,650
25,1329,702
25,1312,698
26,8,336
26,165,368
26,44,415
26,84,411
26,8,402
26,54,354
26,15,347
26,12,343
26,39,339
26,30,340
26,67,352
26,289,344
26,81,341
26,218,383
26,50,358
26,248,368
26,248,356
26,61,371
26,65,364
26,130,378
26,61,390
26,61,382
26,63,388
26,366,327
26,115,354
26,116,346
26,146,359
26,143,353
26,182,370
26,394,306
26,296,304
26,215,330
26,219,337
26,220,343
26,272,320
26,272,327
26,289,401
26,280,401
26,339,323
26,539,332
26,287,332
26,304,341
26,290,327
26,330,296
26,312,324
26,308,319
26,326,319
26,320,311
26,518,338
26,567,339
26,638,343
26,449,226
26,447,228
26,522,295
26,535,299
26,518,286
26,703,340
26,717,339
26,708,278
26,564,295
26,670,288
26,487,292
26,481,293
26,503,307
26,616,297
26,563,278
26,564,285
26,572,295
26,580,302
26,532,291
26,474,250
26,449,259
26,465,238
26,584,295
26,570,307
26,598,301
26,582,320
26,582,311
26,593,286
26,561,326
26,596,324
26,945,305
26,880,329
26,787,286
26,680,299
26,677,307
26,861,260
26,864,268
26,912,291
26,699,299
26,699,312
26,698,321
26,714,310
26,717,305
26,975,334
26,982,354
26,816,374
26,835,376
26,820,357
26,921,384
26,1012,336
26,1004,319
26,821,299
26,1096,305
26,797,275
26,743,270
26,743,276
26,762,282
26,843,285
26,852,286
26,794,310
26,810,318
26,831,318
26,864,314
26,1080,293
26,1211,331
26,1225,339
26,1156,293
26,1158,284
26,1111,275
26,1050,258
26,1161,276
26,1128,287
26,1285,309
26,1282,303
26,1208,283
26,1207,294
26,956,314
26,975,319
26,999,346
26,1092,320
26,1096,312
26,1214,365
26,1086,348
26,1060,355
26,1347,501
26,1106,328
26,1102,336
26,1085,325
26,1145,278
26,1149,316
26,1149,324
26,1133,345
26,1122,323
26,1174,367
26,1112,363
26,1212,303
26,1192,320
26,1193,327
26,1249,312
26,1263,273
26,1182,347
26,1189,340
26,1181,358
26,1232,356
26,1401,544
26,1251,353
26,1255,346
26,1428,542
26,1444,545
26,1232,368
26,1251,368
26,1254,364
26,1270,357
26,1275,338
26,1232,334
26,1233,323
26,1251,332
26,1306,370
26,1466,501
26,1318,620
26,1283,382
26,1288,364
26,1290,359
26,1270,293
26,1373,291
26,1318,171
26,1311,184
26,1315,276
26,1393,113
26,1394,167
26,1394,193
26,1390,198
26,1387,183
26,1371,225
26,1384,225
26,1385,202
26,1407,98
26,1418,103
26,1407,22
26,1344,376
26,1344,365
26,1624,48
26,1630,54
26,1635,56
26,1685,342
26,1694,348
26,1660,154
26,1680,410
26,1700,454
26,1823,279
26,1709,291
26,1640,94
26,1680,163
26,1672,267
26,1683,254
26,1678,263
26,1658,362
26,1665,363
26,1288,402
26,1296,415
26,1271,394
26,1438,559
26,1442,566
26,1393,561
26,1345,424
26,1350,429
26,1335,402
26,1347,399
26,1326,390
26,1355,453
26,1430,521
26,1332,374
26,1421,534
26,1306,393
26,1368,430
26,1363,344
26,1586,567
26,1676,566
26,1601,527
26,1634,555
26,1637,489
26,1664,552
26,1694,575
26,1375,458
26,1368,458
26,1370,473
26,1415,526
26,1731,598
26,1397,521
26,1402,519
26,1775,614
26,1717,549
26,1724,548
26,1720,542
26,1722,581
26,1402,536
26,1738,586
26,1750,577
26,1755,603
26,1766,590
26,1852,627
26,1810,618
26,1733,559
26,1850,675
26,1661,728
26,1649,729
26,157,588
26,202,587
26,107,598
26,155,597
26,148,597
26,336,590
26,1061,644
26,785,592
26,533,579
26,1010,613
26,1011,613
26,935,604
26,910,606
26,1085,647
26,1025,632
26,1003,623
26,1108,643
26,1107,649
26,1332,703
26,1316,700
26,1199,672
27,8,338
27,173,367
27,44,415
27,84,412
27,14,402
27,55,356
27,18,348
27,11,344
27,39,339
27,30,340
27,67,352
27,294,342
27,81,341
27,221,382
27,50,358
27,251,367
27,250,356
27,57,372
27,60,365
27,136,379
27,68,390
27,55,384
27,54,391
27,371,323
27,111,356
27,112,348
27,141,361
27,137,356
27,178,373
27,398,303
27,209,331
27,212,338
27,213,344
27,268,321
27,268,328
27,289,402
27,281,402
27,345,320
27,547,338
27,281,335
27,299,346
27,284,330
27,325,296
27,306,327
27,302,321
27,319,321
27,313,312
27,518,337
27,572,339
27,643,343
27,446,222
27,445,225
27,521,296
27,537,299
27,518,285
27,708,339
27,722,338
27,715,277
27,566,297
27,676,288
27,484,291
27,475,289
27,495,306
27,619,294
27,563,279
27,564,286
27,572,295
27,581,302
27,532,292
27,475,252
27,450,263
27,467,241
27,584,296
27,570,307
27,597,302
27,579,321
27,582,309
27,593,286
27,555,325
27,592,325
27,952,303
27,883,329
27,787,286
27,677,299
27,672,307
27,861,259
27,864,268
27,920,292
27,797,259
27,695,299
27,694,313
27,693,322
27,708,310
27,712,305
27,981,333
27,988,354
27,816,374
27,836,377
27,820,357
27,921,385
27,1019,335
27,998,315
27,821,299
27,1101,306
27,794,275
27,737,270
27,737,277
27,756,285
27,840,286
27,847,288
27,788,310
27,802,319
27,822,320
27,856,316
27,1084,293
27,1217,334
27,1231,340
27,1153,290
27,1158,284
27,1112,268
27,1050,258
27,1161,277
27,1127,290
27,1293,308
27,1288,302
27,1211,283
27,1208,294
27,948,314
27,965,321
27,995,346
27,1086,320
27,1090,312
27,1208,364
27,1081,347
27,1054,355
27,1348,509
27,1101,326
27,1096,334
27,1080,324
27,1145,272
27,1144,316
27,1144,323
27,1128,345
27,1116,322
27,1170,368
27,1105,363
27,1208,302
27,1187,320
27,1188,326
27,1249,309
27,1261,272
27,1176,347
27,1182,339
27,1175,358
27,1229,355
27,1406,547
27,1248,352
27,1252,344
27,1433,541
27,1449,544
27,1226,368
27,1246,367
27,1249,362
27,1266,354
27,1271,336
27,1229,333
27,1229,322
27,1247,331
27,1305,372
27,1475,502
27,1315,634
27,1278,379
27,1283,361
27,1285,355
27,1268,293
27,1370,295
27,1318,171
27,1311,185
27,1315,276
27,1392,106
27,1393,165
27,1392,194
27,1389,197
27,1387,180
27,1370,224
27,1384,230
27,1385,199
27,1408,94
27,1419,98
27,1408,30
27,1339,373
27,1339,362
27,1623,45
27,1630,51
27,1635,56
27,1684,347
27,1693,354
27,1661,150
27,1680,416
27,1701,463
27,1829,279
27,1708,297
27,1639,100
27,1679,170
27,1674,263
27,1683,243
27,1679,253
27,1659,355
27,1666,356
27,1284,397
27,1291,411
27,1267,391
27,1440,559
27,1444,566
27,1394,561
27,1343,419
27,1349,425
27,1332,397
27,1344,394
27,1321,386
27,1354,448
27,1429,525
27,1326,369
27,1418,536
27,1300,386
27,1365,423
27,1363,345
27,1594,567
27,1683,567
27,1611,523
27,1641,555
27,1640,485
27,1671,554
27,1700,577
27,1374,451
27,1368,450
27,1365,466
27,1413,528
27,1738,603
27,1394,519
27,1400,517
27,1772,614
27,1712,546
27,1721,548
27,1714,539
27,1728,583
27,1395,534
27,1744,590
27,1757,580
27,1760,605
27,1772,595
27,1858,628
27,1818,622
27,1727,558
27,1848,674
27,1662,720
27,1651,721
27,157,589
27,202,587
27,113,597
27,162,596
27,152,599
27,332,589
27,1064,642
27,778,593
27,527,579
27,1011,614
27,1010,614
27,932,605
27,1058,656
27,1090,650
27,1020,631
27,997,622
27,1103,642
27,1103,648
27,1335,705
27,1321,702
27,1195,671
27,1352,701
27,1631,785
27,1631,780
27,1631,771
28,9,340
28,182,366
28,44,415
28,84,412
28,21,402
28,57,358
28,19,347
28,10,346
28,39,339
28,30,340
28,67,352
28,300,340
28,81,341
28,224,382
28,47,357
28,254,367
28,253,356
28,53,372
28,57,365
28,142,378
28,75,390
28,49,384
28,52,391
28,377,320
28,106,357
28,107,349
28,135,363
28,131,358
28,174,376
28,403,301
28,203,332
28,206,339
28,207,345
28,265,323
28,264,329
28,289,402
28,281,402
28,351,315
28,553,338
28,276,339
28,294,352
28,278,333
28,321,297
28,300,329
28,296,323
28,313,323
28,307,314
28,518,337
28,577,339
28,651,341
28,444,218
28,445,222
28,520,297
28,534,299
28,518,285
28,714,339
28,728,338
28,722,276
28,567,298
28,681,286
28,481,290
28,470,286
28,489,305
28,623,292
28,563,279
28,564,286
28,572,295
28,581,303
28,530,293
28,476,254
28,451,268
28,469,245
28,584,296
28,570,307
28,596,304
28,576,322
28,583,307
28,593,286
28,549,324
28,589,326
28,959,300
28,887,330
28,787,287
28,674,300
28,668,307
28,861,259
28,864,268
28,926,291
28,801,263
28,692,299
28,689,313
28,687,322
28,702,310
28,707,306
28,988,333
28,993,355
28,816,374
28,837,379
28,820,357
28,921,385
28,1024,334
28,994,314
28,821,300
28,1107,307
28,791,275
28,732,270
28,731,277
28,750,288
28,836,287
28,844,290
28,782,309
28,794,319
28,813,320
28,847,317
28,1088,294
28,1221,336
28,1234,341
28,1151,287
28,1158,284
28,1113,262
28,1050,258
28,1162,278
28,1126,294
28,1301,307
28,1295,302
28,1214,283
28,1209,294
28,941,314
28,956,324
28,990,346
28,1080,320
28,1085,313
28,1202,364
28,1077,346
28,1047,353
28,1349,517
28,1096,325
28,1090,332
28,1073,323
28,1143,265
28,1139,316
28,1139,322
28,1123,345
28,1111,321
28,1167,369
28,1098,363
28,1205,302
28,1182,320
28,1184,326
28,1249,307
28,1259,272
28,1169,347
28,1175,338
28,1168,357
28,1224,353
28,1411,550
28,1245,351
28,1250,342
28,1439,540
28,1455,544
28,1221,366
28,1241,366
28,1242,361
28,1262,351
28,1266,334
28,1224,330
28,1223,321
28,1243,328
28,1303,375
28,1481,502
28,1311,645
28,1273,376
28,1279,358
28,1281,352
28,1266,293
28,1367,300
28,1319,172
28,1311,185
28,1315,276
28,1392,99
28,1391,162
28,1393,189
28,1388,191
28,1387,178
28,1369,224
28,1384,236
28,1385,197
28,1409,89
28,1420,94
28,1408,37
28,1335,367
28,1335,359
28,1622,42
28,1630,47
28,1635,56
28,1684,353
28,1693,360
28,1662,146
28,1680,422
28,1703,471
28,1835,280
28,1708,303
28,1640,106
28,1679,178
28,1676,259
28,1684,232
28,1680,243
28,1658,347
28,1665,348
28,1281,393
28,1287,407
28,1263,388
28,1442,559
28,1446,566
28,1394,561
28,1342,414
28,1348,421
28,1330,393
28,1341,390
28,1317,383
28,1354,443
28,1426,528
28,1321,365
28,1415,538
28,1295,380
28,1362,417
28,1363,345
28,1601,567
28,1690,570
28,1622,519
28,1648,555
28,1643,481
28,1677,557
28,1706,580
28,1374,443
28,1368,444
28,1359,461
28,1411,531
28,1746,604
28,1391,517
28,1398,515
28,1769,613
28,1708,544
28,1715,547
28,1709,536
28,1735,589
28,1388,533
28,1750,590
28,1762,581
28,1767,605
28,1778,597
28,1866,628
28,1826,623
28,1722,558
28,1846,672
28,1664,712
28,1653,714
28,157,588
28,202,587
28,121,597
28,167,596
28,157,598
28,329,589
28,1062,638
28,771,594
28,522,580
28,1009,615
28,837,591
28,1014,614
28,927,602
28,1058,655
28,1096,652
28,1012,629
28,991,621
28,1097,641
28,1098,646
28,1338,707
28,1326,705
28,1191,671
28,1349,699
28,1289,692
28,1627,783
28,1627,778
28,1626,769
29,10,341
29,188,363
29,44,415
29,84,413
29,28,400
29,59,360
29,20,346
29,9,347
29,39,339
29,30,340
29,67,352
29,305,337
29,81,341
29,226,380
29,44,356
29,257,366
29,255,356
29,49,372
29,54,366
29,149,376
29,83,390
29,42,384
29,46,391
29,383,317
29,101,358
29,102,351
29,130,366
29,126,360
29,170,379
29,407,298
29,197,334
29,200,340
29,201,346
29,260,323
29,260,329
29,289,403
29,281,403
29,357,311
29,560,339
29,269,341
29,289,358
29,272,337
29,317,299
29,295,332
29,290,325
29,306,325
29,301,317
29,518,337
29,582,339
29,659,339
29,442,214
29,445,219
29,519,298
29,532,300
29,518,285
29,720,339
29,734,338
29,729,276
29,569,300
29,687,285
29,478,289
29,467,277
29,483,305
29,625,291
29,563,280
29,564,287
29,572,295
29,581,303
29,527,293
29,477,257
29,453,272
29,472,248
29,450,220
29,459,223
29,584,297
29,570,307
29,595,306
29,573,323
29,583,307
29,593,286
29,542,323
29,585,325
29,965,299
29,890,330
29,787,287
29,672,299
29,662,307
29,861,259
29,863,268
29,933,290
29,845,253
29,806,267
29,687,299
29,685,313
29,681,322
29,697,311
29,702,307
29,995,333
29,999,356
29,816,374
29,839,381
29,820,357
29,921,386
29,1029,333
29,990,313
29,821,300
29,1113,308
29,788,273
29,727,268
29,726,274
29,744,291
29,833,289
29,841,290
29,776,309
29,786,319
29,805,320
29,839,319
29,1091,293
29,1226,338
29,1237,342
29,1148,283
29,1156,281
29,1115,258
29,1050,258
29,1162,279
29,1122,296
29,1306,307
29,1301,301
29,1213,283
29,1210,294
29,934,315
29,947,327
29,986,347
29,1074,320
29,1079,313
29,1195,364
29,1071,346
29,1040,351
29,1349,525
29,1092,324
29,1085,331
29,1066,322
29,1141,258
29,1134,316
29,1135,322
29,1118,345
29,1105,318
29,1162,370
29,1089,362
29,1202,301
29,1177,320
29,1179,325
29,1248,304
29,1257,272
29,1163,347
29,1168,337
29,1162,356
29,1219,352
29,1415,550
29,1240,351
29,1246,339
29,1444,538
29,1459,543
29,1216,365
29,1237,366
29,1236,361
29,1258,349
29,1262,333
29,1219,329
29,1217,320
29,1239,326
29,1298,383
29,1488,503
29,1307,656
29,1269,373
29,1274,353
29,1276,347
29,1265,294
29,1365,305
29,1319,172
29,1311,186
29,1315,276
29,1394,185
29,1390,190
29,1387,174
29,1369,222
29,1384,242
29,1385,193
29,1410,84
29,1421,90
29,1408,44
29,1332,362
29,1331,357
29,1622,38
29,1629,42
29,1635,55
29,1684,359
29,1693,366
29,1662,142
29,1681,428
29,1705,480
29,1840,280
29,1707,308
29,1641,112
29,1677,185
29,1676,255
29,1684,223
29,1680,235
29,1657,339
29,1665,340
29,1278,389
29,1283,403
29,1259,386
29,1444,560
29,1449,566
29,1395,562
29,1341,410
29,1348,417
29,1327,389
29,1338,386
29,1312,379
29,1353,438
29,1424,531
29,1314,359
29,1413,541
29,1290,373
29,1359,410
29,1363,345
29,1608,567
29,1698,572
29,1630,514
29,1656,555
29,1646,477
29,1683,560
29,1712,582
29,1374,435
29,1368,438
29,1353,456
29,1407,533
29,1752,605
29,1390,515
29,1396,513
29,1766,613
29,1702,543
29,1710,541
29,1708,534
29,1742,591
29,1383,531
29,1758,595
29,1768,583
29,1774,606
29,1784,600
29,1873,627
29,1835,624
29,1715,558
29,1841,670
29,1666,704
29,1655,706
29,158,588
29,202,587
29,129,596
29,173,596
29,163,597
29,325,590
29,1061,635
29,764,595
29,517,582
29,1009,616
29,828,591
29,1015,617
29,922,599
29,1058,654
29,1103,654
29,1007,627
29,991,622
29,1092,640
29,981,619
29,1094,645
29,1343,708
29,1186,666
29,1346,698
29,1293,691
29,1623,781
29,1623,776
29,1622,768
30,11,342
30,195,364
30,44,415
30,84,413
30,36,399
30,61,363
30,21,345
30,8,348
30,39,339
30,30,340
30,67,352
30,312,334
30,81,341
30,229,379
30,42,356
30,260,365
30,258,356
30,44,372
30,50,367
30,156,375
30,90,388
30,35,385
30,41,391
30,388,314
30,97,359
30,98,352
30,125,368
30,121,362
30,166,383
30,411,296
30,192,335
30,195,341
30,194,347
30,256,323
30,257,330
30,289,403
30,281,403
30,363,306
30,567,340
30,262,343
30,283,363
30,264,339
30,314,301
30,287,335
30,283,329
30,300,327
30,295,320
30,519,338
30,588,340
30,665,339
30,441,208
30,445,216
30,518,299
30,530,301
30,516,283
30,726,339
30,740,338
30,736,276
30,566,300
30,692,285
30,474,287
30,463,270
30,475,303
30,630,290
30,563,280
30,564,288
30,572,295
30,581,304
30,524,293
30,479,259
30,456,277
30,474,250
30,449,225
30,461,228
30,584,297
30,570,307
30,593,306
30,568,321
30,583,307
30,593,286
30,536,322
30,581,324
30,972,298
30,893,331
30,787,287
30,667,300
30,656,307
30,863,260
30,863,268
30,940,290
30,844,257
30,839,253
30,809,270
30,681,300
30,679,315
30,676,322
30,691,311
30,696,307
30,1001,333
30,1004,357
30,816,374
30,840,382
30,820,357
30,921,386
30,1035,333
30,987,313
30,821,300
30,1119,309
30,785,271
30,721,265
30,720,271
30,738,294
30,830,290
30,839,290
30,769,308
30,778,320
30,797,321
30,830,320
30,1094,293
30,1231,341
30,1241,344
30,1145,279
30,1154,278
30,1118,255
30,1050,258
30,1163,280
30,1118,299
30,1312,307
30,1308,300
30,1212,284
30,1211,294
30,925,314
30,937,331
30,982,348
30,1069,320
30,1074,314
30,1189,364
30,1065,346
30,1034,350
30,1350,532
30,1085,324
30,1080,331
30,1060,321
30,1137,251
30,1129,315
30,1131,323
30,1111,346
30,1100,316
30,1158,372
30,1081,362
30,1199,301
30,1173,320
30,1175,325
30,1245,303
30,1256,273
30,1156,347
30,1161,336
30,1155,356
30,1215,351
30,1419,550
30,1236,351
30,1243,336
30,1450,537
30,1463,542
30,1208,363
30,1230,364
30,1230,360
30,1254,346
30,1258,331
30,1213,329
30,1212,319
30,1236,324
30,1295,389
30,1495,503
30,1302,666
30,1263,370
30,1269,349
30,1272,343
30,1263,294
30,1362,311
30,1319,172
30,1311,186
30,1315,276
30,1394,182
30,1391,188
30,1387,171
30,1369,221
30,1384,248
30,1386,190
30,1411,79
30,1423,86
30,1408,50
30,1327,358
30,1327,353
30,1622,34
30,1628,37
30,1632,52
30,1684,365
30,1693,372
30,1658,138
30,1681,434
30,1707,488
30,1846,280
30,1707,314
30,1917,289
30,1642,119
30,1676,192
30,1676,252
30,1685,215
30,1681,227
30,1656,331
30,1665,332
30,1272,385
30,1277,398
30,1255,385
30,1446,560
30,1451,566
30,1395,562
30,1339,406
30,1346,413
30,1325,385
30,1338,380
30,1308,376
30,1353,433
30,1422,535
30,1307,354
30,1410,543
30,1285,367
30,1357,404
30,1363,345
30,1616,567
30,1704,574
30,1638,510
30,1663,556
30,1650,473
30,1690,563
30,1718,584
30,1371,429
30,1366,432
30,1348,449
30,1404,536
30,1758,606
30,1389,513
30,1394,511
30,1764,613
30,1697,542
30,1706,540
30,1702,532
30,1747,594
30,1379,529
30,1764,597
30,1774,588
30,1777,607
30,1791,604
30,1881,627
30,1844,625
30,1708,557
30,1835,671
30,1668,697
30,1658,699
30,159,588
30,201,587
30,137,596
30,179,596
30,169,597
30,321,591
30,1062,634
30,757,594
30,512,584
30,1009,617
30,819,590
30,1016,621
30,917,600
30,1058,653
30,1109,654
30,1001,623
30,1086,639
30,979,619
30,1089,644
30,1343,708
30,1183,668
30,1339,700
30,1299,695
30,1619,780
30,1619,775
30,1617,767
