1,1040,450
1,785,480
1,794,503
1,806,542
1,780,554
1,450,428
1,474,442
1,813,464
1,340,417
1,395,431
1,713,1000
1,820,801
1,1006,927
1,1011,881
1,1022,883
1,447,420
1,762,602
1,763,607
1,772,607
1,778,597
1,757,613
1,773,620
1,855,558
1,799,596
1,813,604
1,792,608
1,799,618
1,815,615
1,827,609
1,820,622
1,904,604
1,886,617
1,971,629
1,982,622
1,981,636
1,787,1039
1,820,869
1,828,881
1,870,814
1,891,814
1,877,790
1,938,787
1,996,773
1,994,790
1,1016,787
1,980,775
1,977,785
1,941,132
1,922,130
1,907,141
1,900,175
1,979,87
1,971,45
1,970,75
1,963,36
1,992,30
1,765,449
1,776,444
1,782,448
1,794,442
1,792,454
1,783,454
1,813,442
1,818,448
1,946,407
1,1015,417
1,1016,426
1,1004,418
1,1133,453
1,1083,439
1,1498,469
1,1456,461
1,1485,458
1,1477,453
1,1485,449
1,1622,459
1,1590,452
1,1552,459
1,1689,467
1,1764,463
1,1778,470
1,1905,467
1,1783,457
1,847,413
1,884,315
1,873,203
1,888,45
1,897,59
1,950,45
1,946,34
1,1020,38
1,896,70
1,1026,375
1,1038,422
1,1018,437
1,860,434
1,848,436
1,1009,225
1,1017,229
1,1869,483
1,1869,475
1,1836,471
1,1139,504
1,1130,501
2,1044,451
2,787,491
2,797,513
2,808,551
2,783,562
2,457,433
2,810,462
2,348,419
2,392,433
2,718,995
2,817,803
2,1006,931
2,1013,872
2,1022,876
2,446,419
2,762,601
2,763,607
2,771,606
2,777,596
2,754,611
2,769,620
2,852,562
2,798,594
2,812,604
2,797,612
2,809,623
2,820,617
2,831,612
2,831,626
2,903,607
2,893,620
2,971,628
2,981,623
2,981,635
2,786,1048
2,818,877
2,826,887
2,869,820
2,891,822
2,871,793
2,949,796
2,996,773
2,994,790
2,1016,786
2,979,774
2,977,785
2,937,138
2,917,131
2,908,141
2,900,173
2,973,88
2,966,47
2,972,82
2,961,41
2,993,25
2,764,448
2,775,444
2,781,448
2,794,442
2,792,454
2,784,454
2,813,442
2,818,448
2,950,407
2,1010,418
2,1011,428
2,998,419
2,1143,453
2,1079,440
2,1504,471
2,1462,463
2,1492,461
2,1483,457
2,1488,451
2,1618,459
2,1584,452
2,1550,460
2,1690,466
2,1756,463
2,1773,471
2,1909,467
2,1775,457
2,690,435
2,845,416
2,881,314
2,869,207
2,888,44
2,900,55
2,948,44
2,944,34
2,1020,34
2,716,440
2,898,72
2,1028,379
2,1042,429
2,1025,440
2,860,432
2,848,435
2,1009,225
2,1017,229
2,1869,483
2,1869,475
2,1836,471
2,1177,506
2,1168,504
3,1053,449
3,787,495
3,795,515
3,807,559
3,781,567
3,463,433
3,807,459
3,354,418
3,388,433
3,723,981
3,811,801
3,1007,936
3,1012,865
3,1023,868
3,446,419
3,762,600
3,763,608
3,771,606
3,777,596
3,751,610
3,763,617
3,850,566
3,798,593
3,812,604
3,803,617
3,814,625
3,825,620
3,836,615
3,837,627
3,903,610
3,901,623
3,971,627
3,980,624
3,981,635
3,784,1058
3,816,885
3,824,894
3,869,826
3,892,830
3,865,797
3,958,798
3,996,773
3,994,790
3,1016,786
3,979,774
3,977,785
3,934,144
3,912,133
3,909,142
3,900,172
3,967,89
3,961,50
3,966,86
3,960,47
3,995,21
3,764,448
3,775,444
3,781,448
3,794,442
3,793,454
3,786,455
3,814,442
3,819,448
3,955,407
3,1005,419
3,1007,430
3,992,421
3,1076,442
3,1510,473
3,1469,466
3,1500,464
3,1489,461
3,1480,451
3,1614,459
3,1579,452
3,1548,461
3,1692,466
3,1749,464
3,1768,472
3,1913,467
3,1767,458
3,685,436
3,843,419
3,878,314
3,866,212
3,888,44
3,903,52
3,893,7
3,947,44
3,943,34
3,1020,31
3,719,442
3,900,74
3,1030,383
3,1046,436
3,1032,443
3,860,430
3,849,435
3,1146,436
3,1009,225
3,1017,229
3,1869,483
3,1869,475
3,1836,471
3,1215,509
3,1206,508
4,1062,445
4,787,500
4,794,517
4,806,566
4,780,572
4,465,432
4,806,455
4,359,419
4,383,434
4,728,977
4,806,799
4,1008,941
4,1011,858
4,1024,861
4,446,419
4,763,599
4,764,609
4,771,605
4,777,596
4,749,609
4,757,614
4,848,571
4,797,592
4,812,604
4,807,617
4,821,623
4,832,619
4,842,614
4,843,628
4,896,610
4,909,621
4,971,626
4,980,625
4,981,635
4,782,1067
4,813,892
4,821,900
4,865,830
4,889,827
4,858,797
4,967,800
4,996,773
4,994,790
4,1016,786
4,979,774
4,977,785
4,931,150
4,908,133
4,910,143
4,900,171
4,964,91
4,958,54
4,961,90
4,957,51
4,997,17
4,764,448
4,775,444
4,781,449
4,794,442
4,794,454
4,787,455
4,814,442
4,819,448
4,960,408
4,997,418
4,999,429
4,986,420
4,1069,438
4,1520,475
4,1473,465
4,1510,467
4,1502,455
4,1472,449
4,1610,460
4,1574,452
4,1546,462
4,1693,465
4,1743,465
4,1764,474
4,1915,467
4,1759,459
4,661,435
4,680,437
4,842,423
4,870,311
4,888,44
4,903,51
4,890,8
4,945,43
4,942,34
4,1017,31
4,722,445
4,902,76
4,1030,390
4,1051,438
4,1037,444
4,860,428
4,849,434
4,1199,460
4,1138,435
4,787,438
4,779,436
4,1009,225
4,1017,229
4,1869,483
4,1869,475
4,1836,471
4,1254,512
4,1245,512
5,1065,447
5,781,503
5,794,521
5,806,571
5,782,580
5,469,431
5,806,451
5,368,420
5,375,431
5,732,969
5,801,797
5,1008,945
5,1012,849
5,1024,852
5,446,419
5,763,598
5,764,610
5,770,605
5,777,596
5,742,606
5,754,612
5,839,572
5,797,591
5,811,604
5,812,617
5,828,622
5,840,619
5,849,614
5,849,629
5,890,610
5,917,619
5,971,625
5,979,624
5,982,635
5,780,1074
5,810,899
5,818,907
5,862,834
5,886,825
5,851,797
5,976,803
5,996,773
5,994,790
5,1016,786
5,979,774
5,977,785
5,928,153
5,905,134
5,911,144
5,901,170
5,961,93
5,955,58
5,958,93
5,954,55
5,995,13
5,763,448
5,775,445
5,780,449
5,794,443
5,795,455
5,789,456
5,815,443
5,820,448
5,963,408
5,990,417
5,992,429
5,980,419
5,1065,434
5,1526,473
5,1478,464
5,1516,466
5,1507,457
5,1470,449
5,1605,460
5,1568,452
5,1544,459
5,1695,465
5,1737,466
5,1762,473
5,1749,458
5,657,436
5,674,435
5,839,425
5,861,377
5,859,368
5,868,308
5,888,44
5,903,51
5,887,9
5,944,43
5,941,34
5,1014,31
5,726,447
5,905,79
5,1030,397
5,1056,440
5,1043,445
5,860,426
5,850,434
5,1206,461
5,1131,435
5,791,438
5,781,437
5,1009,225
5,1017,229
5,1869,483
5,1869,475
5,1836,471
5,1299,515
5,1290,514
6,1076,447
6,783,509
6,794,526
6,802,577
6,784,586
6,473,431
6,804,447
6,375,420
6,373,429
6,736,960
6,796,796
6,1008,949
6,1013,840
6,1024,843
6,446,419
6,764,598
6,765,611
6,770,604
6,777,596
6,740,603
6,752,610
6,831,574
6,796,590
6,811,604
6,816,617
6,833,622
6,845,620
6,854,615
6,857,628
6,883,609
6,923,618
6,971,624
6,979,624
6,982,634
6,807,907
6,815,914
6,859,838
6,884,823
6,845,797
6,979,801
6,996,773
6,994,790
6,1016,786
6,979,773
6,977,785
6,926,156
6,901,136
6,912,143
6,902,170
6,958,95
6,952,62
6,954,92
6,952,60
6,994,9
6,763,448
6,775,445
6,780,450
6,794,443
6,794,454
6,787,455
6,815,443
6,821,448
6,966,408
6,983,417
6,985,429
6,974,418
6,1061,431
6,1532,471
6,1483,464
6,1522,465
6,1512,459
6,1468,449
6,1601,460
6,1562,453
6,1543,457
6,1697,465
6,1732,468
6,1760,473
6,1740,457
6,653,437
6,668,434
6,836,427
6,865,380
6,863,371
6,867,305
6,888,44
6,902,50
6,885,11
6,942,42
6,940,34
6,1011,31
6,729,450
6,906,80
6,1030,404
6,1062,442
6,1049,446
6,861,425
6,850,434
6,1214,462
6,1124,435
6,795,438
6,784,438
6,1009,225
6,1017,229
6,1869,483
6,1869,475
6,1836,471
6,1344,518
6,1335,517
7,1080,445
7,782,510
7,795,531
7,799,583
7,787,592
7,475,431
7,807,443
7,382,417
7,367,428
7,741,953
7,793,796
7,1009,954
7,1014,832
7,1025,834
7,1026,1029
7,445,418
7,763,597
7,765,609
7,770,604
7,777,596
7,738,601
7,750,608
7,827,574
7,796,589
7,811,605
7,821,617
7,838,622
7,850,621
7,859,616
7,865,626
7,876,608
7,929,618
7,971,623
7,979,624
7,982,634
7,805,914
7,814,921
7,854,840
7,879,826
7,838,798
7,983,800
7,996,773
7,994,790
7,1017,786
7,979,773
7,977,785
7,919,166
7,898,139
7,913,142
7,903,158
7,955,98
7,949,66
7,950,94
7,947,61
7,763,448
7,775,445
7,780,450
7,794,443
7,793,454
7,786,455
7,816,443
7,821,448
7,969,408
7,978,419
7,978,429
7,967,419
7,1056,433
7,1538,469
7,1487,465
7,1527,462
7,1518,459
7,1466,450
7,1593,461
7,1559,452
7,1541,456
7,1700,465
7,1725,471
7,1758,473
7,1732,456
7,642,434
7,662,434
7,833,429
7,869,383
7,867,375
7,866,304
7,888,44
7,902,50
7,879,18
7,941,42
7,939,34
7,1008,31
7,733,453
7,907,82
7,1031,411
7,1068,442
7,1056,446
7,861,423
7,851,433
7,883,311
7,1222,464
7,1118,434
7,799,438
7,786,439
7,1009,225
7,1017,229
7,1869,483
7,1869,475
7,1836,471
7,1391,521
7,1383,520
8,1088,446
8,782,515
8,794,534
8,796,590
8,787,597
8,477,430
8,809,442
8,387,419
8,361,429
8,746,945
8,786,796
8,1009,957
8,1015,823
8,1026,826
8,1028,1019
8,445,418
8,762,596
8,765,607
8,770,603
8,777,596
8,737,596
8,747,606
8,823,575
8,796,587
8,810,605
8,826,617
8,843,623
8,855,623
8,864,618
8,874,625
8,875,609
8,939,614
8,971,622
8,979,624
8,982,634
8,804,922
8,813,928
8,849,842
8,875,829
8,831,800
8,987,798
8,996,773
8,994,790
8,1017,786
8,979,773
8,977,785
8,916,170
8,912,142
8,904,155
8,950,99
8,944,65
8,946,97
8,943,62
8,762,448
8,775,445
8,779,451
8,794,444
8,793,454
8,786,455
8,816,443
8,821,448
8,972,408
8,973,421
8,971,430
8,960,420
8,1051,432
8,1545,468
8,1492,466
8,1533,460
8,1524,459
8,1459,449
8,1586,462
8,1555,451
8,1540,455
8,1703,465
8,1719,474
8,1756,473
8,1725,456
8,628,435
8,642,434
8,656,434
8,874,387
8,871,379
8,865,303
8,888,44
8,902,49
8,874,26
8,938,42
8,937,34
8,1007,27
8,733,453
8,908,84
8,1035,417
8,1074,442
8,1063,446
8,861,421
8,851,433
8,881,314
8,1230,462
8,1113,433
8,803,438
8,789,441
8,1009,225
8,1017,229
8,1869,483
8,1869,475
8,1836,471
8,1441,523
8,1434,525
9,1095,443
9,782,520
9,793,537
9,794,593
9,787,603
9,480,430
9,809,438
9,392,418
9,356,429
9,748,940
9,780,796
9,1009,961
9,1016,815
9,1027,819
9,1029,1009
9,445,418
9,762,595
9,764,606
9,769,603
9,777,596
9,735,595
9,747,602
9,820,576
9,795,586
9,810,605
9,832,617
9,848,621
9,860,622
9,867,615
9,878,625
9,869,607
9,946,614
9,972,621
9,979,623
9,983,634
9,803,930
9,813,935
9,845,844
9,871,833
9,824,802
9,991,797
9,996,773
9,994,790
9,1017,786
9,979,773
9,977,785
9,913,175
9,912,143
9,905,152
9,946,100
9,939,65
9,943,100
9,939,63
9,762,448
9,775,446
9,779,451
9,794,444
9,793,454
9,786,455
9,817,444
9,822,449
9,975,407
9,965,419
9,964,428
9,952,417
9,1046,431
9,1551,467
9,1497,465
9,1540,460
9,1530,460
9,1452,449
9,1584,459
9,1552,451
9,1539,455
9,1707,466
9,1713,477
9,1752,473
9,1719,455
9,631,432
9,650,434
9,878,388
9,876,381
9,865,302
9,888,44
9,902,49
9,935,42
9,936,34
9,1006,23
9,733,454
9,909,85
9,1033,422
9,1081,443
9,1070,447
9,861,419
9,852,432
9,879,318
9,1238,461
9,1108,432
9,1036,416
9,806,438
9,792,439
9,1009,225
9,1017,229
9,1869,483
9,1869,475
9,1836,471
9,1492,526
9,1485,529
10,1103,439
10,780,529
10,793,541
10,792,594
10,788,604
10,488,429
10,811,435
10,397,417
10,353,427
10,754,932
10,769,795
10,1010,965
10,1018,807
10,1028,812
10,1029,999
10,445,418
10,761,595
10,764,606
10,769,602
10,776,595
10,734,594
10,744,599
10,817,578
10,795,585
10,810,605
10,838,618
10,853,619
10,866,622
10,871,612
10,882,626
10,863,606
10,953,614
10,970,622
10,979,623
10,982,634
10,787,1075
10,800,938
10,811,942
10,843,849
10,870,834
10,818,801
10,995,796
10,996,773
10,994,790
10,1017,786
10,979,773
10,977,785
10,907,178
10,912,144
10,902,151
10,942,102
10,934,65
10,939,102
10,935,64
10,762,448
10,775,446
10,779,452
10,794,444
10,793,455
10,787,456
10,815,445
10,821,449
10,978,407
10,958,418
10,958,427
10,945,415
10,1044,436
10,1557,467
10,1503,465
10,1548,460
10,1536,461
10,1454,448
10,1582,457
10,1548,450
10,1538,455
10,1709,466
10,1707,478
10,1748,473
10,1713,455
10,644,433
10,882,389
10,881,383
10,864,302
10,889,44
10,903,49
10,933,42
10,935,34
10,1005,19
10,733,454
10,910,87
10,1035,425
10,1085,440
10,1076,448
10,861,417
10,852,432
10,878,321
10,1246,460
10,1102,431
10,1036,419
10,809,438
10,796,438
10,1009,225
10,1017,229
10,1869,483
10,1869,475
10,1836,471
10,1543,531
10,1535,533
11,1108,439
11,778,532
11,793,546
11,789,593
11,789,609
11,489,427
11,402,418
11,347,426
11,759,924
11,764,796
11,1011,969
11,1021,802
11,1030,806
11,1028,993
11,445,418
11,761,594
11,763,605
11,769,602
11,776,595
11,733,593
11,740,597
11,814,580
11,794,584
11,809,605
11,842,620
11,859,614
11,873,618
11,877,609
11,889,621
11,857,605
11,960,615
11,968,624
11,979,623
11,982,634
11,790,1066
11,798,946
11,809,949
11,841,854
11,869,836
11,813,800
11,999,796
11,996,773
11,994,790
11,1017,785
11,979,772
11,977,785
11,902,181
11,911,145
11,904,147
11,937,109
11,928,63
11,935,104
11,932,62
11,761,448
11,775,446
11,779,451
11,794,445
11,793,455
11,786,455
11,814,446
11,820,450
11,981,407
11,953,414
11,951,424
11,940,413
11,1038,436
11,1563,466
11,1509,464
11,1555,459
11,1543,461
11,1456,448
11,1581,455
11,1545,450
11,1537,455
11,1711,467
11,1701,479
11,1744,473
11,1707,455
11,887,391
11,886,385
11,864,301
11,889,43
11,902,48
11,930,42
11,934,34
11,1004,16
11,733,455
11,911,89
11,857,201
11,1038,429
11,1089,439
11,1082,449
11,862,416
11,853,432
11,880,326
11,1254,459
11,1097,430
11,1037,422
11,812,439
11,799,437
11,1009,225
11,1017,229
11,1869,483
11,1869,475
11,1836,471
11,1595,536
11,1586,536
12,1120,435
12,779,533
12,793,551
12,787,602
12,790,614
12,490,426
12,410,420
12,342,426
12,763,916
12,761,798
12,1013,973
12,1025,797
12,1032,801
12,1031,985
12,444,417
12,760,593
12,763,605
12,769,601
12,776,595
12,732,593
12,741,598
12,811,582
12,794,583
12,809,605
12,847,623
12,866,612
12,883,620
12,882,608
12,896,620
12,852,605
12,967,614
12,968,623
12,979,623
12,982,634
12,793,1057
12,796,954
12,807,957
12,839,859
12,868,838
12,808,800
12,1003,796
12,996,773
12,994,790
12,1017,785
12,979,772
12,977,785
12,897,185
12,911,145
12,905,141
12,933,111
12,923,62
12,931,106
12,929,61
12,761,448
12,775,446
12,779,450
12,795,445
12,794,456
12,786,454
12,812,447
12,819,450
12,985,407
12,949,411
12,944,421
12,936,412
12,1032,437
12,1569,466
12,1515,464
12,1563,459
12,1550,461
12,1452,449
12,1577,452
12,1541,449
12,1536,455
12,1713,468
12,1696,480
12,1740,474
12,1700,454
12,893,393
12,893,386
12,863,300
12,889,43
12,901,47
12,927,42
12,933,34
12,1002,13
12,733,455
12,912,90
12,860,202
12,1040,432
12,1095,439
12,1088,450
12,862,412
12,853,431
12,882,330
12,1261,459
12,1092,429
12,1038,426
12,813,438
12,802,437
12,1009,225
12,1017,229
12,1869,483
12,1869,475
12,1836,471
12,1647,541
12,1638,539
13,1124,438
13,776,537
13,789,554
13,793,605
13,793,618
13,495,428
13,415,420
13,338,422
13,768,908
13,752,794
13,1015,978
13,1026,792
13,1034,795
13,1030,979
13,444,417
13,760,593
13,762,604
13,768,601
13,776,595
13,730,590
13,744,600
13,809,585
13,794,582
13,809,606
13,852,622
13,871,612
13,886,620
13,887,608
13,901,620
13,847,603
13,974,613
13,968,623
13,978,622
13,982,634
13,794,1047
13,794,963
13,805,965
13,834,864
13,867,840
13,798,801
13,1003,795
13,996,773
13,994,790
13,1018,785
13,979,772
13,977,785
13,892,189
13,911,146
13,905,140
13,929,113
13,918,61
13,927,109
13,926,60
13,761,448
13,775,447
13,779,450
13,796,446
13,795,457
13,786,454
13,811,448
13,818,451
13,987,408
13,944,410
13,938,422
13,930,411
13,1025,437
13,1575,466
13,1519,464
13,1567,458
13,1554,461
13,1449,451
13,1574,450
13,1538,449
13,1535,455
13,1716,468
13,1695,476
13,1738,474
13,1694,453
13,900,395
13,900,388
13,863,300
13,889,43
13,900,46
13,925,42
13,932,34
13,1001,10
13,733,456
13,913,92
13,864,204
13,1043,436
13,1100,438
13,1094,452
13,863,409
13,854,431
13,884,335
13,1268,460
13,1087,429
13,1039,428
13,815,438
13,805,437
13,1009,225
13,1017,229
13,1869,483
13,1869,475
13,1836,471
13,1698,543
13,1689,542
14,1127,440
14,776,543
14,789,559
14,794,608
14,803,619
14,498,427
14,415,420
14,330,423
14,772,905
14,747,794
14,1015,982
14,1027,788
14,1036,789
14,1032,978
14,444,417
14,760,586
14,762,604
14,768,600
14,776,595
14,729,587
14,742,600
14,808,589
14,796,577
14,804,602
14,858,622
14,877,612
14,890,620
14,893,608
14,907,621
14,844,603
14,980,614
14,968,623
14,978,622
14,982,634
14,795,1038
14,792,972
14,803,974
14,829,870
14,867,842
14,788,803
14,1003,795
14,996,773
14,994,790
14,1018,785
14,979,772
14,977,785
14,887,194
14,910,147
14,904,137
14,925,115
14,917,56
14,924,112
14,923,54
14,760,448
14,774,448
14,778,452
14,794,445
14,792,455
14,787,454
14,810,449
14,817,452
14,990,410
14,940,409
14,933,423
14,924,410
14,1018,437
14,1582,467
14,1524,464
14,1572,457
14,1559,462
14,1443,452
14,1569,450
14,1533,448
14,1534,455
14,1720,466
14,1687,473
14,1736,474
14,1687,452
14,907,397
14,908,390
14,863,298
14,889,43
14,900,46
14,921,41
14,925,31
14,1000,8
14,1017,16
14,733,456
14,914,94
14,867,205
14,1045,438
14,1106,438
14,1100,449
14,864,406
14,855,431
14,884,339
14,1275,459
14,1083,428
14,1040,431
14,816,437
14,805,436
14,1009,225
14,1017,229
14,1869,483
14,1869,475
14,1836,471
14,838,426
14,1749,546
14,1740,544
15,1134,447
15,777,550
15,790,560
15,795,611
15,806,621
15,502,426
15,422,420
15,326,422
15,778,898
15,742,795
15,1015,987
15,1028,784
15,1037,787
15,1029,967
15,444,417
15,760,580
15,761,603
15,768,600
15,776,595
15,728,584
15,738,599
15,804,591
15,799,573
15,802,600
15,862,623
15,882,611
15,896,619
15,898,607
15,912,619
15,842,603
15,986,615
15,968,623
15,978,622
15,982,634
15,797,1029
15,789,980
15,800,982
15,827,873
15,864,843
15,781,802
15,1003,795
15,996,773
15,994,790
15,1018,785
15,979,772
15,977,785
15,881,198
15,910,148
15,903,134
15,924,118
15,912,51
15,922,114
15,920,49
15,760,448
15,773,449
15,777,454
15,793,445
15,791,458
15,786,456
15,808,453
15,815,455
15,993,411
15,933,411
15,927,418
15,919,409
15,1013,437
15,1589,468
15,1529,464
15,1576,456
15,1564,462
15,1565,451
15,1528,448
15,1533,455
15,1724,464
15,1680,470
15,1734,474
15,1681,451
15,910,397
15,910,390
15,864,296
15,889,43
15,899,49
15,917,41
15,918,29
15,1013,16
15,734,457
15,915,96
15,871,207
15,1048,440
15,1117,442
15,1108,449
15,864,402
15,852,429
15,884,343
15,1283,459
15,1079,428
15,1041,434
15,818,436
15,806,436
15,1009,225
15,1017,229
15,1869,483
15,1869,475
15,1836,471
15,844,426
15,1799,548
15,1791,547
16,1139,446
16,776,554
16,791,562
16,800,612
16,814,623
16,507,424
16,427,419
16,322,420
16,784,891
16,735,794
16,1015,991
16,1029,780
16,1039,785
16,444,417
16,763,574
16,761,603
16,768,600
16,776,595
16,729,578
16,744,590
16,801,593
16,798,564
16,802,599
16,867,622
16,887,611
16,902,619
16,903,606
16,918,617
16,840,603
16,991,618
16,969,623
16,978,622
16,982,634
16,799,1020
16,787,988
16,797,990
16,825,877
16,861,845
16,774,802
16,1003,795
16,996,773
16,994,790
16,1018,785
16,978,771
16,977,785
16,876,203
16,910,149
16,906,133
16,924,121
16,911,48
16,921,117
16,917,44
16,760,448
16,772,450
16,776,456
16,795,446
16,790,462
16,785,459
16,806,457
16,813,460
16,996,412
16,928,409
16,923,419
16,914,408
16,1009,437
16,1596,469
16,1534,465
16,1581,456
16,1569,463
16,1556,453
16,1524,448
16,1532,455
16,1724,464
16,1672,468
16,1732,474
16,1674,450
16,914,397
16,913,390
16,865,294
16,889,43
16,898,53
16,912,39
16,911,28
16,1009,16
16,734,462
16,915,99
16,872,207
16,1050,442
16,1117,439
16,865,399
16,850,428
16,840,415
16,885,348
16,1290,459
16,1075,428
16,1042,437
16,819,435
16,807,435
16,1009,225
16,1017,229
16,833,422
16,1142,428
16,1869,483
16,1869,475
16,1836,471
16,848,423
16,1850,549
16,1842,550
17,1146,448
17,776,557
17,792,566
17,804,613
17,821,620
17,509,423
17,436,419
17,316,419
17,792,883
17,732,796
17,1015,996
17,1030,777
17,1041,783
17,443,416
17,767,568
17,759,596
17,767,594
17,776,595
17,731,572
17,740,579
17,798,596
17,797,556
17,802,598
17,873,621
17,892,611
17,909,619
17,909,605
17,924,616
17,837,604
17,994,622
17,969,623
17,978,621
17,982,634
17,801,1012
17,784,996
17,794,998
17,823,880
17,858,847
17,767,802
17,1003,795
17,996,773
17,994,790
17,1018,785
17,978,771
17,977,785
17,872,202
17,909,147
17,906,129
17,923,124
17,906,44
17,919,120
17,910,38
17,759,448
17,771,451
17,776,459
17,797,449
17,790,466
17,785,462
17,805,462
17,811,466
17,999,413
17,924,408
17,920,420
17,909,408
17,1004,438
17,1603,470
17,1541,464
17,1587,457
17,1576,463
17,1550,448
17,1519,449
17,1531,455
17,1725,464
17,1665,466
17,1731,474
17,1667,450
17,699,433
17,918,397
17,916,391
17,865,292
17,889,43
17,901,45
17,907,36
17,905,25
17,870,30
17,1006,17
17,734,467
17,915,102
17,873,208
17,1053,444
17,1125,441
17,866,396
17,850,428
17,853,419
17,885,352
17,1298,459
17,1071,427
17,1045,439
17,821,434
17,808,435
17,1009,225
17,1017,229
17,843,423
17,1137,427
17,1869,483
17,1869,475
17,1836,471
17,854,422
17,1900,552
17,1891,552
18,1157,443
18,776,561
18,792,571
18,808,615
18,825,621
18,512,423
18,441,419
18,311,418
18,794,881
18,726,797
18,1014,1001
18,1029,778
18,1039,782
18,441,415
18,769,562
18,758,589
18,767,588
18,776,595
18,732,565
18,738,578
18,797,599
18,797,551
18,802,597
18,879,620
18,897,612
18,915,617
18,912,605
18,932,613
18,835,605
18,998,623
18,969,622
18,978,621
18,982,634
18,803,1004
18,782,1005
18,791,1007
18,821,884
18,855,849
18,760,802
18,1003,794
18,996,773
18,994,790
18,1018,785
18,978,771
18,977,785
18,868,202
18,908,146
18,907,126
18,923,127
18,902,40
18,918,123
18,903,33
18,759,448
18,768,456
18,773,462
18,799,453
18,790,470
18,784,465
18,805,468
18,812,472
18,1002,414
18,914,408
18,912,417
18,905,404
18,1257,460
18,999,439
18,1611,471
18,1548,464
18,1593,458
18,1583,463
18,1544,448
18,1519,447
18,1530,455
18,1726,464
18,1658,464
18,1727,474
18,1660,450
18,1914,464
18,705,433
18,918,396
18,916,390
18,866,290
18,889,43
18,901,46
18,902,33
18,899,23
18,874,31
18,1002,19
18,735,473
18,915,105
18,875,209
18,1058,445
18,1130,441
18,866,394
18,850,428
18,851,412
18,886,356
18,1027,148
18,1035,146
18,1305,460
18,1067,427
18,1051,440
18,822,431
18,812,433
18,1009,225
18,1017,229
18,848,419
18,1132,427
18,1869,483
18,1869,475
18,1836,471
18,857,422
19,1161,452
19,776,565
19,793,576
19,812,617
19,830,622
19,516,422
19,447,422
19,307,418
19,800,876
19,716,796
19,1013,1006
19,1028,779
19,1038,781
19,1026,932
19,772,556
19,759,583
19,767,582
19,774,592
19,733,559
19,737,578
19,796,602
19,797,546
19,802,597
19,886,620
19,903,613
19,922,615
19,916,605
19,940,611
19,830,607
19,1001,625
19,969,622
19,978,621
19,982,634
19,803,995
19,779,1013
19,788,1015
19,814,887
19,854,850
19,755,801
19,1003,794
19,996,773
19,994,790
19,1018,785
19,978,771
19,977,785
19,862,204
19,907,145
19,907,124
19,921,131
19,900,39
19,916,126
19,897,28
19,759,448
19,765,461
19,770,465
19,796,457
19,791,473
19,783,472
19,805,475
19,813,478
19,1005,416
19,910,407
19,904,416
19,897,405
19,1263,460
19,983,437
19,1616,472
19,1552,463
19,1597,458
19,1590,463
19,1539,448
19,1515,448
19,1529,455
19,1727,464
19,1651,463
19,1724,474
19,1651,450
19,1908,464
19,711,434
19,918,395
19,916,389
19,867,288
19,890,43
19,901,47
19,905,32
19,893,20
19,878,29
19,999,22
19,736,480
19,915,108
19,876,210
19,1064,446
19,1137,443
19,866,393
19,850,428
19,857,412
19,889,359
19,884,306
19,1027,151
19,1035,150
19,1312,462
19,1063,427
19,1057,442
19,824,430
19,815,432
19,1009,225
19,1017,229
19,852,419
19,1128,427
19,1869,483
19,1869,475
19,1836,471
20,777,568
20,795,578
20,817,618
20,836,621
20,520,422
20,453,424
20,299,415
20,807,869
20,707,796
20,1013,1011
20,1027,780
20,1037,780
20,1028,925
20,777,551
20,760,577
20,768,576
20,773,589
20,734,552
20,740,563
20,795,606
20,792,536
20,801,590
20,889,618
20,909,612
20,927,613
20,921,604
20,945,610
20,826,609
20,1003,627
20,969,622
20,978,621
20,982,634
20,804,986
20,777,1022
20,785,1023
20,808,890
20,854,852
20,751,800
20,1003,794
20,996,773
20,994,790
20,1018,785
20,978,771
20,977,785
20,857,205
20,906,144
20,907,122
20,920,135
20,898,39
20,914,130
20,892,28
20,757,453
20,763,466
20,768,471
20,798,462
20,792,477
20,782,479
20,804,482
20,813,485
20,1008,418
20,905,405
20,899,414
20,893,404
20,1273,458
20,977,439
20,1622,473
20,1556,462
20,1602,458
20,1598,464
20,1536,448
20,1507,448
20,1526,454
20,1728,464
20,1644,462
20,1720,474
20,1642,450
20,1903,464
20,717,435
20,918,394
20,916,388
20,865,284
20,890,43
20,900,46
20,906,30
20,887,22
20,881,30
20,995,24
20,738,487
20,915,111
20,878,211
20,1069,447
20,1142,443
20,866,392
20,850,428
20,863,412
20,893,363
20,880,306
20,1028,155
20,1034,154
20,1320,464
20,1060,428
20,1063,444
20,826,429
20,818,432
20,1009,225
20,1017,229
20,856,419
20,1121,429
20,1869,483
20,1869,475
20,1836,471
21,778,572
21,793,583
21,822,619
21,844,621
21,524,428
21,459,426
21,297,419
21,812,864
21,705,798
21,1013,1015
21,1028,779
21,1037,779
21,1028,918
21,783,547
21,759,571
21,767,571
21,771,588
21,736,546
21,744,562
21,797,609
21,789,533
21,801,584
21,892,616
21,915,611
21,932,612
21,927,604
21,950,610
21,820,607
21,1005,629
21,970,622
21,978,621
21,982,634
21,805,977
21,785,1032
21,806,894
21,853,854
21,743,800
21,1003,794
21,996,773
21,994,790
21,1019,784
21,978,770
21,977,785
21,905,143
21,907,120
21,919,139
21,897,37
21,913,134
21,888,26
21,756,458
21,761,471
21,766,477
21,800,468
21,792,485
21,782,485
21,803,490
21,814,492
21,1011,420
21,901,404
21,895,413
21,889,403
21,1278,461
21,972,442
21,1627,473
21,1562,461
21,1606,459
21,1603,466
21,1534,448
21,1506,447
21,1523,453
21,1729,464
21,1638,461
21,1717,475
21,1633,450
21,1898,464
21,725,434
21,918,394
21,917,387
21,890,43
21,900,46
21,904,27
21,875,21
21,884,31
21,992,27
21,739,494
21,915,114
21,879,212
21,1075,448
21,1150,444
21,866,391
21,850,428
21,868,412
21,896,367
21,876,305
21,1028,158
21,1033,158
21,1327,464
21,1057,429
21,1069,444
21,828,428
21,821,432
21,1009,225
21,1017,229
21,861,419
21,1114,432
21,1869,483
21,1869,475
21,1836,471
21,1446,460
22,778,573
22,794,585
22,827,622
22,849,625
22,528,427
22,469,423
22,294,419
22,818,857
22,699,800
22,1013,1019
22,1030,779
22,1037,778
22,1027,912
22,787,543
22,758,564
22,766,565
22,768,582
22,738,539
22,743,553
22,799,612
22,787,526
22,801,582
22,898,614
22,921,614
22,939,615
22,930,604
22,957,611
22,815,605
22,1006,631
22,970,622
22,978,621
22,982,634
22,807,971
22,775,1040
22,785,1042
22,804,898
22,853,856
22,735,800
22,1003,794
22,996,773
22,994,790
22,1019,784
22,978,770
22,977,785
22,905,142
22,907,116
22,918,143
22,900,32
22,912,138
22,886,24
22,755,463
22,760,477
22,764,483
22,797,475
22,792,493
22,783,492
22,801,499
22,813,501
22,1014,422
22,896,404
22,890,410
22,883,402
22,1283,464
22,961,442
22,1632,473
22,1568,461
22,1610,461
22,1609,468
22,1532,448
22,1501,448
22,1521,453
22,1730,464
22,1631,460
22,1713,475
22,1625,451
22,1890,463
22,734,434
22,918,393
22,916,387
22,889,43
22,897,48
22,901,24
22,887,33
22,989,29
22,741,501
22,916,117
22,880,213
22,1081,449
22,867,390
22,850,428
22,873,413
22,899,370
22,873,304
22,1027,162
22,1033,162
22,1334,465
22,1055,430
22,1075,444
22,831,428
22,824,432
22,1009,225
22,1017,229
22,866,419
22,1104,429
22,1869,483
22,1869,475
22,1836,471
22,648,433
22,674,429
22,1450,460
23,779,581
23,792,590
23,832,621
23,855,624
23,533,427
23,473,422
23,289,419
23,825,852
23,690,797
23,1014,1023
23,1031,778
23,1037,778
23,1024,902
23,444,416
23,791,539
23,760,558
23,767,561
23,771,576
23,740,533
23,743,545
23,802,616
23,786,520
23,802,580
23,904,613
23,928,617
23,946,618
23,934,605
23,964,613
23,813,605
23,1004,631
23,970,622
23,978,621
23,982,634
23,809,965
23,784,1051
23,797,901
23,853,858
23,728,800
23,1003,793
23,996,773
23,994,790
23,1019,784
23,978,770
23,977,785
23,906,142
23,908,113
23,917,147
23,897,36
23,911,142
23,882,23
23,754,470
23,759,483
23,764,487
23,794,482
23,793,501
23,784,498
23,804,506
23,816,505
23,1017,423
23,891,403
23,885,411
23,878,402
23,951,442
23,1637,473
23,1574,461
23,1616,462
23,1616,469
23,1417,459
23,1528,447
23,1495,449
23,1518,455
23,1731,464
23,1625,459
23,1709,475
23,1619,451
23,1883,463
23,1912,464
23,741,434
23,919,392
23,915,388
23,889,44
23,896,49
23,895,22
23,890,36
23,987,32
23,739,507
23,915,119
23,881,214
23,1088,450
23,1172,448
23,867,389
23,850,428
23,877,413
23,903,374
23,870,303
23,1026,165
23,1033,166
23,1340,464
23,1055,436
23,1081,444
23,832,426
23,825,431
23,1009,225
23,1017,229
23,872,420
23,1099,429
23,1140,434
23,1869,483
23,1869,475
23,1836,471
23,645,433
23,668,430
23,1455,461
24,1199,459
24,778,587
24,794,596
24,839,621
24,864,622
24,535,423
24,479,422
24,833,849
24,686,798
24,1013,1028
24,1031,778
24,1037,780
24,1024,896
24,444,416
24,793,533
24,760,552
24,768,555
24,770,571
24,743,529
24,747,539
24,806,617
24,780,515
24,801,573
24,910,615
24,935,617
24,950,619
24,937,606
24,971,613
24,811,605
24,1003,631
24,970,622
24,978,622
24,982,634
24,810,959
24,774,1058
24,783,1060
24,790,905
24,849,861
24,721,800
24,1003,793
24,996,773
24,994,790
24,1019,784
24,978,770
24,977,785
24,907,142
24,908,110
24,916,151
24,888,28
24,910,147
24,877,20
24,753,477
24,759,490
24,765,492
24,794,487
24,793,507
24,785,504
24,804,513
24,812,514
24,1020,424
24,886,402
24,880,412
24,873,403
24,945,442
24,1643,473
24,1580,461
24,1623,463
24,1623,470
24,1414,461
24,1525,447
24,1490,447
24,1516,457
24,1735,465
24,1616,460
24,1706,476
24,1613,451
24,1875,463
24,1907,464
24,748,434
24,920,392
24,915,389
24,889,44
24,896,50
24,891,19
24,893,36
24,984,35
24,737,514
24,915,122
24,882,215
24,1095,449
24,868,389
24,850,428
24,881,413
24,907,375
24,867,301
24,806,434
24,1025,169
24,1033,170
24,1346,463
24,1056,442
24,1088,444
24,834,424
24,826,430
24,1009,225
24,1017,229
24,881,421
24,1094,429
24,1137,434
24,1869,483
24,1869,475
24,1836,471
24,880,418
24,642,433
24,662,432
24,1459,462
25,1207,460
25,778,591
25,793,601
25,842,622
25,867,623
25,537,425
25,485,422
25,835,845
25,682,799
25,1013,1033
25,1030,778
25,1036,782
25,1024,890
25,444,416
25,795,527
25,761,547
25,769,550
25,769,566
25,749,524
25,751,535
25,810,618
25,775,510
25,799,568
25,915,615
25,942,617
25,955,620
25,941,607
25,978,613
25,811,607
25,1003,630
25,970,621
25,978,622
25,982,634
25,810,949
25,773,1062
25,783,1064
25,783,909
25,846,864
25,714,800
25,1003,793
25,996,773
25,994,790
25,1019,784
25,978,770
25,977,785
25,908,142
25,909,107
25,915,155
25,884,28
25,909,151
25,874,24
25,752,482
25,756,495
25,763,498
25,793,493
25,794,514
25,786,509
25,802,519
25,815,521
25,1024,426
25,881,402
25,876,412
25,864,404
25,939,442
25,1649,473
25,1583,462
25,1631,463
25,1627,470
25,1409,461
25,1522,447
25,1489,449
25,1511,457
25,1739,467
25,1608,461
25,1702,476
25,1607,451
25,1868,463
25,1902,464
25,756,435
25,923,392
25,919,388
25,889,45
25,896,51
25,886,19
25,896,36
25,982,38
25,735,520
25,914,124
25,883,216
25,1102,449
25,868,389
25,850,428
25,885,413
25,912,376
25,866,299
25,804,441
25,1024,173
25,1033,174
25,1351,462
25,1060,444
25,1095,444
25,836,423
25,827,429
25,1009,225
25,1017,229
25,882,423
25,1090,430
25,1134,435
25,1041,424
25,1869,483
25,1869,475
25,1836,471
25,884,420
25,635,432
25,655,433
25,1464,463
26,1217,462
26,779,595
26,793,602
26,846,620
26,874,624
26,539,427
26,493,421
26,842,840
26,673,797
26,1013,1037
26,1030,779
26,1036,782
26,444,416
26,797,519
26,762,542
26,770,544
26,770,560
26,755,520
26,755,531
26,815,620
26,773,504
26,798,563
26,921,615
26,947,616
26,960,618
26,946,606
26,984,612
26,812,610
26,1003,629
26,971,621
26,979,623
26,982,634
26,810,940
26,772,1066
26,784,1069
26,782,914
26,844,867
26,707,800
26,1003,793
26,996,773
26,994,790
26,1019,784
26,978,769
26,977,785
26,909,142
26,910,104
26,914,159
26,880,30
26,908,155
26,751,487
26,753,500
26,761,504
26,793,498
26,794,520
26,786,515
26,803,527
26,814,527
26,1027,430
26,877,402
26,873,412
26,864,403
26,933,443
26,1656,474
26,1587,463
26,1639,463
26,1632,471
26,1406,460
26,1519,447
26,1483,447
26,1507,457
26,1740,465
26,1604,458
26,1699,477
26,1595,451
26,1862,463
26,1897,464
26,764,436
26,927,392
26,924,387
26,889,45
26,896,52
26,880,18
26,900,35
26,979,41
26,734,527
26,914,127
26,884,217
26,1110,449
26,869,388
26,850,428
26,889,413
26,916,377
26,865,296
26,803,448
26,1023,176
26,1033,178
26,1357,460
26,1064,446
26,1103,445
26,838,421
26,828,428
26,1009,225
26,1017,229
26,888,418
26,1086,429
26,1131,435
26,1045,427
26,1869,483
26,1869,475
26,1836,471
26,888,422
26,628,431
26,649,434
26,1469,464
27,1227,463
27,781,599
27,795,605
27,854,618
27,878,620
27,542,429
27,501,423
27,848,837
27,667,797
27,1013,1042
27,1030,781
27,1036,782
27,444,416
27,804,520
27,763,538
27,772,539
27,771,555
27,761,516
27,759,528
27,820,620
27,771,498
27,797,559
27,927,615
27,953,616
27,966,617
27,951,605
27,990,612
27,809,610
27,1002,631
27,971,621
27,979,623
27,982,634
27,810,931
27,781,919
27,844,869
27,701,801
27,1003,793
27,996,773
27,994,790
27,1019,784
27,978,769
27,977,785
27,909,142
27,912,101
27,913,163
27,907,159
27,750,492
27,751,505
27,760,511
27,793,505
27,793,524
27,786,521
27,804,532
27,813,533
27,1030,432
27,874,402
27,868,410
27,864,398
27,927,443
27,1661,474
27,1591,464
27,1644,462
27,1639,470
27,1406,457
27,1515,447
27,1485,448
27,1503,457
27,1742,463
27,1601,455
27,1696,477
27,1584,452
27,1856,463
27,1893,464
27,772,437
27,574,443
27,931,392
27,929,386
27,889,46
27,896,53
27,879,20
27,904,35
27,977,44
27,736,534
27,914,129
27,886,219
27,1117,449
27,1196,456
27,869,388
27,850,428
27,893,414
27,920,378
27,883,306
27,864,293
27,801,455
27,1022,180
27,1032,182
27,1068,448
27,1110,445
27,840,420
27,829,428
27,1009,225
27,1017,229
27,891,424
27,848,362
27,1082,429
27,1128,436
27,1048,431
27,1869,483
27,1869,475
27,1836,471
27,893,421
27,624,433
27,645,435
27,1475,465
28,1238,464
28,784,603
28,795,608
28,860,619
28,886,621
28,545,431
28,506,422
28,858,835
28,662,799
28,1013,1046
28,1030,782
28,1036,782
28,444,416
28,810,511
28,767,532
28,774,533
28,772,549
28,764,511
28,765,522
28,825,620
28,768,493
28,797,554
28,933,615
28,959,616
28,972,616
28,956,605
28,996,612
28,807,610
28,1002,631
28,971,621
28,979,623
28,982,634
28,810,922
28,780,925
28,843,872
28,695,802
28,1004,793
28,996,773
28,994,790
28,1019,784
28,978,769
28,977,785
28,910,142
28,915,99
28,912,167
28,906,163
28,748,497
28,750,509
28,758,514
28,793,511
28,792,529
28,785,526
28,805,537
28,813,540
28,1032,433
28,873,402
28,864,409
28,863,396
28,921,444
28,1667,474
28,1595,465
28,1650,462
28,1647,469
28,1405,457
28,1511,448
28,1477,448
28,1499,458
28,1742,464
28,1593,455
28,1693,478
28,1578,452
28,1850,463
28,1889,464
28,780,438
28,552,425
28,567,443
28,935,393
28,934,386
28,889,46
28,896,54
28,875,20
28,909,35
28,975,47
28,739,541
28,913,132
28,888,219
28,1124,449
28,870,388
28,850,428
28,897,417
28,924,379
28,880,307
28,864,290
28,800,463
28,1022,185
28,1031,186
28,1072,450
28,1117,446
28,841,418
28,831,425
28,1009,225
28,1017,229
28,895,423
28,847,361
28,1078,429
28,1125,436
28,1052,434
28,1869,483
28,1869,475
28,1836,471
28,893,423
28,641,436
28,1481,466
29,1246,458
29,785,607
29,796,611
29,865,620
29,892,624
29,549,433
29,512,423
29,865,832
29,660,792
29,1014,1051
29,1030,779
29,1037,782
29,444,416
29,817,506
29,767,527
29,774,528
29,773,543
29,768,507
29,771,517
29,831,620
29,765,488
29,797,549
29,940,615
29,965,614
29,977,618
29,959,605
29,1001,612
29,805,611
29,1004,632
29,971,621
29,979,624
29,982,634
29,811,914
29,776,928
29,841,873
29,689,802
29,999,794
29,996,773
29,994,790
29,1019,784
29,978,769
29,977,785
29,911,142
29,918,98
29,911,172
29,904,166
29,747,502
29,749,513
29,756,518
29,793,518
29,792,536
29,784,532
29,806,545
29,812,549
29,1037,433
29,873,403
29,861,409
29,862,395
29,915,444
29,1672,473
29,1602,464
29,1656,461
29,1655,469
29,1508,449
29,1472,449
29,1499,458
29,1742,465
29,1586,456
29,1691,479
29,1573,452
29,1842,463
29,1886,464
29,783,440
29,550,424
29,560,444
29,940,394
29,940,387
29,889,46
29,896,54
29,913,34
29,974,51
29,742,549
29,913,134
29,890,220
29,1132,450
29,871,388
29,850,428
29,902,421
29,929,380
29,876,309
29,864,286
29,800,472
29,1021,189
29,1029,191
29,1076,453
29,1124,446
29,843,416
29,834,422
29,1009,225
29,1017,229
29,899,426
29,846,368
29,1073,429
29,1121,436
29,1055,438
29,1869,483
29,1869,475
29,1836,471
29,902,418
29,635,438
29,1487,467
30,1254,463
30,787,612
30,870,618
30,900,622
30,553,432
30,518,424
30,873,827
30,650,792
30,1015,1056
30,1030,777
30,1038,781
30,444,416
30,824,502
30,768,523
30,775,524
30,775,538
30,770,501
30,776,507
30,831,620
30,762,482
30,798,544
30,946,612
30,971,613
30,963,605
30,1007,612
30,802,603
30,1004,630
30,971,621
30,979,624
30,982,634
30,813,906
30,772,931
30,840,873
30,681,801
30,995,795
30,996,773
30,994,790
30,1019,784
30,978,769
30,977,785
30,912,142
30,921,97
30,910,176
30,903,169
30,746,506
30,748,519
30,754,523
30,792,524
30,791,542
30,783,538
30,805,549
30,809,556
30,1040,432
30,868,401
30,859,405
30,860,391
30,909,445
30,1681,472
30,1608,464
30,1663,461
30,1664,469
30,1502,449
30,1471,450
30,1499,458
30,1742,467
30,1578,456
30,1688,480
30,1567,452
30,1834,463
30,1886,464
30,792,440
30,548,423
30,554,445
30,946,395
30,946,388
30,889,45
30,894,53
30,917,34
30,973,55
30,745,556
30,913,137
30,892,220
30,1140,451
30,1215,457
30,871,386
30,850,428
30,908,419
30,927,375
30,872,309
30,800,481
30,1020,194
30,1028,195
30,1080,450
30,1131,447
30,845,414
30,837,420
30,1009,225
30,1017,229
30,911,428
30,1069,430
30,1118,435
30,1059,442
30,1869,483
30,1869,475
30,1836,471
30,909,420
30,630,440
30,1494,468
