1,1259,1068
1,1263,1075
1,1340,1042
1,1384,1021
1,1389,1035
1,1386,1028
1,1392,1037
1,1505,980
1,1572,1032
1,1572,1049
1,1633,1020
1,1678,877
1,1817,823
1,1810,831
1,1813,854
1,1841,726
1,1864,752
1,1842,862
1,1763,896
1,1753,915
1,1753,926
1,1860,943
1,1855,950
1,1872,982
1,1895,963
1,1889,970
1,1911,982
1,1907,991
1,8,671
1,9,662
1,7,655
1,7,646
1,62,644
1,67,652
1,134,673
1,131,682
1,266,567
1,340,579
1,328,566
1,346,574
1,331,561
1,332,558
1,335,552
1,339,546
1,342,538
1,404,530
1,403,536
1,418,609
1,433,606
1,429,596
1,442,589
1,444,583
1,468,525
1,501,523
1,507,536
1,515,708
1,730,519
1,733,514
1,779,540
1,853,513
1,753,487
1,758,482
1,843,484
1,853,492
1,850,496
1,884,508
1,887,515
1,888,520
1,891,524
1,865,474
1,859,482
1,904,478
1,1018,506
1,1028,518
1,931,477
1,931,482
1,1067,486
1,1065,495
1,1172,470
1,1188,520
1,1244,472
1,1277,462
1,1290,470
1,1292,478
1,1308,479
1,1373,465
1,1377,469
1,1380,483
1,1360,499
1,1361,503
1,1378,510
1,1368,512
1,1424,455
1,1430,466
1,1499,472
1,1508,495
1,1534,442
1,1538,446
1,1542,450
1,1543,458
1,1572,441
1,1580,453
1,1580,457
1,1645,437
1,1643,461
1,1644,468
1,1658,386
1,1597,337
1,1685,424
1,1694,457
1,1689,464
1,1691,470
1,1689,479
1,1746,437
1,1746,426
1,1810,554
1,1807,562
1,1797,459
1,1809,415
1,1490,376
1,1837,411
1,1834,422
1,1833,440
1,1825,433
1,1823,448
1,475,498
1,474,502
1,486,494
1,499,490
1,499,498
1,501,505
1,645,454
1,709,396
1,718,401
1,1058,173
1,1060,178
1,785,393
1,821,396
1,821,404
1,828,385
1,834,367
1,837,360
1,891,390
1,862,328
1,986,385
1,1023,398
1,1016,404
1,1018,399
1,1056,427
1,1052,432
1,1053,439
1,1076,447
1,1071,454
1,1878,362
1,1880,363
1,1883,368
1,1887,375
1,1783,618
1,1797,625
1,1791,607
2,1257,1069
2,1263,1074
2,1340,1046
2,1383,1023
2,1388,1035
2,1385,1030
2,1391,1039
2,1504,981
2,1573,1032
2,1572,1048
2,1630,1022
2,1675,879
2,1818,819
2,1811,826
2,1813,850
2,1843,722
2,1866,752
2,1842,857
2,1762,898
2,1755,915
2,1756,925
2,1858,940
2,1853,947
2,1871,980
2,1893,960
2,1886,966
2,1911,978
2,1906,986
2,59,646
2,65,654
2,131,674
2,128,683
2,264,568
2,336,581
2,325,567
2,341,575
2,329,562
2,330,558
2,332,553
2,337,548
2,340,540
2,400,532
2,400,538
2,415,608
2,432,606
2,430,595
2,439,587
2,441,581
2,464,526
2,502,527
2,505,542
2,513,705
2,726,520
2,729,515
2,781,540
2,848,513
2,750,486
2,754,480
2,839,484
2,849,492
2,846,496
2,880,508
2,883,515
2,884,520
2,887,524
2,862,475
2,857,483
2,901,478
2,1014,506
2,1023,518
2,927,477
2,927,483
2,1062,485
2,1060,494
2,1169,470
2,1193,520
2,1240,472
2,1273,463
2,1288,471
2,1289,478
2,1304,481
2,1370,465
2,1373,470
2,1385,482
2,1365,498
2,1365,502
2,1376,509
2,1365,512
2,1421,455
2,1428,466
2,1496,471
2,1512,494
2,1533,442
2,1536,446
2,1540,451
2,1542,458
2,1569,441
2,1577,453
2,1577,457
2,1641,438
2,1643,461
2,1645,468
2,1655,382
2,1592,335
2,1682,425
2,1691,454
2,1686,462
2,1743,437
2,1742,425
2,1811,550
2,1804,557
2,1794,457
2,1812,411
2,1490,375
2,1838,408
2,1838,419
2,1834,440
2,1825,433
2,1824,446
2,473,501
2,472,506
2,482,495
2,496,493
2,497,500
2,497,507
2,633,458
2,706,397
2,716,403
2,1054,175
2,1057,180
2,780,393
2,817,397
2,817,405
2,823,385
2,829,369
2,832,362
2,888,388
2,867,326
2,982,384
2,1020,395
2,1013,402
2,1015,397
2,1053,423
2,1050,429
2,1050,436
2,1074,444
2,1068,451
2,1874,363
2,1877,366
2,1886,366
2,1891,373
2,1784,614
2,1797,620
2,1792,602
3,1256,1071
3,1263,1074
3,1336,1046
3,1382,1026
3,1387,1036
3,1385,1033
3,1390,1041
3,1503,983
3,1574,1032
3,1573,1047
3,1627,1025
3,1672,881
3,1820,815
3,1813,821
3,1813,846
3,1845,719
3,1868,753
3,1842,852
3,1762,900
3,1758,915
3,1759,924
3,1856,937
3,1852,944
3,1870,978
3,1891,957
3,1883,963
3,1911,974
3,1905,982
3,56,648
3,63,656
3,128,675
3,126,685
3,262,570
3,333,580
3,322,568
3,338,574
3,327,563
3,328,559
3,329,554
3,336,550
3,338,542
3,397,534
3,397,541
3,413,608
3,429,605
3,428,594
3,436,586
3,439,580
3,460,528
3,496,534
3,503,549
3,512,702
3,722,521
3,725,516
3,784,540
3,844,513
3,747,486
3,751,479
3,836,484
3,845,492
3,843,497
3,877,509
3,880,515
3,881,520
3,884,525
3,859,477
3,856,484
3,898,478
3,1010,506
3,1018,518
3,924,478
3,923,485
3,1058,485
3,1055,494
3,1166,470
3,1199,521
3,1237,472
3,1270,464
3,1287,472
3,1286,479
3,1300,483
3,1368,466
3,1370,471
3,1391,482
3,1370,497
3,1370,502
3,1374,508
3,1363,512
3,1418,456
3,1427,466
3,1494,470
3,1516,494
3,1532,442
3,1535,447
3,1539,452
3,1542,458
3,1567,441
3,1575,453
3,1574,458
3,1637,439
3,1643,461
3,1646,469
3,1653,379
3,1587,330
3,1680,427
3,1688,452
3,1683,461
3,1694,463
3,1740,437
3,1738,426
3,1807,546
3,1802,552
3,1834,366
3,1839,367
3,1791,455
3,1815,408
3,1491,375
3,1839,405
3,1843,416
3,1836,440
3,1826,434
3,1826,445
3,471,504
3,471,511
3,479,496
3,493,496
3,493,503
3,492,509
3,622,462
3,703,399
3,714,405
3,1050,177
3,1054,183
3,776,394
3,813,399
3,814,406
3,818,386
3,825,371
3,827,364
3,886,387
3,872,324
3,978,383
3,1017,392
3,1010,400
3,1012,395
3,1051,420
3,1048,426
3,1047,433
3,1072,441
3,1066,448
3,1870,365
3,1874,369
3,1889,364
3,1896,371
3,1797,615
3,1794,598
4,1254,1072
4,1330,1046
4,1379,1024
4,1382,1037
4,1379,1033
4,1386,1042
4,1502,985
4,1576,1032
4,1574,1047
4,1625,1028
4,1670,883
4,1819,812
4,1811,818
4,1812,844
4,1847,715
4,1868,753
4,1842,849
4,1759,900
4,1758,915
4,1758,924
4,1855,935
4,1851,941
4,1870,977
4,1887,954
4,1881,960
4,1905,973
4,1901,981
4,53,651
4,62,658
4,125,677
4,123,687
4,260,572
4,331,580
4,319,569
4,336,573
4,325,565
4,326,560
4,327,555
4,335,552
4,336,544
4,394,536
4,394,543
4,411,608
4,424,603
4,425,594
4,433,584
4,436,578
4,456,530
4,492,535
4,499,552
4,510,699
4,718,523
4,722,517
4,787,540
4,839,514
4,744,485
4,747,478
4,833,484
4,841,492
4,839,498
4,874,510
4,876,516
4,878,520
4,881,525
4,856,476
4,853,484
4,895,478
4,1006,506
4,1013,518
4,921,479
4,919,487
4,1054,485
4,1051,493
4,1163,470
4,1204,522
4,1233,472
4,1267,466
4,1286,473
4,1283,479
4,1296,485
4,1365,466
4,1367,472
4,1396,481
4,1375,496
4,1375,501
4,1372,508
4,1361,513
4,1415,456
4,1425,466
4,1491,469
4,1520,494
4,1529,442
4,1532,448
4,1538,452
4,1539,458
4,1565,441
4,1572,453
4,1571,458
4,1633,440
4,1643,461
4,1648,470
4,1650,376
4,1583,328
4,1678,429
4,1683,451
4,1680,460
4,1737,437
4,1734,426
4,1804,541
4,1799,549
4,1832,369
4,1838,371
4,1788,453
4,1819,405
4,1492,375
4,1840,400
4,1848,413
4,1834,439
4,1826,435
4,1823,447
4,467,505
4,466,513
4,476,497
4,489,496
4,490,503
4,490,510
4,611,466
4,700,399
4,712,407
4,1046,180
4,1051,185
4,772,395
4,809,400
4,811,407
4,813,387
4,821,373
4,822,366
4,884,386
4,877,322
4,975,382
4,1014,390
4,1007,398
4,1010,393
4,1049,417
4,1046,424
4,1045,431
4,1070,439
4,1064,446
4,1866,367
4,1871,372
4,1894,362
4,1899,369
4,1798,610
4,1794,595
5,1249,1074
5,1325,1047
5,1375,1025
5,1381,1036
5,1374,1035
5,1382,1044
5,1498,987
5,1575,1032
5,1573,1047
5,1622,1030
5,1666,886
5,1819,810
5,1809,816
5,1811,842
5,1850,712
5,1868,754
5,1842,847
5,1756,906
5,1758,916
5,1757,924
5,1851,932
5,1847,938
5,1867,974
5,1884,952
5,1879,958
5,1899,973
5,1897,981
5,50,653
5,60,660
5,122,678
5,121,689
5,258,574
5,327,578
5,318,567
5,334,573
5,321,564
5,322,560
5,324,554
5,333,555
5,333,544
5,391,538
5,391,546
5,408,605
5,420,600
5,420,590
5,431,583
5,434,577
5,452,532
5,490,539
5,496,553
5,509,696
5,714,524
5,718,518
5,790,540
5,835,514
5,741,485
5,744,477
5,830,484
5,837,493
5,836,499
5,871,511
5,873,516
5,875,520
5,878,526
5,853,476
5,851,485
5,892,478
5,1002,507
5,1008,518
5,917,479
5,915,487
5,1049,484
5,1046,493
5,1160,471
5,1210,523
5,1230,473
5,1264,467
5,1285,474
5,1281,480
5,1292,487
5,1363,467
5,1364,473
5,1402,481
5,1380,496
5,1380,501
5,1369,508
5,1359,513
5,1413,457
5,1424,467
5,1489,469
5,1524,494
5,1526,443
5,1530,449
5,1537,453
5,1537,458
5,1563,442
5,1570,453
5,1568,459
5,1629,441
5,1642,462
5,1646,472
5,1647,375
5,1579,326
5,1676,431
5,1679,451
5,1678,459
5,1702,460
5,1708,459
5,1733,438
5,1730,428
5,1801,539
5,1796,546
5,1831,372
5,1838,375
5,1785,451
5,1824,401
5,1493,375
5,1842,396
5,1853,412
5,1833,441
5,1827,436
5,1822,445
5,462,502
5,464,506
5,462,512
5,474,499
5,485,497
5,487,503
5,488,511
5,598,467
5,697,399
5,710,410
5,653,424
5,1042,182
5,1048,188
5,767,396
5,806,402
5,808,409
5,809,388
5,816,374
5,817,367
5,881,385
5,883,320
5,971,382
5,1011,387
5,1004,396
5,1007,391
5,1046,414
5,1042,421
5,1042,427
5,1068,436
5,1062,443
5,1863,369
5,1869,375
5,1916,353
5,1899,360
5,1902,367
5,1798,608
5,1794,593
6,1246,1074
6,1318,1050
6,1369,1028
6,1375,1040
6,1371,1036
6,1377,1046
6,1495,989
6,1575,1032
6,1572,1047
6,1619,1032
6,1662,889
6,1816,808
6,1807,814
6,1808,839
6,1849,710
6,1867,754
6,1841,842
6,1752,910
6,1758,916
6,1757,924
6,1848,930
6,1844,936
6,1864,971
6,1877,951
6,1874,957
6,1896,971
6,1891,978
6,47,656
6,59,663
6,119,680
6,119,691
6,256,576
6,323,578
6,313,566
6,329,572
6,317,563
6,319,558
6,319,556
6,330,554
6,330,545
6,387,539
6,383,547
6,407,604
6,417,601
6,420,588
6,428,583
6,431,576
6,450,534
6,490,545
6,493,555
6,508,693
6,711,526
6,715,520
6,793,541
6,830,515
6,737,483
6,740,475
6,827,484
6,832,493
6,831,499
6,868,512
6,870,517
6,872,521
6,875,527
6,850,476
6,849,486
6,889,478
6,998,507
6,1003,518
6,913,479
6,912,487
6,1045,484
6,1042,492
6,1156,471
6,1214,521
6,1227,473
6,1261,468
6,1282,474
6,1278,480
6,1288,489
6,1359,467
6,1361,473
6,1406,481
6,1383,496
6,1384,501
6,1367,509
6,1357,513
6,1410,457
6,1420,467
6,1485,468
6,1528,494
6,1522,444
6,1527,450
6,1534,452
6,1534,459
6,1561,442
6,1567,453
6,1565,459
6,1625,442
6,1640,463
6,1645,474
6,1644,375
6,1576,324
6,1674,433
6,1675,451
6,1674,458
6,1703,458
6,1712,458
6,1726,429
6,1731,440
6,1829,376
6,1835,378
6,1782,449
6,1829,398
6,1493,375
6,1842,393
6,1858,411
6,1834,442
6,1823,439
6,1824,449
6,459,502
6,461,508
6,459,514
6,470,501
6,482,498
6,483,504
6,483,512
6,585,469
6,697,399
6,706,410
6,655,426
6,1039,185
6,1045,191
6,763,397
6,801,402
6,803,409
6,805,389
6,812,376
6,813,368
6,879,384
6,888,318
6,968,381
6,1009,385
6,1001,395
6,1005,389
6,1043,411
6,1039,418
6,1040,424
6,1067,434
6,1060,441
6,1859,372
6,1866,378
6,1913,354
6,1901,361
6,1905,368
6,1857,433
6,1798,606
6,1793,590
7,1244,1076
7,1316,1052
7,1368,1030
7,1372,1041
7,1368,1036
7,1374,1047
7,1492,992
7,1575,1032
7,1571,1047
7,1616,1034
7,1659,892
7,1814,806
7,1806,813
7,1806,837
7,1849,708
7,1867,754
7,1841,838
7,1747,909
7,1758,917
7,1756,924
7,1845,928
7,1841,934
7,1861,968
7,1875,949
7,1871,955
7,1892,971
7,1889,979
7,43,657
7,52,664
7,114,680
7,115,691
7,251,577
7,319,576
7,310,564
7,325,570
7,315,562
7,318,558
7,319,551
7,326,555
7,328,546
7,382,541
7,378,548
7,402,601
7,411,599
7,416,586
7,422,581
7,426,574
7,444,535
7,485,547
7,488,557
7,505,688
7,707,526
7,710,520
7,796,541
7,826,515
7,733,481
7,737,474
7,824,485
7,828,493
7,827,499
7,863,511
7,866,516
7,868,521
7,870,527
7,847,476
7,845,486
7,887,479
7,994,507
7,998,518
7,909,479
7,908,487
7,1041,484
7,1037,492
7,1152,471
7,1218,520
7,1224,474
7,1258,470
7,1279,474
7,1276,481
7,1285,492
7,1355,467
7,1358,474
7,1410,481
7,1387,497
7,1388,502
7,1365,509
7,1355,513
7,1407,457
7,1417,466
7,1481,467
7,1532,494
7,1519,445
7,1524,452
7,1531,452
7,1532,460
7,1559,442
7,1565,453
7,1563,460
7,1621,443
7,1638,465
7,1642,375
7,1572,321
7,1672,435
7,1671,451
7,1671,457
7,1705,456
7,1714,456
7,1722,430
7,1725,442
7,1826,379
7,1832,381
7,1779,447
7,1831,394
7,1494,375
7,1843,391
7,1826,369
7,1864,411
7,1833,441
7,1820,440
7,1822,450
7,455,503
7,458,510
7,457,517
7,466,503
7,479,500
7,479,505
7,479,513
7,572,471
7,702,411
7,657,429
7,1035,187
7,1041,193
7,759,398
7,797,403
7,799,410
7,802,390
7,807,377
7,809,369
7,877,383
7,893,316
7,964,380
7,1005,384
7,997,393
7,1001,387
7,1040,408
7,1036,415
7,1037,420
7,1064,431
7,1056,438
7,1856,375
7,1863,382
7,1910,355
7,1904,362
7,1908,369
7,1798,602
7,1793,588
8,1311,1054
8,1364,1032
8,1366,1043
8,1365,1037
8,1371,1048
8,1488,993
8,1575,1032
8,1570,1046
8,1612,1036
8,1654,892
8,1813,804
8,1805,809
8,1807,832
8,1848,704
8,1867,754
8,1839,836
8,1743,916
8,1758,918
8,1756,925
8,1840,925
8,1836,932
8,1858,966
8,1872,947
8,1867,953
8,1888,968
8,1884,976
8,1306,1072
8,39,658
8,46,666
8,109,681
8,111,691
8,247,578
8,317,574
8,304,564
8,323,569
8,308,561
8,311,556
8,324,557
8,326,547
8,377,544
8,373,550
8,397,599
8,406,597
8,412,585
8,417,580
8,421,573
8,439,537
8,480,550
8,484,560
8,502,683
8,703,526
8,706,520
8,799,541
8,822,516
8,729,479
8,733,472
8,820,485
8,823,494
8,822,500
8,859,510
8,862,516
8,864,521
8,866,527
8,844,477
8,841,486
8,883,479
8,990,508
8,993,518
8,906,480
8,905,488
8,1037,484
8,1033,492
8,1148,471
8,1222,520
8,1222,475
8,1254,471
8,1276,474
8,1274,481
8,1280,492
8,1352,467
8,1355,475
8,1415,482
8,1390,497
8,1392,502
8,1363,510
8,1353,513
8,1405,458
8,1414,466
8,1477,466
8,1536,494
8,1517,445
8,1521,452
8,1528,452
8,1529,460
8,1557,442
8,1561,454
8,1560,460
8,1617,444
8,1638,466
8,1636,371
8,1568,318
8,1669,436
8,1667,450
8,1667,456
8,1708,456
8,1717,454
8,1719,432
8,1721,442
8,1822,382
8,1829,384
8,1775,445
8,1834,391
8,1495,375
8,1843,386
8,1824,374
8,1864,411
8,1833,441
8,1816,445
8,1822,450
8,454,509
8,453,517
8,462,505
8,475,501
8,476,506
8,475,514
8,559,473
8,698,412
8,659,432
8,1032,190
8,1038,196
8,753,399
8,793,403
8,794,410
8,799,391
8,803,379
8,805,371
8,873,383
8,898,314
8,961,380
8,1001,383
8,994,391
8,997,386
8,1037,405
8,1033,412
8,1035,417
8,1061,428
8,1053,436
8,1854,378
8,1859,384
8,1907,357
8,1909,362
8,1912,366
8,1799,598
8,1792,584
9,1306,1055
9,1359,1033
9,1362,1043
9,1363,1038
9,1368,1050
9,1484,995
9,1574,1032
9,1569,1046
9,1608,1039
9,1649,893
9,1813,802
9,1805,805
9,1808,832
9,1852,699
9,1866,755
9,1842,833
9,1739,918
9,1757,918
9,1755,925
9,1836,923
9,1831,930
9,1856,964
9,1869,946
9,1864,951
9,1884,966
9,1880,973
9,1310,1072
9,35,659
9,40,667
9,104,682
9,107,691
9,242,579
9,312,573
9,301,557
9,318,567
9,304,560
9,307,556
9,320,557
9,322,548
9,372,544
9,369,551
9,392,597
9,403,595
9,407,584
9,413,579
9,416,571
9,433,538
9,477,553
9,481,562
9,500,679
9,699,526
9,702,520
9,802,541
9,817,516
9,725,478
9,730,471
9,817,485
9,819,494
9,818,500
9,855,509
9,858,516
9,860,521
9,862,527
9,841,477
9,838,487
9,879,480
9,985,507
9,988,518
9,901,480
9,901,487
9,1031,484
9,1028,492
9,1144,471
9,1226,521
9,1218,475
9,1250,472
9,1273,475
9,1272,482
9,1276,492
9,1348,467
9,1352,475
9,1419,482
9,1394,498
9,1397,503
9,1360,510
9,1349,513
9,1402,458
9,1410,466
9,1473,466
9,1540,493
9,1516,446
9,1518,453
9,1525,453
9,1526,461
9,1555,443
9,1558,455
9,1557,461
9,1613,445
9,1638,468
9,1633,369
9,1564,314
9,1667,437
9,1664,449
9,1663,456
9,1710,456
9,1719,452
9,1716,433
9,1717,443
9,1819,385
9,1826,387
9,1772,444
9,1835,389
9,1496,375
9,1843,382
9,1821,379
9,1872,406
9,1829,438
9,1819,441
9,1819,451
9,451,512
9,449,518
9,459,507
9,471,502
9,473,507
9,471,515
9,546,475
9,695,411
9,656,431
9,1029,193
9,1035,199
9,748,400
9,789,404
9,790,411
9,794,392
9,798,380
9,799,373
9,869,383
9,904,312
9,957,379
9,997,382
9,990,389
9,993,385
9,1034,402
9,1030,409
9,1031,414
9,1058,425
9,1050,433
9,1853,381
9,1855,387
9,1903,358
9,1912,359
9,1914,366
9,1853,440
9,1798,595
9,1791,581
10,1302,1057
10,1356,1033
10,1360,1046
10,1360,1041
10,1366,1052
10,1481,997
10,1574,1032
10,1569,1046
10,1604,1042
10,1644,894
10,1813,800
10,1803,802
10,1806,829
10,1852,699
10,1866,755
10,1841,830
10,1737,923
10,1757,918
10,1755,925
10,1832,921
10,1826,928
10,1854,963
10,1864,943
10,1858,950
10,1880,962
10,1874,971
10,1313,1071
10,31,661
10,34,669
10,99,683
10,103,692
10,238,581
10,308,572
10,314,566
10,368,545
10,365,552
10,388,595
10,400,593
10,402,583
10,409,579
10,412,570
10,428,539
10,474,556
10,479,564
10,498,675
10,695,526
10,698,520
10,805,542
10,812,516
10,721,476
10,726,469
10,814,485
10,815,495
10,814,501
10,851,509
10,855,516
10,857,522
10,858,528
10,838,478
10,834,487
10,875,480
10,980,507
10,984,518
10,897,480
10,897,487
10,1026,484
10,1023,492
10,1140,472
10,1231,521
10,1214,476
10,1246,473
10,1270,475
10,1269,482
10,1271,493
10,1344,467
10,1349,476
10,1423,482
10,1397,498
10,1401,503
10,1357,511
10,1346,513
10,1399,459
10,1406,466
10,1468,465
10,1544,493
10,1515,447
10,1516,454
10,1522,454
10,1524,462
10,1551,443
10,1554,456
10,1554,461
10,1609,446
10,1634,468
10,1630,367
10,1664,438
10,1661,448
10,1659,455
10,1712,455
10,1721,450
10,1713,435
10,1714,444
10,1816,387
10,1823,390
10,1769,443
10,1835,385
10,1496,375
10,1845,380
10,1816,381
10,1827,437
10,1818,441
10,1822,453
10,448,514
10,445,519
10,455,508
10,468,503
10,469,508
10,468,515
10,534,477
10,692,411
10,654,431
10,1026,195
10,1032,202
10,743,401
10,783,404
10,785,411
10,789,394
10,794,382
10,794,375
10,865,383
10,908,309
10,953,379
10,993,381
10,987,388
10,990,384
10,1031,400
10,1027,406
10,1027,412
10,1055,423
10,1047,431
10,1849,384
10,1852,389
10,1896,358
10,1914,358
10,1916,365
10,1860,430
10,1854,440
10,1798,592
10,1790,577
11,1297,1058
11,1352,1035
11,1355,1047
11,1355,1042
11,1361,1053
11,1478,997
11,1574,1032
11,1568,1046
11,1600,1044
11,1641,896
11,1812,796
11,1801,799
11,1804,826
11,1851,695
11,1866,755
11,1840,825
11,1736,928
11,1756,918
11,1755,925
11,1827,918
11,1822,925
11,1850,961
11,1860,941
11,1856,946
11,1877,959
11,1869,969
11,1317,1071
11,27,662
11,30,669
11,96,684
11,99,692
11,234,581
11,303,570
11,309,564
11,366,545
11,359,554
11,383,594
11,395,592
11,399,582
11,404,577
11,407,569
11,423,540
11,470,559
11,474,566
11,497,671
11,691,526
11,693,520
11,807,541
11,807,516
11,717,474
11,723,468
11,811,485
11,810,494
11,809,500
11,847,509
11,851,515
11,852,521
11,853,528
11,835,478
11,830,487
11,871,481
11,975,507
11,979,517
11,893,480
11,893,487
11,1021,484
11,1018,492
11,1136,473
11,1235,522
11,1210,477
11,1242,474
11,1267,475
11,1266,482
11,1267,493
11,1341,468
11,1346,477
11,1428,483
11,1401,499
11,1405,504
11,1354,511
11,1343,513
11,1396,460
11,1403,466
11,1464,465
11,1548,493
11,1512,447
11,1512,454
11,1519,454
11,1520,462
11,1548,443
11,1551,457
11,1551,462
11,1605,447
11,1630,468
11,1628,366
11,1549,303
11,1662,439
11,1658,447
11,1656,455
11,1712,455
11,1722,449
11,1708,436
11,1710,445
11,1812,389
11,1820,392
11,1766,442
11,1835,382
11,1497,375
11,1847,375
11,1815,386
11,1825,436
11,1817,441
11,1821,453
11,442,515
11,441,521
11,451,510
11,466,504
11,466,510
11,465,516
11,522,480
11,690,411
11,652,431
11,1023,198
11,1029,205
11,738,402
11,778,404
11,781,412
11,784,395
11,790,384
11,789,378
11,862,383
11,913,306
11,949,379
11,989,378
11,983,385
11,987,382
11,1029,398
11,1024,404
11,1023,410
11,1051,420
11,1043,428
11,1846,387
11,1850,392
11,1892,361
11,1797,587
11,1789,573
12,1292,1060
12,1347,1037
12,1348,1048
12,1351,1044
12,1357,1056
12,1476,998
12,1574,1033
12,1568,1046
12,1597,1046
12,1638,899
12,1811,792
12,1799,796
12,1802,823
12,1850,691
12,1865,756
12,1839,821
12,1734,931
12,1756,919
12,1755,925
12,1823,915
12,1818,923
12,1846,959
12,1859,940
12,1853,944
12,1872,957
12,1865,967
12,1321,1070
12,23,663
12,26,670
12,93,685
12,95,693
12,230,582
12,302,569
12,308,564
12,360,547
12,357,554
12,378,594
12,390,591
12,396,581
12,400,576
12,403,568
12,419,542
12,466,562
12,470,569
12,496,667
12,687,526
12,689,520
12,810,541
12,802,516
12,713,473
12,720,467
12,808,486
12,805,494
12,805,500
12,844,509
12,847,515
12,847,521
12,849,528
12,833,479
12,827,488
12,868,481
12,970,507
12,975,517
12,889,481
12,889,487
12,1015,484
12,1013,492
12,1133,474
12,1239,522
12,1206,478
12,1238,476
12,1264,475
12,1263,482
12,1262,494
12,1337,468
12,1342,477
12,1431,483
12,1405,500
12,1409,504
12,1352,512
12,1340,513
12,1393,460
12,1400,467
12,1460,465
12,1552,493
12,1510,447
12,1508,454
12,1516,455
12,1516,462
12,1545,443
12,1548,459
12,1548,463
12,1601,449
12,1626,468
12,1624,363
12,1550,307
12,1658,439
12,1654,446
12,1653,454
12,1715,455
12,1723,448
12,1704,437
12,1706,446
12,1825,500
12,1809,392
12,1817,395
12,1763,441
12,1836,379
12,1498,375
12,1810,387
12,1824,435
12,1817,442
12,1823,453
12,439,517
12,437,522
12,447,512
12,462,505
12,461,510
12,462,517
12,510,483
12,685,410
12,647,430
12,1020,201
12,1026,208
12,733,403
12,773,405
12,776,413
12,780,397
12,784,386
12,783,379
12,858,383
12,917,304
12,945,379
12,986,375
12,980,383
12,984,380
12,1025,395
12,1020,401
12,1019,407
12,1048,418
12,1040,426
12,1842,389
12,1845,395
12,1907,353
12,1862,426
12,1795,584
12,1788,570
13,1288,1062
13,1345,1038
13,1345,1049
13,1347,1045
13,1352,1055
13,1473,999
13,1573,1033
13,1567,1045
13,1593,1048
13,1636,902
13,1810,789
13,1797,793
13,1801,821
13,1849,687
13,1865,756
13,1839,817
13,1732,934
13,1756,919
13,1755,926
13,1819,913
13,1815,921
13,1843,957
13,1858,939
13,1850,942
13,1868,956
13,1861,966
13,1908,984
13,1325,1070
13,20,665
13,22,671
13,90,686
13,92,694
13,226,583
13,298,566
13,303,562
13,352,547
13,351,555
13,373,593
13,385,590
13,391,580
13,395,575
13,397,567
13,414,543
13,462,563
13,465,571
13,494,663
13,683,526
13,685,520
13,813,540
13,797,516
13,709,471
13,715,464
13,804,486
13,801,493
13,800,500
13,841,509
13,843,514
13,842,520
13,845,528
13,829,479
13,823,488
13,865,481
13,966,507
13,971,517
13,884,481
13,884,488
13,1010,484
13,1008,492
13,1129,474
13,1244,523
13,1202,477
13,1234,476
13,1261,475
13,1260,482
13,1258,494
13,1333,469
13,1338,477
13,1435,483
13,1409,501
13,1413,505
13,1347,513
13,1336,512
13,1391,460
13,1398,468
13,1456,465
13,1556,493
13,1508,447
13,1504,455
13,1514,456
13,1513,463
13,1541,444
13,1544,459
13,1544,463
13,1596,450
13,1623,468
13,1621,361
13,1552,312
13,1655,439
13,1651,446
13,1650,453
13,1722,455
13,1725,447
13,1699,438
13,1700,447
13,1821,498
13,1806,394
13,1814,397
13,1759,439
13,1838,374
13,1499,375
13,1806,387
13,1822,434
13,1816,442
13,1825,453
13,433,524
13,444,514
13,459,506
13,456,511
13,459,518
13,501,488
13,681,410
13,642,429
13,1016,202
13,1022,209
13,728,404
13,767,405
13,772,413
13,776,398
13,779,389
13,778,381
13,854,383
13,922,301
13,941,379
13,982,372
13,976,381
13,981,378
13,1021,392
13,1016,398
13,1015,405
13,1045,415
13,1036,423
13,1839,391
13,1840,399
13,1909,355
13,1883,382
13,1793,581
13,1788,568
14,1284,1063
14,1340,1039
14,1342,1050
14,1343,1046
14,1349,1057
14,1471,1000
14,1573,1033
14,1566,1045
14,1590,1050
14,1633,905
14,1810,783
14,1798,790
14,1797,819
14,1850,685
14,1865,756
14,1842,815
14,1731,937
14,1755,919
14,1754,926
14,1816,910
14,1811,918
14,1840,954
14,1854,935
14,1847,939
14,1864,953
14,1857,963
14,1903,982
14,1898,1012
14,1329,1069
14,18,667
14,23,673
14,89,685
14,87,693
14,223,583
14,345,548
14,345,556
14,368,592
14,381,589
14,387,579
14,390,574
14,391,566
14,410,544
14,458,564
14,461,573
14,493,659
14,679,526
14,681,520
14,815,540
14,792,516
14,705,469
14,711,461
14,800,486
14,796,493
14,796,500
14,838,509
14,839,514
14,837,520
14,841,528
14,825,479
14,820,488
14,862,482
14,961,507
14,967,517
14,879,482
14,879,489
14,1005,484
14,1003,492
14,1125,474
14,1248,522
14,1198,477
14,1230,477
14,1258,476
14,1258,482
14,1254,495
14,1329,470
14,1334,477
14,1439,483
14,1413,502
14,1417,506
14,1343,514
14,1333,511
14,1388,460
14,1395,467
14,1452,465
14,1560,493
14,1505,447
14,1501,455
14,1511,456
14,1509,463
14,1538,444
14,1540,459
14,1540,464
14,1592,451
14,1620,468
14,1617,358
14,1554,314
14,1651,439
14,1648,446
14,1648,452
14,1728,453
14,1730,447
14,1694,439
14,1695,448
14,1816,497
14,1804,395
14,1810,399
14,1756,437
14,1500,375
14,1799,390
14,1821,434
14,1815,442
14,1822,453
14,440,515
14,455,506
14,452,513
14,453,519
14,492,494
14,679,409
14,638,429
14,1013,204
14,1018,211
14,723,405
14,762,405
14,767,414
14,772,400
14,774,391
14,772,383
14,851,383
14,927,299
14,938,379
14,979,370
14,973,379
14,979,377
14,1017,390
14,1012,396
14,1011,403
14,1042,413
14,1033,421
14,1834,393
14,1837,400
14,1912,358
14,1879,379
14,1793,581
14,1791,575
14,1658,481
14,1667,485
14,1685,471
15,1280,1065
15,1336,1041
15,1339,1052
15,1339,1048
15,1346,1059
15,1469,1001
15,1573,1033
15,1566,1045
15,1587,1053
15,1631,908
15,1810,779
15,1795,786
15,1797,815
15,1847,680
15,1864,757
15,1841,813
15,1729,940
15,1755,920
15,1754,926
15,1813,907
15,1808,915
15,1838,951
15,1851,932
15,1844,937
15,1861,950
15,1854,961
15,1899,978
15,1895,1007
15,1333,1068
15,15,670
15,25,675
15,89,684
15,83,693
15,221,583
15,343,550
15,341,558
15,365,590
15,378,586
15,382,578
15,385,574
15,386,566
15,406,545
15,455,566
15,457,575
15,492,655
15,675,526
15,677,521
15,818,539
15,787,516
15,701,467
15,707,459
15,797,486
15,792,493
15,792,500
15,835,509
15,835,514
15,833,520
15,837,528
15,821,480
15,816,489
15,859,482
15,956,507
15,962,516
15,874,482
15,874,490
15,999,484
15,998,492
15,1121,474
15,1253,522
15,1194,477
15,1226,478
15,1255,475
15,1255,482
15,1249,494
15,1325,471
15,1330,477
15,1443,483
15,1417,501
15,1420,505
15,1339,516
15,1330,511
15,1385,460
15,1393,467
15,1448,465
15,1563,492
15,1502,447
15,1498,455
15,1509,456
15,1506,463
15,1535,444
15,1536,459
15,1537,464
15,1588,453
15,1618,469
15,1614,356
15,1556,317
15,1648,439
15,1644,445
15,1644,452
15,1730,451
15,1732,445
15,1691,439
15,1691,448
15,1812,495
15,1801,397
15,1807,401
15,1752,435
15,1501,374
15,1795,392
15,1818,436
15,1815,443
15,1821,453
15,437,516
15,449,507
15,444,514
15,446,521
15,484,500
15,634,425
15,1009,206
15,1014,213
15,719,406
15,757,406
15,763,415
15,766,401
15,769,394
15,767,385
15,847,382
15,931,296
15,935,377
15,974,368
15,969,378
15,974,375
15,1012,387
15,1008,393
15,1008,400
15,1038,410
15,1030,417
15,1830,395
15,1835,402
15,1875,376
15,1867,428
15,1856,438
15,1794,582
15,1786,560
15,1659,481
15,1668,485
15,1684,473
16,1276,1065
16,1332,1041
16,1336,1053
16,1335,1050
16,1342,1059
16,1465,1001
16,1573,1033
16,1565,1045
16,1584,1054
16,1626,910
16,1810,776
16,1793,782
16,1797,812
16,1845,676
16,1864,757
16,1840,811
16,1728,943
16,1754,920
16,1754,926
16,1810,905
16,1805,913
16,1836,949
16,1848,931
16,1841,935
16,1858,948
16,1848,958
16,1900,979
16,1892,1004
16,1337,1068
16,11,671
16,19,676
16,82,685
16,80,693
16,216,584
16,338,551
16,335,559
16,360,588
16,373,584
16,377,577
16,381,573
16,381,565
16,401,545
16,450,567
16,453,576
16,489,650
16,670,526
16,672,521
16,821,539
16,783,517
16,697,465
16,703,456
16,793,486
16,787,492
16,787,499
16,830,509
16,829,514
16,829,520
16,832,528
16,817,480
16,813,489
16,856,483
16,951,507
16,958,516
16,870,483
16,870,491
16,994,484
16,993,492
16,1118,473
16,1258,522
16,1190,476
16,1222,479
16,1252,475
16,1253,482
16,1244,494
16,1322,472
16,1327,478
16,1447,483
16,1421,500
16,1423,504
16,1335,515
16,1326,510
16,1383,461
16,1390,468
16,1444,465
16,1566,491
16,1500,447
16,1496,455
16,1506,456
16,1503,463
16,1532,445
16,1532,459
16,1533,465
16,1584,454
16,1616,469
16,1610,353
16,1558,319
16,1645,439
16,1641,444
16,1640,452
16,1734,450
16,1734,443
16,1688,440
16,1687,448
16,1808,493
16,1799,398
16,1803,403
16,1749,433
16,1503,374
16,1792,393
16,1817,434
16,1814,443
16,1820,455
16,447,507
16,445,514
16,444,522
16,475,509
16,629,421
16,1006,208
16,1010,215
16,714,405
16,752,405
16,758,415
16,761,402
16,764,395
16,762,386
16,843,381
16,935,294
16,932,376
16,969,367
16,965,378
16,969,374
16,1008,384
16,1004,390
16,1005,397
16,1034,407
16,1027,414
16,1826,396
16,1829,403
16,1872,372
16,1857,439
16,1795,583
16,1789,556
16,1660,481
16,1671,484
16,1678,472
17,1272,1066
17,1328,1042
17,1333,1054
17,1331,1052
17,1338,1060
17,1461,1001
17,1572,1033
17,1565,1045
17,1581,1056
17,1622,912
17,1810,772
17,1791,778
17,1797,809
17,1843,671
17,1864,757
17,1839,809
17,1723,947
17,1754,920
17,1754,926
17,1803,903
17,1801,911
17,1833,946
17,1846,931
17,1839,933
17,1856,946
17,1842,956
17,1895,979
17,1888,1000
17,1899,1010
17,1339,1066
17,76,686
17,77,694
17,211,585
17,333,552
17,329,560
17,356,587
17,369,583
17,373,576
17,377,572
17,377,565
17,397,546
17,445,569
17,449,577
17,487,645
17,666,527
17,668,521
17,823,538
17,778,517
17,693,463
17,699,453
17,790,486
17,783,492
17,782,499
17,826,510
17,824,515
17,825,521
17,827,528
17,813,481
17,810,490
17,852,482
17,946,507
17,954,516
17,866,484
17,866,491
17,989,484
17,988,492
17,1115,472
17,1263,520
17,1186,476
17,1218,480
17,1249,475
17,1250,482
17,1240,494
17,1318,471
17,1324,477
17,1451,482
17,1425,499
17,1427,504
17,1331,514
17,1322,510
17,1381,462
17,1387,469
17,1439,465
17,1569,490
17,1497,447
17,1493,455
17,1504,456
17,1499,463
17,1529,445
17,1529,459
17,1530,466
17,1580,456
17,1615,469
17,1616,478
17,1607,351
17,1560,322
17,1642,439
17,1638,444
17,1637,452
17,1736,448
17,1737,441
17,1685,440
17,1683,448
17,1803,491
17,1797,399
17,1799,405
17,1743,431
17,1505,374
17,1786,396
17,1816,432
17,1812,444
17,1820,454
17,429,519
17,446,508
17,442,515
17,440,522
17,466,518
17,625,418
17,1003,210
17,1007,217
17,710,405
17,747,405
17,754,415
17,756,402
17,759,396
17,758,388
17,840,380
17,940,291
17,929,375
17,965,365
17,961,378
17,964,373
17,1004,382
17,1001,388
17,1002,394
17,1031,404
17,1025,411
17,1823,398
17,1824,405
17,1869,368
17,1889,376
17,1878,379
17,1871,429
17,1858,440
17,1796,584
17,1788,553
17,1660,481
17,1673,482
17,1673,471
18,1268,1067
18,1325,1043
18,1329,1054
18,1328,1052
18,1337,1061
18,1458,1002
18,1572,1033
18,1564,1045
18,1578,1057
18,1617,914
18,1810,769
18,1789,774
18,1797,806
18,1841,667
18,1864,758
18,1839,807
18,1719,952
18,1754,921
18,1754,927
18,1796,901
18,1797,909
18,1830,943
18,1844,929
18,1838,930
18,1854,944
18,1840,952
18,1886,974
18,1888,995
18,1901,1010
18,1342,1064
18,75,687
18,73,695
18,209,586
18,328,554
18,324,561
18,352,586
18,365,582
18,369,576
18,373,571
18,373,565
18,393,547
18,440,571
18,445,578
18,484,641
18,661,527
18,664,521
18,826,538
18,773,517
18,689,461
18,695,451
18,786,485
18,779,492
18,777,498
18,822,511
18,819,516
18,822,522
18,822,529
18,810,480
18,806,489
18,848,482
18,942,507
18,950,516
18,863,485
18,863,491
18,984,485
18,983,493
18,1112,471
18,1268,519
18,1183,476
18,1214,480
18,1247,475
18,1248,482
18,1235,494
18,1315,471
18,1321,477
18,1456,481
18,1429,498
18,1430,503
18,1327,514
18,1319,509
18,1380,464
18,1384,470
18,1434,465
18,1572,488
18,1494,447
18,1490,455
18,1501,456
18,1496,463
18,1526,445
18,1525,458
18,1526,465
18,1575,457
18,1612,468
18,1612,476
18,1604,348
18,1562,325
18,1639,440
18,1634,443
18,1634,450
18,1739,446
18,1739,440
18,1682,441
18,1680,449
18,1794,402
18,1797,407
18,1738,430
18,1507,374
18,1783,398
18,1814,432
18,1811,445
18,1817,454
18,440,509
18,439,515
18,438,522
18,453,527
18,623,415
18,999,212
18,1002,219
18,705,404
18,742,405
18,749,415
18,752,403
18,754,398
18,754,390
18,836,380
18,944,289
18,926,374
18,960,364
18,957,378
18,959,372
18,1000,381
18,996,386
18,997,392
18,1027,400
18,1022,407
18,1819,400
18,1820,407
18,1889,376
18,1876,377
18,1797,585
18,1663,481
18,1675,479
18,1669,469
19,1264,1069
19,1323,1044
19,1326,1055
19,1325,1053
19,1330,1061
19,1454,1002
19,1572,1033
19,1564,1045
19,1575,1059
19,1613,916
19,1806,765
19,1789,771
19,1792,801
19,1843,665
19,1863,757
19,1839,798
19,1715,955
19,1752,921
19,1753,926
19,1793,898
19,1794,906
19,1828,939
19,1842,927
19,1838,928
19,1851,940
19,1838,949
19,1883,971
19,1886,993
19,1899,1007
19,1344,1062
19,74,689
19,69,696
19,323,555
19,319,562
19,347,584
19,360,581
19,363,574
19,368,570
19,368,563
19,388,548
19,436,572
19,441,579
19,482,636
19,657,528
19,660,521
19,829,538
19,768,517
19,684,458
19,690,448
19,783,485
19,775,492
19,773,498
19,818,510
19,815,515
19,818,521
19,818,528
19,807,480
19,803,489
19,844,482
19,937,506
19,945,515
19,860,486
19,859,491
19,978,484
19,978,492
19,1110,470
19,1273,518
19,1179,475
19,1211,480
19,1243,474
19,1244,481
19,1230,494
19,1311,471
19,1318,477
19,1461,480
19,1433,497
19,1433,502
19,1324,514
19,1316,508
19,1378,463
19,1381,469
19,1429,465
19,1576,486
19,1492,447
19,1488,456
19,1499,457
19,1493,463
19,1523,445
19,1522,458
19,1522,465
19,1571,458
19,1610,467
19,1608,475
19,1601,346
19,1565,327
19,1636,441
19,1630,443
19,1632,449
19,1740,444
19,1739,437
19,1679,443
19,1675,449
19,1790,403
19,1794,408
19,1736,429
19,1509,374
19,1781,399
19,1811,430
19,1814,444
19,1816,453
19,422,522
19,435,510
19,437,516
19,436,523
19,441,536
19,995,214
19,998,221
19,701,404
19,737,405
19,745,415
19,748,403
19,749,399
19,750,391
19,832,379
19,948,287
19,923,373
19,956,363
19,954,378
19,955,371
19,996,380
19,991,385
19,992,391
19,1023,397
19,1019,404
19,1815,403
19,1817,409
19,1886,373
19,1875,376
19,1870,428
19,1778,561
19,1793,560
19,1665,481
19,1677,475
19,1666,468
20,1259,1070
20,1321,1045
20,1321,1054
20,1321,1052
20,1327,1060
20,1451,1003
20,1572,1034
20,1564,1045
20,1572,1061
20,1609,918
20,1810,758
20,1782,766
20,1793,799
20,1844,660
20,1863,757
20,1834,792
20,1713,958
20,1750,921
20,1753,926
20,1790,896
20,1791,904
20,1826,935
20,1843,925
20,1835,926
20,1846,939
20,1837,947
20,1880,969
20,1883,987
20,1896,1000
20,1347,1060
20,69,688
20,65,694
20,318,557
20,314,563
20,343,582
20,355,581
20,357,572
20,363,569
20,364,562
20,384,549
20,432,574
20,437,580
20,479,631
20,653,528
20,656,521
20,832,537
20,763,517
20,680,456
20,686,446
20,780,485
20,770,491
20,768,497
20,814,509
20,812,514
20,814,520
20,815,527
20,804,480
20,800,488
20,840,482
20,932,505
20,940,514
20,857,487
20,856,492
20,973,484
20,973,492
20,1106,468
20,1279,517
20,1175,475
20,1207,481
20,1240,474
20,1241,481
20,1226,494
20,1308,471
20,1315,477
20,1466,480
20,1437,497
20,1437,502
20,1321,515
20,1314,507
20,1376,463
20,1379,469
20,1425,465
20,1581,487
20,1489,447
20,1484,456
20,1495,456
20,1490,463
20,1520,446
20,1518,458
20,1518,465
20,1567,459
20,1605,466
20,1604,474
20,1598,344
20,1567,330
20,1633,444
20,1626,442
20,1628,449
20,1744,442
20,1746,437
20,1673,442
20,1672,451
20,1787,404
20,1791,408
20,1733,427
20,1511,374
20,1772,401
20,1812,431
20,1813,442
20,1813,452
20,429,546
20,992,216
20,994,223
20,695,403
20,732,405
20,741,415
20,744,404
20,744,400
20,746,393
20,829,378
20,953,284
20,918,372
20,951,362
20,950,378
20,952,370
20,992,377
20,987,382
20,989,389
20,1019,394
20,1016,401
20,1811,404
20,1813,410
20,1883,370
20,1874,375
20,1857,426
20,1792,556
20,1668,480
20,1679,471
20,1661,467
21,1254,1071
21,1314,1045
21,1316,1057
21,1317,1053
21,1323,1062
21,1448,1004
21,1571,1034
21,1564,1045
21,1567,1062
21,1604,920
21,1805,757
21,1786,767
21,1789,794
21,1841,656
21,1862,757
21,1833,788
21,1712,962
21,1748,921
21,1752,926
21,1786,894
21,1785,902
21,1823,932
21,1842,922
21,1835,923
21,1840,937
21,1828,945
21,1873,967
21,1879,983
21,1893,997
21,1349,1058
21,64,687
21,61,693
21,313,557
21,309,564
21,337,580
21,349,579
21,353,571
21,359,568
21,360,561
21,380,551
21,428,576
21,433,581
21,477,627
21,648,529
21,652,521
21,835,537
21,758,517
21,676,454
21,681,444
21,776,484
21,765,490
21,763,496
21,810,509
21,809,514
21,810,519
21,812,527
21,801,480
21,797,488
21,837,482
21,928,505
21,935,513
21,850,487
21,851,492
21,968,484
21,968,492
21,1102,466
21,1281,516
21,1171,474
21,1204,481
21,1237,473
21,1238,481
21,1221,493
21,1304,470
21,1311,476
21,1470,479
21,1440,496
21,1440,501
21,1316,515
21,1310,506
21,1372,463
21,1375,469
21,1420,466
21,1584,488
21,1486,447
21,1481,456
21,1492,456
21,1488,463
21,1517,446
21,1515,458
21,1514,464
21,1563,461
21,1601,466
21,1601,474
21,1595,342
21,1568,334
21,1630,448
21,1623,442
21,1624,450
21,1749,441
21,1748,436
21,1667,441
21,1668,450
21,1782,405
21,1786,410
21,1730,426
21,1512,374
21,1769,403
21,1813,432
21,1811,442
21,1811,451
21,419,551
21,987,217
21,990,224
21,726,405
21,735,414
21,738,405
21,739,400
21,740,393
21,825,377
21,957,282
21,914,372
21,946,362
21,946,378
21,949,370
21,989,375
21,984,380
21,987,387
21,1016,391
21,1013,398
21,1808,406
21,1810,412
21,1880,367
21,1870,370
21,1868,428
21,1858,427
21,1792,553
21,1672,479
21,1681,466
21,1656,467
22,1250,1073
22,1311,1048
22,1314,1058
22,1314,1054
22,1319,1064
22,1446,1005
22,1571,1034
22,1563,1045
22,1563,1064
22,1600,922
22,1798,752
22,1782,759
22,1790,791
22,1839,650
22,1862,757
22,1834,786
22,1704,964
22,1747,921
22,1752,926
22,1783,892
22,1780,900
22,1820,929
22,1840,920
22,1832,919
22,1838,932
22,1825,940
22,1867,964
22,1875,979
22,1889,993
22,1352,1056
22,59,687
22,56,694
22,308,558
22,304,565
22,332,579
22,344,577
22,349,570
22,353,567
22,354,560
22,374,552
22,423,577
22,428,582
22,475,622
22,644,529
22,648,521
22,838,537
22,754,517
22,671,451
22,677,442
22,773,484
22,760,489
22,758,495
22,804,509
22,805,514
22,805,520
22,807,527
22,798,480
22,794,487
22,833,482
22,923,504
22,930,512
22,844,487
22,846,492
22,963,483
22,963,492
22,1099,464
22,1283,516
22,1167,474
22,1201,482
22,1234,473
22,1235,481
22,1217,493
22,1301,470
22,1307,476
22,1474,479
22,1444,495
22,1444,500
22,1312,516
22,1306,506
22,1369,463
22,1371,469
22,1416,467
22,1483,447
22,1477,456
22,1488,456
22,1485,463
22,1514,446
22,1511,458
22,1510,464
22,1559,461
22,1597,467
22,1596,474
22,1592,340
22,1569,338
22,1627,452
22,1619,443
22,1619,449
22,1751,440
22,1749,434
22,1662,442
22,1666,454
22,1779,407
22,1782,411
22,1728,425
22,1513,374
22,1761,405
22,1807,431
22,1809,442
22,1812,450
22,407,522
22,410,556
22,983,219
22,986,226
22,721,405
22,729,414
22,733,406
22,734,400
22,735,394
22,822,377
22,962,280
22,909,371
22,942,362
22,943,378
22,946,370
22,983,374
22,979,379
22,982,386
22,1011,388
22,1008,396
22,1803,408
22,1805,415
22,1876,364
22,1865,367
22,1859,428
22,1790,549
22,1675,477
22,1683,462
22,1651,467
23,1243,1073
23,1308,1046
23,1308,1057
23,1310,1055
23,1314,1064
23,1443,1007
23,1570,1034
23,1563,1045
23,1559,1066
23,1596,924
23,1798,747
23,1781,754
23,1786,788
23,1838,647
23,1858,755
23,1832,781
23,1703,968
23,1746,920
23,1750,926
23,1777,890
23,1774,898
23,1817,925
23,1837,919
23,1829,918
23,1832,931
23,1821,940
23,1862,962
23,1871,976
23,1885,990
23,1354,1055
23,55,688
23,51,695
23,304,559
23,299,567
23,327,578
23,339,575
23,346,569
23,348,566
23,349,559
23,368,553
23,418,579
23,423,583
23,473,618
23,640,530
23,644,522
23,841,537
23,748,516
23,667,449
23,672,440
23,770,484
23,756,488
23,753,494
23,799,509
23,802,514
23,801,521
23,803,527
23,796,480
23,791,487
23,830,482
23,918,503
23,925,511
23,838,488
23,841,493
23,958,483
23,958,492
23,1095,462
23,1285,515
23,1164,474
23,1196,482
23,1231,473
23,1232,481
23,1212,493
23,1297,470
23,1303,476
23,1478,478
23,1447,494
23,1447,500
23,1307,516
23,1302,505
23,1365,463
23,1368,469
23,1411,468
23,1480,447
23,1474,457
23,1485,456
23,1483,464
23,1512,447
23,1508,458
23,1507,464
23,1555,461
23,1594,468
23,1592,475
23,1587,338
23,1571,342
23,1623,453
23,1616,444
23,1615,449
23,1754,439
23,1751,433
23,1659,443
23,1660,452
23,1776,408
23,1779,413
23,1722,421
23,1515,375
23,1757,408
23,1804,432
23,1810,443
23,1811,449
23,399,560
23,979,220
23,982,227
23,716,405
23,723,414
23,728,408
23,727,400
23,730,394
23,818,377
23,967,278
23,905,371
23,940,366
23,935,380
23,938,374
23,978,374
23,974,379
23,977,385
23,1007,385
23,1003,395
23,1798,410
23,1800,418
23,1862,428
23,1853,423
23,1678,476
23,1684,459
23,1646,468
24,1307,1049
24,1306,1059
24,1306,1056
24,1310,1065
24,1441,1008
24,1570,1034
24,1563,1045
24,1555,1068
24,1592,926
24,1799,743
24,1781,750
24,1783,785
24,1837,645
24,1855,754
24,1831,777
24,1700,970
24,1746,920
24,1749,927
24,1771,889
24,1769,897
24,1814,922
24,1837,916
24,1830,917
24,1827,930
24,1815,937
24,1857,960
24,1868,973
24,1881,987
24,1357,1053
24,51,687
24,47,694
24,298,558
24,293,567
24,322,576
24,333,574
24,341,568
24,343,565
24,344,559
24,363,554
24,413,581
24,418,585
24,471,613
24,635,529
24,639,522
24,843,536
24,743,516
24,663,447
24,668,438
24,767,484
24,752,486
24,748,492
24,796,508
24,796,515
24,797,521
24,798,528
24,792,480
24,787,487
24,826,482
24,914,503
24,921,510
24,835,488
24,835,493
24,953,483
24,953,492
24,1091,460
24,1288,515
24,1160,474
24,1192,483
24,1229,473
24,1229,481
24,1208,493
24,1294,470
24,1300,476
24,1482,478
24,1451,493
24,1451,499
24,1303,517
24,1299,505
24,1361,463
24,1365,470
24,1407,469
24,1477,447
24,1471,457
24,1482,456
24,1480,464
24,1509,447
24,1504,458
24,1503,464
24,1551,461
24,1592,468
24,1589,473
24,1582,336
24,1573,342
24,1619,454
24,1612,443
24,1610,449
24,1757,437
24,1753,431
24,1657,444
24,1655,452
24,1772,409
24,1776,414
24,1720,422
24,1517,374
24,1753,410
24,1804,432
24,1811,444
24,1809,449
24,389,534
24,399,523
24,388,565
24,975,222
24,978,229
24,711,405
24,718,414
24,722,408
24,721,400
24,725,394
24,814,378
24,972,276
24,901,370
24,934,367
24,933,383
24,933,376
24,973,374
24,970,379
24,973,384
24,1004,383
24,999,393
24,1793,412
24,1795,419
24,1856,423
24,1684,455
24,1641,468
25,1300,1051
25,1304,1061
25,1303,1056
25,1306,1065
25,1439,1010
25,1569,1034
25,1563,1045
25,1551,1070
25,1588,928
25,1796,740
25,1778,743
25,1781,780
25,1836,641
25,1856,755
25,1831,771
25,1693,972
25,1746,919
25,1747,927
25,1767,888
25,1765,896
25,1811,919
25,1835,915
25,1829,916
25,1825,930
25,1812,936
25,1851,957
25,1865,970
25,1879,983
25,1360,1052
25,47,687
25,43,694
25,293,558
25,287,568
25,317,574
25,328,573
25,336,567
25,338,564
25,340,558
25,358,555
25,409,582
25,413,586
25,469,609
25,630,529
25,635,522
25,846,536
25,737,515
25,659,444
25,664,436
25,763,482
25,748,485
25,744,490
25,793,508
25,790,516
25,793,522
25,793,530
25,788,481
25,784,487
25,823,482
25,909,502
25,916,510
25,833,488
25,830,493
25,948,483
25,947,492
25,1088,458
25,1293,514
25,1156,474
25,1188,483
25,1227,473
25,1227,481
25,1203,492
25,1290,470
25,1296,476
25,1486,477
25,1454,492
25,1454,498
25,1301,519
25,1293,505
25,1357,464
25,1363,471
25,1403,470
25,1474,447
25,1469,457
25,1479,457
25,1477,464
25,1507,448
25,1500,458
25,1499,465
25,1548,461
25,1590,468
25,1587,473
25,1578,334
25,1574,342
25,1616,456
25,1609,443
25,1606,449
25,1761,436
25,1756,430
25,1653,444
25,1650,453
25,1768,411
25,1773,415
25,1715,420
25,1519,374
25,1748,414
25,1804,432
25,1808,442
25,1807,448
25,385,535
25,375,569
25,971,224
25,975,231
25,706,404
25,712,414
25,717,409
25,716,400
25,719,394
25,810,378
25,977,274
25,897,369
25,930,367
25,929,383
25,930,377
25,968,374
25,965,380
25,969,385
25,1001,381
25,996,391
25,1789,414
25,1790,420
25,1860,427
25,1856,422
25,1691,453
25,1636,468
26,1297,1053
26,1303,1063
26,1300,1057
26,1303,1066
26,1436,1011
26,1568,1034
26,1563,1045
26,1546,1069
26,1582,928
26,1794,737
26,1779,776
26,1836,638
26,1857,756
26,1832,766
26,1689,974
26,1746,919
26,1746,928
26,1764,888
26,1762,896
26,1809,916
26,1834,913
26,1827,916
26,1819,927
26,1804,933
26,1846,955
26,1863,967
26,1877,980
26,1362,1049
26,43,687
26,39,694
26,287,559
26,281,568
26,312,572
26,325,572
26,330,567
26,333,564
26,336,557
26,353,557
26,406,583
26,409,588
26,467,604
26,626,529
26,631,522
26,848,536
26,732,515
26,655,442
26,660,434
26,760,481
26,744,484
26,740,488
26,789,507
26,787,515
26,789,521
26,790,529
26,784,481
26,780,487
26,819,482
26,904,501
26,911,510
26,828,488
26,825,494
26,943,483
26,942,492
26,1082,460
26,1298,513
26,1152,474
26,1184,484
26,1225,473
26,1225,482
26,1199,492
26,1287,470
26,1292,477
26,1490,476
26,1458,492
26,1458,498
26,1297,518
26,1291,504
26,1354,464
26,1359,470
26,1398,471
26,1472,448
26,1467,457
26,1476,457
26,1474,465
26,1504,448
26,1497,459
26,1496,465
26,1542,461
26,1588,468
26,1585,474
26,1575,331
26,1576,343
26,1611,457
26,1606,443
26,1603,449
26,1763,435
26,1758,430
26,1649,444
26,1650,453
26,1764,412
26,1769,417
26,1712,419
26,1519,374
26,1742,415
26,1805,433
26,1807,443
26,1807,449
26,380,535
26,392,525
26,363,574
26,967,226
26,971,233
26,701,404
26,707,415
26,713,408
26,711,400
26,714,394
26,807,379
26,982,272
26,893,369
26,926,368
26,925,384
26,927,379
26,964,374
26,960,381
26,966,386
26,996,378
26,991,388
26,1783,413
26,1787,419
26,1857,421
26,1691,447
26,1632,468
27,1295,1051
27,1298,1066
27,1297,1058
27,1300,1067
27,1432,1012
27,1567,1034
27,1562,1045
27,1541,1070
27,1578,930
27,1792,733
27,1774,774
27,1836,632
27,1857,757
27,1829,767
27,1686,977
27,1746,919
27,1746,928
27,1759,886
27,1757,896
27,1806,914
27,1833,912
27,1827,915
27,1814,927
27,1806,931
27,1842,952
27,1858,962
27,1873,977
27,1364,1047
27,39,687
27,35,694
27,282,560
27,276,569
27,308,571
27,322,572
27,325,567
27,329,564
27,332,557
27,349,559
27,403,584
27,405,590
27,465,600
27,621,528
27,627,522
27,851,535
27,726,514
27,651,440
27,657,432
27,757,480
27,739,478
27,735,484
27,785,506
27,785,514
27,785,520
27,787,528
27,780,482
27,777,487
27,816,482
27,900,501
27,906,510
27,823,488
27,820,495
27,938,483
27,937,492
27,1079,457
27,1303,512
27,1148,474
27,1179,484
27,1222,474
27,1222,483
27,1195,492
27,1284,471
27,1289,477
27,1494,475
27,1461,491
27,1461,497
27,1294,518
27,1289,503
27,1352,464
27,1355,470
27,1394,473
27,1469,448
27,1464,457
27,1473,458
27,1471,465
27,1502,449
27,1493,459
27,1492,466
27,1537,461
27,1586,468
27,1582,473
27,1572,328
27,1580,344
27,1607,458
27,1603,443
27,1600,450
27,1765,435
27,1761,430
27,1647,444
27,1645,453
27,1761,413
27,1765,418
27,1709,417
27,1520,375
27,1739,417
27,1805,432
27,1804,442
27,1807,448
27,376,536
27,401,518
27,402,524
27,405,531
27,352,577
27,963,229
27,968,235
27,695,404
27,703,414
27,710,408
27,706,400
27,709,394
27,803,379
27,986,269
27,888,368
27,922,369
27,921,384
27,922,379
27,960,373
27,956,380
27,961,385
27,991,376
27,987,386
27,1778,414
27,1782,422
27,1859,418
27,1691,442
27,1629,468
28,1294,1053
28,1292,1066
28,1293,1059
28,1292,1068
28,1428,1014
28,1567,1034
28,1562,1046
28,1537,1072
28,1575,933
28,1791,731
28,1774,770
28,1835,628
28,1857,757
28,1829,765
28,1683,980
28,1745,919
28,1746,928
28,1754,885
28,1752,896
28,1803,912
28,1829,908
28,1826,914
28,1809,922
28,1798,928
28,1839,950
28,1854,958
28,1870,974
28,1366,1044
28,35,687
28,31,694
28,277,561
28,273,570
28,303,568
28,318,570
28,321,564
28,325,562
28,327,555
28,346,560
28,400,585
28,401,591
28,463,596
28,617,528
28,623,522
28,854,535
28,721,513
28,647,438
28,653,430
28,755,480
28,735,477
28,730,484
28,781,506
28,783,513
28,781,520
28,785,528
28,780,479
28,774,485
28,813,482
28,895,501
28,901,510
28,818,489
28,816,496
28,933,484
28,932,492
28,1076,455
28,1308,511
28,1144,474
28,1175,484
28,1219,475
28,1219,484
28,1191,492
28,1281,471
28,1285,478
28,1498,474
28,1464,491
28,1465,497
28,1289,519
28,1284,503
28,1349,464
28,1351,471
28,1390,475
28,1467,449
28,1462,457
28,1470,458
28,1468,466
28,1499,449
28,1489,459
28,1488,466
28,1532,461
28,1584,468
28,1579,473
28,1569,326
28,1583,345
28,1603,459
28,1598,443
28,1595,450
28,1767,436
28,1764,431
28,1642,446
28,1640,454
28,1757,415
28,1761,420
28,1707,416
28,1521,376
28,1736,421
28,1805,432
28,1805,443
28,1808,449
28,371,526
28,378,532
28,373,538
28,385,527
28,342,580
28,959,231
28,964,237
28,690,404
28,700,413
28,706,408
28,701,399
28,705,394
28,799,380
28,990,267
28,884,368
28,919,370
28,917,385
28,918,379
28,957,372
28,953,379
28,957,384
28,987,375
28,984,384
28,1775,415
28,1778,423
28,1860,419
28,1689,439
28,1624,468
29,1288,1055
29,1290,1065
29,1289,1060
29,1284,1069
29,1425,1016
29,1566,1034
29,1562,1047
29,1533,1074
29,1572,936
29,1788,726
29,1773,766
29,1833,625
29,1858,757
29,1828,761
29,1680,983
29,1744,920
29,1746,928
29,1748,884
29,1746,895
29,1798,910
29,1825,907
29,1825,916
29,1804,921
29,1794,927
29,1835,949
29,1852,956
29,1866,972
29,1368,1043
29,31,685
29,28,692
29,273,562
29,270,571
29,299,566
29,315,568
29,318,562
29,322,560
29,323,553
29,343,561
29,397,586
29,397,593
29,460,592
29,612,528
29,619,522
29,856,535
29,716,513
29,643,436
29,649,428
29,752,480
29,731,476
29,725,483
29,777,505
29,777,513
29,776,520
29,781,528
29,771,486
29,809,481
29,890,501
29,897,510
29,813,489
29,811,496
29,926,484
29,927,492
29,1072,453
29,1314,511
29,1140,474
29,1171,484
29,1216,476
29,1216,485
29,1188,491
29,1278,472
29,1282,479
29,1502,474
29,1467,490
29,1469,496
29,1285,520
29,1280,504
29,1346,465
29,1347,473
29,1385,477
29,1464,449
29,1460,457
29,1467,459
29,1465,466
29,1497,450
29,1486,460
29,1485,467
29,1527,461
29,1580,467
29,1576,474
29,1566,325
29,1587,347
29,1597,460
29,1594,443
29,1591,450
29,1770,436
29,1767,432
29,1639,446
29,1637,455
29,1752,418
29,1758,422
29,1705,417
29,1523,374
29,1734,423
29,1804,431
29,1806,444
29,1806,450
29,369,527
29,373,533
29,369,539
29,383,528
29,329,580
29,956,234
29,961,240
29,686,403
29,696,412
29,702,409
29,697,399
29,702,395
29,796,381
29,995,265
29,879,367
29,915,371
29,912,385
29,915,380
29,952,372
29,948,380
29,953,384
29,984,374
29,981,383
29,1772,417
29,1774,424
29,1861,420
29,1691,435
29,1619,468
30,1280,1055
30,1286,1067
30,1284,1061
30,1281,1069
30,1423,1017
30,1566,1035
30,1559,1046
30,1568,941
30,1786,721
30,1772,763
30,1831,623
30,1859,758
30,1828,757
30,1676,986
30,1743,921
30,1747,929
30,1742,884
30,1741,895
30,1793,909
30,1825,908
30,1823,917
30,1799,919
30,1790,924
30,1831,948
30,1850,955
30,1863,970
30,1370,1042
30,28,684
30,26,691
30,268,563
30,265,570
30,294,560
30,309,564
30,314,559
30,318,558
30,319,551
30,338,559
30,391,587
30,393,594
30,458,589
30,608,528
30,615,522
30,859,535
30,709,512
30,640,434
30,646,426
30,749,480
30,727,474
30,722,481
30,774,505
30,771,513
30,772,520
30,777,529
30,774,479
30,768,485
30,806,481
30,885,501
30,892,508
30,809,489
30,807,496
30,919,484
30,922,493
30,1069,452
30,1316,512
30,1136,475
30,1167,484
30,1213,477
30,1214,486
30,1184,489
30,1275,473
30,1277,479
30,1505,475
30,1470,490
30,1472,496
30,1281,523
30,1277,506
30,1343,466
30,1344,474
30,1381,479
30,1462,450
30,1458,457
30,1464,460
30,1462,467
30,1495,450
30,1482,461
30,1482,468
30,1523,459
30,1577,467
30,1574,475
30,1563,324
30,1590,348
30,1592,462
30,1590,444
30,1587,451
30,1773,435
30,1767,432
30,1635,447
30,1632,456
30,1749,420
30,1754,424
30,1702,417
30,1523,374
30,1731,426
30,1801,434
30,1804,444
30,1805,452
30,365,527
30,370,533
30,366,541
30,382,530
30,317,581
30,953,236
30,957,243
30,683,402
30,692,412
30,698,407
30,793,382
30,999,261
30,875,367
30,911,373
30,908,386
30,912,381
30,947,373
30,944,381
30,949,384
30,981,373
30,978,382
30,1768,420
30,1771,426
30,1861,421
30,1693,434
30,1614,469
