1,1090,970
1,1090,963
1,1092,1072
1,1091,1055
1,1081,1047
1,1117,1066
1,953,1057
1,952,1051
1,954,1040
1,958,1031
1,1096,1024
1,1095,1015
1,1070,971
1,1099,897
1,1083,898
1,1103,703
1,1118,950
1,1110,829
1,1122,824
1,1102,801
1,901,865
1,891,863
1,903,798
1,887,791
1,887,805
1,890,1076
1,704,956
1,1129,1015
1,1124,1005
1,1083,863
1,1096,887
1,1107,873
1,1069,811
1,981,426
1,1015,403
1,1081,767
1,1094,762
1,1102,759
1,1596,498
1,1579,487
1,1648,507
1,1438,482
1,228,190
1,229,201
1,1040,383
1,1045,343
1,1044,322
1,992,347
1,997,321
1,983,330
1,616,217
1,619,206
1,620,196
1,618,224
1,635,220
1,654,203
1,660,213
1,655,219
1,670,202
1,677,211
1,849,228
1,896,245
1,806,252
1,964,223
1,935,419
1,940,424
1,924,427
1,918,448
1,913,439
1,1023,188
1,1023,172
1,1009,162
1,335,184
1,18,154
1,70,159
1,282,200
1,409,276
1,129,218
1,143,215
1,149,228
1,449,194
1,441,216
1,413,204
1,419,220
1,528,170
1,545,179
1,629,148
1,656,143
1,1038,271
1,1045,265
1,1026,279
1,1030,242
1,1004,241
1,1012,232
1,1057,170
1,979,187
1,989,180
1,981,132
1,976,271
1,968,301
1,978,310
1,887,442
1,893,463
1,1121,760
1,1089,603
1,1086,573
1,1127,754
1,1133,632
1,1112,636
1,1118,633
1,1133,584
1,1095,556
1,1111,470
1,1191,490
1,1192,476
1,1209,463
1,1123,543
1,1107,510
1,1122,571
1,1115,570
1,1110,575
1,1119,555
1,1112,550
1,1175,469
1,1145,531
1,1137,533
1,1134,484
1,1139,479
1,1354,489
1,1357,481
1,1289,501
1,1111,420
1,1241,144
1,1237,133
1,1291,169
1,1179,141
1,1209,169
1,1213,175
1,1484,455
1,1466,505
1,1553,458
1,1541,464
1,1552,471
1,1703,458
1,1729,450
1,1555,482
1,1761,482
1,1886,458
1,1886,447
1,1906,491
1,1889,499
1,1884,507
1,1823,474
1,1821,489
1,1849,475
1,1837,483
1,1837,493
1,1711,511
1,1538,504
1,1530,496
1,1372,506
1,1217,153
1,1194,194
1,1417,163
1,1418,170
1,1286,269
1,1220,268
1,1222,251
1,1213,253
1,1063,204
1,1009,150
1,992,148
1,1778,158
1,1775,194
1,1475,210
1,1479,196
1,1888,134
1,1525,201
1,1487,185
1,1508,169
1,1881,491
1,1065,771
1,912,784
1,757,412
1,765,396
1,741,409
1,713,402
1,721,413
1,727,401
1,745,395
1,812,417
1,836,421
1,854,429
1,305,403
1,291,406
1,293,413
1,472,412
1,504,202
1,667,128
1,662,118
1,686,135
1,619,121
1,966,258
1,954,263
1,942,443
1,972,335
1,862,146
1,825,137
1,966,148
1,1215,439
1,967,239
1,975,327
1,986,247
1,989,223
1,988,286
1,943,450
1,1285,455
1,896,790
1,1104,548
1,1093,507
2,1091,963
2,1091,956
2,1094,1067
2,1092,1051
2,1081,1045
2,1122,1070
2,955,1057
2,953,1052
2,955,1041
2,958,1032
2,1096,1018
2,1095,1009
2,1069,962
2,1099,894
2,1082,907
2,1102,708
2,1118,944
2,1112,821
2,1124,821
2,1101,796
2,902,861
2,892,858
2,904,792
2,888,798
2,887,815
2,889,1070
2,703,956
2,1129,1015
2,1124,1005
2,1082,869
2,1095,883
2,1107,872
2,1071,806
2,981,426
2,1009,406
2,1081,761
2,1094,757
2,1102,753
2,1598,498
2,1574,487
2,1642,507
2,1431,484
2,233,191
2,234,202
2,1040,383
2,1045,337
2,1045,315
2,995,341
2,1000,313
2,983,325
2,620,216
2,626,207
2,625,197
2,623,223
2,641,219
2,658,204
2,670,218
2,658,221
2,674,204
2,683,213
2,845,227
2,891,245
2,806,252
2,957,224
2,938,415
2,944,420
2,927,422
2,921,445
2,917,435
2,1025,183
2,1023,167
2,1011,156
2,328,184
2,13,154
2,55,160
2,291,199
2,405,271
2,129,219
2,143,215
2,149,228
2,445,195
2,441,216
2,413,204
2,419,220
2,525,170
2,544,178
2,624,148
2,651,143
2,1037,264
2,1045,258
2,1025,271
2,1030,248
2,1003,232
2,1009,236
2,1057,170
2,980,182
2,989,175
2,975,284
2,968,308
2,980,316
2,888,450
2,895,470
2,1122,756
2,1090,612
2,1086,580
2,1128,750
2,1132,637
2,1112,630
2,1119,629
2,1133,590
2,1094,561
2,1107,471
2,1186,489
2,1186,475
2,1216,467
2,1123,536
2,1106,521
2,1123,567
2,1117,567
2,1112,572
2,1120,549
2,1115,549
2,1173,474
2,1149,528
2,1141,530
2,1133,482
2,1138,478
2,1348,490
2,1351,481
2,1296,502
2,1106,416
2,1235,144
2,1231,133
2,1287,168
2,1179,140
2,1215,168
2,1220,175
2,1492,456
2,1472,502
2,1556,458
2,1545,465
2,1555,472
2,1698,461
2,1725,450
2,1551,481
2,1766,482
2,1893,459
2,1894,450
2,1899,492
2,1898,501
2,1893,509
2,1826,475
2,1827,490
2,1855,476
2,1841,483
2,1841,494
2,1714,511
2,1536,507
2,1526,500
2,1364,507
2,1213,153
2,1201,194
2,1412,164
2,1413,171
2,1285,266
2,1220,267
2,1222,251
2,1213,253
2,1063,204
2,1016,145
2,993,145
2,1770,159
2,1770,199
2,1470,210
2,1477,196
2,1898,134
2,1519,201
2,1483,184
2,1500,171
2,1875,493
2,1065,771
2,911,777
2,747,416
2,765,397
2,745,407
2,714,400
2,721,416
2,730,401
2,744,396
2,809,417
2,832,418
2,854,429
2,305,403
2,291,406
2,293,413
2,472,413
2,504,202
2,665,131
2,661,119
2,691,135
2,615,123
2,967,265
2,955,267
2,944,439
2,976,323
2,862,146
2,824,137
2,965,151
2,1215,439
2,970,246
2,976,337
2,986,242
2,987,218
2,987,277
2,941,451
2,1285,455
2,897,786
2,1107,559
2,1098,514
2,672,128
3,1092,956
3,1092,949
3,1097,1062
3,1093,1047
3,1081,1044
3,958,1058
3,955,1053
3,956,1042
3,959,1034
3,1096,1012
3,1096,1003
3,1069,953
3,1099,891
3,1081,917
3,1102,714
3,1119,939
3,1114,813
3,1126,818
3,1101,791
3,904,857
3,893,853
3,905,787
3,889,805
3,888,825
3,889,1065
3,702,956
3,1129,1015
3,1124,1005
3,1081,875
3,1095,879
3,1107,871
3,1074,802
3,981,426
3,1003,410
3,1081,756
3,1095,753
3,1103,748
3,1600,498
3,1569,487
3,1636,507
3,1424,487
3,239,192
3,240,203
3,1040,383
3,1045,331
3,1046,309
3,998,336
3,1003,306
3,983,320
3,624,215
3,634,209
3,631,199
3,628,223
3,647,219
3,663,206
3,670,218
3,662,223
3,679,207
3,689,215
3,842,227
3,886,246
3,806,252
3,951,225
3,942,412
3,948,417
3,931,417
3,924,442
3,921,432
3,1027,179
3,1023,162
3,1013,151
3,322,184
3,41,161
3,301,199
3,401,267
3,129,220
3,143,215
3,149,228
3,442,197
3,441,216
3,413,204
3,419,220
3,523,170
3,543,178
3,619,148
3,646,143
3,1037,258
3,1045,252
3,1024,264
3,1030,255
3,1002,224
3,1007,240
3,1057,170
3,981,177
3,990,170
3,974,293
3,968,315
3,982,323
3,889,458
3,896,477
3,1123,752
3,1091,621
3,1086,588
3,1130,747
3,1131,643
3,1113,625
3,1120,626
3,1133,596
3,1094,566
3,1103,473
3,1182,488
3,1181,475
3,1224,471
3,1121,531
3,1106,533
3,1124,564
3,1119,565
3,1114,570
3,1122,544
3,1116,544
3,1171,479
3,1154,525
3,1146,527
3,1132,480
3,1138,477
3,1109,521
3,1342,492
3,1345,482
3,1304,504
3,1102,412
3,1230,145
3,1226,134
3,1283,167
3,1180,139
3,1222,168
3,1227,176
3,1499,457
3,1477,499
3,1560,458
3,1550,466
3,1558,474
3,1693,465
3,1721,451
3,1547,481
3,1772,483
3,1901,460
3,1902,453
3,1893,493
3,1902,500
3,1896,510
3,1830,476
3,1833,492
3,1861,477
3,1846,484
3,1846,496
3,1718,511
3,1522,504
3,1357,508
3,1210,154
3,1209,194
3,1407,165
3,1408,173
3,1284,264
3,1221,266
3,1222,251
3,1213,253
3,1063,204
3,1024,141
3,995,142
3,1762,160
3,1765,205
3,1465,210
3,1475,197
3,1907,134
3,1514,202
3,1480,184
3,1493,174
3,1870,496
3,1065,771
3,909,771
3,911,529
3,754,419
3,765,399
3,748,404
3,715,399
3,722,419
3,733,402
3,744,397
3,806,418
3,829,415
3,854,429
3,305,403
3,291,406
3,293,413
3,472,414
3,504,202
3,663,131
3,660,121
3,696,136
3,610,125
3,968,272
3,956,272
3,946,435
3,980,312
3,863,147
3,823,138
3,965,154
3,1215,439
3,973,253
3,978,348
3,986,237
3,985,213
3,986,268
3,939,452
3,1285,456
3,898,783
3,1107,563
3,891,619
3,903,627
3,1097,517
3,683,129
4,1093,949
4,1093,942
4,1099,1057
4,1094,1043
4,1081,1042
4,961,1059
4,956,1054
4,958,1044
4,960,1036
4,1097,1006
4,1097,997
4,1069,945
4,1099,889
4,1080,927
4,1099,718
4,907,787
4,896,777
4,910,765
4,1119,934
4,1116,805
4,1128,816
4,1101,787
4,905,853
4,895,848
4,906,782
4,890,813
4,889,836
4,889,1059
4,701,957
4,1129,1016
4,1124,1006
4,1080,882
4,1095,876
4,1107,871
4,1076,798
4,981,426
4,997,414
4,1081,751
4,1096,748
4,1104,742
4,1602,499
4,1564,487
4,1630,508
4,1417,489
4,245,193
4,245,204
4,1040,383
4,1045,325
4,1047,302
4,1002,331
4,1006,299
4,983,316
4,628,214
4,639,209
4,636,201
4,633,222
4,652,219
4,668,208
4,671,219
4,665,225
4,684,209
4,694,215
4,839,227
4,881,246
4,806,252
4,944,226
4,945,409
4,952,414
4,934,412
4,927,440
4,925,429
4,1027,170
4,1022,156
4,1012,145
4,316,184
4,25,163
4,306,198
4,398,263
4,130,222
4,143,215
4,149,229
4,439,198
4,441,216
4,413,205
4,419,220
4,520,170
4,542,178
4,614,148
4,642,143
4,1037,252
4,1045,246
4,1023,257
4,1031,262
4,1001,216
4,1008,241
4,1057,170
4,983,173
4,991,166
4,974,301
4,969,322
4,984,330
4,889,466
4,895,485
4,1124,748
4,1092,630
4,1085,595
4,1132,744
4,1130,649
4,1114,620
4,1122,623
4,1133,602
4,1094,571
4,1100,475
4,1178,487
4,1176,474
4,1231,475
4,1120,526
4,1106,537
4,1125,560
4,1120,562
4,1114,566
4,1124,539
4,1118,538
4,1169,484
4,1159,522
4,1151,524
4,1132,478
4,1138,477
4,1107,530
4,1336,493
4,1339,482
4,1311,506
4,1098,408
4,1224,146
4,1220,135
4,1279,167
4,1181,138
4,1229,168
4,1234,176
4,1507,458
4,1482,498
4,1564,458
4,1555,467
4,1561,476
4,1688,469
4,1717,452
4,1543,480
4,1778,484
4,1906,461
4,1906,454
4,1887,494
4,1906,500
4,1899,511
4,1831,476
4,1831,492
4,1864,477
4,1845,488
4,1850,499
4,1722,512
4,1917,443
4,1916,453
4,1350,509
4,1206,154
4,1217,194
4,1402,167
4,1404,175
4,1283,262
4,1221,266
4,1222,251
4,1213,253
4,1063,204
4,1038,138
4,1755,161
4,1760,210
4,1460,211
4,1471,197
4,1910,135
4,1509,203
4,1476,184
4,1485,177
4,1865,499
4,1065,771
4,910,765
4,909,515
4,759,421
4,764,400
4,745,407
4,718,402
4,724,420
4,735,402
4,743,398
4,803,419
4,825,413
4,854,429
4,305,404
4,291,406
4,293,413
4,472,415
4,504,202
4,662,131
4,659,122
4,700,137
4,606,128
4,970,280
4,957,277
4,948,430
4,985,300
4,863,147
4,822,138
4,965,157
4,1216,439
4,972,259
4,975,355
4,984,231
4,980,207
4,1084,182
4,982,261
4,934,453
4,1285,456
4,899,782
4,1107,571
4,704,399
4,893,629
4,903,618
4,1097,524
4,693,129
5,1094,942
5,1094,935
5,1102,1053
5,1095,1040
5,1081,1041
5,964,1060
5,958,1055
5,959,1045
5,961,1038
5,1097,1001
5,1098,992
5,1068,936
5,1098,885
5,1078,936
5,1097,722
5,908,783
5,897,773
5,909,759
5,1120,929
5,1118,797
5,1129,812
5,1101,782
5,907,849
5,896,843
5,907,776
5,889,822
5,887,843
5,888,1054
5,701,957
5,1129,1016
5,1125,1006
5,1079,888
5,1095,872
5,1107,872
5,1079,794
5,982,427
5,990,418
5,1081,746
5,1097,744
5,1105,737
5,1604,499
5,1559,487
5,1624,508
5,1410,492
5,250,194
5,251,205
5,1041,384
5,1046,319
5,1049,296
5,1005,322
5,1006,290
5,984,311
5,632,213
5,644,210
5,642,203
5,638,222
5,658,219
5,673,210
5,672,220
5,669,227
5,689,212
5,700,216
5,836,227
5,876,247
5,806,252
5,938,227
5,949,406
5,957,411
5,938,407
5,929,436
5,928,426
5,1028,162
5,1021,151
5,1012,140
5,310,184
5,312,198
5,394,259
5,130,223
5,143,215
5,149,229
5,436,200
5,441,216
5,413,205
5,419,220
5,518,170
5,541,177
5,609,148
5,637,143
5,1036,245
5,1045,239
5,1022,250
5,1031,268
5,1000,208
5,1008,242
5,1057,170
5,982,167
5,992,161
5,975,310
5,971,328
5,983,336
5,890,474
5,1126,745
5,1093,639
5,1085,602
5,1134,741
5,1129,655
5,1113,617
5,1121,618
5,1133,609
5,1093,576
5,1096,477
5,1174,486
5,1171,474
5,1238,479
5,1119,521
5,1106,542
5,1126,557
5,1121,559
5,1114,563
5,1125,540
5,1119,533
5,1167,489
5,1164,519
5,1156,521
5,1131,476
5,1137,476
5,1106,539
5,1331,495
5,1334,483
5,1319,508
5,1093,403
5,1219,147
5,1215,136
5,1273,166
5,1179,137
5,1236,168
5,1241,177
5,1220,174
5,1515,458
5,1488,497
5,1567,459
5,1559,467
5,1564,477
5,1684,473
5,1713,453
5,1537,479
5,1784,484
5,1881,496
5,1910,500
5,1902,512
5,1833,476
5,1830,493
5,1868,477
5,1726,512
5,1913,443
5,1913,453
5,1343,511
5,1203,155
5,1224,194
5,1395,167
5,1398,176
5,1282,260
5,1222,265
5,1222,251
5,1213,253
5,1063,204
5,1039,145
5,1747,162
5,1755,216
5,1456,212
5,1468,197
5,1503,204
5,1473,184
5,1481,177
5,1860,502
5,1066,772
5,910,760
5,907,509
5,763,401
5,742,410
5,724,406
5,738,402
5,743,398
5,810,417
5,821,411
5,854,429
5,305,404
5,291,406
5,293,413
5,473,416
5,504,202
5,663,131
5,660,122
5,705,138
5,603,127
5,971,287
5,958,281
5,951,425
5,987,295
5,864,148
5,821,139
5,965,154
5,1216,440
5,972,265
5,972,363
5,983,225
5,975,201
5,1081,182
5,979,254
5,930,455
5,1285,457
5,900,784
5,1452,506
5,1107,576
5,710,403
5,1096,530
5,702,126
6,1095,935
6,1095,928
6,1104,1047
6,1095,1034
6,1081,1039
6,967,1061
6,959,1056
6,960,1046
6,962,1040
6,1098,995
6,1099,986
6,1068,927
6,1097,882
6,1076,945
6,1096,726
6,908,778
6,898,767
6,908,752
6,1120,923
6,1120,789
6,1131,809
6,1101,777
6,909,845
6,898,839
6,908,771
6,889,831
6,886,851
6,888,1048
6,700,957
6,1129,1017
6,1125,1007
6,1079,895
6,1095,869
6,1107,872
6,1082,790
6,982,427
6,983,422
6,1082,741
6,1098,740
6,1106,732
6,1607,500
6,1554,488
6,1619,509
6,1402,492
6,256,195
6,256,206
6,1041,384
6,1046,314
6,1048,290
6,1009,314
6,1007,282
6,986,307
6,636,212
6,649,211
6,648,203
6,643,222
6,663,218
6,678,210
6,678,219
6,674,226
6,693,211
6,704,214
6,833,227
6,871,247
6,807,253
6,931,228
6,953,403
6,960,407
6,941,403
6,932,432
6,931,423
6,1028,156
6,1022,145
6,1012,135
6,303,184
6,317,197
6,390,255
6,131,225
6,143,215
6,149,230
6,432,201
6,441,216
6,413,205
6,419,220
6,515,171
6,540,177
6,604,148
6,632,143
6,1035,240
6,1044,234
6,1021,243
6,1031,274
6,1001,199
6,1008,244
6,1057,171
6,981,161
6,993,157
6,977,319
6,974,335
6,983,342
6,890,477
6,1127,741
6,1093,646
6,1086,610
6,1135,736
6,1129,661
6,1113,614
6,1120,614
6,1133,614
6,1092,582
6,1092,479
6,1171,484
6,1168,473
6,1245,483
6,1117,515
6,1107,547
6,1126,552
6,1122,557
6,1114,560
6,1126,541
6,1121,529
6,1166,494
6,1169,517
6,1159,518
6,1130,474
6,1137,475
6,1104,548
6,1325,494
6,1328,482
6,1325,507
6,1089,399
6,1214,146
6,1210,135
6,1267,164
6,1177,137
6,1242,168
6,1247,176
6,1226,177
6,1524,459
6,1494,496
6,1571,460
6,1564,468
6,1568,478
6,1677,476
6,1706,452
6,1531,478
6,1790,485
6,1876,498
6,1912,501
6,1905,513
6,1836,477
6,1833,492
6,1874,478
6,1730,512
6,1910,443
6,1911,453
6,1200,154
6,1232,194
6,1389,168
6,1392,177
6,1281,258
6,1223,265
6,1222,251
6,1213,253
6,1063,204
6,1040,153
6,1740,164
6,1751,222
6,1451,211
6,1462,197
6,1498,205
6,1465,186
6,1477,178
6,1851,502
6,1066,772
6,911,755
6,906,506
6,763,401
6,744,412
6,723,407
6,740,402
6,743,398
6,808,418
6,828,416
6,854,429
6,305,405
6,291,406
6,293,413
6,473,417
6,504,202
6,665,130
6,662,122
6,709,139
6,600,127
6,973,295
6,959,285
6,955,419
6,989,291
6,856,148
6,822,139
6,965,156
6,1216,440
6,972,274
6,974,371
6,979,220
6,971,197
6,1080,185
6,1078,181
6,977,250
6,928,459
6,1285,457
6,901,786
6,1460,506
6,1108,582
6,714,397
6,1096,534
6,711,124
7,1097,928
7,1096,921
7,1106,1041
7,1095,1029
7,1081,1037
7,970,1062
7,961,1057
7,962,1048
7,963,1042
7,1098,989
7,1099,980
7,1068,919
7,1096,878
7,1074,954
7,1096,730
7,908,772
7,899,761
7,908,746
7,1120,918
7,1122,781
7,1133,805
7,1101,772
7,909,838
7,898,833
7,909,766
7,890,838
7,885,857
7,888,1043
7,699,958
7,1129,1017
7,1125,1007
7,1078,900
7,1095,865
7,1108,873
7,1082,784
7,982,427
7,976,426
7,1083,735
7,1099,733
7,1107,725
7,1609,500
7,1549,486
7,1613,508
7,1394,493
7,262,197
7,262,207
7,1041,384
7,1047,309
7,1048,285
7,1009,307
7,1009,274
7,985,302
7,641,212
7,654,212
7,654,204
7,646,222
7,668,217
7,683,210
7,684,219
7,679,225
7,697,210
7,709,212
7,830,227
7,866,248
7,807,253
7,874,201
7,881,212
7,925,230
7,957,400
7,964,404
7,944,399
7,935,428
7,934,420
7,1028,150
7,1023,140
7,297,184
7,323,197
7,387,251
7,131,226
7,143,215
7,149,230
7,429,203
7,441,216
7,413,206
7,419,220
7,513,171
7,539,177
7,599,148
7,628,143
7,1034,235
7,1043,229
7,1020,235
7,1032,281
7,1003,191
7,1008,246
7,1057,171
7,981,156
7,994,153
7,981,324
7,973,340
7,981,351
7,890,480
7,1128,737
7,1094,654
7,1087,618
7,1136,731
7,1129,667
7,1113,611
7,1119,610
7,1133,620
7,1091,588
7,1089,481
7,1168,482
7,1166,472
7,1252,487
7,1115,509
7,1107,549
7,1126,547
7,1124,555
7,1113,555
7,1129,531
7,1123,523
7,1163,497
7,1174,513
7,1162,515
7,1130,472
7,1137,475
7,1103,557
7,1319,493
7,1322,482
7,1332,506
7,1085,394
7,1209,145
7,1205,135
7,1261,162
7,1175,137
7,1249,168
7,1254,175
7,1232,180
7,1533,460
7,1500,495
7,1575,461
7,1568,468
7,1571,479
7,1671,480
7,1700,452
7,1525,478
7,1797,486
7,1871,501
7,1840,478
7,1836,492
7,1880,479
7,1734,513
7,1907,442
7,1908,453
7,1197,154
7,1240,195
7,1383,169
7,1386,178
7,1280,256
7,1222,265
7,1222,251
7,1213,253
7,1063,204
7,1041,160
7,1740,164
7,1748,228
7,1447,211
7,1456,197
7,1493,206
7,1458,189
7,1473,178
7,1842,503
7,1066,772
7,912,749
7,908,506
7,763,401
7,747,412
7,726,406
7,742,402
7,744,397
7,805,420
7,837,422
7,854,429
7,305,405
7,291,406
7,293,413
7,473,418
7,504,202
7,667,130
7,663,121
7,711,139
7,597,127
7,975,301
7,960,290
7,960,414
7,991,287
7,848,149
7,823,140
7,966,159
7,1217,440
7,972,283
7,975,377
7,975,216
7,967,193
7,1075,186
7,1076,181
7,975,246
7,927,463
7,881,454
7,885,465
7,1285,458
7,901,787
7,1468,504
7,1109,588
7,718,398
7,1096,538
7,718,124
8,1096,920
8,1095,913
8,1109,1036
8,1095,1024
8,1082,1035
8,970,1061
8,962,1056
8,964,1048
8,964,1041
8,1099,983
8,1100,974
8,1069,909
8,1095,875
8,1073,963
8,1095,735
8,907,766
8,899,754
8,907,740
8,1121,912
8,1124,773
8,1135,802
8,1101,767
8,909,832
8,898,827
8,910,761
8,891,845
8,885,863
8,888,1035
8,698,958
8,1129,1018
8,1126,1007
8,1078,906
8,1096,862
8,1108,874
8,1082,779
8,983,427
8,970,430
8,1084,729
8,1100,727
8,1109,719
8,1611,500
8,1544,485
8,1607,508
8,1386,494
8,268,197
8,268,207
8,1042,385
8,1048,304
8,1048,280
8,1010,301
8,1012,267
8,984,297
8,645,212
8,659,212
8,660,204
8,650,222
8,672,219
8,689,210
8,689,219
8,684,225
8,702,210
8,715,209
8,827,227
8,861,249
8,807,253
8,880,201
8,888,213
8,918,230
8,961,397
8,968,401
8,948,396
8,939,424
8,937,416
8,1030,143
8,1024,133
8,291,184
8,332,196
8,382,246
8,132,228
8,143,215
8,149,230
8,426,204
8,441,216
8,413,206
8,419,220
8,510,171
8,538,176
8,594,149
8,623,143
8,1033,229
8,1042,223
8,1020,227
8,1032,289
8,1004,183
8,1011,246
8,1057,171
8,981,150
8,994,147
8,986,330
8,973,346
8,979,360
8,890,483
8,1130,734
8,1094,661
8,1088,626
8,1137,726
8,1129,674
8,1113,609
8,1120,608
8,1133,626
8,1090,593
8,1089,481
8,1165,480
8,1164,471
8,1259,490
8,1114,503
8,1105,557
8,1127,543
8,1123,549
8,1113,550
8,1132,522
8,1124,518
8,1161,501
8,1179,509
8,1165,512
8,1130,472
8,1137,475
8,1102,564
8,1313,493
8,1316,481
8,1339,506
8,1081,390
8,1205,145
8,1201,135
8,1256,162
8,1173,136
8,1256,168
8,1261,174
8,1238,182
8,1540,457
8,1506,495
8,1579,462
8,1573,469
8,1575,480
8,1664,484
8,1694,451
8,1520,476
8,1801,484
8,1864,501
8,1844,479
8,1839,492
8,1886,480
8,1856,491
8,1738,513
8,1904,442
8,1905,454
8,1194,154
8,1240,195
8,1377,170
8,1379,178
8,1279,254
8,1222,265
8,1222,251
8,1213,253
8,1063,204
8,1043,167
8,1740,164
8,1748,228
8,1443,211
8,1450,198
8,1490,206
8,1451,191
8,1469,179
8,1833,504
8,1067,773
8,912,744
8,908,506
8,762,401
8,740,411
8,734,408
8,745,402
8,744,396
8,805,421
8,802,406
8,854,429
8,305,406
8,291,406
8,293,413
8,474,419
8,504,202
8,668,130
8,664,121
8,716,139
8,594,127
8,977,308
8,965,303
8,964,413
8,992,288
8,840,149
8,824,140
8,961,161
8,1217,441
8,975,289
8,976,383
8,972,212
8,963,190
8,1071,187
8,1074,181
8,973,243
8,924,462
8,887,452
8,889,460
8,1285,458
8,902,789
8,1476,500
8,1110,593
8,723,399
8,1097,541
8,730,126
9,1096,913
9,1095,906
9,1109,1029
9,1095,1019
9,1082,1032
9,970,1061
9,963,1056
9,966,1048
9,966,1041
9,1099,976
9,1100,967
9,1071,900
9,1096,871
9,1072,972
9,1095,739
9,907,762
9,900,750
9,906,734
9,1121,907
9,1127,766
9,1101,762
9,909,825
9,898,821
9,910,755
9,892,852
9,885,869
9,888,1028
9,698,958
9,1112,1067
9,1130,1018
9,1126,1008
9,1078,912
9,1097,859
9,1108,875
9,1082,773
9,983,428
9,964,434
9,1085,723
9,1101,721
9,1111,713
9,1614,501
9,1539,483
9,1601,507
9,1378,495
9,274,197
9,274,207
9,1042,385
9,1048,299
9,1048,274
9,1011,295
9,1015,260
9,984,293
9,650,212
9,664,213
9,666,205
9,653,222
9,677,221
9,693,209
9,694,220
9,689,225
9,707,208
9,721,207
9,824,227
9,855,249
9,807,253
9,886,201
9,895,213
9,911,230
9,966,394
9,972,398
9,952,392
9,943,421
9,940,413
9,1031,137
9,1025,132
9,285,184
9,341,195
9,378,241
9,132,228
9,143,215
9,149,231
9,423,206
9,441,216
9,413,206
9,419,220
9,508,171
9,537,176
9,589,150
9,618,143
9,1032,224
9,1040,218
9,1020,219
9,1033,298
9,1005,175
9,1005,244
9,1057,171
9,981,145
9,995,142
9,991,337
9,972,352
9,974,365
9,1130,728
9,1095,669
9,1089,634
9,1138,722
9,1129,680
9,1114,608
9,1121,607
9,1133,632
9,1089,599
9,1089,481
9,1162,478
9,1162,470
9,1267,494
9,1112,498
9,1105,565
9,1127,539
9,1123,544
9,1113,546
9,1134,518
9,1126,514
9,1159,505
9,1185,506
9,1171,508
9,1131,473
9,1138,475
9,1102,571
9,1307,492
9,1310,481
9,1347,505
9,1078,386
9,1200,144
9,1196,135
9,1252,162
9,1171,136
9,1263,168
9,1268,174
9,1244,185
9,1548,455
9,1512,494
9,1583,465
9,1577,470
9,1582,479
9,1658,488
9,1688,451
9,1516,475
9,1806,482
9,1858,502
9,1845,480
9,1839,492
9,1892,482
9,1863,489
9,1742,514
9,1899,441
9,1899,453
9,1191,153
9,1240,195
9,1371,170
9,1373,179
9,1277,250
9,1221,265
9,1222,251
9,1213,253
9,1063,204
9,1044,175
9,1741,165
9,1748,228
9,1435,213
9,1443,200
9,1487,207
9,1442,191
9,1466,179
9,1824,505
9,1067,773
9,913,739
9,908,506
9,762,401
9,755,418
9,736,411
9,746,402
9,745,396
9,798,403
9,854,429
9,305,406
9,291,406
9,293,413
9,475,412
9,504,202
9,670,130
9,666,120
9,721,139
9,591,127
9,979,315
9,971,316
9,965,410
9,993,289
9,833,150
9,825,141
9,958,162
9,1217,441
9,979,295
9,978,390
9,970,208
9,960,187
9,1068,188
9,1071,181
9,971,240
9,989,158
9,921,462
9,894,450
9,894,456
9,1286,459
9,903,791
9,1482,500
9,1110,598
9,720,402
9,1096,546
9,741,127
10,1095,905
10,1094,898
10,1110,1022
10,1095,1014
10,1082,1030
10,970,1060
10,964,1056
10,968,1048
10,968,1041
10,1100,969
10,1100,960
10,1073,891
10,1098,867
10,1071,981
10,1094,744
10,907,757
10,900,746
10,906,728
10,1121,901
10,1128,759
10,1103,756
10,909,819
10,898,815
10,911,750
10,893,859
10,885,875
10,889,1021
10,697,957
10,1112,1061
10,1130,1019
10,1126,1008
10,1078,918
10,1098,856
10,1108,875
10,1082,768
10,983,428
10,959,438
10,1086,717
10,1103,715
10,1113,707
10,1616,501
10,1534,482
10,1595,507
10,1370,494
10,280,198
10,280,208
10,1042,385
10,1049,294
10,1048,269
10,1014,286
10,1017,251
10,984,287
10,655,212
10,669,214
10,672,206
10,657,222
10,680,222
10,697,208
10,699,222
10,692,226
10,713,207
10,725,205
10,821,227
10,850,249
10,808,254
10,892,201
10,902,214
10,904,231
10,969,391
10,974,395
10,956,389
10,947,417
10,943,410
10,279,184
10,350,194
10,374,236
10,132,228
10,143,215
10,149,231
10,422,206
10,441,216
10,413,207
10,419,220
10,505,171
10,536,176
10,584,152
10,614,143
10,1031,218
10,1039,212
10,1019,211
10,1034,306
10,1005,166
10,979,237
10,1057,172
10,996,344
10,972,358
10,968,371
10,1131,723
10,1095,678
10,1091,641
10,1138,719
10,1129,687
10,1115,606
10,1122,605
10,1131,638
10,1089,605
10,1089,481
10,1159,477
10,1160,468
10,1275,498
10,1110,493
10,1105,563
10,1128,536
10,1123,540
10,1113,542
10,1137,514
10,1129,511
10,1157,510
10,1189,503
10,1178,504
10,1132,473
10,1139,475
10,1104,575
10,1302,492
10,1305,481
10,1355,505
10,1076,382
10,1195,143
10,1191,135
10,1248,162
10,1169,136
10,1268,166
10,1275,173
10,1251,183
10,1557,454
10,1519,494
10,1587,468
10,1581,471
10,1590,479
10,1653,492
10,1683,450
10,1512,473
10,1811,481
10,1851,503
10,1847,481
10,1840,492
10,1898,484
10,1871,487
10,1746,514
10,1894,441
10,1893,453
10,1188,152
10,1241,196
10,1365,171
10,1367,180
10,1275,246
10,1221,265
10,1222,251
10,1213,253
10,1063,204
10,1045,182
10,1741,165
10,1749,229
10,1427,216
10,1437,202
10,1484,207
10,1463,180
10,1824,505
10,1067,773
10,914,734
10,907,506
10,762,401
10,762,420
10,741,412
10,743,401
10,747,395
10,791,403
10,854,429
10,305,407
10,291,406
10,293,413
10,475,412
10,504,202
10,671,129
10,667,120
10,725,139
10,588,127
10,979,321
10,968,331
10,967,406
10,1006,257
10,829,149
10,826,141
10,955,163
10,1218,441
10,976,302
10,979,396
10,969,203
10,957,185
10,1067,189
10,1068,182
10,970,238
10,989,164
10,918,462
10,897,445
10,899,453
10,1286,459
10,904,792
10,1487,499
10,1111,603
10,725,405
10,715,399
10,1096,551
10,750,127
10,903,630
11,1095,898
11,1094,891
11,1111,1015
11,1095,1009
11,1083,1028
11,971,1060
11,965,1055
11,970,1048
11,970,1041
11,1100,963
11,1100,954
11,1074,881
11,1099,863
11,1070,990
11,1094,748
11,907,753
11,900,741
11,906,722
11,1122,896
11,1129,752
11,1105,750
11,909,812
11,898,809
11,912,745
11,893,868
11,883,876
11,889,1014
11,694,957
11,1111,1055
11,1130,1019
11,1127,1009
11,1078,924
11,1099,853
11,1108,874
11,1083,763
11,983,428
11,953,442
11,1086,709
11,1105,708
11,1113,701
11,1619,502
11,1530,481
11,1590,507
11,1362,494
11,286,198
11,286,208
11,1043,386
11,1050,289
11,1048,264
11,1017,277
11,1020,243
11,985,282
11,659,212
11,674,215
11,676,206
11,660,222
11,683,224
11,701,207
11,699,219
11,696,227
11,717,204
11,730,203
11,818,227
11,844,249
11,808,254
11,897,202
11,908,214
11,897,231
11,972,388
11,977,393
11,960,386
11,952,414
11,947,407
11,273,184
11,359,193
11,370,231
11,132,228
11,143,215
11,149,232
11,421,207
11,441,216
11,413,207
11,419,220
11,503,172
11,535,175
11,580,154
11,607,143
11,1030,213
11,1038,207
11,1019,204
11,1036,315
11,1006,157
11,975,232
11,1057,172
11,1002,352
11,968,363
11,963,375
11,1132,717
11,1095,687
11,1094,648
11,1139,716
11,1129,693
11,1116,605
11,1124,604
11,1130,644
11,1089,608
11,1089,482
11,1157,475
11,1158,466
11,1283,502
11,1108,488
11,1105,569
11,1129,533
11,1123,536
11,1113,538
11,1139,509
11,1131,506
11,1155,515
11,1194,501
11,1184,502
11,1132,474
11,1140,475
11,1100,585
11,1297,491
11,1299,481
11,1363,505
11,1073,378
11,1191,143
11,1187,135
11,1242,161
11,1163,136
11,1274,164
11,1283,173
11,1260,179
11,1566,453
11,1524,493
11,1592,467
11,1585,471
11,1594,479
11,1648,496
11,1678,450
11,1508,472
11,1816,480
11,1845,504
11,1849,482
11,1841,493
11,1904,487
11,1879,485
11,1870,492
11,1750,514
11,1889,440
11,1887,452
11,1185,152
11,1241,196
11,1360,173
11,1360,182
11,1274,243
11,1221,265
11,1222,251
11,1213,253
11,1064,205
11,1046,187
11,1742,166
11,1749,229
11,1423,216
11,1431,203
11,1481,208
11,1460,180
11,1825,506
11,1068,774
11,914,734
11,906,506
11,762,401
11,766,422
11,746,412
11,741,400
11,747,398
11,786,402
11,854,429
11,306,407
11,291,406
11,293,413
11,475,412
11,504,202
11,673,129
11,668,119
11,730,139
11,585,127
11,980,327
11,965,347
11,968,402
11,1011,222
11,826,148
11,827,142
11,955,163
11,1218,442
11,974,310
11,980,403
11,968,199
11,955,184
11,1065,191
11,1065,182
11,968,236
11,990,172
11,917,467
11,901,441
11,905,451
11,1286,460
11,905,794
11,1493,498
11,1111,609
11,730,407
11,715,406
11,1096,557
11,758,127
12,1095,891
12,1094,884
12,1112,1008
12,1095,1004
12,1083,1026
12,971,1059
12,966,1055
12,972,1048
12,972,1041
12,1100,956
12,1100,947
12,1076,872
12,1101,859
12,1069,999
12,1094,753
12,907,748
12,899,736
12,907,718
12,1121,890
12,1130,744
12,1105,744
12,909,806
12,898,803
12,913,740
12,894,878
12,882,878
12,890,1007
12,690,957
12,1111,1049
12,1130,1020
12,1127,1009
12,1078,930
12,1100,848
12,1108,873
12,1083,758
12,984,428
12,948,447
12,1086,701
12,1107,701
12,1114,695
12,1621,502
12,1527,480
12,1587,507
12,1354,493
12,292,199
12,292,209
12,1043,386
12,1049,282
12,1049,259
12,1021,269
12,1023,235
12,986,277
12,664,212
12,679,215
12,681,207
12,664,222
12,689,225
12,706,207
12,702,217
12,699,226
12,721,201
12,734,201
12,815,227
12,839,249
12,808,254
12,902,202
12,912,214
12,890,231
12,974,386
12,982,390
12,964,385
12,954,411
12,950,403
12,268,185
12,368,193
12,366,226
12,132,228
12,143,215
12,149,232
12,421,207
12,441,216
12,413,208
12,419,220
12,494,172
12,534,175
12,575,155
12,601,144
12,1029,207
12,1037,201
12,1019,196
12,1037,323
12,1007,148
12,972,227
12,1057,172
12,1005,360
12,965,369
12,958,380
12,1133,711
12,1097,697
12,1094,655
12,1140,713
12,1130,700
12,1117,603
12,1125,603
12,1129,650
12,1089,612
12,1089,482
12,1155,474
12,1157,464
12,1291,506
12,1105,483
12,1103,586
12,1128,528
12,1123,532
12,1113,534
12,1141,504
12,1133,502
12,1154,520
12,1198,499
12,1191,500
12,1133,474
12,1140,475
12,1104,582
12,1292,491
12,1294,481
12,1369,504
12,1071,375
12,1185,143
12,1182,135
12,1237,161
12,1158,136
12,1279,161
12,1289,171
12,1268,174
12,1576,453
12,1530,492
12,1598,467
12,1589,471
12,1598,479
12,1644,500
12,1673,450
12,1504,471
12,1821,479
12,1839,505
12,1851,483
12,1844,493
12,1905,488
12,1887,487
12,1873,493
12,1754,515
12,1884,440
12,1881,451
12,1182,154
12,1242,197
12,1355,175
12,1354,184
12,1272,239
12,1220,265
12,1222,251
12,1213,253
12,1064,205
12,1045,176
12,1719,168
12,1750,230
12,1420,216
12,1426,205
12,1476,208
12,1454,182
12,1825,507
12,1068,774
12,914,734
12,906,506
12,761,401
12,750,415
12,739,399
12,747,400
12,781,401
12,854,429
12,306,407
12,291,406
12,293,413
12,475,412
12,504,202
12,682,130
12,669,119
12,735,138
12,582,127
12,981,334
12,965,347
12,979,398
12,1011,186
12,822,147
12,828,142
12,956,163
12,1218,442
12,973,316
12,978,408
12,967,196
12,946,177
12,1060,194
12,1062,183
12,967,234
12,991,179
12,912,471
12,905,436
12,909,445
12,1286,460
12,905,796
12,1499,495
12,1111,614
12,736,410
12,714,412
12,1096,562
12,765,128
13,1094,883
13,1093,876
13,1113,1002
13,1096,999
13,1084,1024
13,971,1059
13,967,1055
13,975,1048
13,974,1041
13,1100,950
13,1099,941
13,1078,863
13,1101,853
13,1068,1008
13,1093,758
13,907,743
13,901,731
13,908,716
13,1121,884
13,1131,736
13,1105,739
13,909,800
13,898,797
13,914,734
13,895,888
13,890,998
13,689,958
13,1111,1043
13,1130,1020
13,1127,1009
13,1077,936
13,1101,844
13,1108,871
13,1084,753
13,984,429
13,938,450
13,1087,693
13,1109,695
13,1115,690
13,1623,502
13,1524,480
13,1585,507
13,1346,493
13,298,199
13,298,209
13,1043,386
13,1049,276
13,1051,254
13,1023,262
13,1023,227
13,983,271
13,669,212
13,684,216
13,686,207
13,668,222
13,690,226
13,711,206
13,706,216
13,702,226
13,725,202
13,739,199
13,814,227
13,833,249
13,808,254
13,907,202
13,917,214
13,884,232
13,977,384
13,987,388
13,969,384
13,956,408
13,953,400
13,262,185
13,375,193
13,361,225
13,132,228
13,143,215
13,149,233
13,420,208
13,442,217
13,413,208
13,419,220
13,486,173
13,533,175
13,570,157
13,594,145
13,1028,201
13,1036,195
13,1019,189
13,1039,332
13,1016,253
13,1057,172
13,1008,369
13,958,373
13,952,385
13,1133,706
13,1096,703
13,1095,663
13,1140,707
13,1129,705
13,1118,602
13,1126,601
13,1129,655
13,1090,616
13,1089,482
13,1153,472
13,1156,463
13,1297,508
13,1103,479
13,1102,591
13,1127,523
13,1123,528
13,1113,529
13,1142,500
13,1134,499
13,1152,525
13,1203,497
13,1196,497
13,1134,475
13,1141,475
13,1105,582
13,1287,490
13,1289,481
13,1375,503
13,1068,370
13,1180,144
13,1177,135
13,1230,161
13,1153,137
13,1285,159
13,1295,169
13,1275,170
13,1583,453
13,1535,493
13,1603,466
13,1593,471
13,1602,479
13,1639,504
13,1668,450
13,1498,473
13,1827,478
13,1834,506
13,1853,485
13,1847,493
13,1907,489
13,1895,489
13,1876,494
13,1758,515
13,1879,441
13,1876,452
13,1179,156
13,1260,202
13,1350,177
13,1348,187
13,1271,236
13,1220,265
13,1222,251
13,1213,253
13,1064,205
13,1048,203
13,1697,171
13,1732,242
13,1417,217
13,1421,207
13,1472,208
13,1448,184
13,1806,504
13,1068,774
13,914,734
13,906,506
13,761,401
13,724,415
13,759,416
13,737,399
13,747,401
13,778,400
13,854,429
13,306,408
13,291,406
13,293,413
13,475,412
13,504,202
13,692,131
13,671,119
13,740,138
13,579,127
13,981,339
13,966,348
13,981,398
13,1011,150
13,819,146
13,829,142
13,956,163
13,1219,442
13,973,322
13,977,414
13,966,193
13,940,173
13,1057,196
13,1059,184
13,965,229
13,992,185
13,908,475
13,910,432
13,914,440
13,1286,460
13,412,136
13,906,797
13,1505,493
13,1112,620
13,742,411
13,1095,567
13,774,130
14,1094,876
14,1093,869
14,1111,996
14,1096,994
14,1084,1022
14,972,1059
14,968,1055
14,977,1048
14,976,1041
14,1100,943
14,1099,934
14,1080,854
14,1101,847
14,1068,1018
14,1092,764
14,906,738
14,902,727
14,1120,879
14,1132,728
14,1105,734
14,909,794
14,898,792
14,916,729
14,891,895
14,890,989
14,689,958
14,1112,1036
14,1130,1021
14,1127,1010
14,1076,943
14,1102,840
14,1108,870
14,1085,748
14,984,429
14,933,454
14,1086,688
14,1109,689
14,1115,684
14,1625,502
14,1518,479
14,1579,507
14,1339,493
14,304,200
14,304,210
14,1043,386
14,1049,270
14,1052,249
14,1025,255
14,1023,220
14,981,265
14,673,212
14,690,216
14,691,208
14,672,222
14,692,227
14,717,205
14,711,216
14,707,226
14,729,203
14,743,198
14,814,228
14,828,249
14,809,255
14,912,202
14,921,213
14,876,232
14,979,382
14,984,393
14,971,381
14,958,406
14,956,396
14,257,186
14,382,193
14,357,224
14,132,228
14,143,215
14,149,233
14,420,208
14,442,217
14,413,208
14,419,220
14,478,173
14,530,175
14,566,159
14,588,145
14,1026,195
14,1034,189
14,1020,182
14,1041,338
14,1017,256
14,1058,173
14,1011,378
14,954,379
14,947,393
14,1133,701
14,1095,710
14,1096,671
14,1140,701
14,1128,711
14,1119,600
14,1127,600
14,1129,661
14,1090,620
14,1089,483
14,1151,471
14,1155,462
14,1304,511
14,1101,475
14,1102,596
14,1127,520
14,1123,524
14,1113,524
14,1143,497
14,1135,496
14,1150,530
14,1209,496
14,1201,495
14,1134,475
14,1142,475
14,1105,587
14,1282,490
14,1284,481
14,1381,502
14,1066,365
14,1175,144
14,1172,135
14,1224,162
14,1151,140
14,1291,157
14,1301,167
14,1281,167
14,1590,454
14,1541,494
14,1609,466
14,1598,472
14,1607,479
14,1635,509
14,1664,450
14,1492,475
14,1832,476
14,1829,506
14,1858,485
14,1850,493
14,1912,490
14,1902,493
14,1879,495
14,1762,516
14,1875,442
14,1872,454
14,1176,158
14,1279,207
14,1345,179
14,1342,189
14,1266,233
14,1220,265
14,1222,251
14,1213,253
14,1064,205
14,1049,210
14,1675,174
14,1714,255
14,1409,216
14,1413,205
14,1468,208
14,1442,187
14,1787,502
14,1068,774
14,914,734
14,906,506
14,761,401
14,725,416
14,759,419
14,738,400
14,747,403
14,776,398
14,854,429
14,306,408
14,291,406
14,293,413
14,475,413
14,504,202
14,698,132
14,683,122
14,745,138
14,576,127
14,981,345
14,967,349
14,979,396
14,967,136
14,815,145
14,830,143
14,956,164
14,1219,443
14,973,328
14,972,418
14,961,187
14,935,170
14,1055,197
14,1056,186
14,964,225
14,993,190
14,909,475
14,914,427
14,918,435
14,1286,461
14,417,138
14,907,799
14,1512,491
14,1112,626
14,1127,629
14,745,413
14,1095,573
14,785,130
14,886,620
15,1094,869
15,1093,861
15,1110,990
15,1096,989
15,1084,1020
15,975,1060
15,972,1055
15,979,1048
15,978,1041
15,1099,936
15,1099,928
15,1083,845
15,1102,844
15,1068,1027
15,1091,770
15,906,733
15,900,723
15,1120,873
15,1133,720
15,1105,729
15,909,789
15,899,788
15,917,725
15,887,902
15,891,980
15,692,959
15,1112,1030
15,1130,1021
15,1128,1010
15,1075,950
15,1104,836
15,1108,869
15,1079,738
15,985,429
15,928,457
15,1085,684
15,1109,683
15,1115,678
15,1627,502
15,1512,479
15,1573,507
15,1331,494
15,309,199
15,310,209
15,1044,387
15,1049,264
15,1054,245
15,1028,248
15,1024,213
15,979,259
15,678,213
15,695,217
15,695,208
15,676,223
15,696,228
15,721,203
15,716,216
15,713,227
15,735,205
15,747,197
15,814,228
15,823,249
15,809,255
15,917,202
15,926,213
15,869,233
15,982,380
15,990,381
15,974,378
15,960,403
15,959,393
15,251,187
15,389,194
15,352,224
15,132,228
15,143,215
15,149,233
15,419,209
15,442,217
15,413,209
15,419,220
15,470,174
15,527,175
15,564,162
15,581,146
15,1026,189
15,1034,183
15,1021,175
15,1043,344
15,1021,254
15,1058,173
15,1012,383
15,950,386
15,942,402
15,1133,696
15,1094,718
15,1097,678
15,1140,695
15,1127,716
15,1120,599
15,1129,599
15,1129,666
15,1091,624
15,1089,482
15,1149,470
15,1155,461
15,1100,473
15,1101,601
15,1128,517
15,1123,520
15,1113,519
15,1143,495
15,1136,492
15,1149,536
15,1215,495
15,1206,493
15,1135,476
15,1143,475
15,1105,594
15,1277,490
15,1279,481
15,1388,500
15,1064,361
15,1170,145
15,1168,135
15,1219,164
15,1150,143
15,1297,155
15,1307,165
15,1287,165
15,1597,455
15,1547,495
15,1614,467
15,1603,472
15,1612,479
15,1628,510
15,1657,449
15,1487,477
15,1838,474
15,1825,507
15,1864,486
15,1854,494
15,1908,494
15,1882,497
15,1763,516
15,1870,444
15,1868,455
15,1173,160
15,1289,204
15,1340,182
15,1336,192
15,1261,230
15,1219,265
15,1222,251
15,1213,253
15,1064,205
15,1051,216
15,1667,174
15,1704,255
15,1401,215
15,1406,204
15,1464,208
15,1436,188
15,1780,501
15,1069,775
15,914,734
15,906,506
15,761,401
15,727,418
15,764,421
15,740,401
15,747,404
15,775,398
15,854,429
15,306,409
15,291,406
15,293,413
15,475,413
15,504,202
15,704,134
15,696,125
15,750,138
15,573,127
15,981,350
15,967,349
15,985,393
15,955,140
15,812,144
15,831,143
15,950,164
15,1219,443
15,973,335
15,968,423
15,956,181
15,930,168
15,1052,198
15,1053,187
15,961,223
15,994,196
15,919,423
15,923,430
15,1286,461
15,422,140
15,908,801
15,1519,489
15,1112,632
15,1127,640
15,750,414
15,797,417
15,1094,578
15,795,131
15,887,629
15,893,619
16,1094,862
16,1093,854
16,1109,984
16,1096,985
16,1084,1018
16,978,1061
16,976,1055
16,981,1048
16,980,1041
16,1099,930
16,1099,921
16,1086,836
16,1104,841
16,1068,1036
16,1090,776
16,1120,868
16,1132,713
16,1105,724
16,910,784
16,899,784
16,917,732
16,891,971
16,690,960
16,1112,1023
16,1131,1022
16,1128,1011
16,1074,957
16,1106,833
16,1108,869
16,1080,736
16,985,429
16,923,461
16,1085,680
16,1109,677
16,1116,673
16,1629,503
16,1506,479
16,1568,507
16,1324,496
16,315,199
16,317,209
16,1044,387
16,1048,259
16,1055,239
16,1026,239
16,1023,205
16,979,255
16,683,213
16,701,218
16,700,209
16,680,223
16,701,229
16,725,201
16,721,216
16,717,225
16,742,207
16,752,196
16,813,229
16,817,247
16,809,255
16,922,202
16,930,213
16,861,233
16,984,378
16,992,378
16,976,375
16,962,400
16,962,389
16,246,187
16,396,194
16,348,223
16,132,228
16,143,215
16,149,233
16,419,209
16,442,217
16,413,209
16,419,220
16,462,174
16,524,176
16,562,166
16,575,147
16,1027,181
16,1036,178
16,1020,167
16,1045,350
16,1025,253
16,1058,173
16,1014,389
16,946,388
16,930,404
16,1134,691
16,1094,726
16,1099,685
16,1141,690
16,1126,722
16,1119,594
16,1128,594
16,1130,672
16,1092,629
16,1089,482
16,1149,470
16,1155,461
16,1100,471
16,1101,606
16,1128,513
16,1122,516
16,1111,516
16,1143,493
16,1138,489
16,1148,541
16,1222,495
16,1212,491
16,1136,477
16,1144,476
16,1104,601
16,1270,488
16,1273,480
16,1396,498
16,1062,355
16,1164,145
16,1162,135
16,1213,166
16,1146,145
16,1304,152
16,1316,163
16,1293,163
16,1604,456
16,1553,494
16,1620,468
16,1608,473
16,1617,480
16,1621,511
16,1651,449
16,1482,477
16,1844,472
16,1817,505
16,1867,487
16,1857,495
16,1910,496
16,1885,497
16,1765,516
16,1866,445
16,1864,457
16,1170,162
16,1299,202
16,1333,183
16,1329,192
16,1256,227
16,1219,266
16,1222,251
16,1213,253
16,1064,205
16,1052,220
16,1659,174
16,1695,255
16,1393,214
16,1399,202
16,1460,208
16,1430,189
16,1773,501
16,1069,775
16,914,734
16,906,506
16,766,406
16,728,420
16,772,421
16,742,402
16,747,405
16,774,398
16,854,429
16,306,409
16,291,406
16,293,413
16,475,413
16,504,202
16,711,136
16,709,128
16,756,139
16,571,127
16,982,356
16,968,350
16,960,221
16,809,144
16,832,144
16,951,164
16,1220,443
16,974,342
16,964,432
16,952,176
16,925,166
16,1049,198
16,1051,187
16,956,223
16,994,202
16,924,419
16,928,425
16,996,389
16,987,389
16,1286,462
16,427,142
16,891,733
16,908,802
16,1524,489
16,1111,639
16,1127,648
16,898,469
16,755,415
16,796,418
16,1091,581
16,805,133
16,896,625
16,886,620
17,1094,854
17,1092,847
17,1108,978
17,1096,980
17,1084,1016
17,981,1062
17,980,1055
17,983,1048
17,982,1041
17,1098,923
17,1099,915
17,1088,827
17,1106,838
17,1069,1045
17,1089,782
17,1119,862
17,1132,706
17,1106,720
17,910,779
17,900,779
17,918,739
17,891,962
17,689,960
17,1112,1017
17,1131,1022
17,1128,1011
17,1074,964
17,1107,829
17,1108,868
17,1081,733
17,985,430
17,918,465
17,1084,675
17,1110,671
17,1117,667
17,1630,503
17,1501,482
17,1562,508
17,1316,498
17,321,199
17,323,208
17,1044,387
17,1048,255
17,1056,234
17,1025,231
17,1022,197
17,979,251
17,687,214
17,707,216
17,705,209
17,684,224
17,706,230
17,730,199
17,727,214
17,722,223
17,746,208
17,757,195
17,813,230
17,812,246
17,809,255
17,926,203
17,935,213
17,854,234
17,986,376
17,994,375
17,979,372
17,965,398
17,966,386
17,240,188
17,404,195
17,343,222
17,132,228
17,143,215
17,149,233
17,418,210
17,442,217
17,413,209
17,419,220
17,455,174
17,522,176
17,560,170
17,569,148
17,1027,175
17,1036,173
17,1020,159
17,1047,356
17,1027,249
17,1058,173
17,1015,393
17,938,394
17,925,411
17,1135,686
17,1094,736
17,1097,692
17,1140,685
17,1127,727
17,1119,590
17,1128,590
17,1129,677
17,1093,634
17,1089,482
17,1150,470
17,1155,461
17,1100,471
17,1102,613
17,1128,510
17,1121,513
17,1109,513
17,1143,491
17,1138,489
17,1147,546
17,1228,494
17,1218,489
17,1136,477
17,1144,476
17,1104,608
17,1264,486
17,1268,479
17,1404,497
17,1061,350
17,1159,146
17,1157,136
17,1210,165
17,1143,148
17,1311,150
17,1325,161
17,1299,162
17,1611,457
17,1560,494
17,1626,469
17,1614,473
17,1623,481
17,1614,513
17,1645,449
17,1478,477
17,1850,470
17,1809,506
17,1870,488
17,1861,497
17,1913,497
17,1888,498
17,1767,516
17,1862,447
17,1860,459
17,1167,164
17,1309,200
17,1326,184
17,1323,193
17,1251,224
17,1218,266
17,1222,251
17,1213,253
17,1064,205
17,1054,224
17,1652,174
17,1686,255
17,1385,213
17,1392,201
17,1455,207
17,1766,500
17,1069,775
17,914,734
17,906,506
17,764,404
17,771,418
17,744,403
17,748,405
17,774,398
17,854,429
17,306,410
17,291,406
17,293,413
17,475,413
17,504,202
17,713,136
17,710,129
17,758,139
17,567,127
17,982,356
17,969,351
17,949,145
17,806,142
17,831,143
17,952,164
17,1220,443
17,975,349
17,959,434
17,947,173
17,919,161
17,1048,198
17,1050,187
17,953,218
17,998,211
17,929,416
17,934,420
17,1003,386
17,994,386
17,1286,462
17,433,144
17,891,743
17,909,804
17,1529,489
17,1511,506
17,1913,473
17,1110,645
17,1128,655
17,902,463
17,759,419
17,793,419
17,1091,586
17,812,134
17,900,630
17,888,627
18,1094,847
18,1092,839
18,1107,972
18,1096,975
18,1084,1014
18,985,1064
18,985,1056
18,986,1049
18,984,1041
18,1098,916
18,1099,908
18,1091,818
18,1107,833
18,1069,1053
18,1088,788
18,1118,856
18,1132,699
18,1106,715
18,910,774
18,900,775
18,919,745
18,892,954
18,691,959
18,1112,1010
18,1131,1022
18,1129,1011
18,1073,970
18,1109,825
18,1108,868
18,1081,727
18,986,430
18,914,469
18,1083,670
18,1111,666
18,1118,662
18,1631,504
18,1497,485
18,1556,509
18,1309,500
18,326,198
18,330,208
18,1045,388
18,1047,251
18,1057,228
18,1023,222
18,1021,188
18,978,244
18,692,214
18,711,215
18,710,210
18,689,225
18,711,230
18,734,198
18,733,212
18,727,223
18,751,209
18,763,195
18,813,230
18,807,245
18,809,255
18,928,205
18,939,214
18,847,235
18,988,374
18,997,373
18,980,367
18,969,394
18,970,382
18,235,189
18,408,197
18,339,222
18,132,228
18,143,215
18,149,233
18,418,210
18,442,217
18,413,210
18,419,220
18,447,174
18,519,176
18,557,170
18,561,149
18,1027,169
18,1037,168
18,1019,152
18,1049,361
18,1030,246
18,1058,174
18,1016,397
18,930,401
18,920,418
18,1136,682
18,1094,746
18,1096,699
18,1140,680
18,1129,733
18,1119,585
18,1128,586
18,1128,682
18,1094,639
18,1089,482
18,1150,471
18,1155,462
18,1100,471
18,1104,621
18,1128,507
18,1121,510
18,1107,511
18,1143,491
18,1138,490
18,1146,552
18,1235,494
18,1224,487
18,1136,477
18,1144,477
18,1105,608
18,1257,484
18,1263,478
18,1410,496
18,1059,344
18,1153,146
18,1152,136
18,1207,165
18,1143,148
18,1319,148
18,1334,160
18,1307,161
18,1623,459
18,1566,494
18,1632,470
18,1619,474
18,1628,482
18,1608,513
18,1639,449
18,1473,478
18,1857,469
18,1801,507
18,1873,489
18,1865,498
18,1891,498
18,1768,516
18,1858,449
18,1856,461
18,1165,168
18,1338,195
18,1319,185
18,1317,193
18,1246,221
18,1218,266
18,1222,251
18,1213,253
18,1064,205
18,1055,229
18,1644,174
18,1680,256
18,1377,212
18,1385,200
18,1450,207
18,1760,500
18,1070,776
18,914,734
18,906,506
18,762,402
18,772,417
18,746,404
18,749,406
18,774,398
18,854,429
18,306,410
18,291,406
18,293,413
18,475,414
18,504,202
18,715,137
18,712,130
18,760,139
18,563,127
18,982,356
18,975,353
18,949,149
18,803,141
18,830,143
18,953,165
18,1220,444
18,977,354
18,954,437
18,942,170
18,914,156
18,1048,198
18,1047,188
18,951,214
18,1003,221
18,935,411
18,940,416
18,1007,381
18,1000,381
18,1286,462
18,438,146
18,891,748
18,898,733
18,910,806
18,1536,489
18,1502,505
18,1910,473
18,1109,651
18,1128,662
18,906,458
18,469,425
18,763,422
18,789,420
18,1092,592
18,820,135
18,890,635
19,1094,840
19,1092,832
19,1106,967
19,1097,971
19,1085,1013
19,991,1066
19,990,1058
19,990,1052
19,989,1044
19,1097,910
19,1098,903
19,1094,810
19,1108,829
19,1070,1062
19,1085,793
19,1118,851
19,1132,692
19,1106,710
19,911,769
19,901,771
19,919,752
19,893,946
19,694,961
19,1112,1003
19,1131,1023
19,1129,1012
19,1072,976
19,1109,825
19,1108,867
19,1081,722
19,986,430
19,1083,665
19,1112,660
19,1120,656
19,1632,504
19,1492,486
19,1550,510
19,1302,502
19,332,198
19,336,207
19,1045,388
19,1047,247
19,1059,223
19,1021,213
19,1021,180
19,978,237
19,697,215
19,716,214
19,714,208
19,694,224
19,716,231
19,738,197
19,735,211
19,732,224
19,757,210
19,769,195
19,813,231
19,801,244
19,810,256
19,931,208
19,944,215
19,840,236
19,989,373
19,997,372
19,982,363
19,973,390
19,974,378
19,228,189
19,412,199
19,333,222
19,132,228
19,143,215
19,149,233
19,417,211
19,442,217
19,413,210
19,419,220
19,440,174
19,516,177
19,554,170
19,553,151
19,1027,164
19,1038,163
19,1019,144
19,1051,366
19,1033,242
19,1058,174
19,1017,401
19,923,408
19,916,426
19,1135,677
19,1095,747
19,1096,707
19,1140,675
19,1131,738
19,1119,581
19,1128,581
19,1127,687
19,1096,644
19,1089,482
19,1151,471
19,1155,462
19,1101,472
19,1102,622
19,1127,503
19,1120,508
19,1108,507
19,1144,491
19,1139,490
19,1144,557
19,1240,494
19,1229,486
19,1136,477
19,1144,477
19,1104,612
19,1251,483
19,1258,477
19,1417,495
19,1058,339
19,1148,147
19,1147,137
19,1201,165
19,1143,148
19,1325,147
19,1339,158
19,1314,160
19,1631,459
19,1572,495
19,1638,471
19,1625,475
19,1634,483
19,1602,514
19,1633,449
19,1469,478
19,1864,468
19,1796,504
19,1877,490
19,1869,500
19,1895,499
19,1770,516
19,1854,452
19,1852,463
19,1163,172
19,1367,191
19,1312,186
19,1311,194
19,1242,222
19,1217,266
19,1222,251
19,1213,253
19,1064,205
19,1056,233
19,1637,174
19,1674,258
19,1372,210
19,1383,200
19,1445,206
19,1749,500
19,1070,776
19,914,734
19,907,506
19,764,402
19,766,413
19,746,406
19,750,409
19,774,399
19,854,429
19,306,411
19,291,406
19,293,413
19,475,416
19,504,202
19,717,138
19,714,131
19,762,139
19,559,127
19,983,357
19,971,355
19,949,157
19,800,140
19,829,143
19,954,165
19,1221,444
19,980,360
19,948,440
19,937,168
19,908,154
19,1049,199
19,1045,189
19,944,212
19,1004,225
19,939,409
19,942,414
19,1011,375
19,1005,375
19,1286,462
19,444,150
19,887,753
19,896,741
19,911,807
19,1140,583
19,1544,490
19,1500,503
19,1906,474
19,1107,656
19,1128,669
19,910,452
19,474,425
19,789,420
19,1094,598
19,660,403
19,827,136
19,895,619
20,1094,833
20,1092,825
20,1105,960
20,1096,966
20,1085,1011
20,997,1067
20,996,1060
20,995,1055
20,995,1048
20,1097,905
20,1098,897
20,1095,802
20,1109,825
20,1071,1070
20,1083,799
20,1079,718
20,1117,845
20,1133,686
20,1106,706
20,911,764
20,901,765
20,919,761
20,895,939
20,698,964
20,1112,997
20,1131,1023
20,1129,1012
20,1071,983
20,1110,826
20,1108,867
20,1081,717
20,986,430
20,1082,660
20,1113,655
20,1121,651
20,1633,505
20,1488,487
20,1544,511
20,1294,504
20,338,198
20,343,207
20,1045,388
20,1044,237
20,1056,221
20,1022,203
20,1020,173
20,979,231
20,702,216
20,721,213
20,719,207
20,699,224
20,721,230
20,743,196
20,738,211
20,736,223
20,763,212
20,774,195
20,812,231
20,796,243
20,810,256
20,934,211
20,948,216
20,833,238
20,990,373
20,997,372
20,984,359
20,978,387
20,979,374
20,221,189
20,417,201
20,327,223
20,132,228
20,143,215
20,149,233
20,417,212
20,442,217
20,413,210
20,419,220
20,432,174
20,513,177
20,552,170
20,546,152
20,1027,159
20,1039,157
20,1053,372
20,1035,239
20,1058,174
20,1019,406
20,919,415
20,911,433
20,1135,673
20,1096,756
20,1097,715
20,1140,670
20,1133,744
20,1119,576
20,1128,577
20,1126,692
20,1095,649
20,1089,482
20,1152,472
20,1155,462
20,1101,472
20,1102,629
20,1127,499
20,1119,506
20,1109,503
20,1144,491
20,1139,491
20,1143,563
20,1246,494
20,1235,486
20,1136,478
20,1144,478
20,1103,618
20,1244,480
20,1252,475
20,1423,494
20,1056,333
20,1143,148
20,1142,138
20,1196,165
20,1144,148
20,1331,146
20,1344,157
20,1321,160
20,1640,460
20,1579,496
20,1642,471
20,1630,476
20,1639,484
20,1597,515
20,1628,449
20,1465,479
20,1870,466
20,1792,502
20,1879,490
20,1872,499
20,1898,498
20,1772,516
20,1851,455
20,1848,465
20,1162,176
20,1365,189
20,1308,187
20,1308,195
20,1238,224
20,1217,266
20,1222,251
20,1213,253
20,1064,206
20,1058,238
20,1629,174
20,1669,260
20,1368,208
20,1381,200
20,1441,206
20,1739,500
20,1070,776
20,914,734
20,907,506
20,767,402
20,765,415
20,747,408
20,751,411
20,771,402
20,854,429
20,306,411
20,291,406
20,293,413
20,475,415
20,504,202
20,719,139
20,715,132
20,768,141
20,556,127
20,983,357
20,968,357
20,949,166
20,797,139
20,829,142
20,955,165
20,1221,444
20,980,364
20,942,444
20,933,167
20,902,152
20,1049,199
20,1044,190
20,937,211
20,1005,227
20,943,407
20,945,412
20,1014,367
20,1008,367
20,1286,462
20,450,153
20,894,749
20,912,809
20,1139,590
20,1551,490
20,1498,501
20,1903,473
20,1901,478
20,1104,661
20,1128,677
20,915,448
20,474,425
20,789,420
20,1092,601
20,657,406
20,835,137
20,897,626
21,1095,826
21,1093,818
21,1104,954
21,1096,962
21,1085,1009
21,1003,1069
21,1001,1062
21,1000,1058
21,1001,1052
21,1096,899
21,1098,892
21,1097,794
21,1109,818
21,1081,805
21,1080,714
21,1117,840
21,1130,679
21,1107,700
21,911,759
21,901,760
21,918,769
21,897,931
21,703,963
21,1112,991
21,1131,1024
21,1130,1013
21,1070,989
21,1111,827
21,1108,867
21,1081,712
21,986,431
21,1081,655
21,1114,649
21,1122,645
21,1634,505
21,1487,487
21,1539,511
21,1287,506
21,343,197
21,348,206
21,1046,389
21,1043,232
21,1056,216
21,1023,194
21,1019,167
21,981,226
21,706,215
21,726,212
21,724,206
21,704,224
21,727,230
21,748,195
21,743,211
21,740,222
21,770,212
21,779,195
21,812,232
21,791,242
21,810,256
21,936,213
21,953,217
21,827,239
21,991,373
21,998,371
21,986,355
21,983,379
21,979,366
21,215,189
21,425,203
21,321,223
21,132,228
21,143,215
21,149,233
21,417,212
21,442,217
21,413,211
21,419,220
21,425,174
21,511,178
21,549,170
21,538,154
21,1027,153
21,1040,150
21,1055,375
21,1036,235
21,1058,174
21,1019,408
21,916,422
21,906,440
21,1135,669
21,1093,765
21,1098,723
21,1140,665
21,1133,750
21,1119,572
21,1128,573
21,1126,697
21,1095,655
21,1089,482
21,1152,472
21,1155,463
21,1101,472
21,1102,634
21,1127,496
21,1118,504
21,1110,499
21,1145,492
21,1139,491
21,1141,568
21,1252,494
21,1240,486
21,1136,478
21,1144,478
21,1102,623
21,1238,478
21,1246,473
21,1430,493
21,1055,328
21,1137,148
21,1137,138
21,1191,165
21,1144,148
21,1338,145
21,1350,156
21,1328,159
21,1649,460
21,1586,497
21,1647,472
21,1635,478
21,1644,485
21,1591,515
21,1623,450
21,1459,478
21,1876,465
21,1786,502
21,1882,491
21,1875,498
21,1902,497
21,1774,517
21,1844,456
21,1842,466
21,1163,179
21,1364,188
21,1305,188
21,1305,196
21,1234,226
21,1216,266
21,1222,251
21,1213,253
21,1064,207
21,1058,241
21,1622,174
21,1662,261
21,1364,206
21,1380,200
21,1436,207
21,1729,501
21,1071,777
21,914,734
21,907,506
21,766,402
21,747,407
21,754,414
21,774,407
21,854,429
21,306,411
21,291,406
21,293,413
21,475,415
21,504,202
21,721,140
21,717,133
21,774,142
21,552,127
21,984,358
21,965,359
21,948,169
21,794,138
21,828,142
21,956,166
21,1221,445
21,980,368
21,932,447
21,927,164
21,895,152
21,1050,200
21,1044,190
21,943,202
21,1007,230
21,946,403
21,951,409
21,1017,357
21,1010,357
21,1286,462
21,455,156
21,893,757
21,912,811
21,1137,598
21,1558,493
21,1496,500
21,1898,472
21,1897,481
21,1102,666
21,1128,685
21,920,443
21,474,425
21,790,419
21,1090,605
21,653,407
21,842,139
21,898,633
21,904,621
22,1096,819
22,1094,811
22,1103,948
22,1096,958
22,1086,1008
22,1009,1071
22,1007,1064
22,1005,1061
22,1007,1056
22,1096,893
22,1097,886
22,1099,786
22,1109,811
22,1079,811
22,1081,708
22,1119,835
22,1127,672
22,1108,695
22,911,754
22,901,755
22,917,777
22,899,924
22,708,963
22,1113,984
22,1131,1024
22,1130,1013
22,1069,996
22,1109,825
22,1108,871
22,1082,708
22,987,431
22,1081,651
22,1116,644
22,1124,640
22,1635,506
22,1487,488
22,1534,511
22,1279,508
22,349,197
22,354,206
22,1046,389
22,1043,228
22,1056,212
22,1024,188
22,1018,161
22,982,222
22,711,215
22,731,212
22,729,204
22,709,224
22,733,230
22,753,195
22,749,211
22,744,222
22,777,213
22,784,196
22,812,233
22,785,242
22,810,256
22,941,215
22,960,218
22,820,241
22,992,373
22,998,371
22,988,351
22,967,380
22,979,358
22,208,189
22,433,206
22,315,224
22,132,228
22,143,215
22,149,233
22,417,212
22,442,217
22,413,211
22,419,220
22,417,174
22,502,178
22,547,170
22,530,155
22,1028,148
22,1040,144
22,1054,323
22,1058,378
22,1036,231
22,1058,175
22,1019,410
22,908,428
22,902,445
22,1135,665
22,1091,775
22,1096,729
22,1140,661
22,1133,757
22,1119,568
22,1128,569
22,1127,704
22,1094,660
22,1089,482
22,1153,473
22,1155,463
22,1102,473
22,1102,639
22,1127,496
22,1117,503
22,1111,496
22,1145,492
22,1140,492
22,1140,574
22,1258,494
22,1246,486
22,1136,478
22,1144,479
22,1102,630
22,1234,479
22,1239,474
22,1437,492
22,1054,323
22,1132,149
22,1132,139
22,1186,165
22,1145,149
22,1344,144
22,1356,156
22,1334,157
22,1658,461
22,1591,497
22,1651,472
22,1641,480
22,1649,487
22,1618,451
22,1453,477
22,1881,464
22,1781,503
22,1885,491
22,1878,497
22,1906,496
22,1777,517
22,1838,457
22,1837,467
22,1164,183
22,1362,186
22,1302,189
22,1302,197
22,1232,227
22,1216,266
22,1222,251
22,1213,253
22,1064,209
22,1058,244
22,1614,174
22,1656,263
22,1362,206
22,1385,200
22,1431,208
22,1722,501
22,1071,777
22,914,734
22,907,506
22,767,403
22,748,407
22,756,416
22,773,409
22,854,429
22,306,412
22,291,406
22,293,413
22,475,415
22,504,202
22,728,141
22,723,133
22,776,142
22,548,127
22,973,367
22,962,361
22,948,172
22,794,136
22,827,142
22,957,168
22,1222,445
22,981,372
22,927,452
22,922,161
22,889,153
22,1050,201
22,1044,191
22,943,198
22,1009,232
22,950,400
22,958,406
22,1019,344
22,1012,344
22,1286,462
22,461,160
22,894,764
22,913,812
22,1136,604
22,1563,496
22,1491,501
22,1893,472
22,1893,483
22,1103,671
22,1133,693
22,925,437
22,474,425
22,788,420
22,1090,610
22,651,409
22,850,140
22,904,626
23,1097,812
23,1095,804
23,1102,941
23,1095,953
23,1086,1006
23,1013,1072
23,1011,1065
23,1010,1061
23,1012,1056
23,1095,888
23,1097,881
23,1101,778
23,1110,806
23,1078,816
23,1082,702
23,1122,830
23,1125,666
23,1109,690
23,912,750
23,902,750
23,914,787
23,901,917
23,713,962
23,1113,978
23,1131,1025
23,1130,1013
23,1068,1002
23,1110,822
23,1108,876
23,1082,703
23,987,431
23,1081,645
23,1116,638
23,1124,634
23,1637,507
23,1487,489
23,1530,511
23,1272,510
23,355,196
23,359,206
23,1046,389
23,1043,223
23,1058,208
23,1025,182
23,1017,156
23,984,219
23,715,215
23,736,211
23,734,203
23,714,224
23,739,230
23,758,194
23,756,210
23,749,223
23,783,213
23,789,196
23,812,233
23,780,242
23,811,257
23,947,215
23,965,218
23,814,243
23,993,373
23,999,370
23,991,342
23,957,382
23,980,351
23,201,189
23,441,208
23,309,224
23,132,228
23,143,215
23,149,233
23,418,212
23,442,217
23,413,212
23,419,220
23,410,174
23,493,179
23,544,170
23,523,157
23,1029,142
23,1041,138
23,1053,317
23,1061,382
23,1036,227
23,1058,175
23,1019,412
23,900,435
23,898,450
23,1135,661
23,1090,784
23,1095,736
23,1141,657
23,1133,764
23,1120,565
23,1128,566
23,1128,712
23,1094,666
23,1089,481
23,1154,473
23,1156,464
23,1102,473
23,1102,645
23,1127,497
23,1118,504
23,1111,497
23,1146,492
23,1140,492
23,1138,579
23,1264,493
23,1252,486
23,1136,478
23,1144,479
23,1102,637
23,1230,480
23,1232,475
23,1443,490
23,1054,318
23,1126,149
23,1127,139
23,1181,165
23,1145,149
23,1350,144
23,1362,156
23,1341,156
23,1665,460
23,1597,498
23,1656,473
23,1646,482
23,1654,488
23,1612,453
23,1447,477
23,1887,463
23,1774,503
23,1888,492
23,1881,496
23,1910,496
23,1781,518
23,1832,458
23,1832,469
23,1166,187
23,1361,185
23,1298,190
23,1299,198
23,1231,228
23,1215,266
23,1222,251
23,1213,253
23,1064,210
23,1059,247
23,1606,175
23,1649,265
23,1360,207
23,1391,200
23,1426,209
23,1715,502
23,1071,777
23,914,734
23,907,506
23,767,403
23,748,408
23,753,416
23,772,414
23,854,429
23,306,412
23,291,406
23,293,413
23,476,415
23,504,202
23,735,142
23,730,134
23,778,143
23,544,127
23,962,377
23,959,363
23,949,182
23,794,134
23,826,142
23,958,166
23,1222,445
23,971,377
23,923,457
23,917,160
23,882,153
23,1051,201
23,1045,191
23,940,198
23,1011,235
23,956,397
23,962,403
23,1022,331
23,1013,331
23,1286,462
23,467,164
23,894,772
23,914,814
23,1135,610
23,1213,507
23,1570,499
23,1486,501
23,1887,474
23,1888,485
23,1103,677
23,1137,700
23,930,431
23,871,451
23,1132,845
23,474,425
23,439,415
23,788,422
23,1091,616
23,647,410
23,664,413
23,859,141
23,904,630
24,1098,805
24,1096,797
24,1101,935
24,1095,949
24,1086,1004
24,1018,1073
24,1015,1066
24,1015,1062
24,1018,1057
24,1095,882
24,1097,875
24,1101,770
24,1111,802
24,1077,822
24,1083,696
24,1125,826
24,1123,659
24,1110,686
24,912,744
24,902,744
24,911,798
24,901,909
24,712,963
24,1114,972
24,1132,1025
24,1130,1014
24,1067,1009
24,1111,819
24,1108,881
24,1083,698
24,987,431
24,1081,639
24,1116,633
24,1124,629
24,1637,508
24,1486,492
24,1524,510
24,1264,511
24,361,196
24,365,205
24,1046,389
24,1043,218
24,1060,205
24,1027,176
24,1017,148
24,988,215
24,720,215
24,741,210
24,739,202
24,719,223
24,743,230
24,763,194
24,763,209
24,754,222
24,789,214
24,795,197
24,811,234
24,775,242
24,811,257
24,953,215
24,969,218
24,806,242
24,994,373
24,999,370
24,994,333
24,975,352
24,980,340
24,195,190
24,449,211
24,303,225
24,132,228
24,143,215
24,149,233
24,418,212
24,443,218
24,413,212
24,419,220
24,403,174
24,484,179
24,542,170
24,516,157
24,1053,312
24,1061,382
24,1036,223
24,1058,175
24,1020,414
24,897,438
24,886,451
24,1136,657
24,1090,793
24,1095,744
24,1142,653
24,1133,771
24,1120,562
24,1128,563
24,1128,718
24,1093,671
24,1089,481
24,1154,473
24,1156,464
24,1102,473
24,1101,651
24,1127,497
24,1119,504
24,1111,498
24,1146,492
24,1140,493
24,1136,584
24,1271,493
24,1258,486
24,1137,479
24,1145,480
24,1102,644
24,1226,482
24,1226,476
24,1450,488
24,1053,313
24,1121,150
24,1122,140
24,1173,165
24,1146,149
24,1357,144
24,1369,156
24,1348,155
24,1672,459
24,1602,498
24,1661,474
24,1652,484
24,1659,490
24,1607,455
24,1442,477
24,1893,465
24,1768,503
24,1890,493
24,1884,497
24,1909,497
24,1785,519
24,1827,460
24,1827,470
24,1164,191
24,1366,185
24,1295,191
24,1296,199
24,1230,230
24,1215,266
24,1222,251
24,1213,253
24,1065,211
24,1059,249
24,1598,176
24,1643,267
24,1358,207
24,1397,200
24,1421,210
24,1708,503
24,1071,777
24,914,734
24,907,506
24,767,404
24,749,409
24,750,416
24,767,415
24,854,429
24,306,413
24,291,406
24,293,413
24,477,417
24,504,202
24,736,142
24,735,134
24,781,143
24,541,127
24,951,387
24,961,374
24,950,192
24,794,132
24,826,141
24,957,168
24,1222,446
24,962,382
24,919,461
24,912,160
24,875,154
24,1051,202
24,1045,192
24,936,197
24,1013,238
24,963,395
24,966,400
24,1022,320
24,1013,318
24,1286,462
24,473,168
24,894,781
24,915,816
24,1134,618
24,1222,506
24,1578,499
24,1480,501
24,1882,476
24,1883,486
24,1103,683
24,1140,708
24,936,426
24,877,449
24,1132,842
24,474,425
24,447,416
24,788,423
24,1093,622
24,642,410
24,661,416
24,868,142
24,903,636
24,897,622
25,1099,798
25,1098,790
25,1101,929
25,1095,945
25,1087,1003
25,1023,1075
25,1019,1068
25,1021,1063
25,1024,1058
25,1096,876
25,1097,869
25,1102,762
25,1112,798
25,1077,827
25,1083,690
25,1128,821
25,1122,653
25,1112,683
25,913,738
25,902,738
25,910,806
25,902,901
25,711,965
25,1114,966
25,1108,1062
25,1132,1026
25,1131,1014
25,1066,1014
25,1112,816
25,1107,886
25,1083,693
25,988,432
25,1081,634
25,1116,628
25,1124,623
25,1638,509
25,1485,496
25,1519,510
25,1256,513
25,367,195
25,370,205
25,1047,390
25,1042,213
25,1061,201
25,1028,171
25,1018,141
25,992,211
25,724,214
25,746,209
25,744,201
25,725,223
25,747,231
25,768,193
25,767,210
25,760,222
25,796,215
25,801,198
25,811,234
25,769,242
25,811,257
25,959,215
25,974,218
25,799,241
25,995,373
25,1000,370
25,997,325
25,988,339
25,980,329
25,189,190
25,456,212
25,297,222
25,132,228
25,143,215
25,149,233
25,419,213
25,441,218
25,413,212
25,419,220
25,395,174
25,475,180
25,539,171
25,509,157
25,1053,307
25,1062,383
25,1036,219
25,1058,175
25,1019,412
25,892,441
25,881,456
25,1135,651
25,1089,800
25,1095,753
25,1143,649
25,1134,778
25,1121,559
25,1128,560
25,1128,725
25,1093,677
25,1089,481
25,1155,474
25,1156,464
25,1103,474
25,1100,658
25,1127,498
25,1119,504
25,1111,499
25,1147,493
25,1141,493
25,1135,590
25,1278,493
25,1264,487
25,1137,479
25,1145,480
25,1102,652
25,1220,485
25,1220,478
25,1457,486
25,1053,308
25,1116,151
25,1117,141
25,1165,166
25,1146,149
25,1364,145
25,1374,157
25,1355,154
25,1679,460
25,1608,499
25,1665,475
25,1656,484
25,1664,490
25,1600,457
25,1438,477
25,1900,468
25,1760,503
25,1892,495
25,1888,499
25,1909,498
25,1788,519
25,1823,462
25,1822,472
25,1162,196
25,1372,186
25,1292,192
25,1293,201
25,1229,231
25,1215,267
25,1222,251
25,1213,253
25,1065,212
25,1059,250
25,1590,176
25,1637,269
25,1357,208
25,1403,200
25,1421,210
25,1701,504
25,1072,778
25,914,734
25,908,506
25,767,405
25,749,410
25,748,416
25,764,416
25,854,429
25,306,413
25,291,406
25,293,413
25,477,417
25,504,202
25,738,142
25,741,135
25,783,144
25,539,127
25,946,392
25,963,386
25,951,201
25,794,130
25,825,141
25,954,171
25,1223,446
25,965,389
25,916,466
25,908,160
25,869,155
25,1052,202
25,1046,192
25,938,195
25,1016,240
25,966,392
25,970,397
25,1021,310
25,1013,304
25,1286,462
25,479,172
25,895,791
25,916,817
25,1133,627
25,1230,505
25,1585,499
25,1474,503
25,1878,478
25,1878,489
25,1103,688
25,942,422
25,883,446
25,1132,840
25,474,425
25,453,414
25,789,425
25,1094,627
25,641,411
25,657,417
25,877,142
25,899,629
26,1100,791
26,1099,783
26,1100,922
26,1094,939
26,1088,1001
26,1027,1075
26,1024,1069
26,1025,1064
26,1028,1059
26,1097,869
26,1098,862
26,1103,754
26,1114,794
26,1076,833
26,1083,685
26,1131,817
26,1118,645
26,1112,677
26,914,733
26,903,733
26,911,812
26,902,894
26,710,967
26,1116,960
26,1109,1056
26,1132,1026
26,1131,1015
26,1065,1019
26,1114,811
26,1107,892
26,1083,688
26,988,433
26,1081,628
26,1116,622
26,1124,618
26,1638,510
26,1484,499
26,1513,509
26,373,195
26,376,205
26,1047,390
26,1041,209
26,1063,197
26,1030,166
26,996,207
26,729,214
26,751,208
26,749,200
26,730,223
26,752,232
26,773,193
26,771,209
26,764,222
26,802,215
26,807,199
26,811,235
26,764,242
26,811,257
26,965,214
26,979,217
26,792,240
26,988,373
26,999,371
26,998,315
26,988,326
26,982,316
26,184,190
26,463,213
26,292,220
26,132,228
26,143,215
26,149,233
26,419,213
26,440,218
26,413,213
26,419,220
26,388,174
26,466,181
26,537,171
26,502,157
26,1051,301
26,1063,384
26,1036,216
26,1059,176
26,1019,412
26,887,444
26,876,461
26,1134,646
26,1091,807
26,1095,760
26,1144,646
26,1133,783
26,1121,555
26,1129,557
26,1129,730
26,1093,683
26,1089,481
26,1155,474
26,1156,465
26,1103,474
26,1100,664
26,1128,498
26,1120,504
26,1111,500
26,1147,493
26,1141,494
26,1134,596
26,1285,493
26,1269,486
26,1137,479
26,1145,481
26,1101,657
26,1215,488
26,1215,481
26,1464,485
26,1052,301
26,1110,152
26,1110,141
26,1160,166
26,1147,149
26,1371,146
26,1379,158
26,1362,153
26,1687,461
26,1615,499
26,1670,476
26,1661,485
26,1669,491
26,1593,459
26,1433,477
26,1904,470
26,1752,503
26,1894,497
26,1892,501
26,1909,500
26,1791,519
26,1819,464
26,1817,473
26,1161,201
26,1377,186
26,1285,193
26,1287,203
26,1228,233
26,1216,266
26,1222,251
26,1213,253
26,1065,214
26,1057,239
26,1582,177
26,1631,269
26,1358,206
26,1408,201
26,1422,211
26,1694,505
26,1072,778
26,914,734
26,908,506
26,768,406
26,750,411
26,750,420
26,762,417
26,854,429
26,306,414
26,291,406
26,293,413
26,477,417
26,504,202
26,739,143
26,747,136
26,786,145
26,538,127
26,944,403
26,957,390
26,953,210
26,795,128
26,824,140
26,953,174
26,1223,446
26,969,396
26,913,473
26,902,159
26,863,155
26,1052,203
26,1046,193
26,926,186
26,1020,242
26,969,389
26,975,395
26,1021,300
26,1013,291
26,1286,462
26,486,176
26,895,802
26,916,819
26,1131,634
26,1237,505
26,1591,499
26,1468,505
26,1873,479
26,1874,490
26,1103,697
26,948,418
26,891,440
26,1131,837
26,474,425
26,460,413
26,784,428
26,1094,632
26,641,414
26,652,418
26,885,143
26,901,635
26,889,623
27,1101,784
27,1100,777
27,1100,916
27,1094,934
27,1089,999
27,1031,1076
27,1029,1069
27,1029,1065
27,1032,1060
27,1098,863
27,1099,856
27,1105,745
27,1116,794
27,1075,839
27,1083,680
27,1133,811
27,1115,638
27,1112,672
27,915,728
27,904,729
27,911,818
27,903,886
27,709,969
27,1117,954
27,1110,1051
27,1132,1027
27,1131,1015
27,1064,1024
27,1115,805
27,1107,896
27,1084,683
27,988,434
27,1081,622
27,1116,617
27,1124,612
27,1639,511
27,1483,503
27,1508,509
27,379,194
27,381,205
27,1047,390
27,1039,204
27,1064,191
27,1031,157
27,997,204
27,733,214
27,756,208
27,754,199
27,736,223
27,756,231
27,774,192
27,775,209
27,769,222
27,808,215
27,814,200
27,811,236
27,759,242
27,812,258
27,971,212
27,984,216
27,786,239
27,981,373
27,999,372
27,999,305
27,989,314
27,985,304
27,179,190
27,470,215
27,287,218
27,132,228
27,143,215
27,149,233
27,419,213
27,438,218
27,413,213
27,419,220
27,381,174
27,455,180
27,534,171
27,495,157
27,1050,296
27,1064,385
27,1037,213
27,1055,174
27,1019,413
27,883,448
27,1134,641
27,1089,819
27,1095,767
27,1143,641
27,1132,788
27,1122,552
27,1129,554
27,1130,736
27,1093,689
27,1089,481
27,1156,475
27,1156,465
27,1103,474
27,1101,670
27,1128,499
27,1120,505
27,1111,501
27,1148,493
27,1141,494
27,1135,602
27,1290,493
27,1275,485
27,1137,479
27,1145,481
27,1100,662
27,1210,492
27,1210,484
27,1471,484
27,1052,295
27,1104,153
27,1104,142
27,1155,166
27,1148,149
27,1379,148
27,1384,160
27,1369,152
27,1695,463
27,1622,500
27,1675,477
27,1665,485
27,1674,491
27,1586,460
27,1429,478
27,1909,473
27,1748,504
27,1896,499
27,1896,503
27,1909,501
27,1795,520
27,1815,466
27,1812,475
27,1164,205
27,1383,187
27,1278,195
27,1282,205
27,1227,234
27,1218,266
27,1222,251
27,1213,253
27,1065,215
27,1055,227
27,1574,178
27,1626,269
27,1360,205
27,1414,201
27,1422,211
27,1687,506
27,1072,778
27,914,734
27,908,506
27,768,407
27,750,411
27,750,420
27,760,419
27,854,429
27,306,414
27,291,406
27,293,413
27,477,416
27,504,202
27,741,143
27,753,137
27,798,151
27,537,127
27,942,414
27,952,394
27,950,416
27,957,218
27,794,111
27,823,140
27,951,176
27,1223,447
27,954,401
27,910,480
27,896,158
27,857,156
27,1053,204
27,1046,193
27,928,182
27,1023,244
27,970,384
27,975,391
27,1021,291
27,1013,281
27,1286,462
27,492,182
27,894,812
27,917,821
27,1129,641
27,1244,505
27,1596,502
27,1463,506
27,1868,480
27,1869,491
27,1103,703
27,898,434
27,1130,836
27,1121,850
27,1009,154
27,474,425
27,465,414
27,782,433
27,1093,639
27,640,416
27,647,420
27,894,144
27,890,630
28,1102,778
28,1101,770
28,1099,910
28,1093,929
28,1090,997
28,1036,1076
28,1034,1070
28,1034,1066
28,1036,1061
28,1099,857
28,1100,850
28,1107,737
28,1116,789
28,1075,844
28,1083,675
28,1136,806
28,1114,631
28,1112,667
28,916,723
28,905,725
28,912,828
28,904,879
28,707,968
28,1119,949
28,1112,1046
28,1132,1027
28,1132,1015
28,1063,1029
28,1115,804
28,1106,901
28,1084,679
28,989,435
28,1082,617
28,1116,612
28,1124,607
28,1640,513
28,1483,507
28,1504,511
28,385,194
28,387,204
28,1048,391
28,1037,199
28,1066,185
28,1033,149
28,998,202
28,738,214
28,760,207
28,759,198
28,741,223
28,761,230
28,775,191
28,779,209
28,773,221
28,815,216
28,808,238
28,754,240
28,812,258
28,977,210
28,989,216
28,780,238
28,974,373
28,999,373
28,1000,296
28,990,301
28,986,292
28,174,190
28,477,216
28,282,216
28,132,228
28,143,215
28,149,233
28,420,213
28,437,219
28,413,213
28,419,220
28,374,174
28,445,180
28,532,172
28,489,158
28,1048,290
28,1065,386
28,1037,210
28,1051,173
28,1019,414
28,877,450
28,1135,639
28,1087,814
28,1093,774
28,1143,637
28,1131,793
28,1122,549
28,1129,551
28,1131,742
28,1093,696
28,1089,481
28,1157,475
28,1156,465
28,1104,475
28,1102,676
28,1128,499
28,1119,505
28,1111,502
28,1149,494
28,1142,495
28,1136,608
28,1296,493
28,1281,485
28,1137,480
28,1145,482
28,1100,668
28,1204,494
28,1204,485
28,1479,484
28,1051,288
28,1098,154
28,1098,142
28,1149,165
28,1148,149
28,1385,148
28,1390,162
28,1376,152
28,1704,464
28,1630,501
28,1680,479
28,1670,486
28,1680,492
28,1580,461
28,1422,479
28,1911,475
28,1744,505
28,1898,500
28,1899,504
28,1910,501
28,1798,520
28,1811,468
28,1808,477
28,1167,210
28,1388,187
28,1271,197
28,1277,207
28,1226,236
28,1219,265
28,1222,251
28,1213,253
28,1066,216
28,1052,216
28,1567,179
28,1621,269
28,1362,204
28,1420,201
28,1423,212
28,1680,503
28,1073,779
28,914,734
28,908,506
28,768,409
28,750,411
28,745,422
28,757,421
28,854,429
28,306,415
28,291,406
28,293,413
28,477,416
28,504,202
28,742,143
28,759,138
28,801,151
28,536,128
28,936,415
28,947,398
28,953,411
28,960,222
28,794,94
28,823,140
28,948,180
28,1224,447
28,940,406
28,890,158
28,852,157
28,1053,204
28,1048,194
28,928,177
28,1025,245
28,971,380
28,976,387
28,1021,281
28,1013,273
28,1286,462
28,499,187
28,894,820
28,918,822
28,1130,650
28,1251,505
28,1601,504
28,1459,506
28,1863,481
28,1865,491
28,1103,707
28,907,430
28,1128,836
28,1121,850
28,1011,159
28,474,425
28,471,414
28,1093,646
28,635,417
28,642,421
28,904,145
28,890,636
29,1103,771
29,1102,764
29,1099,904
29,1093,923
29,1091,996
29,1040,1077
29,1039,1070
29,1038,1067
29,1040,1062
29,1100,850
29,1100,843
29,1109,729
29,1118,785
29,1074,850
29,1083,671
29,1138,801
29,1113,624
29,1112,662
29,917,719
29,913,838
29,904,871
29,706,968
29,1121,943
29,1113,1041
29,1132,1028
29,1132,1016
29,1062,1034
29,1115,800
29,1106,906
29,1085,674
29,989,436
29,1083,611
29,1116,608
29,1124,601
29,1643,512
29,1483,511
29,1499,513
29,391,193
29,392,204
29,1048,391
29,1037,193
29,1064,181
29,1034,144
29,998,197
29,742,213
29,764,206
29,764,198
29,747,223
29,766,229
29,777,191
29,784,211
29,778,220
29,819,214
29,805,241
29,750,239
29,812,258
29,983,208
29,993,215
29,774,238
29,973,372
29,999,374
29,1001,288
29,991,288
29,987,280
29,169,190
29,484,218
29,276,214
29,132,228
29,143,215
29,149,233
29,420,213
29,435,219
29,413,214
29,419,220
29,366,175
29,434,179
29,527,172
29,484,160
29,1047,285
29,1066,387
29,1038,207
29,1047,172
29,1020,415
29,1136,637
29,1090,764
29,1092,781
29,1143,633
29,1131,799
29,1123,546
29,1129,547
29,1132,748
29,1092,701
29,1089,481
29,1157,476
29,1156,466
29,1104,475
29,1102,676
29,1128,500
29,1119,503
29,1111,503
29,1149,493
29,1141,493
29,1134,612
29,1301,493
29,1286,484
29,1137,480
29,1145,482
29,1099,679
29,1199,496
29,1198,487
29,1486,486
29,1051,282
29,1092,155
29,1092,143
29,1144,164
29,1148,150
29,1392,149
29,1396,164
29,1383,153
29,1713,466
29,1636,500
29,1686,480
29,1675,487
29,1684,492
29,1576,461
29,1416,481
29,1739,506
29,1900,502
29,1903,506
29,1914,501
29,1802,521
29,1805,467
29,1803,478
29,1170,215
29,1394,188
29,1264,199
29,1272,209
29,1232,241
29,1220,265
29,1222,251
29,1213,253
29,1066,217
29,1050,204
29,1559,179
29,1616,269
29,1363,203
29,1426,201
29,1419,213
29,1673,500
29,1073,779
29,914,734
29,908,506
29,768,409
29,750,411
29,744,422
29,755,423
29,854,429
29,306,415
29,291,406
29,293,413
29,477,418
29,504,202
29,744,144
29,764,139
29,805,152
29,535,128
29,930,416
29,942,405
29,959,406
29,963,234
29,794,77
29,822,139
29,947,184
29,1224,447
29,930,413
29,884,159
29,847,158
29,1054,205
29,1050,194
29,922,174
29,1027,246
29,975,378
29,982,382
29,1021,271
29,1013,265
29,1286,462
29,506,193
29,894,827
29,919,824
29,1130,659
29,1258,503
29,1605,507
29,1454,508
29,1857,481
29,1862,491
29,908,465
29,905,491
29,1101,716
29,914,416
29,1127,836
29,1121,850
29,1013,165
29,966,146
29,474,425
29,480,411
29,1095,652
29,628,420
29,639,423
29,913,144
30,1104,764
30,1103,757
30,1099,898
30,1093,918
30,1092,994
30,1045,1078
30,1044,1071
30,1043,1068
30,1044,1064
30,1102,844
30,1101,838
30,1112,722
30,1120,782
30,1074,856
30,1083,666
30,1140,797
30,1112,618
30,1113,658
30,919,714
30,914,846
30,905,864
30,705,968
30,1122,937
30,1115,1037
30,1132,1028
30,1132,1016
30,1062,1040
30,1116,796
30,1106,911
30,1085,669
30,987,434
30,1085,606
30,1116,604
30,1124,596
30,1647,512
30,1483,515
30,1495,515
30,397,193
30,398,204
30,1048,391
30,1038,188
30,1063,177
30,999,192
30,747,213
30,769,206
30,769,198
30,750,223
30,771,227
30,778,189
30,788,209
30,782,220
30,803,243
30,746,238
30,812,258
30,989,206
30,998,214
30,767,238
30,978,371
30,999,375
30,1003,281
30,993,276
30,989,269
30,164,190
30,491,220
30,271,212
30,132,228
30,143,215
30,149,233
30,421,213
30,434,219
30,413,214
30,419,220
30,358,176
30,424,179
30,522,173
30,480,162
30,1049,279
30,1066,388
30,1038,206
30,1042,170
30,1021,415
30,1137,635
30,1092,714
30,1092,787
30,1143,629
30,1136,804
30,1123,542
30,1129,544
30,1134,753
30,1091,707
30,1089,481
30,1158,476
30,1156,466
30,1104,475
30,1102,677
30,1128,500
30,1123,504
30,1111,505
30,1149,493
30,1143,494
30,1132,617
30,1307,493
30,1292,484
30,1137,480
30,1145,483
30,1099,690
30,1193,498
30,1193,489
30,1494,488
30,1050,275
30,1086,156
30,1087,143
30,1137,165
30,1147,150
30,1399,150
30,1403,166
30,1390,155
30,1724,464
30,1639,501
30,1693,481
30,1680,488
30,1689,492
30,1572,461
30,1410,483
30,1734,507
30,1903,504
30,1907,508
30,1806,521
30,1800,467
30,1798,479
30,1173,220
30,1400,189
30,1317,184
30,1322,193
30,1236,248
30,1221,265
30,1222,251
30,1213,253
30,1066,218
30,1048,193
30,1551,179
30,1611,269
30,1363,204
30,1431,201
30,1416,214
30,1666,497
30,1073,779
30,914,734
30,908,506
30,766,404
30,750,411
30,745,425
30,854,429
30,307,416
30,291,406
30,293,413
30,477,419
30,504,202
30,745,144
30,770,140
30,808,152
30,534,128
30,925,418
30,938,413
30,960,408
30,968,235
30,794,60
30,821,139
30,936,175
30,1224,447
30,920,419
30,878,160
30,843,160
30,1054,205
30,1055,190
30,944,183
30,1030,248
30,980,376
30,989,378
30,1022,264
30,1015,258
30,1286,462
30,513,196
30,893,835
30,917,821
30,1130,667
30,1265,503
30,1615,510
30,1451,513
30,1852,483
30,1857,491
30,923,453
30,1104,643
30,918,413
30,1125,835
30,1121,850
30,1016,170
30,967,152
30,474,425
30,487,415
30,1096,658
30,624,421
30,634,425
30,921,144
