1,350,531
1,351,524
1,351,518
1,420,524
1,471,519
1,479,503
1,477,497
1,475,489
1,532,503
1,593,501
1,590,493
1,615,498
1,613,493
1,612,481
1,631,493
1,627,487
1,747,491
1,745,485
1,747,479
1,778,476
1,793,480
1,15,734
1,10,728
1,22,732
1,30,729
1,27,720
1,51,722
1,51,717
1,67,713
1,64,709
1,216,607
1,237,583
1,264,564
1,278,553
1,787,485
1,822,484
1,835,477
1,837,471
1,832,467
1,850,474
1,850,470
1,10,44
1,15,40
1,19,35
1,32,25
1,37,18
1,861,475
1,888,476
1,882,471
1,886,466
1,934,470
1,950,466
1,982,453
1,983,461
1,991,467
1,992,462
1,1006,463
1,1061,454
1,1058,445
1,1075,451
1,1071,446
1,1102,454
1,1172,444
1,1172,439
1,1183,437
1,1176,433
1,1180,427
1,1299,406
1,1294,401
1,1295,395
1,1307,395
1,1323,407
1,1322,401
1,1321,397
1,1339,402
1,1332,384
1,1327,373
1,1352,376
1,1363,380
1,1370,373
1,1378,364
1,1373,354
1,1365,351
1,1407,353
1,1417,345
1,1438,291
1,1459,263
1,1463,264
1,1434,56
1,1429,60
1,1499,7
1,1511,180
1,1482,231
1,1394,673
1,1394,664
1,1381,664
1,1390,661
1,1441,584
1,1434,581
1,1394,615
1,1398,521
1,1391,519
1,1411,521
1,1402,516
1,1434,465
1,1427,461
1,1423,459
1,1422,460
1,1417,459
1,1406,447
1,1556,487
1,1550,485
1,1557,390
1,1555,388
1,1778,340
1,1551,387
1,1546,388
1,487,780
1,491,789
1,489,793
1,549,772
1,550,767
1,614,745
1,652,763
1,816,719
1,865,561
1,1281,400
1,1304,390
1,350,796
1,383,793
1,453,782
1,443,778
1,1422,497
1,1428,493
1,1421,366
1,1415,361
1,1467,515
1,1422,335
1,813,588
1,899,564
1,1443,337
1,1434,331
1,1431,326
1,1447,323
1,1441,318
1,1437,321
1,442,792
2,346,531
2,346,524
2,346,518
2,415,525
2,466,519
2,474,503
2,472,497
2,471,490
2,527,503
2,588,502
2,585,494
2,610,499
2,609,494
2,607,482
2,626,494
2,623,488
2,742,491
2,741,486
2,742,480
2,774,477
2,790,483
2,10,736
2,8,729
2,18,733
2,24,730
2,21,722
2,45,723
2,46,718
2,62,714
2,58,710
2,213,610
2,234,587
2,261,567
2,275,555
2,783,485
2,816,484
2,830,477
2,833,471
2,828,467
2,845,475
2,845,470
2,10,44
2,15,40
2,19,35
2,32,25
2,37,18
2,857,476
2,884,476
2,878,471
2,881,466
2,930,470
2,946,466
2,979,454
2,979,461
2,986,467
2,987,463
2,1001,464
2,1056,454
2,1054,446
2,1071,451
2,1067,446
2,1097,454
2,1167,444
2,1167,439
2,1178,437
2,1171,434
2,1175,428
2,1294,407
2,1289,402
2,1290,396
2,1303,396
2,1319,408
2,1318,403
2,1317,399
2,1335,404
2,1328,386
2,1323,376
2,1347,378
2,1359,381
2,1365,375
2,1375,366
2,1369,356
2,1362,353
2,1406,358
2,1416,350
2,1439,297
2,1433,59
2,1428,63
2,1499,19
2,1512,202
2,1482,263
2,1393,677
2,1392,668
2,1379,668
2,1387,664
2,1439,588
2,1433,585
2,1393,619
2,1398,525
2,1391,523
2,1410,524
2,1401,519
2,1433,468
2,1426,465
2,1423,464
2,1420,464
2,1416,463
2,1406,451
2,1555,491
2,1549,489
2,1557,393
2,1554,392
2,1775,342
2,1551,392
2,1547,393
2,483,781
2,487,790
2,485,794
2,543,771
2,546,768
2,649,764
2,815,719
2,865,561
2,1274,400
2,1300,391
2,346,796
2,378,793
2,449,782
2,440,778
2,1421,501
2,1427,497
2,1419,370
2,1413,365
2,1462,539
2,1420,339
2,813,586
2,896,561
2,1440,340
2,1432,335
2,1429,330
2,1445,328
2,1440,321
2,1436,324
2,440,792
3,342,531
3,342,525
3,341,518
3,411,526
3,462,520
3,470,503
3,468,498
3,468,491
3,523,504
3,584,503
3,581,495
3,606,500
3,605,496
3,603,483
3,622,495
3,619,489
3,737,492
3,737,487
3,738,481
3,770,478
3,788,486
3,5,738
3,5,731
3,7,744
3,14,735
3,18,732
3,16,725
3,40,725
3,41,720
3,58,716
3,53,712
3,211,613
3,231,591
3,258,571
3,272,558
3,780,486
3,811,484
3,826,478
3,829,472
3,824,468
3,841,476
3,841,471
3,10,44
3,15,40
3,19,35
3,32,25
3,37,18
3,853,477
3,880,477
3,874,472
3,877,466
3,926,470
3,942,467
3,976,455
3,975,462
3,982,468
3,983,464
3,997,465
3,1003,453
3,1052,454
3,1051,447
3,1067,452
3,1063,447
3,1093,455
3,1163,445
3,1163,440
3,1173,438
3,1166,436
3,1171,429
3,1290,408
3,1285,403
3,1286,398
3,1299,397
3,1316,410
3,1315,405
3,1313,401
3,1331,407
3,1324,389
3,1320,379
3,1343,381
3,1355,383
3,1360,377
3,1372,368
3,1365,359
3,1359,355
3,1405,364
3,1415,355
3,1439,301
3,1433,62
3,1427,66
3,1499,31
3,1512,223
3,1482,293
3,1393,681
3,1391,673
3,1378,673
3,1385,668
3,1438,592
3,1432,590
3,1392,623
3,1398,529
3,1391,527
3,1409,528
3,1401,523
3,1432,472
3,1426,470
3,1423,469
3,1419,468
3,1415,467
3,1406,455
3,1554,495
3,1549,494
3,1557,397
3,1554,396
3,1773,345
3,1551,397
3,1548,398
3,479,782
3,483,790
3,481,795
3,538,771
3,542,770
3,646,765
3,865,561
3,1268,401
3,1297,392
3,343,797
3,374,793
3,445,782
3,437,778
3,1420,505
3,1426,501
3,1418,375
3,1412,370
3,1458,564
3,1418,343
3,814,585
3,893,559
3,1437,343
3,1430,340
3,1427,335
3,1443,333
3,1440,325
3,1436,328
3,438,792
4,338,532
4,338,525
4,336,519
4,407,527
4,458,521
4,466,503
4,464,499
4,465,493
4,519,505
4,580,504
4,577,496
4,602,501
4,601,497
4,599,484
4,618,496
4,615,491
4,732,493
4,733,488
4,734,482
4,766,480
4,785,487
4,10,737
4,13,734
4,11,727
4,35,727
4,36,722
4,54,718
4,48,714
4,11,744
4,209,617
4,228,595
4,255,575
4,269,561
4,777,487
4,806,485
4,822,479
4,825,473
4,820,469
4,837,477
4,837,472
4,10,44
4,15,40
4,19,35
4,32,25
4,37,18
4,850,478
4,876,477
4,870,472
4,872,466
4,923,471
4,938,468
4,973,456
4,972,463
4,977,468
4,979,465
4,992,466
4,998,453
4,1048,454
4,1063,452
4,1060,448
4,1088,456
4,1159,446
4,1158,441
4,1168,439
4,1161,437
4,1167,430
4,1286,410
4,1281,405
4,1282,400
4,1295,399
4,1312,412
4,1311,407
4,1309,403
4,1327,410
4,1320,392
4,1317,382
4,1339,383
4,1351,385
4,1355,379
4,1369,370
4,1362,361
4,1356,357
4,1404,370
4,1414,360
4,1438,305
4,1457,276
4,1462,278
4,1433,66
4,1427,70
4,1432,45
4,1496,45
4,1480,15
4,1512,245
4,1481,323
4,1393,685
4,1389,677
4,1376,677
4,1382,671
4,1436,596
4,1430,594
4,1392,628
4,1398,534
4,1391,532
4,1409,532
4,1401,527
4,1431,476
4,1426,475
4,1422,474
4,1418,472
4,1414,471
4,1405,460
4,1554,499
4,1548,498
4,1556,401
4,1551,399
4,1552,401
4,1549,402
4,476,783
4,479,791
4,477,796
4,643,767
4,714,748
4,865,561
4,1262,402
4,1294,393
4,339,798
4,369,793
4,441,783
4,435,778
4,1420,509
4,1425,505
4,1417,379
4,1411,374
4,1453,589
4,1416,348
4,814,583
4,890,556
4,1434,347
4,1428,345
4,1426,340
4,1441,338
4,1440,329
4,1435,331
4,436,792
5,334,532
5,334,526
5,331,519
5,403,528
5,454,521
5,461,503
5,460,499
5,461,494
5,514,506
5,576,505
5,572,497
5,598,502
5,597,499
5,595,485
5,614,497
5,612,492
5,727,494
5,729,489
5,730,483
5,761,481
5,781,487
5,11,734
5,9,727
5,30,729
5,31,724
5,49,720
5,43,716
5,207,620
5,226,598
5,232,601
5,237,605
5,266,564
5,773,488
5,801,485
5,818,480
5,821,474
5,816,470
5,833,478
5,832,472
5,10,44
5,15,40
5,19,35
5,32,25
5,37,18
5,846,479
5,872,478
5,866,473
5,868,466
5,919,471
5,934,469
5,970,457
5,968,464
5,973,469
5,975,466
5,988,467
5,993,453
5,1044,455
5,1060,453
5,1056,449
5,1084,456
5,1155,447
5,1154,442
5,1164,441
5,1158,438
5,1163,432
5,1282,411
5,1277,406
5,1278,401
5,1291,400
5,1309,414
5,1308,410
5,1306,406
5,1323,413
5,1316,395
5,1314,385
5,1335,386
5,1347,387
5,1350,382
5,1366,373
5,1358,364
5,1353,360
5,1403,376
5,1413,364
5,1438,309
5,1455,279
5,1461,283
5,1433,69
5,1426,73
5,1494,57
5,1479,30
5,1510,266
5,1479,352
5,1393,690
5,1388,682
5,1375,682
5,1380,675
5,1434,601
5,1429,599
5,1391,632
5,1398,538
5,1391,536
5,1408,536
5,1401,531
5,1431,481
5,1426,479
5,1422,478
5,1418,477
5,1413,475
5,1405,464
5,1553,503
5,1548,503
5,1556,406
5,1551,404
5,1552,405
5,1549,407
5,471,783
5,475,792
5,472,796
5,638,767
5,710,748
5,865,561
5,1256,403
5,1291,394
5,336,799
5,365,793
5,406,788
5,407,775
5,404,783
5,437,783
5,432,778
5,1419,513
5,1424,509
5,1416,384
5,1410,379
5,1449,614
5,1414,352
5,1463,6
5,815,582
5,887,554
5,1431,350
5,1426,348
5,1424,344
5,1439,343
5,1440,333
5,1435,335
5,434,792
6,330,533
6,330,527
6,326,520
6,399,529
6,450,522
6,457,504
6,456,500
6,457,495
6,510,507
6,572,506
6,568,498
6,594,504
6,593,501
6,591,486
6,610,498
6,608,494
6,723,495
6,725,490
6,726,484
6,756,481
6,777,486
6,8,735
6,6,728
6,25,731
6,26,726
6,45,722
6,38,718
6,46,731
6,56,728
6,74,717
6,205,623
6,225,599
6,228,605
6,234,608
6,261,566
6,770,489
6,796,486
6,814,481
6,816,475
6,829,479
6,828,473
6,10,44
6,15,40
6,19,35
6,32,25
6,37,18
6,843,480
6,868,478
6,862,473
6,863,466
6,915,472
6,930,470
6,966,457
6,964,465
6,969,470
6,970,467
6,983,467
6,989,452
6,1040,455
6,1056,453
6,1053,449
6,1079,457
6,1150,447
6,1149,443
6,1159,442
6,1154,439
6,1159,433
6,1278,413
6,1272,408
6,1274,402
6,1288,402
6,1304,415
6,1303,411
6,1301,406
6,1318,415
6,1311,396
6,1309,387
6,1331,388
6,1343,389
6,1346,383
6,1363,375
6,1355,366
6,1350,362
6,1403,382
6,1412,368
6,1437,313
6,1454,283
6,1460,287
6,1430,73
6,1426,76
6,1492,69
6,1478,44
6,1497,24
6,1509,286
6,1478,382
6,1392,694
6,1387,686
6,1374,686
6,1378,679
6,1432,605
6,1427,603
6,1390,635
6,1398,541
6,1391,539
6,1407,539
6,1401,535
6,1430,485
6,1426,483
6,1422,482
6,1418,481
6,1412,479
6,1404,469
6,1553,507
6,1548,507
6,1556,410
6,1551,409
6,1552,410
6,1549,412
6,467,784
6,471,793
6,468,796
6,633,768
6,719,757
6,719,753
6,705,749
6,865,561
6,1250,404
6,1288,396
6,360,793
6,402,789
6,402,775
6,400,783
6,432,783
6,1419,517
6,1423,513
6,1415,388
6,1409,383
6,1445,638
6,1412,357
6,1463,10
6,816,580
6,884,551
6,1429,354
6,1424,352
6,1422,348
6,1438,349
6,1440,337
6,1435,339
6,432,792
7,326,534
7,326,528
7,322,521
7,395,529
7,446,523
7,454,505
7,452,500
7,453,495
7,506,509
7,567,506
7,565,498
7,589,504
7,589,501
7,587,486
7,605,499
7,604,494
7,718,495
7,720,490
7,721,484
7,752,481
7,773,486
7,21,733
7,22,728
7,41,724
7,34,720
7,41,733
7,51,730
7,70,720
7,201,625
7,222,603
7,225,608
7,230,612
7,256,568
7,766,490
7,772,479
7,791,486
7,810,481
7,812,475
7,824,480
7,824,474
7,10,44
7,15,40
7,19,35
7,32,25
7,37,18
7,839,481
7,864,479
7,859,474
7,859,467
7,910,472
7,926,471
7,962,457
7,959,467
7,964,470
7,966,468
7,978,467
7,984,452
7,1036,456
7,1053,454
7,1050,450
7,1075,458
7,1145,448
7,1145,444
7,1155,443
7,1151,441
7,1156,434
7,1274,414
7,1268,410
7,1270,403
7,1285,403
7,1299,417
7,1298,413
7,1296,407
7,1314,417
7,1307,398
7,1305,389
7,1326,390
7,1338,392
7,1342,385
7,1359,378
7,1352,369
7,1346,364
7,1402,386
7,1411,373
7,1436,317
7,1452,286
7,1459,292
7,1430,77
7,1433,60
7,1492,82
7,1478,58
7,1500,46
7,1508,306
7,1476,411
7,1390,698
7,1385,690
7,1372,690
7,1377,684
7,1430,609
7,1425,607
7,1389,638
7,1398,545
7,1391,542
7,1406,543
7,1401,539
7,1430,490
7,1425,487
7,1421,486
7,1417,486
7,1411,483
7,1403,473
7,1552,511
7,1547,511
7,1557,414
7,1551,413
7,1552,414
7,1549,417
7,463,785
7,467,794
7,464,796
7,629,769
7,716,758
7,715,754
7,700,750
7,865,561
7,1246,405
7,1283,397
7,356,793
7,397,790
7,398,776
7,395,784
7,427,783
7,1418,521
7,1422,517
7,1414,393
7,1408,388
7,1440,663
7,1410,360
7,1463,13
7,1458,7
7,816,579
7,881,549
7,1426,357
7,1422,355
7,1419,351
7,1436,353
7,1439,340
7,1434,342
7,430,792
8,322,534
8,321,529
8,318,523
8,391,529
8,442,523
8,450,505
8,448,500
8,449,496
8,502,510
8,563,506
8,562,499
8,584,504
8,584,501
8,583,487
8,601,500
8,600,494
8,713,495
8,715,490
8,716,484
8,747,481
8,769,486
8,17,735
8,16,730
8,36,726
8,30,721
8,36,735
8,47,732
8,66,722
8,68,708
8,198,628
8,218,606
8,222,611
8,227,615
8,226,601
8,232,605
8,251,571
8,762,490
8,768,480
8,786,487
8,820,481
8,819,475
8,10,44
8,15,40
8,19,35
8,32,25
8,37,18
8,836,482
8,859,479
8,854,474
8,855,467
8,905,472
8,922,472
8,957,457
8,954,468
8,960,471
8,962,469
8,974,467
8,979,452
8,1032,457
8,1028,451
8,1051,455
8,1070,458
8,1140,448
8,1140,445
8,1150,444
8,1147,442
8,1152,435
8,1270,415
8,1263,411
8,1265,404
8,1281,404
8,1294,418
8,1293,414
8,1291,407
8,1310,419
8,1303,400
8,1301,392
8,1322,392
8,1334,394
8,1338,387
8,1356,380
8,1349,371
8,1343,366
8,1401,390
8,1411,377
8,1435,320
8,1449,289
8,1456,295
8,1438,184
8,1431,80
8,1433,65
8,1491,95
8,1477,73
8,1503,67
8,1507,328
8,1475,441
8,1388,702
8,1383,694
8,1371,693
8,1376,689
8,1428,613
8,1423,611
8,1388,642
8,1398,549
8,1391,546
8,1406,547
8,1401,543
8,1430,494
8,1425,492
8,1421,490
8,1417,489
8,1411,487
8,1403,477
8,1550,515
8,1546,514
8,1560,418
8,1555,417
8,1552,418
8,1549,422
8,458,786
8,462,794
8,458,796
8,515,773
8,519,771
8,626,770
8,712,759
8,711,755
8,865,561
8,1242,406
8,1278,398
8,393,792
8,393,777
8,391,784
8,1417,524
8,1421,521
8,1412,397
8,1407,392
8,1434,687
8,1409,364
8,1462,16
8,1458,9
8,819,578
8,880,547
8,1423,360
8,1420,358
8,1417,355
8,1434,357
8,1438,344
8,1433,345
8,428,792
9,319,535
9,317,530
9,314,525
9,387,529
9,438,524
9,446,506
9,444,501
9,445,497
9,498,511
9,558,506
9,558,499
9,579,504
9,580,501
9,579,487
9,596,501
9,596,494
9,708,496
9,710,490
9,711,485
9,742,482
9,765,487
9,12,737
9,12,732
9,32,728
9,26,723
9,31,737
9,42,734
9,62,725
9,63,710
9,195,630
9,215,609
9,218,615
9,224,618
9,223,605
9,229,609
9,248,574
9,757,490
9,764,481
9,782,488
9,816,481
9,815,475
9,10,44
9,15,40
9,19,35
9,32,25
9,37,18
9,832,483
9,854,480
9,850,474
9,851,467
9,900,473
9,918,473
9,953,457
9,949,469
9,955,471
9,958,469
9,969,467
9,974,452
9,983,451
9,1028,457
9,1024,451
9,1046,455
9,1066,459
9,1136,449
9,1136,446
9,1146,446
9,1144,443
9,1148,437
9,1266,416
9,1259,412
9,1261,405
9,1277,405
9,1289,420
9,1288,416
9,1286,408
9,1306,421
9,1299,402
9,1297,394
9,1318,394
9,1330,397
9,1334,389
9,1353,383
9,1347,374
9,1340,369
9,1400,395
9,1411,382
9,1434,324
9,1446,292
9,1453,299
9,1438,188
9,1431,84
9,1434,69
9,1490,108
9,1476,87
9,1504,88
9,1503,349
9,1470,473
9,1387,706
9,1382,698
9,1369,697
9,1375,694
9,1426,618
9,1422,616
9,1387,645
9,1397,552
9,1390,549
9,1405,550
9,1400,546
9,1430,497
9,1424,497
9,1421,493
9,1417,492
9,1410,491
9,1403,480
9,1549,519
9,1545,518
9,1560,421
9,1554,423
9,1552,421
9,1550,425
9,453,787
9,457,795
9,452,797
9,510,774
9,514,772
9,622,770
9,709,760
9,707,756
9,865,561
9,1238,407
9,1274,399
9,389,793
9,1415,527
9,1420,525
9,1411,401
9,1406,396
9,1427,709
9,1408,367
9,1462,19
9,1458,11
9,822,577
9,879,546
9,1421,364
9,1418,362
9,1415,359
9,1432,361
9,1438,347
9,1432,348
9,426,792
10,315,536
10,312,532
10,309,526
10,382,529
10,433,525
10,442,507
10,439,501
10,440,497
10,494,512
10,554,507
10,555,500
10,575,505
10,576,501
10,575,488
10,592,503
10,592,495
10,703,496
10,705,490
10,706,485
10,738,482
10,760,488
10,9,738
10,8,733
10,25,730
10,20,724
10,71,717
10,37,736
10,58,727
10,58,713
10,192,632
10,212,613
10,215,618
10,221,621
10,220,609
10,225,612
10,244,577
10,753,491
10,759,481
10,777,489
10,812,482
10,811,475
10,10,44
10,15,40
10,19,35
10,32,25
10,37,18
10,829,484
10,849,480
10,846,474
10,847,468
10,896,473
10,913,473
10,949,457
10,944,469
10,951,471
10,954,469
10,964,467
10,968,452
10,979,451
10,1024,457
10,1020,452
10,1042,455
10,1061,459
10,1132,449
10,1131,446
10,1142,447
10,1139,443
10,1143,437
10,1262,416
10,1255,412
10,1257,405
10,1273,405
10,1285,421
10,1284,417
10,1282,410
10,1302,422
10,1295,403
10,1293,395
10,1313,395
10,1325,398
10,1328,390
10,1348,384
10,1343,375
10,1336,370
10,1399,399
10,1410,387
10,1434,327
10,1444,295
10,1451,302
10,1438,192
10,1434,74
10,1488,120
10,1475,102
10,1506,110
10,1500,370
10,1467,505
10,1385,710
10,1380,702
10,1368,701
10,1374,698
10,1424,622
10,1421,619
10,1387,649
10,1397,555
10,1390,552
10,1405,553
10,1399,549
10,1430,501
10,1423,502
10,1421,497
10,1416,496
10,1409,495
10,1403,484
10,1548,523
10,1544,521
10,1559,425
10,1553,429
10,1552,425
10,1550,429
10,449,788
10,452,796
10,447,798
10,505,775
10,509,774
10,619,771
10,705,760
10,703,756
10,865,561
10,1234,408
10,1269,400
10,385,793
10,1414,530
10,1419,528
10,1410,405
10,1405,400
10,1419,732
10,1406,371
10,1461,22
10,1457,13
10,825,576
10,878,544
10,1420,367
10,1416,365
10,1414,363
10,1431,365
10,1437,351
10,1432,351
10,424,793
11,311,537
11,307,533
11,305,528
11,378,530
11,429,526
11,438,508
11,435,502
11,436,498
11,490,514
11,549,507
11,550,501
11,571,505
11,571,501
11,570,489
11,588,504
11,587,496
11,698,496
11,700,490
11,701,485
11,733,483
11,756,488
11,4,740
11,4,734
11,17,733
11,16,728
11,65,719
11,53,730
11,53,715
11,189,634
11,208,616
11,212,622
11,218,625
11,216,613
11,222,616
11,748,491
11,755,482
11,773,490
11,808,483
11,10,44
11,15,40
11,19,35
11,32,25
11,37,18
11,825,484
11,844,481
11,842,474
11,843,468
11,891,473
11,909,474
11,945,458
11,940,470
11,946,471
11,949,469
11,960,468
11,1020,457
11,1015,452
11,1038,456
11,1035,452
11,1056,459
11,1128,450
11,1127,446
11,1138,448
11,1135,443
11,1139,438
11,1258,417
11,1251,413
11,1253,406
11,1269,406
11,1281,422
11,1280,418
11,1279,412
11,1298,424
11,1291,405
11,1290,396
11,1309,397
11,1320,400
11,1323,392
11,1344,385
11,1339,376
11,1332,372
11,1399,403
11,1409,391
11,1433,331
11,1442,299
11,1449,305
11,1438,196
11,1435,78
11,1429,41
11,1486,133
11,1474,117
11,1509,134
11,1441,7
11,1435,5
11,1497,391
11,1464,535
11,1384,714
11,1379,706
11,1367,705
11,1374,702
11,1425,625
11,1421,622
11,1386,653
11,1397,558
11,1390,554
11,1405,556
11,1398,551
11,1430,505
11,1423,507
11,1421,501
11,1416,499
11,1409,499
11,1403,488
11,1547,527
11,1544,525
11,1559,429
11,1554,432
11,1553,428
11,1550,432
11,444,789
11,447,797
11,443,799
11,501,777
11,505,775
11,615,771
11,702,760
11,699,756
11,865,561
11,1230,410
11,1264,402
11,382,794
11,409,786
11,405,783
11,1413,533
11,1419,532
11,1409,409
11,1404,404
11,1412,754
11,1405,374
11,1461,25
11,1456,17
11,828,575
11,877,543
11,1418,370
11,1414,369
11,1412,367
11,1429,370
11,1437,355
11,1431,354
11,419,794
12,307,539
12,303,535
12,301,530
12,374,530
12,424,526
12,434,508
12,432,502
12,432,498
12,486,514
12,544,508
12,545,501
12,567,505
12,566,501
12,566,490
12,584,504
12,583,496
12,694,497
12,695,491
12,697,486
12,729,484
12,752,489
12,12,735
12,10,729
12,60,721
12,48,732
12,48,718
12,186,638
12,205,619
12,208,625
12,214,628
12,213,618
12,218,620
12,744,491
12,750,483
12,769,491
12,803,483
12,10,44
12,15,40
12,19,35
12,32,25
12,37,18
12,821,485
12,839,481
12,838,474
12,839,468
12,887,473
12,904,474
12,941,458
12,935,470
12,942,471
12,945,469
12,955,469
12,1016,458
12,1011,452
12,1034,456
12,1031,452
12,1051,459
12,1124,450
12,1123,446
12,1134,448
12,1131,443
12,1135,438
12,1254,418
12,1248,414
12,1249,407
12,1266,407
12,1277,423
12,1275,419
12,1275,413
12,1293,425
12,1287,407
12,1286,396
12,1305,398
12,1316,402
12,1318,394
12,1340,387
12,1335,377
12,1328,373
12,1398,408
12,1408,395
12,1432,334
12,1440,302
12,1447,308
12,1437,200
12,1436,83
12,1428,43
12,1486,146
12,1474,132
12,1512,164
12,1440,6
12,1435,6
12,1493,412
12,1460,565
12,1383,719
12,1378,709
12,1365,708
12,1373,706
12,1422,629
12,1417,626
12,1386,657
12,1396,562
12,1389,557
12,1404,559
12,1397,554
12,1429,508
12,1422,511
12,1420,505
12,1415,503
12,1408,502
12,1402,492
12,1546,530
12,1543,528
12,1560,433
12,1556,435
12,1553,431
12,1550,435
12,440,790
12,443,798
12,440,800
12,496,779
12,500,775
12,611,772
12,698,760
12,695,756
12,865,561
12,1225,411
12,1261,403
12,307,808
12,378,795
12,406,786
12,401,783
12,1411,537
12,1417,536
12,1408,413
12,1403,408
12,1405,777
12,1403,378
12,1460,28
12,1454,20
12,831,573
12,876,541
12,1416,374
12,1412,373
12,1410,371
12,1427,374
12,1436,358
12,1430,357
12,413,795
13,304,540
13,300,536
13,298,532
13,371,531
13,420,526
13,429,508
13,428,502
13,428,498
13,482,514
13,540,509
13,540,502
13,563,506
13,562,501
13,562,492
13,580,505
13,579,497
13,689,497
13,690,491
13,692,486
13,725,484
13,748,490
13,10,735
13,8,729
13,55,723
13,13,744
13,43,734
13,43,720
13,202,623
13,204,629
13,210,631
13,210,621
13,215,623
13,230,608
13,740,492
13,746,483
13,764,491
13,10,44
13,15,40
13,19,35
13,32,25
13,37,18
13,817,485
13,835,482
13,834,474
13,883,473
13,900,475
13,937,459
13,931,471
13,938,471
13,941,469
13,950,469
13,1012,458
13,1007,453
13,1029,457
13,1027,452
13,1047,460
13,1120,450
13,1119,446
13,1130,449
13,1127,443
13,1131,438
13,1249,418
13,1244,414
13,1244,407
13,1261,408
13,1273,424
13,1271,420
13,1271,415
13,1289,426
13,1283,408
13,1282,397
13,1301,400
13,1311,404
13,1313,396
13,1336,388
13,1332,378
13,1324,375
13,1397,412
13,1406,399
13,1432,337
13,1438,305
13,1445,311
13,1437,204
13,1436,88
13,1428,46
13,1485,160
13,1474,146
13,1512,191
13,1490,432
13,1454,595
13,1382,723
13,1377,713
13,1364,712
13,1373,710
13,1419,632
13,1414,629
13,1385,660
13,1396,565
13,1389,560
13,1404,562
13,1396,557
13,1428,512
13,1421,514
13,1418,509
13,1413,507
13,1406,506
13,1401,496
13,1546,534
13,1543,532
13,1560,437
13,1556,440
13,1552,436
13,1549,440
13,437,791
13,439,799
13,437,802
13,491,780
13,496,776
13,607,773
13,694,760
13,691,756
13,865,561
13,1220,413
13,1257,404
13,302,810
13,375,796
13,374,783
13,371,786
13,403,787
13,397,784
13,1410,540
13,1416,540
13,1407,417
13,1402,412
13,1397,799
13,1401,381
13,1459,31
13,1452,23
13,834,573
13,876,540
13,1415,377
13,1411,377
13,1409,376
13,1425,378
13,1436,362
13,1430,360
13,408,796
14,300,542
14,296,538
14,294,533
14,367,532
14,415,526
14,425,509
14,424,503
14,424,499
14,478,514
14,535,509
14,535,503
14,559,506
14,557,501
14,558,493
14,576,506
14,575,498
14,685,498
14,686,492
14,687,487
14,721,484
14,743,490
14,6,738
14,7,732
14,50,725
14,10,746
14,38,736
14,37,722
14,67,718
14,198,626
14,201,632
14,206,635
14,206,625
14,212,627
14,227,612
14,232,591
14,736,492
14,741,483
14,759,491
14,10,44
14,15,40
14,19,35
14,32,25
14,37,18
14,813,486
14,831,482
14,830,474
14,879,473
14,895,475
14,933,459
14,926,471
14,933,472
14,937,470
14,946,470
14,1007,458
14,1003,453
14,1025,457
14,1023,453
14,1042,460
14,1116,451
14,1115,446
14,1126,450
14,1124,444
14,1127,439
14,1245,419
14,1240,415
14,1240,408
14,1256,410
14,1268,425
14,1267,421
14,1266,416
14,1285,426
14,1278,409
14,1277,398
14,1297,401
14,1307,406
14,1309,398
14,1333,390
14,1329,380
14,1320,377
14,1396,416
14,1406,404
14,1431,341
14,1436,308
14,1443,313
14,1437,208
14,1436,93
14,1428,49
14,1484,173
14,1473,161
14,1513,218
14,1487,452
14,1449,626
14,1381,727
14,1376,717
14,1363,716
14,1372,714
14,1417,637
14,1411,633
14,1384,664
14,1396,568
14,1389,563
14,1403,565
14,1395,560
14,1427,516
14,1420,518
14,1417,514
14,1412,511
14,1404,509
14,1400,500
14,1545,537
14,1542,536
14,1560,441
14,1555,445
14,1550,442
14,1549,446
14,432,791
14,434,799
14,431,803
14,486,781
14,492,776
14,603,774
14,672,757
14,865,561
14,1215,414
14,1253,405
14,371,796
14,370,783
14,367,786
14,399,788
14,392,784
14,1408,544
14,1415,544
14,1406,422
14,1402,417
14,1390,822
14,1400,385
14,1458,34
14,1451,26
14,835,575
14,878,540
14,1414,381
14,1410,381
14,1407,380
14,1423,382
14,1435,366
14,1429,363
14,402,797
15,296,544
15,292,539
15,291,535
15,363,533
15,410,526
15,421,509
15,421,503
15,420,499
15,474,514
15,531,510
15,531,504
15,554,507
15,552,501
15,554,494
15,571,507
15,570,499
15,681,498
15,681,492
15,682,487
15,717,484
15,739,490
15,44,727
15,14,744
15,36,737
15,32,723
15,63,719
15,195,629
15,197,636
15,202,638
15,202,628
15,208,630
15,224,615
15,229,594
15,731,492
15,737,483
15,754,491
15,10,44
15,15,40
15,19,35
15,32,25
15,37,18
15,809,486
15,827,483
15,826,475
15,874,474
15,890,475
15,929,459
15,922,471
15,929,472
15,933,470
15,941,470
15,1003,458
15,998,453
15,1020,457
15,1019,453
15,1037,460
15,1111,452
15,1110,446
15,1122,450
15,1120,444
15,1123,439
15,1241,419
15,1236,415
15,1235,409
15,1251,411
15,1264,426
15,1263,422
15,1262,417
15,1281,426
15,1274,410
15,1273,400
15,1294,402
15,1302,408
15,1306,400
15,1330,391
15,1326,382
15,1317,379
15,1395,421
15,1406,409
15,1431,345
15,1432,312
15,1440,316
15,1437,212
15,1428,53
15,1482,187
15,1473,176
15,1513,244
15,1483,473
15,1443,657
15,1380,732
15,1376,722
15,1363,721
15,1371,719
15,1415,642
15,1409,636
15,1383,667
15,1396,570
15,1389,567
15,1403,569
15,1395,565
15,1426,520
15,1419,521
15,1416,519
15,1411,516
15,1403,513
15,1400,504
15,1545,541
15,1542,539
15,1559,445
15,1554,448
15,1550,444
15,1548,449
15,427,792
15,430,800
15,425,804
15,481,781
15,487,778
15,599,775
15,669,758
15,865,561
15,1210,416
15,1250,406
15,367,797
15,367,783
15,362,787
15,396,788
15,388,784
15,1407,548
15,1414,548
15,1406,426
15,1402,422
15,1384,844
15,1398,389
15,1457,37
15,1451,29
15,836,577
15,881,541
15,1414,385
15,1409,386
15,1405,385
15,1421,387
15,1435,369
15,1428,366
15,397,797
16,292,545
16,288,540
16,287,537
16,359,533
16,405,526
16,416,509
16,417,503
16,416,499
16,470,514
16,527,511
16,527,505
16,550,508
16,548,502
16,550,495
16,567,507
16,566,500
16,676,499
16,677,493
16,677,488
16,713,484
16,735,490
16,42,734
16,39,729
16,10,744
16,27,725
16,59,720
16,193,632
16,194,640
16,199,641
16,199,631
16,205,633
16,221,618
16,226,598
16,727,492
16,732,483
16,750,491
16,772,484
16,773,478
16,769,474
16,10,44
16,15,40
16,19,35
16,32,25
16,37,18
16,806,487
16,823,483
16,822,476
16,870,475
16,886,475
16,926,460
16,918,471
16,926,473
16,928,471
16,937,471
16,999,459
16,994,454
16,1016,458
16,1013,453
16,1032,461
16,1107,453
16,1106,446
16,1118,450
16,1117,444
16,1118,439
16,1237,421
16,1232,416
16,1231,410
16,1247,412
16,1260,427
16,1259,423
16,1258,418
16,1277,426
16,1269,411
16,1269,401
16,1290,403
16,1298,410
16,1302,402
16,1326,393
16,1323,384
16,1313,381
16,1393,425
16,1406,414
16,1431,349
16,1429,315
16,1437,319
16,1437,216
16,1428,57
16,1481,200
16,1472,191
16,1513,272
16,1479,493
16,1436,688
16,1379,736
16,1375,727
16,1362,725
16,1370,723
16,1414,646
16,1407,640
16,1382,671
16,1397,573
16,1389,571
16,1403,572
16,1395,570
16,1425,524
16,1418,524
16,1415,522
16,1410,519
16,1403,517
16,1399,508
16,1544,545
16,1541,543
16,1558,449
16,1553,451
16,1551,447
16,1548,452
16,423,793
16,426,801
16,421,805
16,476,782
16,483,780
16,596,776
16,665,759
16,865,561
16,1205,417
16,1246,407
16,363,798
16,363,784
16,358,787
16,392,789
16,1405,551
16,1413,552
16,1405,431
16,1402,427
16,1377,867
16,1396,394
16,1456,39
16,1451,32
16,838,579
16,883,541
16,1413,389
16,1408,390
16,1403,389
16,1419,391
16,1434,373
16,1427,369
16,392,797
17,289,548
17,285,543
17,284,539
17,355,534
17,401,526
17,413,510
17,414,504
17,413,500
17,467,515
17,524,512
17,523,505
17,546,508
17,544,502
17,547,496
17,563,507
17,562,500
17,672,500
17,672,494
17,673,489
17,709,484
17,731,490
17,38,734
17,35,730
17,8,745
17,22,726
17,55,721
17,190,636
17,192,643
17,197,644
17,195,635
17,202,637
17,218,621
17,223,602
17,723,492
17,728,483
17,745,492
17,767,484
17,768,478
17,765,474
17,10,44
17,15,40
17,19,35
17,32,25
17,37,18
17,802,487
17,819,484
17,818,476
17,866,475
17,881,475
17,922,460
17,913,471
17,922,474
17,923,471
17,933,471
17,994,459
17,991,454
17,1013,458
17,1027,461
17,1102,454
17,1101,447
17,1114,450
17,1113,445
17,1114,439
17,1233,422
17,1227,417
17,1227,411
17,1243,413
17,1255,428
17,1255,424
17,1254,419
17,1272,426
17,1265,412
17,1265,402
17,1286,403
17,1293,411
17,1298,404
17,1323,394
17,1320,385
17,1309,383
17,1392,429
17,1406,419
17,1431,353
17,1426,318
17,1435,321
17,1437,221
17,1428,62
17,1479,212
17,1472,206
17,1511,302
17,1477,513
17,1429,719
17,1378,740
17,1375,731
17,1362,729
17,1369,727
17,1413,651
17,1407,645
17,1381,674
17,1398,575
17,1389,575
17,1403,576
17,1394,575
17,1425,528
17,1418,527
17,1415,526
17,1409,523
17,1403,521
17,1399,512
17,1544,548
17,1541,547
17,1558,453
17,1553,455
17,1551,450
17,1548,455
17,419,794
17,422,801
17,417,806
17,472,784
17,478,782
17,592,777
17,660,760
17,865,561
17,1200,419
17,1243,408
17,359,798
17,359,784
17,354,788
17,387,789
17,1404,555
17,1412,556
17,1405,435
17,1402,432
17,1370,889
17,1395,399
17,1455,42
17,1450,35
17,839,581
17,886,542
17,1413,394
17,1408,394
17,1402,393
17,1419,395
17,1434,376
17,1427,373
17,387,798
18,286,550
18,282,545
18,281,541
18,351,534
18,397,526
18,409,510
18,410,505
18,409,501
18,463,515
18,521,513
18,519,506
18,541,509
18,540,503
18,544,497
18,559,507
18,557,501
18,668,500
18,668,494
18,668,489
18,705,485
18,727,490
18,33,735
18,31,732
18,17,727
18,51,723
18,185,639
18,195,648
18,191,638
18,198,640
18,215,624
18,220,605
18,719,492
18,724,484
18,741,492
18,763,484
18,764,478
18,761,474
18,777,485
18,778,477
18,10,44
18,15,40
18,19,35
18,32,25
18,37,18
18,799,487
18,815,484
18,814,477
18,862,475
18,877,474
18,918,461
18,909,471
18,918,474
18,919,471
18,929,472
18,990,459
18,987,454
18,1009,459
18,1022,462
18,1098,454
18,1097,448
18,1110,450
18,1109,445
18,1110,439
18,1228,423
18,1223,418
18,1223,413
18,1239,414
18,1251,429
18,1251,425
18,1250,420
18,1267,427
18,1262,413
18,1261,403
18,1282,405
18,1288,413
18,1294,406
18,1319,396
18,1316,387
18,1305,386
18,1392,434
18,1405,424
18,1430,357
18,1423,321
18,1432,324
18,1437,225
18,1427,66
18,1478,224
18,1472,221
18,1510,333
18,1475,535
18,1422,749
18,1377,745
18,1374,736
18,1361,734
18,1368,732
18,1411,655
18,1406,650
18,1380,677
18,1399,578
18,1389,580
18,1403,580
18,1394,580
18,1424,532
18,1418,531
18,1414,529
18,1408,526
18,1403,525
18,1399,516
18,1543,552
18,1540,550
18,1558,457
18,1553,458
18,1551,454
18,1547,459
18,415,795
18,417,802
18,413,807
18,589,778
18,674,763
18,673,758
18,655,762
18,865,561
18,1195,421
18,1238,409
18,308,811
18,355,799
18,356,784
18,350,788
18,383,790
18,1403,559
18,1411,559
18,1405,440
18,1402,437
18,1364,912
18,1393,403
18,1455,44
18,1450,38
18,840,583
18,888,542
18,1413,399
18,1408,398
18,1402,398
18,1418,399
18,1434,379
18,1427,377
18,381,798
19,283,553
19,280,548
19,277,543
19,346,534
19,394,526
19,406,511
19,407,505
19,406,501
19,460,516
19,517,514
19,515,507
19,537,510
19,536,504
19,540,499
19,555,507
19,553,502
19,663,501
19,663,495
19,663,490
19,700,486
19,723,490
19,29,736
19,27,733
19,13,729
19,47,724
19,184,641
19,189,640
19,196,643
19,213,627
19,217,608
19,715,493
19,719,483
19,736,493
19,759,484
19,759,479
19,757,475
19,773,485
19,774,477
19,10,44
19,15,40
19,19,35
19,32,25
19,37,18
19,796,488
19,811,484
19,858,475
19,873,474
19,915,461
19,904,471
19,913,475
19,915,472
19,925,472
19,985,459
19,983,454
19,1006,460
19,1018,462
19,1095,454
19,1093,450
19,1106,451
19,1106,446
19,1106,440
19,1224,424
19,1218,419
19,1219,414
19,1235,415
19,1247,431
19,1247,426
19,1247,421
19,1263,428
19,1259,415
19,1258,404
19,1278,406
19,1284,415
19,1291,407
19,1315,397
19,1313,389
19,1302,390
19,1392,439
19,1404,428
19,1429,361
19,1421,324
19,1429,328
19,1438,229
19,1433,185
19,1427,69
19,1478,237
19,1472,236
19,1509,364
19,1472,557
19,1415,780
19,1376,749
19,1373,740
19,1360,737
19,1367,735
19,1409,658
19,1404,654
19,1379,681
19,1399,580
19,1388,583
19,1403,583
19,1394,584
19,1424,536
19,1418,534
19,1414,533
19,1408,530
19,1403,529
19,1399,520
19,1543,555
19,1540,554
19,1559,461
19,1553,461
19,1550,459
19,1546,463
19,411,795
19,413,802
19,409,808
19,585,778
19,670,763
19,671,758
19,649,762
19,865,561
19,1191,423
19,1234,409
19,306,811
19,379,791
19,1403,562
19,1411,563
19,1404,444
19,1401,441
19,1356,934
19,1392,407
19,1454,47
19,1450,41
19,842,585
19,891,543
19,1413,403
19,1408,402
19,1402,402
19,1418,403
19,1433,383
19,1427,381
19,376,799
20,279,555
20,277,550
20,274,544
20,342,534
20,390,526
20,402,511
20,403,506
20,402,502
20,456,516
20,513,514
20,512,507
20,534,510
20,533,504
20,536,499
20,551,507
20,550,502
20,659,501
20,659,495
20,659,490
20,696,487
20,718,489
20,25,739
20,22,734
20,11,729
20,44,726
20,185,642
20,188,642
20,194,645
20,209,629
20,214,612
20,711,493
20,715,483
20,732,493
20,755,484
20,755,479
20,753,475
20,769,485
20,770,477
20,10,44
20,15,40
20,19,35
20,32,25
20,37,18
20,793,488
20,805,483
20,854,475
20,869,474
20,911,461
20,900,471
20,909,475
20,911,472
20,921,472
20,921,455
20,931,454
20,981,459
20,979,454
20,1002,461
20,1000,455
20,1013,463
20,1091,454
20,1088,451
20,1102,451
20,1102,447
20,1102,440
20,1220,426
20,1214,420
20,1215,415
20,1231,416
20,1242,431
20,1242,426
20,1242,421
20,1259,428
20,1254,415
20,1254,405
20,1273,407
20,1280,417
20,1286,409
20,1311,399
20,1309,391
20,1298,391
20,1392,444
20,1403,432
20,1428,365
20,1419,327
20,1426,331
20,1438,233
20,1435,189
20,1426,73
20,1477,249
20,1470,250
20,1509,394
20,1468,578
20,1408,810
20,1376,753
20,1372,744
20,1359,741
20,1366,739
20,1406,661
20,1402,657
20,1378,685
20,1399,584
20,1388,586
20,1403,587
20,1394,587
20,1423,539
20,1417,538
20,1414,536
20,1408,533
20,1404,533
20,1398,524
20,1542,559
20,1539,558
20,1559,465
20,1553,464
20,1549,464
20,1546,467
20,407,795
20,408,802
20,406,808
20,580,778
20,665,763
20,668,758
20,645,762
20,865,561
20,1186,425
20,1230,409
20,375,790
20,1402,566
20,1410,566
20,1403,448
20,1400,445
20,1348,957
20,1392,412
20,1453,50
20,1450,44
20,843,587
20,893,543
20,1413,408
20,1408,406
20,1402,406
20,1417,407
20,1433,386
20,1427,385
20,371,799
21,276,557
21,274,553
21,271,546
21,338,534
21,386,526
21,399,512
21,400,507
21,399,503
21,453,517
21,510,514
21,508,508
21,530,511
21,530,504
21,533,499
21,548,507
21,546,502
21,654,501
21,655,495
21,655,490
21,692,487
21,712,489
21,20,741
21,16,735
21,8,730
21,40,728
21,187,643
21,193,648
21,206,632
21,211,615
21,707,494
21,710,482
21,728,494
21,751,484
21,751,479
21,749,475
21,765,485
21,766,477
21,10,44
21,15,40
21,19,35
21,32,25
21,37,18
21,789,488
21,800,483
21,851,475
21,865,473
21,908,461
21,896,472
21,905,475
21,907,472
21,917,473
21,917,455
21,926,454
21,977,459
21,974,454
21,998,461
21,996,455
21,1009,463
21,1087,454
21,1084,452
21,1098,451
21,1098,447
21,1098,440
21,1215,426
21,1210,421
21,1210,416
21,1227,416
21,1237,431
21,1238,427
21,1237,422
21,1255,429
21,1250,416
21,1251,406
21,1269,407
21,1275,418
21,1280,410
21,1306,401
21,1305,393
21,1294,392
21,1391,448
21,1402,436
21,1427,369
21,1417,330
21,1423,334
21,1438,237
21,1436,193
21,1426,76
21,1476,262
21,1469,264
21,1506,425
21,1449,6
21,1457,6
21,1464,600
21,1399,843
21,1375,757
21,1371,748
21,1358,745
21,1365,742
21,1404,664
21,1399,661
21,1377,688
21,1399,587
21,1388,589
21,1403,590
21,1394,590
21,1422,543
21,1417,542
21,1414,540
21,1408,537
21,1404,537
21,1397,528
21,1542,563
21,1539,561
21,1559,469
21,1553,468
21,1549,468
21,1545,471
21,402,795
21,404,803
21,402,809
21,457,788
21,460,786
21,577,779
21,662,764
21,664,759
21,641,763
21,865,561
21,1181,427
21,1226,409
21,372,789
21,1401,570
21,1409,570
21,1402,452
21,1400,449
21,1341,980
21,1391,416
21,1452,52
21,1449,46
21,842,588
21,895,544
21,1412,412
21,1407,411
21,1401,410
21,1416,411
21,1433,389
21,1426,388
21,365,799
22,273,559
22,271,555
22,267,548
22,335,534
22,381,527
22,395,513
22,396,507
22,395,503
22,449,517
22,506,514
22,504,508
22,527,511
22,526,505
22,529,499
22,544,507
22,542,502
22,650,501
22,651,495
22,651,491
22,688,487
22,707,489
22,16,743
22,13,736
22,38,729
22,185,645
22,191,651
22,203,634
22,207,618
22,703,494
22,706,482
22,723,494
22,747,485
22,747,480
22,745,476
22,761,485
22,762,477
22,10,44
22,15,40
22,19,35
22,32,25
22,37,18
22,786,489
22,847,475
22,861,473
22,905,461
22,892,472
22,900,475
22,902,472
22,913,473
22,913,455
22,922,454
22,973,459
22,970,455
22,994,461
22,992,455
22,1005,464
22,1083,454
22,1080,453
22,1094,452
22,1094,448
22,1094,441
22,1211,426
22,1206,422
22,1205,417
22,1223,417
22,1233,432
22,1234,428
22,1233,423
22,1252,430
22,1246,417
22,1247,408
22,1264,407
22,1271,419
22,1275,411
22,1302,402
22,1301,394
22,1291,393
22,1390,452
22,1402,440
22,1425,373
22,1414,332
22,1420,337
22,1438,241
22,1437,196
22,1426,80
22,1475,275
22,1467,278
22,1503,456
22,1451,9
22,1458,8
22,1460,622
22,1391,875
22,1374,761
22,1370,752
22,1356,749
22,1363,746
22,1402,668
22,1398,665
22,1375,692
22,1399,590
22,1388,592
22,1403,593
22,1394,592
22,1422,546
22,1416,545
22,1414,543
22,1409,540
22,1404,540
22,1396,531
22,1541,566
22,1538,565
22,1558,472
22,1553,473
22,1549,472
22,1545,474
22,397,795
22,400,803
22,397,809
22,452,788
22,456,786
22,574,779
22,658,764
22,659,759
22,637,764
22,865,561
22,1176,429
22,1221,409
22,369,789
22,1401,573
22,1408,573
22,1402,457
22,1399,453
22,1333,1000
22,1390,420
22,1451,55
22,1449,49
22,840,588
22,897,545
22,1412,416
22,1407,415
22,1401,415
22,1416,415
22,1432,393
22,1426,392
22,360,799
23,271,562
23,269,558
23,265,551
23,332,534
23,377,528
23,391,514
23,393,508
23,392,503
23,446,517
23,502,515
23,501,509
23,523,512
23,523,505
23,525,499
23,540,508
23,539,502
23,645,501
23,647,495
23,647,491
23,683,487
23,703,489
23,10,745
23,10,737
23,34,730
23,200,636
23,204,621
23,699,495
23,702,482
23,719,494
23,743,485
23,743,480
23,741,476
23,757,486
23,758,477
23,10,44
23,15,40
23,19,35
23,32,25
23,37,18
23,782,489
23,843,475
23,857,473
23,901,461
23,888,472
23,896,475
23,898,472
23,909,474
23,908,455
23,917,454
23,969,459
23,966,455
23,990,461
23,988,455
23,1000,464
23,1079,455
23,1076,453
23,1091,452
23,1090,448
23,1091,441
23,1207,426
23,1202,424
23,1200,418
23,1219,417
23,1228,432
23,1229,428
23,1228,423
23,1248,431
23,1241,417
23,1244,409
23,1261,409
23,1267,420
23,1272,412
23,1299,403
23,1298,395
23,1287,394
23,1389,456
23,1402,444
23,1424,376
23,1412,334
23,1418,339
23,1439,245
23,1438,200
23,1475,288
23,1466,293
23,1499,489
23,1432,40
23,1426,37
23,1452,11
23,1459,10
23,1457,645
23,1384,905
23,1373,765
23,1369,756
23,1355,753
23,1362,750
23,1401,672
23,1396,669
23,1374,696
23,1399,593
23,1388,595
23,1403,596
23,1394,595
23,1421,549
23,1416,549
23,1414,547
23,1409,544
23,1404,544
23,1396,535
23,1541,570
23,1538,569
23,1557,475
23,1553,478
23,1549,476
23,1544,478
23,393,795
23,396,803
23,393,809
23,447,788
23,453,786
23,572,780
23,655,764
23,654,759
23,633,763
23,865,561
23,1173,430
23,1218,409
23,366,788
23,1401,577
23,1408,577
23,1401,461
23,1399,457
23,1389,424
23,1450,57
23,1449,52
23,838,589
23,900,545
23,1412,420
23,1407,419
23,1400,419
23,1415,419
23,1432,396
23,1426,396
23,354,799
24,270,565
24,266,560
24,262,554
24,329,534
24,373,529
24,387,515
24,389,508
24,389,503
24,443,517
24,498,515
24,497,510
24,520,513
24,520,506
24,521,499
24,536,508
24,535,502
24,641,501
24,643,496
24,643,492
24,679,488
24,699,489
24,8,745
24,7,737
24,31,731
24,197,639
24,201,625
24,696,495
24,698,482
24,714,494
24,739,485
24,739,480
24,737,476
24,753,486
24,754,477
24,10,44
24,15,40
24,19,35
24,32,25
24,37,18
24,779,489
24,839,475
24,854,473
24,898,462
24,884,473
24,891,475
24,894,472
24,905,474
24,904,455
24,913,454
24,966,460
24,962,456
24,986,461
24,984,455
24,996,464
24,1075,456
24,1072,453
24,1087,452
24,1086,448
24,1087,441
24,1203,427
24,1198,425
24,1196,419
24,1215,418
24,1224,433
24,1225,429
24,1224,424
24,1244,432
24,1237,418
24,1240,410
24,1257,410
24,1264,420
24,1268,413
24,1296,404
24,1294,396
24,1282,395
24,1389,460
24,1401,449
24,1423,379
24,1409,336
24,1415,342
24,1439,248
24,1439,204
24,1475,302
24,1466,306
24,1496,523
24,1432,44
24,1426,42
24,1460,12
24,1454,666
24,1377,936
24,1372,769
24,1368,760
24,1355,757
24,1361,754
24,1399,677
24,1395,674
24,1374,700
24,1399,597
24,1388,598
24,1403,600
24,1394,599
24,1421,553
24,1416,553
24,1414,550
24,1409,547
24,1404,548
24,1395,539
24,1540,573
24,1537,572
24,1557,477
24,1555,482
24,1549,480
24,1544,481
24,391,795
24,393,803
24,391,809
24,443,788
24,449,787
24,569,780
24,652,764
24,650,759
24,630,762
24,865,561
24,1170,432
24,1214,410
24,363,789
24,1401,580
24,1408,580
24,1401,465
24,1399,461
24,1389,428
24,1449,60
24,1448,55
24,837,589
24,902,546
24,1412,424
24,1407,423
24,1400,423
24,1415,423
24,1432,399
24,1426,400
25,268,568
25,264,563
25,260,557
25,326,534
25,368,529
25,383,515
25,385,509
25,385,503
25,439,517
25,495,515
25,494,510
25,517,513
25,516,506
25,518,499
25,533,508
25,532,502
25,637,501
25,639,496
25,639,492
25,676,488
25,696,489
25,28,732
25,196,642
25,199,628
25,693,496
25,694,482
25,710,494
25,735,486
25,735,481
25,733,476
25,750,486
25,751,477
25,10,44
25,15,40
25,19,35
25,32,25
25,37,18
25,776,489
25,835,475
25,851,474
25,895,462
25,880,473
25,888,475
25,891,472
25,901,474
25,900,455
25,908,454
25,962,460
25,958,456
25,982,461
25,980,455
25,992,465
25,1071,456
25,1069,453
25,1084,453
25,1082,449
25,1199,428
25,1194,426
25,1193,421
25,1212,420
25,1221,434
25,1222,429
25,1220,425
25,1240,432
25,1234,419
25,1235,411
25,1254,411
25,1260,420
25,1265,414
25,1293,404
25,1291,396
25,1278,395
25,1389,465
25,1401,453
25,1422,383
25,1407,338
25,1412,344
25,1440,252
25,1440,208
25,1475,316
25,1466,320
25,1494,555
25,1432,48
25,1426,46
25,1461,15
25,1485,13
25,1451,686
25,1371,967
25,1372,773
25,1368,764
25,1355,761
25,1361,758
25,1398,681
25,1393,678
25,1374,703
25,1399,600
25,1388,602
25,1403,604
25,1394,602
25,1420,556
25,1415,557
25,1413,554
25,1409,551
25,1404,552
25,1395,543
25,1540,577
25,1537,576
25,1558,483
25,1555,485
25,1549,484
25,1544,485
25,388,796
25,389,804
25,388,809
25,438,789
25,445,788
25,566,780
25,649,764
25,646,759
25,626,763
25,865,561
25,1167,433
25,1211,411
25,360,792
25,1401,583
25,1407,583
25,1402,469
25,1399,465
25,1389,433
25,1449,64
25,1448,58
25,835,590
25,904,547
25,1412,428
25,1407,428
25,1400,427
25,1415,428
25,1432,403
25,1425,404
26,267,571
26,262,565
26,257,560
26,323,534
26,364,530
26,379,516
26,382,509
26,382,503
26,436,517
26,491,516
26,490,511
26,513,514
26,513,507
26,514,500
26,529,509
26,528,503
26,633,501
26,635,497
26,635,492
26,672,489
26,692,490
26,25,733
26,195,645
26,197,632
26,691,496
26,691,482
26,706,494
26,732,486
26,732,481
26,729,477
26,746,486
26,747,478
26,10,44
26,15,40
26,19,35
26,32,25
26,37,18
26,773,489
26,831,476
26,848,475
26,892,463
26,877,474
26,885,476
26,887,472
26,897,475
26,896,455
26,904,454
26,958,461
26,955,456
26,979,461
26,977,455
26,988,465
26,1068,456
26,1065,453
26,1081,453
26,1079,449
26,1195,429
26,1190,427
26,1189,422
26,1209,421
26,1217,434
26,1218,430
26,1216,425
26,1236,433
26,1230,420
26,1231,411
26,1250,412
26,1256,422
26,1261,416
26,1289,406
26,1288,399
26,1275,397
26,1389,470
26,1401,458
26,1422,386
26,1404,340
26,1409,347
26,1441,256
26,1441,213
26,1475,330
26,1465,333
26,1492,588
26,1431,52
26,1425,51
26,1456,21
26,1462,19
26,1487,26
26,1445,710
26,1362,998
26,1372,777
26,1368,769
26,1355,766
26,1360,763
26,1398,685
26,1393,682
26,1373,706
26,1399,604
26,1388,605
26,1403,607
26,1394,606
26,1420,560
26,1415,560
26,1412,557
26,1408,555
26,1403,555
26,1395,547
26,1540,581
26,1537,580
26,1559,488
26,1554,488
26,1550,488
26,1545,489
26,385,796
26,386,804
26,385,809
26,434,790
26,441,789
26,561,780
26,646,764
26,643,759
26,622,764
26,865,561
26,1165,435
26,1208,413
26,355,792
26,1401,587
26,1407,587
26,1402,474
26,1399,470
26,1389,437
26,1449,67
26,1448,62
26,833,590
26,906,547
26,1412,432
26,1407,432
26,1400,431
26,1416,432
26,1432,406
26,1425,407
27,260,568
27,255,563
27,319,535
27,360,531
27,376,517
27,378,510
27,379,504
27,432,517
27,487,516
27,487,511
27,509,514
27,509,508
27,510,501
27,525,510
27,524,504
27,629,502
27,631,498
27,631,492
27,668,489
27,689,490
27,22,734
27,195,635
27,688,497
27,687,482
27,702,494
27,728,487
27,728,482
27,725,477
27,743,486
27,744,478
27,10,44
27,15,40
27,19,35
27,32,25
27,37,18
27,770,490
27,777,482
27,827,476
27,844,476
27,888,463
27,874,474
27,881,476
27,884,472
27,893,475
27,892,456
27,900,455
27,954,461
27,951,456
27,975,461
27,973,455
27,984,465
27,1065,456
27,1062,453
27,1078,453
27,1076,449
27,1192,431
27,1187,429
27,1186,424
27,1206,423
27,1213,435
27,1214,430
27,1212,426
27,1232,433
27,1227,421
27,1226,412
27,1247,413
27,1251,424
27,1257,418
27,1285,408
27,1285,401
27,1271,399
27,1389,475
27,1400,462
27,1422,390
27,1401,342
27,1406,349
27,1441,260
27,1440,216
27,1475,344
27,1464,345
27,1487,622
27,1431,55
27,1425,55
27,1457,23
27,1463,22
27,1488,45
27,1439,734
27,1353,1029
27,1371,781
27,1367,774
27,1355,770
27,1359,768
27,1399,690
27,1394,687
27,1373,710
27,1399,607
27,1389,608
27,1404,611
27,1394,609
27,1420,564
27,1414,563
27,1411,561
27,1407,559
27,1403,559
27,1395,551
27,1542,585
27,1539,583
27,1559,491
27,1554,492
27,1550,491
27,1546,492
27,381,797
27,382,805
27,381,810
27,430,791
27,437,790
27,559,780
27,643,764
27,639,759
27,620,764
27,865,561
27,1161,434
27,1205,415
27,1400,590
27,1407,590
27,1403,478
27,1399,474
27,1390,441
27,1448,71
27,1448,65
27,833,591
27,909,549
27,1413,437
27,1407,437
27,1401,436
27,1416,437
27,1432,410
27,1424,410
28,259,571
28,253,565
28,315,536
28,356,532
28,372,518
28,374,511
28,375,505
28,429,518
28,483,516
28,484,512
28,505,514
28,505,508
28,507,502
28,521,510
28,520,505
28,626,502
28,627,498
28,627,492
28,664,490
28,685,490
28,19,735
28,194,638
28,685,498
28,683,482
28,698,495
28,724,487
28,724,482
28,722,477
28,739,486
28,740,479
28,10,44
28,15,40
28,19,35
28,32,25
28,37,18
28,767,490
28,773,482
28,775,477
28,823,477
28,841,477
28,886,464
28,870,475
28,878,477
28,880,472
28,889,475
28,887,457
28,895,455
28,950,462
28,948,456
28,972,461
28,970,455
28,980,465
28,1062,456
28,1058,452
28,1074,454
28,1072,449
28,1188,432
28,1183,430
28,1182,424
28,1202,423
28,1209,435
28,1210,430
28,1208,426
28,1228,433
28,1223,422
28,1221,412
28,1243,414
28,1247,426
28,1253,420
28,1281,410
28,1282,404
28,1268,401
28,1389,479
28,1400,466
28,1421,393
28,1398,344
28,1402,351
28,1442,264
28,1439,220
28,1475,357
28,1464,358
28,1482,656
28,1430,59
28,1424,59
28,1458,26
28,1464,26
28,1489,63
28,1436,756
28,1371,785
28,1367,778
28,1355,774
28,1359,772
28,1399,694
28,1394,692
28,1372,713
28,1399,611
28,1389,611
28,1404,615
28,1394,613
28,1420,567
28,1414,567
28,1410,564
28,1406,562
28,1402,562
28,1395,555
28,1542,588
28,1539,586
28,1559,495
28,1554,496
28,1551,495
28,1546,496
28,378,798
28,379,806
28,378,810
28,427,792
28,433,791
28,556,781
28,640,764
28,637,760
28,617,764
28,865,561
28,1158,433
28,1202,417
28,1399,595
28,1409,595
28,1404,482
28,1399,478
28,1390,445
28,1448,74
28,1448,68
28,833,591
28,912,550
28,1413,441
28,1408,441
28,1402,440
28,1417,442
28,1432,413
28,1424,414
29,258,575
29,251,568
29,312,537
29,353,532
29,369,519
29,371,512
29,372,507
29,425,519
29,480,517
29,481,512
29,502,514
29,501,509
29,503,503
29,517,511
29,517,506
29,622,502
29,623,499
29,623,492
29,661,490
29,682,490
29,15,736
29,682,498
29,679,482
29,694,495
29,721,487
29,721,482
29,718,477
29,736,486
29,737,479
29,10,44
29,15,40
29,19,35
29,32,25
29,37,18
29,764,490
29,769,482
29,771,477
29,819,477
29,837,477
29,883,465
29,865,476
29,874,477
29,876,472
29,885,475
29,883,458
29,891,456
29,946,463
29,943,456
29,968,462
29,967,456
29,975,465
29,1059,456
29,1055,452
29,1071,454
29,1069,449
29,1185,434
29,1179,431
29,1178,425
29,1198,424
29,1206,436
29,1206,431
29,1204,427
29,1224,434
29,1219,423
29,1217,414
29,1238,414
29,1242,427
29,1250,420
29,1277,411
29,1278,404
29,1264,401
29,1390,483
29,1399,471
29,1421,397
29,1395,346
29,1398,353
29,1442,268
29,1439,224
29,1474,371
29,1464,372
29,1477,688
29,1429,62
29,1422,62
29,1460,29
29,1466,30
29,1489,83
29,1430,784
29,1370,789
29,1366,782
29,1354,778
29,1358,777
29,1398,698
29,1394,696
29,1372,716
29,1399,614
29,1389,615
29,1404,618
29,1394,616
29,1419,571
29,1414,570
29,1409,568
29,1405,566
29,1401,566
29,1396,559
29,1541,592
29,1538,590
29,1559,499
29,1554,500
29,1551,499
29,1546,500
29,374,799
29,375,806
29,374,810
29,424,794
29,429,792
29,553,782
29,637,764
29,634,761
29,611,764
29,718,747
29,865,561
29,1155,433
29,1199,419
29,1398,599
29,1411,599
29,1405,486
29,1399,482
29,1390,450
29,1448,77
29,1448,72
29,833,591
29,915,552
29,1414,445
29,1408,445
29,1403,444
29,1417,446
29,1432,417
29,1424,417
30,249,570
30,308,538
30,349,533
30,366,520
30,367,513
30,369,508
30,422,520
30,476,517
30,477,513
30,498,514
30,497,510
30,500,505
30,513,512
30,513,507
30,618,503
30,619,500
30,619,493
30,658,490
30,678,490
30,12,737
30,679,498
30,676,482
30,690,495
30,716,488
30,716,483
30,713,478
30,731,487
30,733,480
30,10,44
30,15,40
30,19,35
30,32,25
30,37,18
30,760,491
30,765,482
30,768,478
30,771,474
30,815,477
30,834,477
30,881,465
30,861,477
30,870,478
30,872,473
30,881,475
30,879,460
30,887,457
30,941,463
30,938,457
30,965,462
30,963,456
30,970,467
30,1057,456
30,1051,452
30,1068,455
30,1066,449
30,1182,436
30,1175,433
30,1174,426
30,1194,424
30,1202,437
30,1201,433
30,1200,427
30,1220,434
30,1215,425
30,1213,415
30,1234,415
30,1238,428
30,1246,421
30,1273,413
30,1274,404
30,1260,401
30,1391,487
30,1399,475
30,1421,400
30,1392,348
30,1394,355
30,1442,272
30,1438,228
30,1474,384
30,1464,386
30,1471,722
30,1428,66
30,1420,66
30,1460,32
30,1466,33
30,1489,102
30,1423,806
30,1370,793
30,1365,786
30,1352,782
30,1358,781
30,1397,702
30,1392,699
30,1371,720
30,1398,618
30,1388,617
30,1404,623
30,1393,619
30,1418,574
30,1414,573
30,1408,571
30,1405,570
30,1400,569
30,1396,563
30,1541,595
30,1537,593
30,1559,502
30,1553,503
30,1551,503
30,1545,503
30,370,799
30,371,807
30,370,811
30,420,795
30,424,793
30,550,783
30,634,764
30,631,761
30,714,748
30,865,561
30,1150,435
30,1194,420
30,1397,601
30,1411,603
30,1406,490
30,1400,487
30,1391,454
30,1448,81
30,1446,74
30,833,591
30,919,553
30,1411,449
30,1410,450
30,1403,447
30,1418,451
30,1433,420
30,1425,421
