1,1547,457
1,1567,443
1,1581,466
1,1580,460
1,1599,445
1,1593,437
1,1679,434
1,1676,426
1,1524,448
1,1705,427
1,1709,434
1,1527,441
1,1526,435
1,1470,468
1,1472,457
1,1469,451
1,1472,444
1,1449,458
1,1454,453
1,1447,447
1,1404,465
1,1409,453
1,1416,451
1,1416,443
1,1394,447
1,1352,465
1,1307,483
1,1306,479
1,1321,449
1,1241,469
1,1244,458
1,1184,513
1,1184,506
1,1164,461
1,1404,461
1,999,356
1,746,467
1,751,482
1,748,486
1,750,493
1,823,473
1,834,472
1,834,465
1,841,493
1,839,488
1,844,483
1,881,359
1,898,374
1,900,365
1,967,371
1,933,499
1,931,488
1,966,492
1,962,485
1,1023,417
1,1027,408
1,1029,404
1,1033,485
1,1039,481
1,1039,475
1,1057,471
1,1055,480
1,1092,457
1,524,738
1,392,534
1,391,525
1,389,517
1,327,538
1,326,531
1,318,530
1,1873,993
1,1883,992
1,1912,1006
1,1913,993
1,1783,860
1,1788,854
1,1860,787
1,1850,779
1,1853,747
1,1861,749
1,1647,937
1,1513,1008
1,1566,1039
1,1557,1033
1,1683,458
1,1684,464
1,1699,447
1,1764,391
1,1859,370
1,1866,386
1,1847,426
1,1850,421
1,1801,512
1,1792,514
1,1787,543
1,1736,439
1,129,583
1,25,619
1,1286,1046
2,1544,457
2,1563,443
2,1577,466
2,1576,460
2,1595,446
2,1590,438
2,1676,434
2,1673,427
2,1520,448
2,1702,429
2,1706,435
2,1523,441
2,1524,435
2,1467,468
2,1469,457
2,1466,451
2,1468,444
2,1446,458
2,1451,453
2,1444,447
2,1401,466
2,1406,453
2,1413,451
2,1413,443
2,1389,448
2,1348,466
2,1303,484
2,1303,479
2,1317,450
2,1238,470
2,1240,459
2,1189,514
2,1188,507
2,1160,461
2,1401,462
2,1013,364
2,741,467
2,754,484
2,752,489
2,754,495
2,819,473
2,831,473
2,830,466
2,837,494
2,835,488
2,839,483
2,877,359
2,894,374
2,896,364
2,963,370
2,930,499
2,928,489
2,963,492
2,958,485
2,1021,415
2,1024,406
2,1026,401
2,1029,486
2,1034,481
2,1034,475
2,1052,471
2,1051,480
2,1090,455
2,521,734
2,388,535
2,387,526
2,386,517
2,323,538
2,322,532
2,314,530
2,1870,989
2,1880,988
2,1908,1004
2,1911,991
2,1779,858
2,1784,852
2,1856,789
2,1846,781
2,1853,743
2,1861,745
2,1659,923
2,1506,1010
2,1566,1039
2,1557,1033
2,1683,458
2,1684,464
2,1699,447
2,1769,391
2,1854,373
2,1874,384
2,1843,426
2,1850,423
2,1799,510
2,1791,513
2,1787,543
2,1738,437
2,125,584
2,20,621
2,1282,1047
3,1542,457
3,1560,443
3,1573,466
3,1572,461
3,1591,447
3,1588,440
3,1674,435
3,1670,428
3,1517,449
3,1699,431
3,1703,437
3,1520,442
3,1522,436
3,1464,468
3,1466,458
3,1464,451
3,1464,444
3,1444,458
3,1449,453
3,1441,448
3,1399,467
3,1403,454
3,1410,451
3,1410,444
3,1385,449
3,1344,467
3,1299,485
3,1300,479
3,1314,451
3,1235,471
3,1237,460
3,1194,515
3,1193,508
3,1156,461
3,1399,463
3,1021,375
3,736,467
3,758,486
3,757,492
3,758,497
3,816,473
3,828,474
3,826,467
3,834,495
3,832,489
3,835,483
3,873,359
3,890,375
3,892,364
3,959,370
3,927,500
3,926,490
3,960,493
3,955,486
3,1020,413
3,1021,405
3,1023,398
3,1025,487
3,1030,481
3,1029,476
3,1048,472
3,1048,480
3,1088,454
3,518,731
3,384,536
3,383,527
3,383,518
3,319,538
3,318,533
3,310,531
3,1867,986
3,1878,985
3,1905,1002
3,1909,989
3,1776,856
3,1780,850
3,1853,791
3,1843,783
3,1854,739
3,1862,741
3,1671,909
3,1500,1013
3,1566,1039
3,1557,1033
3,1774,392
3,1849,376
3,1881,382
3,1842,424
3,1849,424
3,1797,509
3,1791,512
3,1788,543
3,1741,435
3,122,586
3,16,624
3,1279,1049
4,1540,457
4,1557,444
4,1570,467
4,1568,462
4,1588,448
4,1586,442
4,1672,436
4,1667,429
4,1514,450
4,1696,433
4,1700,439
4,1517,443
4,1520,437
4,1461,469
4,1464,459
4,1462,452
4,1461,444
4,1442,458
4,1447,454
4,1439,449
4,1397,468
4,1400,455
4,1408,451
4,1408,445
4,1381,450
4,1340,468
4,1295,486
4,1297,480
4,1311,452
4,1232,473
4,1234,462
4,1199,516
4,1198,509
4,1152,461
4,1397,465
4,1029,386
4,732,467
4,762,488
4,762,495
4,762,500
4,813,474
4,825,476
4,822,469
4,831,496
4,829,490
4,831,484
4,869,359
4,887,376
4,889,364
4,955,370
4,924,501
4,924,492
4,957,494
4,952,487
4,1019,412
4,1018,404
4,1020,396
4,1022,489
4,1026,482
4,1025,477
4,1044,473
4,1045,481
4,1087,453
4,516,727
4,381,538
4,380,529
4,380,519
4,315,539
4,315,534
4,307,532
4,1865,982
4,1876,981
4,1901,1000
4,1907,987
4,1773,854
4,1777,849
4,1850,793
4,1840,785
4,1855,735
4,1862,737
4,1684,896
4,1493,1016
4,1566,1039
4,1557,1033
4,1779,393
4,1845,379
4,1878,379
4,1841,422
4,1849,426
4,1789,544
4,1744,433
4,118,588
4,11,626
4,1276,1050
5,1536,457
5,1552,444
5,1565,467
5,1563,461
5,1583,448
5,1582,442
5,1667,436
5,1663,429
5,1511,450
5,1692,433
5,1696,439
5,1514,443
5,1516,436
5,1457,469
5,1460,459
5,1458,452
5,1457,444
5,1439,459
5,1444,454
5,1436,449
5,1393,468
5,1396,455
5,1404,451
5,1404,445
5,1377,451
5,1335,468
5,1291,485
5,1292,479
5,1307,452
5,1227,472
5,1229,462
5,1203,515
5,1202,508
5,1148,461
5,1393,465
5,1032,397
5,727,466
5,766,490
5,765,497
5,765,502
5,808,474
5,820,476
5,818,468
5,826,495
5,825,489
5,827,484
5,864,358
5,883,375
5,884,364
5,952,370
5,920,501
5,920,492
5,952,494
5,948,487
5,1016,409
5,1015,401
5,1017,393
5,1017,489
5,1022,482
5,1020,477
5,1039,473
5,1040,481
5,1084,450
5,513,724
5,378,539
5,376,529
5,377,520
5,311,541
5,311,536
5,303,533
5,1862,979
5,1873,978
5,1898,998
5,1905,985
5,1770,852
5,1773,847
5,1846,795
5,1837,787
5,1856,731
5,1863,733
5,1696,883
5,1487,1019
5,1566,1039
5,1557,1033
5,1784,394
5,1842,381
5,1881,378
5,1841,420
5,1849,422
5,1788,544
5,1747,432
5,115,590
5,7,628
5,1273,1052
6,1532,457
6,1548,444
6,1561,468
6,1559,461
6,1579,449
6,1578,442
6,1663,436
6,1659,429
6,1508,450
6,1688,433
6,1692,439
6,1511,443
6,1513,436
6,1454,469
6,1457,459
6,1455,452
6,1454,445
6,1436,460
6,1442,455
6,1433,449
6,1390,468
6,1393,455
6,1400,452
6,1401,446
6,1373,452
6,1330,468
6,1287,485
6,1288,479
6,1303,452
6,1223,471
6,1225,463
6,1207,514
6,1206,507
6,1144,461
6,1390,465
6,1036,408
6,723,465
6,770,492
6,769,499
6,769,504
6,804,474
6,816,476
6,814,468
6,822,494
6,821,489
6,823,484
6,860,358
6,879,375
6,880,364
6,948,369
6,917,501
6,916,492
6,948,494
6,944,487
6,1013,406
6,1012,399
6,1014,391
6,1013,489
6,1018,482
6,1016,477
6,1035,473
6,1036,481
6,1081,448
6,510,720
6,375,540
6,373,530
6,374,521
6,307,544
6,307,539
6,300,534
6,1859,975
6,1871,974
6,1894,996
6,1903,983
6,1767,850
6,1769,845
6,1843,797
6,1834,789
6,1857,727
6,1863,729
6,1708,870
6,1480,1022
6,1566,1039
6,1557,1033
6,1789,392
6,1839,383
6,1840,418
6,1849,418
6,1787,545
6,1752,430
6,111,592
6,1270,1054
7,1528,457
7,1543,444
7,1557,469
7,1554,461
7,1574,449
7,1574,442
7,1658,436
7,1655,430
7,1505,451
7,1685,433
7,1688,439
7,1508,443
7,1509,436
7,1451,469
7,1453,459
7,1452,453
7,1451,446
7,1433,461
7,1440,456
7,1431,450
7,1386,469
7,1390,456
7,1397,453
7,1397,446
7,1369,453
7,1326,468
7,1283,485
7,1283,478
7,1299,452
7,1219,471
7,1221,463
7,1211,513
7,1210,507
7,1140,461
7,1386,465
7,1041,417
7,718,464
7,774,494
7,773,501
7,773,507
7,800,474
7,812,476
7,810,468
7,817,494
7,817,489
7,819,484
7,856,358
7,875,375
7,876,365
7,944,369
7,913,501
7,912,492
7,943,494
7,940,487
7,1010,404
7,1009,396
7,1011,389
7,1008,489
7,1014,483
7,1012,477
7,1030,473
7,1031,482
7,1078,446
7,508,717
7,372,542
7,370,531
7,372,523
7,304,547
7,303,542
7,297,536
7,1857,972
7,1869,971
7,1891,994
7,1901,982
7,1764,849
7,1766,844
7,1840,799
7,1831,791
7,1858,724
7,1864,725
7,1720,858
7,1474,1025
7,1566,1039
7,1557,1033
7,1793,392
7,1835,384
7,1840,416
7,1849,414
7,1786,545
7,1755,428
7,108,594
7,1266,1055
8,1524,457
8,1539,444
8,1553,470
8,1550,461
8,1570,450
8,1570,442
8,1654,436
8,1651,430
8,1502,451
8,1681,433
8,1684,439
8,1505,443
8,1506,436
8,1448,469
8,1450,459
8,1449,453
8,1448,447
8,1430,462
8,1438,457
8,1428,450
8,1383,469
8,1387,456
8,1393,454
8,1394,447
8,1365,454
8,1321,468
8,1279,485
8,1279,478
8,1295,452
8,1215,470
8,1217,464
8,1215,512
8,1214,506
8,1136,461
8,1383,466
8,1046,426
8,714,463
8,778,496
8,777,503
8,777,509
8,796,474
8,808,476
8,806,468
8,813,493
8,813,489
8,815,484
8,852,358
8,871,375
8,872,365
8,940,369
8,910,501
8,908,492
8,939,494
8,936,487
8,1007,401
8,1006,394
8,1008,387
8,1004,489
8,1010,483
8,1008,477
8,1026,473
8,1027,482
8,1075,444
8,505,712
8,367,543
8,365,532
8,367,523
8,299,548
8,299,542
8,293,537
8,1853,968
8,1865,967
8,1887,990
8,1897,980
8,1759,848
8,1762,843
8,1835,800
8,1826,793
8,1857,720
8,1864,721
8,1733,848
8,1467,1028
8,1566,1039
8,1557,1033
8,1797,392
8,1831,385
8,1839,413
8,1846,413
8,1785,546
8,1758,426
8,105,595
8,1262,1056
9,1521,457
9,1535,445
9,1549,471
9,1546,461
9,1566,451
9,1566,442
9,1650,437
9,1648,431
9,1499,452
9,1678,434
9,1681,440
9,1502,443
9,1503,436
9,1445,469
9,1447,460
9,1446,454
9,1445,448
9,1428,463
9,1436,458
9,1426,451
9,1380,470
9,1384,457
9,1390,455
9,1391,448
9,1362,455
9,1317,469
9,1276,485
9,1275,478
9,1292,453
9,1211,470
9,1213,465
9,1220,511
9,1219,506
9,1132,461
9,1379,465
9,1050,437
9,710,462
9,782,498
9,781,505
9,781,512
9,792,474
9,804,477
9,802,468
9,809,493
9,809,489
9,811,484
9,848,358
9,867,375
9,868,366
9,937,369
9,907,501
9,905,493
9,935,494
9,932,487
9,1004,399
9,1004,392
9,1006,385
9,1000,489
9,1006,484
9,1004,478
9,1022,474
9,1023,483
9,1072,442
9,503,708
9,363,544
9,360,533
9,362,523
9,295,550
9,295,543
9,290,539
9,1849,964
9,1861,963
9,1884,987
9,1894,979
9,1755,848
9,1758,842
9,1831,802
9,1822,796
9,1856,716
9,1865,718
9,1917,615
9,1747,839
9,1461,1031
9,1566,1039
9,1557,1033
9,1801,392
9,1828,387
9,1834,406
9,1843,411
9,1784,546
9,1762,425
9,102,597
9,1259,1057
10,1517,457
10,1530,445
10,1544,471
10,1541,462
10,1560,451
10,1561,441
10,1645,437
10,1643,431
10,1495,451
10,1674,433
10,1676,440
10,1497,443
10,1499,436
10,1442,469
10,1444,460
10,1442,454
10,1441,448
10,1425,463
10,1432,457
10,1422,451
10,1377,470
10,1379,457
10,1387,455
10,1386,448
10,1357,455
10,1312,468
10,1272,485
10,1270,478
10,1287,453
10,1207,470
10,1208,464
10,1223,511
10,1222,505
10,1127,461
10,1375,464
10,1055,448
10,705,460
10,786,499
10,784,506
10,783,513
10,787,473
10,799,477
10,797,468
10,804,493
10,805,488
10,807,483
10,843,358
10,861,375
10,863,366
10,932,369
10,903,501
10,901,493
10,930,493
10,927,486
10,1001,396
10,1001,389
10,1003,382
10,995,489
10,1001,483
10,999,477
10,1017,473
10,1018,483
10,1068,439
10,501,704
10,358,544
10,356,533
10,356,524
10,291,551
10,290,544
10,285,540
10,1845,960
10,1858,959
10,1880,984
10,1890,978
10,1750,847
10,1754,841
10,1826,803
10,1817,798
10,1856,712
10,1865,713
10,1915,619
10,1758,833
10,1448,1034
10,1566,1039
10,1557,1033
10,1803,390
10,1824,388
10,1833,403
10,1844,405
10,1783,547
10,1764,424
10,1864,354
10,1632,472
10,1632,466
10,98,598
10,1255,1058
11,1514,457
11,1526,445
11,1539,472
11,1537,464
11,1555,451
11,1556,441
11,1641,438
11,1639,431
11,1491,451
11,1670,433
11,1672,440
11,1493,443
11,1496,437
11,1439,470
11,1441,461
11,1439,455
11,1438,448
11,1422,463
11,1429,457
11,1419,451
11,1374,470
11,1374,458
11,1384,456
11,1382,449
11,1352,455
11,1307,468
11,1268,486
11,1265,479
11,1283,453
11,1203,470
11,1203,464
11,1227,511
11,1226,504
11,1122,462
11,1372,463
11,1060,460
11,700,459
11,790,501
11,788,507
11,786,515
11,783,472
11,795,477
11,793,468
11,800,493
11,801,488
11,803,483
11,838,358
11,856,375
11,859,366
11,928,370
11,899,501
11,898,493
11,926,493
11,923,486
11,998,394
11,998,387
11,1000,380
11,991,490
11,996,483
11,994,476
11,1012,473
11,1013,483
11,1065,436
11,499,700
11,354,545
11,353,534
11,351,526
11,287,552
11,286,545
11,281,541
11,1841,956
11,1854,955
11,1877,981
11,1887,977
11,1746,847
11,1750,840
11,1822,805
11,1813,801
11,1855,708
11,1866,709
11,1914,624
11,1769,828
11,1436,1038
11,1566,1039
11,1557,1033
11,1805,388
11,1821,389
11,1832,400
11,1841,400
11,1782,547
11,1766,424
11,1863,357
11,1636,472
11,1637,466
11,94,600
11,1251,1059
12,1510,457
12,1522,445
12,1534,472
12,1532,465
12,1550,451
12,1551,441
12,1636,438
12,1635,431
12,1487,451
12,1666,433
12,1667,440
12,1489,443
12,1492,438
12,1436,470
12,1438,461
12,1435,455
12,1435,448
12,1419,463
12,1426,457
12,1415,451
12,1371,470
12,1369,459
12,1381,456
12,1378,450
12,1347,455
12,1302,467
12,1264,487
12,1260,480
12,1279,453
12,1199,470
12,1198,463
12,1230,511
12,1230,503
12,1117,462
12,1368,463
12,1068,465
12,695,457
12,794,502
12,792,508
12,789,516
12,779,471
12,790,477
12,788,468
12,796,493
12,797,488
12,799,482
12,833,358
12,850,375
12,854,366
12,924,371
12,895,501
12,895,493
12,921,493
12,919,485
12,995,391
12,995,384
12,997,377
12,986,491
12,991,483
12,989,475
12,1007,473
12,1008,483
12,1062,433
12,497,696
12,349,545
12,349,535
12,345,527
12,283,553
12,282,546
12,277,542
12,1838,953
12,1851,952
12,1874,978
12,1884,976
12,1742,847
12,1747,840
12,1818,807
12,1809,804
12,1855,704
12,1867,704
12,1912,629
12,1788,825
12,1423,1042
12,1566,1039
12,1557,1033
12,1807,386
12,1818,391
12,1831,398
12,1839,395
12,1782,548
12,1769,424
12,1863,361
12,1641,472
12,1642,467
12,90,601
12,1248,1060
13,1507,457
13,1518,446
13,1530,473
13,1528,467
13,1545,451
13,1546,441
13,1632,439
13,1631,432
13,1483,451
13,1663,433
13,1663,441
13,1485,443
13,1489,439
13,1433,471
13,1435,462
13,1432,456
13,1432,449
13,1416,463
13,1423,457
13,1412,452
13,1369,471
13,1365,460
13,1378,457
13,1374,451
13,1343,456
13,1297,467
13,1261,488
13,1256,481
13,1275,454
13,1195,471
13,1194,463
13,1234,511
13,1234,503
13,1112,463
13,1365,463
13,1077,471
13,691,456
13,798,504
13,796,510
13,792,518
13,775,471
13,786,478
13,784,468
13,792,494
13,793,488
13,795,482
13,828,359
13,845,376
13,850,366
13,920,372
13,891,502
13,892,494
13,917,493
13,915,485
13,993,389
13,992,382
13,994,375
13,982,492
13,987,483
13,985,475
13,1002,473
13,1004,483
13,1059,431
13,495,692
13,345,546
13,346,536
13,340,529
13,279,554
13,278,547
13,273,543
13,1836,949
13,1848,948
13,1872,975
13,1881,975
13,1738,846
13,1743,839
13,1816,809
13,1805,805
13,1856,699
13,1868,700
13,1910,634
13,1801,823
13,1411,1045
13,1566,1039
13,1557,1033
13,1813,384
13,1813,393
13,1831,395
13,1840,391
13,1782,545
13,1772,423
13,1866,363
13,1646,472
13,1647,468
13,87,603
13,1244,1061
14,1504,457
14,1514,445
14,1526,473
14,1524,467
14,1541,451
14,1541,441
14,1628,439
14,1627,432
14,1479,451
14,1659,433
14,1660,441
14,1481,443
14,1485,439
14,1429,471
14,1432,462
14,1429,456
14,1429,449
14,1413,462
14,1419,457
14,1409,451
14,1365,470
14,1362,459
14,1375,457
14,1371,451
14,1339,456
14,1292,467
14,1257,488
14,1252,481
14,1272,454
14,1191,471
14,1190,463
14,1238,510
14,1238,503
14,1107,462
14,1362,463
14,1089,474
14,686,453
14,802,504
14,800,511
14,796,518
14,771,471
14,782,477
14,780,468
14,787,493
14,789,488
14,790,482
14,823,359
14,840,376
14,845,366
14,915,372
14,887,501
14,888,493
14,913,494
14,911,486
14,990,386
14,989,379
14,990,372
14,978,492
14,983,482
14,981,475
14,997,473
14,999,483
14,1056,428
14,493,688
14,341,547
14,343,537
14,335,531
14,276,556
14,274,549
14,269,545
14,1835,945
14,1845,944
14,1870,972
14,1878,974
14,1735,846
14,1739,838
14,1814,811
14,1801,806
14,1858,694
14,1869,696
14,1908,639
14,1814,821
14,1398,1049
14,1566,1039
14,1557,1033
14,1819,383
14,1809,395
14,1832,392
14,1841,388
14,1783,543
14,1775,422
14,1870,366
14,1814,524
14,1650,471
14,1650,466
14,83,604
14,1240,1062
15,1501,457
15,1510,445
15,1522,473
15,1520,467
15,1537,451
15,1537,441
15,1624,439
15,1624,432
15,1476,451
15,1656,434
15,1657,442
15,1478,443
15,1482,439
15,1426,471
15,1429,463
15,1426,456
15,1426,449
15,1410,462
15,1416,457
15,1406,451
15,1362,470
15,1360,458
15,1372,457
15,1368,451
15,1335,456
15,1287,468
15,1254,488
15,1248,481
15,1269,454
15,1187,471
15,1187,463
15,1243,510
15,1242,503
15,1103,462
15,1359,463
15,1101,477
15,682,451
15,806,504
15,804,512
15,801,519
15,767,471
15,778,476
15,776,468
15,782,493
15,785,488
15,786,482
15,819,359
15,836,376
15,841,366
15,911,372
15,884,501
15,884,493
15,909,495
15,908,488
15,987,384
15,986,377
15,987,369
15,974,492
15,979,482
15,977,475
15,993,473
15,995,483
15,1054,426
15,491,684
15,337,548
15,338,538
15,330,531
15,272,557
15,270,550
15,265,546
15,1834,942
15,1843,941
15,1868,970
15,1876,974
15,1732,846
15,1736,837
15,1812,813
15,1798,807
15,1860,689
15,1869,691
15,1907,644
15,1834,818
15,1386,1053
15,1566,1039
15,1557,1033
15,1824,385
15,1806,395
15,1835,386
15,1842,386
15,1783,543
15,1778,421
15,1870,368
15,1815,520
15,1654,470
15,1654,465
15,79,606
15,1237,1063
16,1498,457
16,1507,444
16,1518,474
16,1517,468
16,1533,452
16,1533,442
16,1621,440
16,1620,432
16,1472,451
16,1652,434
16,1654,442
16,1475,444
16,1479,439
16,1422,471
16,1427,463
16,1424,457
16,1423,449
16,1407,462
16,1413,458
16,1403,450
16,1359,469
16,1357,458
16,1369,458
16,1365,451
16,1331,456
16,1282,468
16,1250,488
16,1245,481
16,1266,455
16,1183,471
16,1183,463
16,1247,509
16,1247,503
16,1099,462
16,1356,463
16,1109,478
16,678,449
16,810,504
16,808,513
16,806,520
16,763,471
16,774,476
16,772,468
16,778,493
16,781,488
16,781,482
16,814,359
16,831,376
16,837,366
16,906,373
16,881,500
16,881,492
16,905,496
16,904,489
16,985,381
16,983,374
16,984,367
16,970,492
16,975,482
16,973,476
16,988,473
16,991,483
16,1051,424
16,489,680
16,333,549
16,333,539
16,325,532
16,268,558
16,266,552
16,261,548
16,1831,939
16,1841,937
16,1865,967
16,1874,973
16,1728,846
16,1731,837
16,1809,815
16,1795,809
16,1861,684
16,1870,687
16,1905,649
16,1854,816
16,1374,1057
16,1566,1039
16,1557,1033
16,1827,386
16,1804,396
16,1834,383
16,1842,382
16,1783,543
16,1781,420
16,1871,371
16,1817,517
16,1658,470
16,1658,464
16,75,607
16,1233,1064
17,1495,457
17,1503,444
17,1514,474
17,1513,468
17,1529,452
17,1529,442
17,1617,440
17,1617,432
17,1469,451
17,1649,435
17,1651,443
17,1472,444
17,1476,439
17,1419,471
17,1424,464
17,1421,457
17,1420,449
17,1404,462
17,1410,458
17,1400,450
17,1356,469
17,1355,457
17,1366,458
17,1362,451
17,1327,456
17,1277,469
17,1247,488
17,1241,481
17,1263,455
17,1179,471
17,1180,463
17,1252,509
17,1251,503
17,1095,462
17,1352,463
17,1124,482
17,674,447
17,814,504
17,812,514
17,811,521
17,759,471
17,770,475
17,768,468
17,773,493
17,777,488
17,777,482
17,810,359
17,827,376
17,833,366
17,902,373
17,878,500
17,877,492
17,901,497
17,901,491
17,982,379
17,980,372
17,981,364
17,966,492
17,971,482
17,969,476
17,984,473
17,987,483
17,1049,422
17,487,676
17,330,551
17,328,540
17,320,533
17,264,560
17,262,554
17,257,550
17,1829,936
17,1839,934
17,1863,964
17,1873,973
17,1724,846
17,1727,837
17,1806,817
17,1793,811
17,1862,680
17,1870,683
17,1904,655
17,1871,813
17,1360,1064
17,1566,1039
17,1557,1033
17,1831,387
17,1802,398
17,1834,380
17,1843,379
17,1783,544
17,1784,419
17,1871,373
17,1818,514
17,1663,469
17,1662,463
17,72,609
17,1229,1066
18,1493,458
18,1500,444
18,1511,475
18,1510,469
18,1526,453
18,1525,443
18,1614,441
18,1614,432
18,1466,452
18,1646,436
18,1648,444
18,1469,445
18,1473,439
18,1416,471
18,1422,465
18,1419,458
18,1418,450
18,1401,462
18,1407,459
18,1398,450
18,1353,469
18,1353,457
18,1363,459
18,1359,451
18,1323,456
18,1272,470
18,1244,488
18,1238,481
18,1260,456
18,1176,471
18,1177,463
18,1257,509
18,1256,503
18,1091,462
18,1349,463
18,1135,485
18,670,445
18,818,505
18,817,515
18,816,522
18,755,472
18,766,475
18,765,468
18,769,493
18,774,489
18,773,482
18,806,360
18,823,376
18,829,367
18,898,374
18,875,500
18,874,492
18,898,498
18,898,493
18,980,377
18,977,370
18,978,362
18,962,493
18,967,482
18,966,477
18,980,474
18,983,484
18,1047,420
18,485,672
18,326,552
18,323,541
18,315,534
18,260,561
18,258,556
18,253,552
18,1827,933
18,1837,931
18,1861,961
18,1872,972
18,1721,846
18,1723,837
18,1803,819
18,1791,813
18,1863,676
18,1871,679
18,1902,660
18,1888,810
18,1346,1072
18,1566,1039
18,1557,1033
18,1835,388
18,1800,400
18,1834,377
18,1844,376
18,1783,544
18,1788,418
18,1820,511
18,1667,469
18,1666,462
18,67,609
18,1226,1067
19,1490,458
19,1496,444
19,1506,475
19,1506,469
19,1522,453
19,1521,443
19,1610,441
19,1610,432
19,1462,453
19,1642,436
19,1644,444
19,1466,445
19,1469,439
19,1413,471
19,1419,465
19,1416,458
19,1415,450
19,1398,462
19,1404,459
19,1395,450
19,1350,469
19,1349,457
19,1359,459
19,1356,451
19,1319,455
19,1267,470
19,1240,488
19,1235,481
19,1256,456
19,1172,471
19,1173,463
19,1261,508
19,1260,502
19,1087,461
19,1345,463
19,1149,488
19,665,443
19,822,506
19,821,515
19,820,522
19,751,471
19,761,474
19,760,467
19,765,492
19,769,488
19,769,481
19,801,361
19,819,376
19,824,367
19,893,373
19,871,500
19,870,492
19,894,498
19,894,493
19,978,376
19,973,369
19,974,361
19,958,493
19,963,482
19,961,477
19,976,474
19,978,484
19,1044,417
19,483,668
19,323,554
19,319,543
19,311,535
19,257,563
19,255,558
19,250,554
19,1824,930
19,1835,928
19,1858,959
19,1870,972
19,1717,847
19,1718,838
19,1800,822
19,1788,816
19,1864,672
19,1872,675
19,1900,665
19,1901,804
19,1333,1073
19,1566,1039
19,1557,1033
19,1845,387
19,1793,401
19,1829,373
19,1840,368
19,1783,544
19,1796,412
19,1820,508
19,1671,468
19,1670,461
19,1747,447
19,1748,436
19,63,610
19,1222,1068
20,1487,458
20,1493,444
20,1502,476
20,1502,469
20,1518,453
20,1517,444
20,1606,441
20,1606,432
20,1458,454
20,1639,437
20,1640,445
20,1463,446
20,1465,440
20,1410,472
20,1416,465
20,1413,458
20,1413,451
20,1395,462
20,1402,459
20,1392,450
20,1347,469
20,1346,458
20,1356,459
20,1353,451
20,1316,455
20,1263,471
20,1236,489
20,1232,481
20,1253,457
20,1168,471
20,1169,463
20,1265,508
20,1264,502
20,1084,460
20,1342,464
20,1160,492
20,661,442
20,827,507
20,826,515
20,825,523
20,747,471
20,757,474
20,756,466
20,761,492
20,765,487
20,766,481
20,797,362
20,815,377
20,820,367
20,889,373
20,868,500
20,867,492
20,891,499
20,891,493
20,976,375
20,970,368
20,971,361
20,954,494
20,959,483
20,957,477
20,972,474
20,973,484
20,1042,414
20,481,664
20,318,554
20,314,544
20,306,536
20,252,564
20,250,559
20,245,555
20,1822,927
20,1833,925
20,1856,956
20,1869,971
20,1714,847
20,1714,838
20,1797,824
20,1786,818
20,1865,668
20,1873,671
20,1898,671
20,1321,1074
20,1566,1039
20,1557,1033
20,1851,387
20,1789,403
20,1831,369
20,1840,366
20,1784,545
20,1800,412
20,1820,506
20,1676,468
20,1674,460
20,1752,444
20,1849,358
20,1750,436
20,59,611
20,1218,1069
21,1484,459
21,1489,444
21,1498,477
21,1498,469
21,1514,453
21,1513,444
21,1603,442
21,1602,433
21,1455,455
21,1636,437
21,1636,446
21,1460,447
21,1462,441
21,1407,473
21,1413,466
21,1411,459
21,1410,452
21,1392,462
21,1400,459
21,1390,450
21,1344,469
21,1343,459
21,1352,460
21,1350,452
21,1313,455
21,1259,472
21,1232,490
21,1230,481
21,1250,458
21,1164,471
21,1165,463
21,1269,508
21,1268,502
21,1080,459
21,1338,464
21,1171,496
21,656,441
21,831,508
21,830,515
21,829,523
21,743,470
21,753,473
21,752,465
21,757,492
21,761,486
21,763,480
21,793,363
21,811,378
21,815,367
21,885,373
21,865,500
21,864,492
21,887,499
21,887,493
21,974,374
21,967,367
21,967,360
21,950,494
21,955,483
21,952,477
21,968,474
21,968,484
21,1039,411
21,479,660
21,313,555
21,310,545
21,302,537
21,248,566
21,246,560
21,241,556
21,1820,924
21,1831,922
21,1854,953
21,1868,971
21,1710,847
21,1710,838
21,1794,826
21,1784,820
21,1866,664
21,1874,668
21,1896,676
21,1566,1039
21,1557,1033
21,1857,388
21,1786,406
21,1833,366
21,1840,364
21,1784,545
21,1804,413
21,1820,504
21,1679,466
21,1677,460
21,1757,442
21,1847,362
21,1752,437
21,55,612
21,1215,1071
22,1481,459
22,1486,444
22,1493,477
22,1494,469
22,1510,453
22,1509,445
22,1599,442
22,1598,433
22,1451,456
22,1633,438
22,1632,447
22,1457,448
22,1458,441
22,1404,473
22,1410,466
22,1408,459
22,1408,452
22,1389,462
22,1397,459
22,1387,450
22,1341,469
22,1340,459
22,1349,460
22,1347,452
22,1309,455
22,1255,472
22,1228,490
22,1227,481
22,1247,459
22,1160,471
22,1161,463
22,1273,508
22,1272,501
22,1077,458
22,1335,464
22,1181,498
22,652,440
22,836,510
22,835,516
22,834,524
22,740,470
22,749,473
22,748,465
22,754,492
22,757,486
22,760,480
22,789,365
22,808,379
22,811,367
22,881,373
22,862,501
22,861,492
22,884,500
22,884,493
22,972,373
22,964,366
22,964,360
22,947,495
22,951,484
22,948,478
22,965,474
22,964,484
22,1037,409
22,478,656
22,308,556
22,306,546
22,297,539
22,243,568
22,242,562
22,237,557
22,1818,921
22,1829,919
22,1852,951
22,1867,971
22,1707,848
22,1706,839
22,1792,829
22,1782,823
22,1867,660
22,1875,665
22,1894,681
22,1566,1039
22,1557,1033
22,1783,409
22,1835,363
22,1841,363
22,1784,545
22,1808,414
22,1821,502
22,1682,465
22,1680,461
22,1762,440
22,1753,446
22,1846,366
22,1749,438
22,50,612
22,1211,1072
23,1478,459
23,1482,444
23,1489,478
23,1490,469
23,1506,453
23,1505,445
23,1595,442
23,1594,433
23,1447,457
23,1630,438
23,1628,448
23,1454,449
23,1454,442
23,1401,474
23,1407,466
23,1405,459
23,1405,453
23,1386,462
23,1395,459
23,1384,450
23,1338,469
23,1337,460
23,1345,460
23,1344,452
23,1306,455
23,1251,473
23,1224,491
23,1224,481
23,1244,460
23,1156,471
23,1157,463
23,1277,508
23,1276,501
23,1073,457
23,1332,465
23,1191,500
23,647,437
23,839,510
23,838,516
23,838,524
23,735,469
23,744,472
23,743,463
23,750,491
23,753,485
23,756,479
23,784,366
23,803,379
23,806,368
23,876,373
23,858,500
23,857,492
23,880,500
23,880,492
23,968,373
23,960,365
23,960,359
23,942,494
23,946,484
23,943,478
23,960,474
23,959,484
23,1033,407
23,476,652
23,303,557
23,302,547
23,293,540
23,239,570
23,238,563
23,233,558
23,1817,917
23,1828,915
23,1850,948
23,1864,969
23,1703,848
23,1702,839
23,1789,832
23,1779,826
23,1868,656
23,1876,662
23,1892,687
23,1566,1039
23,1557,1033
23,1779,410
23,1784,546
23,1809,412
23,1820,499
23,1762,440
23,1753,445
23,1845,371
23,1916,343
23,1916,350
23,1749,437
23,46,613
23,1207,1073
24,1476,460
24,1479,445
24,1485,479
24,1486,470
24,1503,453
24,1501,446
24,1592,443
24,1590,434
24,1444,458
24,1627,439
24,1625,449
24,1452,450
24,1451,443
24,1399,475
24,1405,467
24,1403,460
24,1403,454
24,1383,462
24,1393,459
24,1382,450
24,1335,470
24,1334,461
24,1342,461
24,1341,453
24,1303,455
24,1247,474
24,1221,492
24,1222,482
24,1241,461
24,1152,471
24,1154,464
24,1282,508
24,1281,501
24,1070,456
24,1329,465
24,1202,501
24,642,435
24,843,510
24,842,516
24,842,524
24,730,469
24,740,472
24,739,462
24,746,490
24,749,484
24,752,478
24,779,367
24,799,379
24,801,369
24,872,373
24,854,499
24,853,492
24,876,500
24,876,492
24,964,374
24,956,365
24,956,358
24,938,494
24,942,484
24,939,478
24,956,474
24,954,484
24,1030,405
24,474,648
24,299,558
24,298,548
24,289,542
24,235,572
24,234,565
24,229,560
24,1816,913
24,1827,911
24,1848,946
24,1862,968
24,1699,849
24,1698,840
24,1787,835
24,1777,830
24,1870,652
24,1877,659
24,1890,692
24,1566,1039
24,1557,1033
24,1776,412
24,1784,546
24,1811,411
24,1820,496
24,1763,440
24,1754,445
24,1842,373
24,1912,345
24,1913,352
24,1750,437
24,42,614
24,1204,1075
25,1472,460
25,1474,445
25,1481,479
25,1482,470
25,1499,453
25,1497,446
25,1588,443
25,1586,434
25,1441,458
25,1623,439
25,1622,449
25,1448,450
25,1447,443
25,1396,475
25,1402,467
25,1400,460
25,1400,454
25,1380,462
25,1390,459
25,1379,451
25,1331,469
25,1331,461
25,1338,461
25,1337,453
25,1299,454
25,1242,474
25,1217,492
25,1218,482
25,1237,461
25,1147,472
25,1149,464
25,1286,507
25,1285,501
25,1067,453
25,1326,465
25,1214,503
25,637,432
25,847,510
25,846,517
25,846,524
25,726,468
25,735,471
25,735,461
25,743,489
25,745,484
25,748,477
25,774,368
25,794,380
25,797,370
25,867,373
25,850,499
25,850,493
25,872,500
25,872,492
25,960,374
25,953,365
25,952,357
25,933,494
25,937,484
25,934,478
25,951,475
25,950,485
25,1027,403
25,472,645
25,294,559
25,293,549
25,284,543
25,230,572
25,229,565
25,224,560
25,1815,909
25,1826,907
25,1846,943
25,1859,966
25,1696,850
25,1695,841
25,1785,838
25,1775,833
25,1871,648
25,1879,656
25,1888,697
25,1566,1039
25,1557,1033
25,1772,413
25,1784,546
25,1812,409
25,1820,493
25,1764,440
25,1755,445
25,1839,376
25,1909,347
25,1911,355
25,1750,436
25,38,615
25,1200,1075
26,1469,461
26,1470,446
26,1477,479
26,1478,471
26,1495,454
26,1493,447
26,1584,443
26,1582,435
26,1439,459
26,1620,440
26,1619,450
26,1445,451
26,1444,444
26,1393,475
26,1399,468
26,1397,461
26,1397,454
26,1378,463
26,1387,459
26,1377,452
26,1328,469
26,1328,461
26,1335,461
26,1334,454
26,1295,454
26,1238,475
26,1214,492
26,1214,483
26,1234,461
26,1143,473
26,1145,465
26,1291,507
26,1290,501
26,1064,450
26,1323,465
26,1227,502
26,632,430
26,851,510
26,850,517
26,850,524
26,721,468
26,731,471
26,731,460
26,739,488
26,741,483
26,744,476
26,769,369
26,790,380
26,792,371
26,863,373
26,846,498
26,846,493
26,868,500
26,868,492
26,956,375
26,949,365
26,948,356
26,929,494
26,933,484
26,930,478
26,947,475
26,945,485
26,1024,401
26,470,641
26,290,560
26,289,550
26,279,544
26,226,573
26,225,566
26,220,561
26,1814,905
26,1825,903
26,1844,941
26,1857,965
26,1692,850
26,1691,841
26,1782,841
26,1772,837
26,1873,644
26,1881,652
26,1886,702
26,1566,1039
26,1557,1033
26,1769,415
26,1785,547
26,1814,408
26,1820,490
26,1765,441
26,1756,445
26,1836,379
26,1906,350
26,1909,358
26,1751,436
26,35,617
26,1196,1076
27,1466,462
27,1466,446
27,1473,480
27,1474,472
27,1491,455
27,1489,447
27,1581,444
27,1579,435
27,1436,460
27,1616,441
27,1616,450
27,1441,452
27,1441,445
27,1390,475
27,1396,468
27,1395,461
27,1395,455
27,1375,463
27,1384,460
27,1374,453
27,1325,469
27,1325,461
27,1332,461
27,1331,454
27,1292,454
27,1233,475
27,1210,492
27,1210,483
27,1230,461
27,1139,474
27,1141,465
27,1296,507
27,1294,501
27,1061,447
27,1320,465
27,1240,502
27,628,428
27,855,510
27,854,518
27,855,525
27,717,468
27,727,471
27,727,459
27,736,488
27,737,483
27,740,476
27,765,370
27,786,381
27,788,373
27,859,373
27,843,498
27,843,494
27,864,500
27,864,492
27,953,376
27,946,365
27,944,355
27,925,494
27,929,485
27,926,479
27,943,476
27,941,486
27,1021,399
27,468,637
27,285,561
27,284,551
27,275,546
27,222,573
27,221,566
27,215,562
27,1813,901
27,1824,899
27,1842,938
27,1854,963
27,1688,851
27,1687,842
27,1780,844
27,1770,840
27,1874,640
27,1883,649
27,1884,707
27,1566,1039
27,1557,1033
27,1764,417
27,1785,546
27,1817,407
27,1820,487
27,1766,441
27,1757,445
27,1832,381
27,1901,351
27,1905,359
27,1751,435
27,32,619
28,1462,463
28,1462,447
28,1469,480
28,1470,472
28,1487,455
28,1485,448
28,1577,444
28,1575,436
28,1434,461
28,1613,441
28,1613,451
28,1438,453
28,1437,445
28,1387,475
28,1393,469
28,1392,462
28,1392,455
28,1373,464
28,1381,460
28,1372,454
28,1321,469
28,1322,461
28,1329,461
28,1327,455
28,1288,454
28,1229,476
28,1207,492
28,1206,484
28,1227,461
28,1135,475
28,1137,466
28,1301,507
28,1299,501
28,1058,444
28,1317,465
28,1252,499
28,624,425
28,859,509
28,858,518
28,858,525
28,712,466
28,723,470
28,722,457
28,732,487
28,733,482
28,736,476
28,760,371
28,781,382
28,784,373
28,854,373
28,839,498
28,838,493
28,859,499
28,860,491
28,949,376
28,941,365
28,940,355
28,920,494
28,924,484
28,921,479
28,938,476
28,936,486
28,1018,396
28,467,634
28,281,562
28,280,552
28,270,547
28,218,574
28,217,567
28,211,563
28,1813,897
28,1824,896
28,1840,936
28,1852,962
28,1685,852
28,1684,843
28,1778,847
28,1768,844
28,1876,637
28,1885,645
28,1883,712
28,1566,1039
28,1557,1033
28,1760,419
28,1786,545
28,1821,406
28,1821,484
28,1767,441
28,1758,445
28,1828,383
28,1897,352
28,1901,360
28,1752,435
28,29,622
29,1459,464
29,1458,447
29,1465,480
29,1466,473
29,1483,456
29,1481,448
29,1573,444
29,1571,436
29,1431,462
29,1609,442
29,1610,451
29,1434,454
29,1434,446
29,1384,475
29,1390,469
29,1389,462
29,1389,455
29,1370,464
29,1378,460
29,1369,455
29,1318,469
29,1319,461
29,1326,461
29,1324,455
29,1284,454
29,1224,476
29,1203,492
29,1202,484
29,1223,461
29,1131,476
29,1133,466
29,1306,507
29,1303,501
29,1055,441
29,1313,465
29,1264,496
29,621,422
29,863,509
29,863,518
29,862,525
29,708,465
29,719,469
29,718,456
29,729,486
29,729,481
29,732,476
29,755,373
29,776,383
29,780,374
29,850,374
29,836,499
29,834,492
29,855,499
29,857,491
29,945,376
29,937,365
29,937,355
29,915,495
29,919,484
29,917,480
29,933,476
29,931,486
29,1015,393
29,464,630
29,277,563
29,275,553
29,265,549
29,214,574
29,213,567
29,207,564
29,1812,893
29,1823,892
29,1836,933
29,1850,960
29,1681,854
29,1680,845
29,1776,850
29,1766,847
29,1877,634
29,1887,642
29,1881,717
29,1566,1039
29,1557,1033
29,1756,422
29,1787,545
29,1825,405
29,1822,482
29,1768,442
29,1759,445
29,1824,386
29,1893,354
29,1897,362
29,1753,435
29,26,623
30,1456,465
30,1454,448
30,1462,481
30,1462,474
30,1479,457
30,1478,449
30,1570,445
30,1568,437
30,1429,463
30,1606,443
30,1608,452
30,1431,455
30,1431,447
30,1382,475
30,1388,470
30,1387,463
30,1387,456
30,1368,465
30,1375,461
30,1367,456
30,1315,469
30,1317,461
30,1323,462
30,1321,456
30,1281,454
30,1220,477
30,1200,492
30,1198,485
30,1220,462
30,1127,477
30,1129,467
30,1311,507
30,1308,501
30,1053,439
30,1310,465
30,1277,494
30,618,419
30,867,509
30,867,518
30,866,525
30,704,464
30,715,468
30,714,455
30,726,485
30,726,480
30,729,476
30,751,374
30,771,384
30,776,375
30,845,374
30,833,499
30,830,492
30,851,499
30,854,491
30,941,376
30,933,365
30,934,355
30,910,496
30,914,484
30,912,480
30,928,476
30,927,486
30,1012,391
30,461,627
30,272,564
30,271,554
30,261,550
30,210,575
30,209,568
30,202,565
30,1812,889
30,1822,888
30,1833,930
30,1849,958
30,1678,856
30,1676,847
30,1774,854
30,1764,850
30,1878,632
30,1888,637
30,1880,723
30,1566,1039
30,1557,1033
30,1751,423
30,1788,544
30,1828,403
30,1822,478
30,1770,442
30,1761,446
30,1822,386
30,1888,357
30,1891,365
30,1755,433
30,24,625
