1,208,183
1,196,186
1,225,195
1,218,201
1,235,208
1,238,224
1,260,283
1,254,286
1,186,225
1,300,327
1,38,294
1,29,290
1,19,284
1,31,315
1,16,315
1,13,305
1,315,299
1,370,246
1,349,268
1,341,258
1,348,258
1,159,376
1,153,377
1,216,401
1,174,428
1,237,428
1,183,471
1,188,473
1,194,474
1,231,488
1,214,505
1,216,508
1,208,513
1,196,516
1,201,537
1,197,540
1,187,542
1,208,540
1,224,553
1,149,582
1,201,662
1,302,389
1,331,403
1,321,407
1,378,356
1,350,329
1,388,346
1,401,361
1,402,352
1,411,365
1,416,360
1,409,349
1,416,352
1,433,326
1,425,322
1,422,335
1,413,341
1,410,337
1,404,333
1,397,367
1,440,371
1,434,380
1,431,384
1,458,381
1,457,388
1,451,395
1,454,402
1,482,391
1,501,393
1,500,385
1,529,390
1,558,387
1,555,392
1,603,415
1,601,419
1,598,435
1,612,443
1,605,444
1,613,421
1,621,437
1,617,439
1,631,449
1,626,452
1,627,469
1,623,477
1,616,472
1,626,504
1,621,505
1,638,519
1,603,534
1,640,540
1,604,566
1,598,569
1,591,566
1,603,588
1,590,598
1,358,616
1,671,308
1,671,316
1,214,781
1,209,782
1,203,785
1,212,799
1,311,713
1,305,717
1,303,723
1,324,756
1,306,941
1,305,930
1,65,1005
1,528,688
1,536,690
1,554,656
1,573,756
1,727,996
1,589,1071
1,748,1029
1,739,1037
1,798,560
1,782,509
1,779,503
1,789,505
1,827,501
1,804,525
1,801,519
1,890,495
1,922,487
1,923,493
1,922,500
1,963,511
1,962,504
1,970,496
1,977,492
1,981,486
1,993,485
1,988,496
1,1004,505
1,1003,487
1,1035,495
1,1039,489
1,1065,495
1,1080,500
1,1078,489
1,1087,516
1,1080,509
1,1174,506
1,1173,500
1,1208,502
1,1210,507
1,1210,513
1,1222,504
1,1248,504
1,1217,598
1,1218,590
1,1333,534
1,1440,500
1,1439,492
1,1449,490
1,1449,496
1,1765,465
1,1770,457
1,1774,451
1,1760,449
1,1763,440
1,1325,503
1,60,1017
1,50,1012
1,8,861
1,564,667
1,1080,552
1,1776,428
1,1124,60
1,1138,64
1,1130,72
1,1138,79
1,1150,76
1,1146,70
1,1364,50
1,1392,41
1,1431,20
1,1087,554
1,222,350
1,214,350
1,202,347
1,196,340
1,187,341
1,176,337
1,360,237
1,892,488
2,206,176
2,195,178
2,221,189
2,215,194
2,232,202
2,235,218
2,257,277
2,251,279
2,185,219
2,302,321
2,40,288
2,30,284
2,20,279
2,31,310
2,16,310
2,12,299
2,316,293
2,369,240
2,350,263
2,342,254
2,348,253
2,158,370
2,152,371
2,215,394
2,172,422
2,238,422
2,183,464
2,188,466
2,194,467
2,232,482
2,215,500
2,217,504
2,208,508
2,198,510
2,199,532
2,196,534
2,186,535
2,206,535
2,220,548
2,148,577
2,199,656
2,304,383
2,332,399
2,322,403
2,380,353
2,347,324
2,385,343
2,399,358
2,400,350
2,407,361
2,414,357
2,406,345
2,413,348
2,438,322
2,429,318
2,424,331
2,417,339
2,413,334
2,407,329
2,397,364
2,436,367
2,429,375
2,426,381
2,454,378
2,453,385
2,446,393
2,449,400
2,477,388
2,496,391
2,494,383
2,524,388
2,553,386
2,550,391
2,599,411
2,597,415
2,596,431
2,609,438
2,602,440
2,610,417
2,618,432
2,614,435
2,628,444
2,623,448
2,625,464
2,620,472
2,615,468
2,624,499
2,619,500
2,637,514
2,604,529
2,638,542
2,604,562
2,598,564
2,591,561
2,603,584
2,590,592
2,341,617
2,673,305
2,674,313
2,211,777
2,205,778
2,197,779
2,207,794
2,308,709
2,303,713
2,300,718
2,321,751
2,62,999
2,528,683
2,536,685
2,555,651
2,571,752
2,721,995
2,584,1066
2,742,1027
2,733,1035
2,793,560
2,777,509
2,774,503
2,784,505
2,822,501
2,798,525
2,796,519
2,885,495
2,917,486
2,917,493
2,917,499
2,957,510
2,957,503
2,966,496
2,973,491
2,978,485
2,988,485
2,983,495
2,1000,505
2,998,487
2,1030,495
2,1033,488
2,1060,494
2,1075,499
2,1074,489
2,1083,515
2,1076,509
2,1169,506
2,1168,500
2,1202,502
2,1204,507
2,1204,513
2,1217,504
2,1242,504
2,1212,598
2,1212,590
2,1326,533
2,1434,501
2,1433,493
2,1444,491
2,1444,497
2,1760,465
2,1764,457
2,1769,451
2,1755,449
2,1758,440
2,1320,503
2,58,1012
2,47,1006
2,7,860
2,564,662
2,1062,555
2,1771,430
2,1135,65
2,1122,70
2,1137,78
2,1147,78
2,1145,70
2,1071,97
2,1065,87
2,1069,91
2,1362,52
2,1390,44
2,1430,25
2,1456,9
2,1069,554
2,222,343
2,214,343
2,201,341
2,197,334
2,188,334
2,177,330
2,360,233
2,887,488
3,205,169
3,194,171
3,218,183
3,212,188
3,229,197
3,233,212
3,254,271
3,248,273
3,185,214
3,304,316
3,42,283
3,32,279
3,21,274
3,31,305
3,16,305
3,12,294
3,317,287
3,369,234
3,351,259
3,344,250
3,349,248
3,157,364
3,151,365
3,214,388
3,170,416
3,240,416
3,183,457
3,189,459
3,195,460
3,233,477
3,216,495
3,219,500
3,209,504
3,200,505
3,198,527
3,195,528
3,185,529
3,205,531
3,217,544
3,148,572
3,198,650
3,306,377
3,334,396
3,324,399
3,382,350
3,345,319
3,383,340
3,397,355
3,398,348
3,403,357
3,413,354
3,403,342
3,410,345
3,443,318
3,434,315
3,426,328
3,422,337
3,417,332
3,411,326
3,397,361
3,432,363
3,425,371
3,422,378
3,450,375
3,449,382
3,442,391
3,444,398
3,472,385
3,491,390
3,489,381
3,519,387
3,549,385
3,546,390
3,596,407
3,593,411
3,594,427
3,607,434
3,600,436
3,607,413
3,615,428
3,611,431
3,625,440
3,620,444
3,623,460
3,618,467
3,614,464
3,622,495
3,617,496
3,636,510
3,605,525
3,636,544
3,604,558
3,598,559
3,591,557
3,603,580
3,591,586
3,325,618
3,676,302
3,677,310
3,208,774
3,202,775
3,192,774
3,194,768
3,203,790
3,305,705
3,301,710
3,297,713
3,319,747
3,59,994
3,529,678
3,537,681
3,556,647
3,569,749
3,716,995
3,579,1062
3,737,1026
3,728,1033
3,788,560
3,773,510
3,770,503
3,779,505
3,817,501
3,793,525
3,792,519
3,881,495
3,912,486
3,912,493
3,912,499
3,951,510
3,952,503
3,962,496
3,969,490
3,975,484
3,984,485
3,978,495
3,996,505
3,993,487
3,1025,495
3,1028,488
3,1056,493
3,1070,498
3,1070,489
3,1079,514
3,1072,509
3,1164,506
3,1164,500
3,1197,502
3,1199,507
3,1199,513
3,1212,505
3,1237,504
3,1207,598
3,1207,590
3,1320,532
3,1429,502
3,1428,494
3,1439,492
3,1439,498
3,1755,465
3,1759,457
3,1764,452
3,1750,450
3,1753,441
3,1315,503
3,264,862
3,255,851
3,39,1045
3,48,1041
3,57,1007
3,45,1000
3,565,657
3,1044,557
3,1767,433
3,1132,64
3,1122,71
3,1133,78
3,1144,78
3,1141,70
3,1077,94
3,1070,83
3,1074,88
3,1358,54
3,1386,46
3,1426,28
3,1453,12
3,1051,554
3,222,337
3,214,337
3,200,335
3,198,328
3,190,328
3,179,324
3,361,229
3,882,488
4,203,162
4,193,164
4,215,177
4,209,182
4,226,191
4,231,206
4,252,265
4,245,267
4,184,208
4,306,311
4,44,278
4,33,274
4,23,269
4,32,300
4,16,300
4,12,289
4,318,281
4,369,228
4,352,255
4,346,247
4,349,244
4,156,358
4,151,359
4,213,382
4,169,410
4,242,410
4,183,451
4,190,452
4,195,453
4,235,471
4,217,490
4,220,496
4,210,500
4,202,500
4,197,522
4,194,522
4,184,523
4,203,527
4,214,540
4,147,567
4,197,644
4,308,372
4,336,392
4,326,395
4,384,348
4,343,314
4,380,335
4,393,349
4,394,342
4,400,353
4,410,350
4,400,337
4,407,342
4,428,324
4,420,332
4,417,325
4,412,320
4,397,358
4,429,359
4,421,367
4,418,375
4,446,372
4,445,379
4,438,390
4,439,396
4,438,381
4,467,382
4,487,389
4,484,379
4,514,385
4,545,384
4,541,389
4,592,404
4,590,408
4,604,430
4,598,432
4,604,410
4,612,424
4,608,427
4,623,436
4,618,440
4,621,456
4,615,463
4,613,460
4,621,490
4,615,491
4,636,505
4,606,521
4,634,547
4,605,554
4,598,554
4,591,553
4,603,576
4,591,581
4,308,615
4,679,299
4,680,307
4,203,767
4,197,769
4,189,769
4,191,763
4,199,785
4,303,701
4,299,707
4,294,709
4,316,742
4,528,671
4,536,674
4,556,642
4,568,742
4,606,947
4,710,991
4,573,1058
4,732,1024
4,723,1031
4,783,560
4,769,510
4,765,503
4,775,506
4,813,501
4,788,525
4,788,520
4,876,495
4,907,486
4,907,493
4,907,499
4,945,510
4,948,502
4,959,496
4,965,489
4,972,483
4,979,485
4,973,495
4,993,505
4,989,487
4,1021,495
4,1023,487
4,1052,493
4,1065,498
4,1066,489
4,1075,514
4,1068,509
4,1159,506
4,1159,500
4,1192,502
4,1194,507
4,1194,514
4,1207,506
4,1232,504
4,1202,598
4,1202,591
4,1313,531
4,1424,503
4,1423,495
4,1434,493
4,1434,500
4,1750,466
4,1754,458
4,1759,453
4,1746,450
4,1748,442
4,1311,504
4,263,852
4,250,848
4,275,873
4,259,935
4,266,941
4,39,1034
4,46,1036
4,52,997
4,40,994
4,564,651
4,1025,554
4,1763,436
4,1115,65
4,1124,70
4,1139,73
4,1137,66
4,1084,91
4,1075,80
4,1080,86
4,1354,57
4,1423,31
4,1451,16
4,1430,26
4,1034,555
4,222,331
4,214,331
4,200,329
4,196,321
4,189,320
4,177,317
4,362,224
4,878,488
5,202,155
5,193,157
5,212,171
5,206,175
5,223,186
5,229,200
5,249,259
5,242,261
5,184,203
5,308,306
5,46,273
5,35,269
5,24,264
5,32,295
5,16,295
5,12,284
5,320,276
5,369,223
5,352,251
5,346,242
5,350,239
5,356,256
5,154,352
5,148,353
5,211,377
5,167,404
5,244,404
5,183,444
5,191,446
5,196,447
5,236,466
5,218,486
5,222,492
5,211,495
5,202,496
5,196,517
5,193,516
5,184,517
5,202,523
5,211,536
5,147,562
5,196,638
5,310,366
5,338,389
5,327,391
5,383,346
5,377,330
5,390,343
5,391,337
5,396,349
5,407,347
5,397,333
5,403,338
5,431,321
5,419,327
5,418,319
5,413,315
5,398,356
5,424,356
5,416,363
5,413,371
5,442,369
5,440,376
5,433,387
5,433,392
5,434,378
5,462,380
5,482,387
5,479,377
5,510,384
5,541,383
5,537,388
5,571,385
5,589,400
5,586,404
5,602,425
5,596,428
5,601,406
5,609,419
5,606,423
5,620,432
5,615,436
5,619,452
5,613,458
5,612,457
5,619,486
5,613,487
5,635,501
5,607,517
5,632,549
5,605,550
5,598,549
5,591,549
5,603,572
5,592,575
5,291,613
5,681,297
5,683,305
5,199,761
5,193,763
5,187,764
5,188,759
5,194,781
5,301,697
5,296,703
5,291,705
5,314,738
5,304,739
5,528,664
5,536,668
5,556,637
5,568,736
5,601,945
5,704,988
5,567,1054
5,727,1023
5,718,1029
5,897,1073
5,779,560
5,765,511
5,761,504
5,770,506
5,808,501
5,783,525
5,784,520
5,872,495
5,902,486
5,901,493
5,902,499
5,939,510
5,943,502
5,955,496
5,961,488
5,969,482
5,975,485
5,968,495
5,987,503
5,984,486
5,1016,495
5,1018,487
5,1048,492
5,1060,497
5,1062,489
5,1070,514
5,1063,508
5,1155,506
5,1155,500
5,1187,503
5,1189,508
5,1189,514
5,1202,506
5,1227,504
5,1197,599
5,1197,591
5,1307,531
5,1419,504
5,1418,496
5,1429,494
5,1429,501
5,1745,466
5,1749,458
5,1754,453
5,1741,451
5,1744,442
5,1306,504
5,280,864
5,263,927
5,263,937
5,35,1025
5,43,1025
5,60,1025
5,74,1013
5,46,992
5,36,987
5,563,646
5,1008,558
5,1758,437
5,1111,62
5,1124,75
5,1088,88
5,1079,77
5,1083,83
5,1351,58
5,1419,33
5,1450,17
5,1431,33
5,1464,10
5,1014,556
5,220,326
5,212,325
5,199,323
5,194,314
5,188,313
5,175,311
5,362,220
5,873,489
6,201,149
6,192,151
6,209,165
6,203,169
6,221,181
6,227,195
6,247,253
6,239,255
6,183,197
6,310,301
6,49,268
6,37,264
6,26,259
6,32,290
6,16,290
6,12,279
6,321,272
6,369,219
6,352,247
6,346,237
6,351,235
6,356,253
6,153,346
6,146,347
6,209,373
6,166,398
6,246,399
6,184,438
6,190,440
6,196,442
6,238,461
6,218,483
6,224,488
6,212,491
6,202,492
6,195,512
6,192,510
6,183,512
6,198,518
6,208,532
6,146,557
6,195,632
6,312,361
6,340,385
6,329,387
6,382,344
6,387,338
6,389,333
6,392,345
6,399,339
6,391,329
6,399,334
6,432,318
6,419,323
6,420,316
6,414,311
6,399,352
6,420,354
6,411,359
6,408,367
6,438,366
6,435,373
6,429,384
6,428,389
6,430,376
6,457,379
6,478,386
6,474,375
6,505,382
6,536,382
6,533,387
6,534,392
6,528,394
6,565,384
6,585,396
6,583,400
6,599,421
6,594,424
6,598,403
6,606,415
6,603,419
6,618,427
6,613,432
6,617,448
6,610,453
6,611,453
6,618,481
6,611,483
6,634,496
6,608,513
6,630,552
6,606,546
6,599,545
6,592,545
6,603,569
6,592,570
6,274,605
6,684,294
6,686,302
6,194,754
6,189,757
6,184,759
6,185,755
6,190,776
6,299,694
6,293,699
6,288,702
6,311,734
6,301,736
6,527,660
6,536,664
6,556,632
6,566,732
6,596,944
6,698,986
6,562,1050
6,722,1021
6,713,1028
6,891,1072
6,773,559
6,758,511
6,756,505
6,766,507
6,803,501
6,778,525
6,779,520
6,867,495
6,897,486
6,896,493
6,897,499
6,934,509
6,938,501
6,952,496
6,957,487
6,966,482
6,971,486
6,963,495
6,982,502
6,979,486
6,1012,495
6,1013,487
6,1044,492
6,1056,497
6,1058,489
6,1065,515
6,1058,508
6,1150,506
6,1151,500
6,1181,503
6,1183,508
6,1184,514
6,1197,507
6,1221,504
6,1192,599
6,1192,591
6,1303,528
6,1414,506
6,1413,497
6,1424,495
6,1424,502
6,1740,467
6,1744,459
6,1749,454
6,1737,451
6,1739,443
6,1912,431
6,1911,424
6,1912,414
6,1301,505
6,283,854
6,260,933
6,34,1016
6,41,1016
6,59,1021
6,71,1012
6,42,988
6,31,981
6,562,641
6,989,557
6,1753,438
6,1105,63
6,1117,69
6,1093,85
6,1084,74
6,1087,81
6,1348,60
6,1418,34
6,1446,20
6,1429,33
6,1462,11
6,1432,24
6,995,557
6,219,321
6,210,320
6,198,318
6,193,308
6,187,306
6,174,305
6,362,215
6,869,489
7,200,144
7,191,146
7,206,160
7,200,163
7,217,176
7,223,190
7,243,248
7,235,251
7,183,192
7,309,299
7,49,265
7,37,261
7,26,256
7,33,285
7,16,285
7,12,274
7,322,268
7,368,215
7,352,243
7,346,233
7,351,232
7,356,251
7,151,341
7,144,342
7,207,369
7,164,394
7,246,395
7,183,433
7,190,435
7,196,437
7,239,458
7,219,480
7,225,485
7,213,487
7,202,488
7,194,507
7,192,504
7,182,508
7,195,514
7,205,529
7,146,553
7,194,627
7,314,357
7,342,382
7,331,383
7,381,342
7,384,333
7,387,329
7,388,341
7,395,336
7,388,326
7,395,332
7,433,316
7,420,320
7,422,313
7,415,308
7,400,348
7,416,352
7,407,356
7,403,363
7,434,363
7,430,370
7,425,381
7,423,386
7,426,374
7,452,378
7,473,385
7,469,373
7,500,381
7,532,381
7,528,386
7,528,391
7,522,394
7,560,383
7,582,393
7,579,397
7,594,400
7,603,411
7,600,415
7,615,423
7,610,428
7,615,444
7,608,449
7,610,449
7,616,477
7,610,478
7,634,492
7,609,509
7,628,554
7,606,543
7,599,542
7,592,542
7,603,565
7,593,564
7,258,598
7,687,291
7,689,299
7,190,748
7,185,751
7,182,755
7,183,751
7,186,772
7,297,691
7,291,695
7,285,698
7,308,731
7,298,733
7,527,657
7,536,660
7,556,627
7,564,728
7,592,943
7,692,984
7,558,1047
7,717,1020
7,707,1026
7,886,1071
7,767,558
7,752,511
7,752,506
7,761,507
7,799,501
7,773,525
7,775,521
7,863,495
7,892,486
7,891,493
7,892,499
7,930,509
7,932,500
7,947,495
7,952,486
7,960,482
7,966,485
7,958,494
7,977,501
7,975,486
7,1007,494
7,1008,486
7,1039,491
7,1052,497
7,1053,488
7,1060,515
7,1052,507
7,1145,506
7,1146,500
7,1176,503
7,1178,508
7,1179,515
7,1192,508
7,1216,504
7,1187,599
7,1187,592
7,1296,527
7,1409,507
7,1408,498
7,1419,496
7,1419,504
7,1735,467
7,1739,459
7,1744,455
7,1732,452
7,1734,444
7,1908,431
7,1907,424
7,1908,414
7,1297,505
7,287,845
7,257,929
7,28,1008
7,36,1007
7,59,1015
7,69,1009
7,34,985
7,27,978
7,22,1040
7,561,637
7,969,560
7,1748,440
7,1100,61
7,1109,68
7,1123,74
7,1122,64
7,1097,82
7,1087,73
7,1093,79
7,1344,62
7,1417,35
7,1442,23
7,1427,34
7,1460,12
7,1458,16
7,1427,26
7,977,559
7,218,316
7,209,315
7,197,313
7,191,303
7,184,301
7,171,300
7,362,210
7,864,489
8,199,139
8,190,141
8,203,155
8,197,158
8,213,172
8,219,186
8,240,244
8,232,247
8,182,186
8,308,297
8,50,262
8,38,258
8,26,253
8,32,282
8,16,281
8,11,271
8,324,264
8,367,210
8,352,240
8,346,230
8,352,229
8,356,248
8,149,336
8,142,337
8,205,365
8,162,390
8,246,391
8,183,428
8,190,429
8,197,432
8,240,456
8,220,477
8,226,483
8,213,484
8,202,484
8,194,503
8,192,500
8,181,504
8,192,510
8,202,526
8,145,550
8,193,623
8,316,353
8,344,379
8,332,380
8,380,340
8,382,329
8,385,325
8,385,337
8,391,334
8,392,330
8,434,313
8,421,317
8,425,310
8,416,305
8,400,345
8,411,350
8,402,354
8,397,360
8,430,361
8,426,368
8,421,379
8,418,383
8,422,372
8,448,377
8,469,384
8,464,372
8,496,380
8,528,380
8,524,385
8,523,391
8,517,394
8,555,382
8,578,389
8,576,393
8,591,398
8,601,407
8,598,411
8,613,419
8,608,424
8,613,440
8,605,444
8,609,445
8,615,472
8,608,474
8,633,487
8,611,505
8,627,557
8,606,540
8,599,540
8,592,540
8,603,561
8,593,559
8,242,591
8,690,289
8,692,297
8,190,746
8,185,748
8,180,750
8,182,747
8,182,768
8,295,688
8,288,691
8,282,695
8,306,727
8,295,730
8,527,652
8,537,655
8,556,622
8,563,726
8,588,942
8,687,982
8,554,1043
8,712,1018
8,702,1024
8,881,1069
8,761,557
8,746,512
8,748,507
8,757,508
8,794,501
8,768,525
8,771,521
8,858,495
8,887,486
8,885,493
8,887,499
8,925,509
8,927,499
8,942,495
8,947,486
8,955,482
8,961,485
8,953,494
8,972,501
8,969,486
8,1002,494
8,1003,486
8,1035,491
8,1048,497
8,1049,488
8,1055,515
8,1047,507
8,1140,506
8,1142,500
8,1171,503
8,1173,508
8,1174,515
8,1187,508
8,1211,504
8,1182,599
8,1182,592
8,1290,526
8,1404,508
8,1403,499
8,1414,497
8,1414,505
8,1730,467
8,1734,459
8,1739,455
8,1727,453
8,1729,444
8,1905,431
8,1904,424
8,1905,415
8,1292,505
8,290,837
8,254,924
8,27,1001
8,33,999
8,55,1012
8,61,1003
8,27,981
8,24,974
8,20,1036
8,562,632
8,952,561
8,1743,441
8,1098,61
8,1104,68
8,1116,71
8,1120,63
8,1102,79
8,1091,73
8,1099,78
8,1341,64
8,1368,55
8,1438,26
8,1455,15
8,1456,21
8,1423,29
8,959,562
8,216,311
8,207,311
8,194,309
8,189,299
8,181,297
8,168,295
8,360,207
8,860,489
9,198,134
9,189,136
9,200,150
9,194,154
9,209,167
9,215,181
9,236,240
9,229,243
9,182,181
9,308,296
9,50,260
9,39,256
9,27,250
9,31,279
9,16,278
9,11,268
9,325,260
9,367,206
9,352,237
9,346,228
9,352,227
9,356,246
9,345,253
9,148,332
9,140,333
9,204,361
9,160,386
9,246,387
9,182,423
9,190,424
9,197,427
9,241,453
9,221,475
9,227,481
9,214,482
9,202,481
9,194,499
9,192,497
9,180,500
9,191,507
9,199,523
9,144,548
9,192,619
9,318,349
9,344,377
9,333,378
9,381,339
9,381,336
9,387,332
9,422,315
9,426,308
9,417,303
9,401,342
9,406,349
9,397,352
9,392,358
9,425,359
9,422,366
9,417,377
9,413,381
9,418,370
9,443,376
9,465,382
9,460,371
9,491,379
9,524,379
9,520,385
9,518,390
9,512,394
9,550,381
9,575,385
9,572,389
9,587,395
9,598,403
9,595,407
9,610,415
9,605,420
9,612,436
9,603,440
9,609,442
9,613,468
9,606,470
9,633,483
9,610,501
9,624,560
9,606,537
9,599,538
9,592,537
9,603,557
9,594,553
9,228,580
9,692,288
9,694,295
9,190,744
9,185,745
9,179,746
9,182,743
9,180,766
9,293,685
9,285,687
9,279,691
9,303,724
9,293,727
9,339,617
9,527,648
9,538,651
9,557,618
9,562,724
9,583,942
9,681,982
9,551,1039
9,707,1017
9,697,1022
9,876,1068
9,757,557
9,742,513
9,743,507
9,752,508
9,789,501
9,764,525
9,767,522
9,854,495
9,882,486
9,880,493
9,882,499
9,920,509
9,922,498
9,937,494
9,942,486
9,950,482
9,956,485
9,949,494
9,968,501
9,964,486
9,997,494
9,999,486
9,1031,491
9,1044,497
9,1044,488
9,1050,515
9,1042,507
9,1136,507
9,1138,500
9,1166,504
9,1168,509
9,1169,516
9,1182,509
9,1206,504
9,1177,600
9,1177,593
9,1284,524
9,1399,509
9,1398,500
9,1409,498
9,1409,506
9,1725,468
9,1729,460
9,1734,456
9,1723,453
9,1725,445
9,1901,431
9,1900,424
9,1901,415
9,1287,506
9,293,830
9,247,939
9,22,995
9,31,991
9,50,1008
9,56,1000
9,22,976
9,23,969
9,18,1032
9,563,628
9,936,561
9,1738,442
9,1103,66
9,1115,71
9,1112,63
9,1105,78
9,1094,72
9,1101,76
9,1335,62
9,1362,57
9,1430,32
9,1451,18
9,1454,27
9,1417,32
9,942,562
9,214,307
9,205,307
9,191,306
9,188,295
9,178,293
9,166,291
9,359,203
9,856,489
10,198,129
10,188,131
10,197,145
10,191,149
10,205,163
10,211,177
10,233,236
10,226,239
10,180,176
10,307,294
10,51,257
10,39,253
10,27,247
10,30,276
10,16,275
10,11,266
10,327,257
10,367,203
10,352,234
10,346,225
10,353,224
10,356,244
10,345,250
10,146,328
10,138,329
10,203,358
10,158,382
10,246,383
10,182,418
10,191,419
10,198,423
10,243,451
10,223,472
10,228,479
10,215,480
10,204,478
10,194,495
10,192,494
10,180,496
10,190,505
10,196,520
10,143,545
10,191,615
10,320,345
10,345,375
10,334,376
10,382,338
10,377,335
10,383,331
10,423,314
10,427,307
10,419,301
10,402,339
10,388,338
10,402,348
10,392,350
10,387,356
10,421,357
10,418,364
10,413,376
10,409,380
10,414,368
10,438,375
10,461,381
10,456,370
10,487,378
10,520,378
10,516,384
10,512,390
10,507,394
10,545,380
10,551,385
10,572,382
10,569,386
10,584,393
10,595,399
10,592,404
10,608,411
10,603,417
10,611,432
10,602,436
10,607,438
10,612,463
10,604,465
10,631,478
10,610,498
10,622,563
10,606,534
10,599,536
10,592,535
10,604,554
10,595,548
10,214,570
10,695,287
10,696,293
10,190,742
10,185,742
10,177,741
10,182,739
10,179,765
10,292,682
10,283,683
10,277,688
10,287,689
10,301,720
10,290,724
10,334,617
10,528,644
10,539,648
10,558,613
10,562,719
10,579,942
10,509,852
10,675,983
10,548,1035
10,702,1015
10,692,1020
10,872,1067
10,753,558
10,738,514
10,738,508
10,748,509
10,785,502
10,760,526
10,762,522
10,850,496
10,877,486
10,875,493
10,878,499
10,916,509
10,917,498
10,932,494
10,937,486
10,945,482
10,951,485
10,944,494
10,964,501
10,959,486
10,993,494
10,994,486
10,1027,490
10,1040,497
10,1040,488
10,1045,514
10,1037,507
10,1132,507
10,1133,499
10,1161,503
10,1163,508
10,1163,515
10,1178,510
10,1201,505
10,1172,599
10,1173,592
10,1278,523
10,1394,511
10,1393,501
10,1404,499
10,1404,508
10,1720,468
10,1724,460
10,1729,457
10,1718,454
10,1720,446
10,1898,431
10,1897,425
10,1898,416
10,1283,506
10,295,821
10,246,937
10,21,989
10,30,986
10,51,1005
10,54,997
10,18,973
10,20,965
10,17,1027
10,13,784
10,564,625
10,918,561
10,1734,443
10,1103,64
10,1110,73
10,1113,61
10,1108,77
10,1097,72
10,1104,74
10,1356,59
10,1425,34
10,1445,20
10,1450,26
10,1411,36
10,926,563
10,7,469
10,212,303
10,204,303
10,189,303
10,188,290
10,178,291
10,163,285
10,357,200
10,851,489
11,199,124
11,187,125
11,194,140
11,188,145
11,201,159
11,208,173
11,230,232
11,223,235
11,179,172
11,306,292
11,51,254
11,40,250
11,27,244
11,29,273
11,16,272
11,10,263
11,329,253
11,367,200
11,352,231
11,346,223
11,354,221
11,357,240
11,346,248
11,355,249
11,144,324
11,136,325
11,202,355
11,156,378
11,246,379
11,182,414
11,193,414
11,199,418
11,245,447
11,225,470
11,229,477
11,216,478
11,207,476
11,194,491
11,192,491
11,181,492
11,189,502
11,194,517
11,142,543
11,190,611
11,323,342
11,346,373
11,335,374
11,383,337
11,373,335
11,380,330
11,425,313
11,429,306
11,421,299
11,404,336
11,390,336
11,398,346
11,387,347
11,382,354
11,417,356
11,415,362
11,409,375
11,405,379
11,410,366
11,434,374
11,457,379
11,452,369
11,482,378
11,516,378
11,512,384
11,507,389
11,502,394
11,540,379
11,547,384
11,568,380
11,564,385
11,581,391
11,592,396
11,590,401
11,605,407
11,600,413
11,610,428
11,602,432
11,605,434
11,610,459
11,602,461
11,630,474
11,610,495
11,620,566
11,607,531
11,600,534
11,592,533
11,603,550
11,598,543
11,202,555
11,698,286
11,698,291
11,191,741
11,186,739
11,176,737
11,182,736
11,179,760
11,291,681
11,282,683
11,274,687
11,284,688
11,298,717
11,287,721
11,330,617
11,530,641
11,540,646
11,559,609
11,563,715
11,512,849
11,670,984
11,546,1032
11,697,1014
11,687,1019
11,867,1065
11,749,558
11,734,515
11,733,509
11,744,509
11,780,503
11,756,527
11,758,522
11,844,496
11,872,486
11,870,493
11,873,499
11,911,508
11,912,497
11,928,494
11,933,486
11,940,482
11,947,485
11,940,494
11,960,502
11,954,486
11,988,494
11,989,485
11,1023,490
11,1036,497
11,1035,488
11,1041,514
11,1033,508
11,1128,507
11,1128,499
11,1156,502
11,1158,508
11,1157,514
11,1173,509
11,1196,504
11,1168,599
11,1169,592
11,1273,522
11,1389,511
11,1388,501
11,1399,499
11,1399,508
11,1715,469
11,1719,461
11,1724,457
11,1714,454
11,1715,446
11,1894,431
11,1894,425
11,1894,417
11,1278,507
11,298,812
11,245,936
11,216,828
11,17,986
11,24,983
11,49,1003
11,50,995
11,15,971
11,18,962
11,16,1023
11,28,779
11,565,622
11,900,564
11,1730,443
11,1104,66
11,1110,59
11,1108,73
11,1096,69
11,1100,75
11,1350,61
11,1422,35
11,1441,24
11,1444,29
11,1405,36
11,907,564
11,8,468
11,210,300
11,202,299
11,187,298
11,186,286
11,176,285
11,161,281
11,357,196
11,847,490
12,200,119
12,186,119
12,192,135
12,185,141
12,200,154
12,205,168
12,228,228
12,221,231
12,178,168
12,306,291
12,52,252
12,41,248
12,28,241
12,28,271
12,17,269
12,10,261
12,331,249
12,367,197
12,353,228
12,347,221
12,354,219
12,358,236
12,346,246
12,357,246
12,142,321
12,135,322
12,202,352
12,155,375
12,246,375
12,183,408
12,195,410
12,201,414
12,248,443
12,227,468
12,232,474
12,217,476
12,209,474
12,194,488
12,192,488
12,181,488
12,188,500
12,193,513
12,141,541
12,189,607
12,323,336
12,347,371
12,337,372
12,385,336
12,368,332
12,377,330
12,426,311
12,430,304
12,422,297
12,406,333
12,392,335
12,394,344
12,383,345
12,377,352
12,415,353
12,412,359
12,406,372
12,402,375
12,407,363
12,430,371
12,453,378
12,449,368
12,478,377
12,512,377
12,509,383
12,502,389
12,497,395
12,536,378
12,544,383
12,531,387
12,564,379
12,560,384
12,577,389
12,589,392
12,587,397
12,603,404
12,598,410
12,610,424
12,602,429
12,604,430
12,609,455
12,601,457
12,629,470
12,609,491
12,618,569
12,608,528
12,601,531
12,593,529
12,603,546
12,601,539
12,191,541
12,701,285
12,701,289
12,652,325
12,191,736
12,186,734
12,176,731
12,182,731
12,179,756
12,281,679
12,273,686
12,287,685
12,296,714
12,285,719
12,323,617
12,531,638
12,541,641
12,560,605
12,563,711
12,511,848
12,665,983
12,543,1028
12,693,1012
12,682,1017
12,862,1064
12,745,559
12,730,517
12,729,510
12,740,509
12,776,504
12,752,528
12,754,523
12,839,497
12,867,487
12,865,494
12,869,499
12,907,507
12,908,497
12,924,494
12,929,486
12,935,482
12,943,484
12,936,493
12,955,500
12,950,486
12,983,494
12,985,485
12,1019,490
12,1032,497
12,1031,488
12,1036,513
12,1029,507
12,1125,507
12,1124,499
12,1151,502
12,1154,508
12,1152,513
12,1168,509
12,1192,504
12,1163,599
12,1165,591
12,1267,521
12,1385,511
12,1384,501
12,1395,499
12,1395,508
12,1710,469
12,1714,461
12,1719,458
12,1709,455
12,1710,447
12,1891,431
12,1890,425
12,1891,417
12,1273,507
12,302,803
12,244,932
12,216,825
12,14,979
12,20,976
12,49,999
12,46,992
12,15,1017
12,43,775
12,566,617
12,882,565
12,1726,444
12,1112,72
12,1091,70
12,1102,73
12,1345,63
12,1419,34
12,1389,46
12,1438,23
12,1438,31
12,1401,37
12,889,565
12,10,467
12,208,297
12,200,295
12,185,294
12,184,282
12,175,279
12,160,278
12,359,193
12,843,490
13,201,114
13,185,113
13,192,130
13,184,135
13,199,150
13,203,163
13,227,224
13,219,227
13,177,164
13,308,287
13,54,249
13,43,245
13,29,237
13,29,267
13,19,265
13,10,257
13,333,245
13,355,224
13,348,217
13,355,216
13,359,232
13,347,244
13,360,244
13,141,316
13,134,317
13,202,349
13,155,370
13,248,371
13,184,402
13,196,405
13,203,410
13,250,439
13,229,466
13,235,472
13,220,472
13,212,472
13,195,484
13,192,485
13,182,484
13,189,496
13,193,510
13,142,537
13,188,603
13,323,331
13,348,369
13,339,369
13,388,333
13,373,328
13,428,309
13,408,330
13,394,334
13,390,342
13,379,343
13,373,350
13,413,351
13,410,356
13,404,369
13,399,372
13,404,360
13,427,369
13,449,376
13,445,367
13,473,376
13,508,377
13,505,383
13,497,387
13,493,393
13,532,378
13,540,382
13,527,386
13,560,378
13,556,383
13,574,387
13,586,389
13,585,394
13,600,401
13,595,407
13,609,420
13,602,425
13,602,426
13,607,450
13,599,452
13,628,466
13,609,488
13,616,572
13,609,525
13,602,528
13,595,525
13,603,542
13,604,534
13,180,527
13,703,281
13,704,286
13,656,324
13,192,731
13,187,730
13,176,725
13,182,726
13,179,752
13,279,677
13,275,685
13,285,683
13,295,710
13,284,714
13,317,618
13,532,636
13,542,637
13,561,600
13,563,705
13,510,845
13,660,982
13,541,1024
13,690,1010
13,677,1016
13,858,1063
13,739,558
13,726,518
13,725,510
13,736,509
13,771,505
13,748,529
13,750,523
13,834,498
13,862,488
13,860,495
13,865,499
13,903,507
13,904,497
13,921,494
13,926,486
13,931,482
13,939,484
13,933,493
13,951,499
13,947,487
13,978,494
13,980,485
13,1015,490
13,1028,497
13,1026,488
13,1032,512
13,1025,506
13,1121,505
13,1120,498
13,1146,501
13,1149,507
13,1147,512
13,1164,508
13,1188,503
13,1159,599
13,1162,591
13,1262,520
13,1381,511
13,1380,501
13,1391,500
13,1390,509
13,1706,470
13,1709,462
13,1715,459
13,1705,456
13,1706,448
13,1887,431
13,1887,426
13,1887,418
13,1269,508
13,307,794
13,216,822
13,11,972
13,18,969
13,51,995
13,45,987
13,14,1011
13,58,771
13,567,613
13,866,562
13,1722,445
13,1118,67
13,1089,66
13,1107,67
13,1342,62
13,1414,37
13,1386,46
13,1435,23
13,1432,33
13,1398,38
13,873,562
13,12,463
13,207,295
13,198,292
13,184,290
13,183,277
13,175,275
13,160,272
13,360,189
13,839,491
14,202,110
14,184,108
14,193,126
14,184,130
14,198,145
14,201,159
14,225,221
14,217,223
14,176,160
14,310,283
14,56,246
14,45,242
14,31,234
14,31,263
14,21,261
14,11,254
14,335,241
14,357,220
14,349,213
14,356,214
14,361,229
14,350,240
14,363,242
14,141,311
14,134,313
14,202,346
14,156,366
14,251,367
14,185,396
14,198,400
14,205,406
14,253,435
14,232,464
14,238,470
14,224,469
14,215,470
14,197,480
14,192,482
14,184,479
14,191,492
14,192,507
14,143,533
14,187,598
14,323,326
14,351,366
14,342,366
14,391,330
14,432,304
14,410,328
14,398,331
14,388,339
14,376,339
14,370,346
14,411,348
14,407,354
14,401,366
14,396,368
14,401,357
14,424,366
14,445,375
14,441,366
14,469,376
14,504,376
14,501,382
14,493,386
14,489,392
14,528,377
14,537,381
14,524,385
14,556,377
14,552,382
14,571,386
14,583,385
14,582,391
14,598,398
14,593,404
14,608,416
14,602,421
14,600,422
14,606,446
14,598,448
14,626,462
14,609,485
14,614,576
14,611,522
14,604,525
14,596,522
14,603,539
14,608,530
14,172,509
14,706,278
14,708,283
14,661,323
14,193,726
14,188,726
14,176,720
14,182,722
14,179,747
14,278,676
14,277,685
14,283,681
14,294,707
14,283,710
14,314,616
14,534,630
14,545,632
14,562,596
14,563,699
14,510,841
14,656,981
14,539,1019
14,687,1009
14,673,1015
14,854,1061
14,733,557
14,722,519
14,721,510
14,732,509
14,767,506
14,744,530
14,745,523
14,831,497
14,857,487
14,856,495
14,861,499
14,899,506
14,900,496
14,917,494
14,923,486
14,926,482
14,935,484
14,929,493
14,947,498
14,944,488
14,974,494
14,976,485
14,1019,493
14,1025,498
14,1022,488
14,1028,511
14,1022,506
14,1117,503
14,1117,497
14,1142,500
14,1145,506
14,1143,511
14,1159,508
14,1183,503
14,1155,598
14,1158,591
14,1257,519
14,1377,511
14,1376,502
14,1387,500
14,1386,509
14,1703,470
14,1705,462
14,1712,459
14,1701,457
14,1702,449
14,1884,431
14,1883,426
14,1884,418
14,1265,508
14,306,783
14,213,819
14,14,1005
14,252,940
14,74,768
14,569,608
14,850,558
14,1718,446
14,1121,62
14,1093,65
14,1109,62
14,1340,61
14,1383,47
14,1431,26
14,1431,34
14,1394,41
14,858,560
14,15,460
14,208,290
14,197,287
14,184,285
14,183,273
14,176,271
14,160,267
14,362,186
14,834,491
15,203,105
15,185,103
15,193,122
15,183,124
15,197,141
15,199,154
15,224,217
15,215,219
15,175,156
15,312,279
15,58,243
15,47,239
15,33,230
15,33,259
15,23,258
15,12,251
15,337,238
15,359,216
15,351,209
15,358,209
15,363,224
15,353,236
15,366,237
15,141,306
15,134,309
15,202,341
15,157,362
15,254,363
15,187,390
15,200,396
15,207,402
15,256,432
15,235,461
15,241,467
15,227,466
15,217,467
15,199,476
15,194,477
15,186,474
15,192,488
15,192,504
15,145,529
15,187,593
15,324,321
15,354,363
15,344,364
15,394,327
15,413,324
15,402,328
15,386,336
15,374,336
15,368,342
15,409,346
15,405,351
15,399,363
15,393,365
15,398,354
15,421,364
15,442,374
15,438,365
15,465,375
15,500,376
15,498,382
15,489,385
15,485,390
15,525,377
15,534,381
15,521,385
15,552,375
15,548,381
15,567,384
15,580,382
15,580,388
15,596,394
15,590,401
15,608,412
15,602,418
15,599,418
15,604,441
15,596,444
15,625,458
15,610,480
15,613,579
15,612,519
15,605,522
15,598,518
15,604,535
15,610,525
15,164,492
15,709,275
15,712,281
15,194,720
15,189,720
15,177,715
15,183,717
15,179,743
15,276,673
15,275,680
15,283,678
15,291,703
15,281,706
15,311,614
15,536,625
15,548,627
15,564,592
15,564,696
15,510,837
15,538,1014
15,683,1006
15,669,1012
15,851,1059
15,729,556
15,719,518
15,718,510
15,729,510
15,763,507
15,740,531
15,741,524
15,828,496
15,853,487
15,853,495
15,857,499
15,895,506
15,896,496
15,914,494
15,920,486
15,922,482
15,931,484
15,926,493
15,944,498
15,940,488
15,970,494
15,973,485
15,1006,489
15,1017,496
15,1020,487
15,1024,511
15,1019,506
15,1114,502
15,1114,496
15,1138,500
15,1141,505
15,1139,510
15,1154,507
15,1179,502
15,1150,598
15,1154,590
15,1253,518
15,1373,511
15,1372,502
15,1383,500
15,1382,509
15,1700,470
15,1702,462
15,1709,460
15,1697,458
15,1699,450
15,1880,431
15,1880,426
15,1880,419
15,1261,508
15,306,772
15,213,814
15,15,999
15,253,937
15,91,761
15,572,603
15,835,555
15,1715,448
15,1093,62
15,1338,61
15,1368,53
15,1428,29
15,1430,35
15,1390,44
15,842,556
15,20,456
15,209,285
15,197,282
15,185,280
15,183,268
15,174,265
15,160,262
15,830,492
16,205,100
16,187,98
16,194,118
16,183,119
16,196,137
16,197,150
16,222,213
16,213,215
16,175,152
16,314,275
16,61,241
16,49,236
16,35,227
16,34,256
16,25,254
16,13,247
16,6,289
16,338,235
16,361,212
16,352,205
16,360,205
16,365,219
16,356,232
16,369,233
16,141,302
16,133,304
16,202,337
16,158,358
16,256,359
16,191,386
16,203,391
16,210,397
16,260,428
16,238,458
16,244,465
16,231,463
16,220,464
16,201,473
16,196,472
16,188,469
16,194,485
16,194,501
16,146,525
16,187,588
16,325,317
16,357,360
16,347,361
16,397,324
16,416,321
16,406,325
16,385,333
16,372,333
16,366,338
16,408,344
16,403,349
16,397,360
16,390,362
16,396,351
16,418,362
16,438,372
16,434,363
16,462,375
16,496,375
16,494,381
16,485,384
16,482,389
16,521,376
16,530,380
16,518,384
16,548,374
16,545,380
16,564,382
16,577,380
16,576,386
16,593,391
16,588,398
16,607,408
16,602,414
16,597,414
16,603,437
16,595,440
16,624,454
16,611,476
16,613,583
16,614,517
16,607,519
16,600,515
16,606,532
16,613,520
16,156,475
16,713,273
16,716,279
16,196,715
16,190,714
16,179,710
16,185,712
16,179,739
16,275,670
16,273,676
16,283,676
16,289,700
16,280,703
16,307,612
16,539,619
16,551,623
16,565,587
16,566,693
16,511,831
16,536,1009
16,679,1004
16,666,1010
16,847,1056
16,725,555
16,716,518
16,715,511
16,726,511
16,759,508
16,736,531
16,737,524
16,825,496
16,849,487
16,850,495
16,854,499
16,891,505
16,892,496
16,911,495
16,917,487
16,918,482
16,928,484
16,923,493
16,941,498
16,937,488
16,967,494
16,970,485
16,1003,488
16,1013,495
16,1017,487
16,1021,511
16,1016,506
16,1110,502
16,1110,495
16,1134,499
16,1136,504
16,1134,510
16,1150,507
16,1175,502
16,1146,598
16,1150,590
16,1248,517
16,1368,511
16,1367,502
16,1379,501
16,1377,510
16,1697,470
16,1698,463
16,1706,460
16,1694,459
16,1696,451
16,1877,431
16,1877,427
16,1877,420
16,1257,508
16,305,762
16,213,810
16,221,806
16,227,804
16,14,992
16,255,935
16,100,758
16,574,598
16,820,552
16,1712,450
16,1310,67
16,1337,61
16,1354,59
16,1425,32
16,1429,36
16,1387,44
16,826,552
16,26,453
16,210,281
16,197,278
16,186,276
16,184,263
16,173,260
16,160,257
16,827,492
17,206,96
17,189,93
17,194,113
17,183,114
17,195,131
17,196,145
17,221,210
17,211,211
17,176,149
17,316,271
17,63,238
17,51,233
17,37,224
17,36,252
17,27,251
17,14,244
17,8,286
17,339,232
17,364,209
17,354,201
17,362,201
17,367,214
17,359,229
17,372,229
17,141,298
17,133,299
17,202,332
17,159,354
17,259,355
17,195,382
17,207,387
17,213,393
17,264,424
17,242,455
17,248,463
17,235,460
17,223,461
17,207,469
17,199,468
17,190,465
17,195,481
17,196,498
17,147,521
17,187,583
17,326,314
17,360,357
17,350,359
17,400,322
17,419,318
17,409,322
17,381,330
17,369,330
17,363,335
17,405,342
17,399,346
17,394,357
17,388,359
17,393,348
17,415,359
17,435,371
17,431,361
17,459,374
17,492,375
17,491,381
17,480,383
17,478,388
17,517,376
17,527,379
17,515,383
17,544,373
17,542,379
17,561,381
17,574,378
17,573,384
17,591,388
17,585,395
17,607,405
17,602,411
17,596,411
17,601,433
17,594,436
17,623,450
17,612,471
17,613,587
17,615,513
17,608,516
17,601,512
17,608,528
17,616,515
17,148,458
17,718,271
17,720,277
17,198,710
17,192,708
17,181,706
17,187,707
17,180,735
17,274,667
17,271,672
17,283,673
17,288,696
17,280,699
17,304,610
17,543,614
17,554,619
17,567,582
17,567,688
17,513,826
17,535,1005
17,676,1002
17,663,1008
17,843,1054
17,721,555
17,714,518
17,712,512
17,723,512
17,756,509
17,732,532
17,733,525
17,821,496
17,845,487
17,846,495
17,850,499
17,887,505
17,887,495
17,907,494
17,913,487
17,915,481
17,924,483
17,919,493
17,938,498
17,933,488
17,964,494
17,967,486
17,1000,488
17,1010,494
17,1014,487
17,1018,511
17,1013,506
17,1106,502
17,1106,494
17,1130,498
17,1132,504
17,1130,510
17,1145,506
17,1170,501
17,1142,598
17,1147,590
17,1244,516
17,1364,511
17,1363,502
17,1375,501
17,1373,510
17,1694,470
17,1695,463
17,1703,461
17,1690,460
17,1693,452
17,1873,431
17,1873,427
17,1873,420
17,1253,508
17,304,753
17,217,804
17,225,800
17,229,798
17,13,986
17,255,933
17,112,751
17,577,593
17,805,549
17,1710,451
17,1306,68
17,1335,63
17,1392,47
17,1351,59
17,1384,46
17,1472,10
17,811,551
17,29,450
17,210,277
17,197,274
17,185,272
17,185,257
17,173,255
17,160,251
17,824,493
18,208,91
18,191,88
18,195,108
18,183,109
18,195,126
18,196,140
18,219,205
18,210,206
18,177,145
18,319,268
18,65,235
18,53,230
18,39,220
18,38,248
18,29,247
18,15,241
18,9,283
18,340,229
18,367,207
18,356,197
18,364,197
18,362,225
18,375,225
18,142,295
18,133,294
18,202,328
18,159,349
18,262,351
18,199,378
18,211,383
18,216,389
18,268,420
18,245,452
18,250,459
18,238,457
18,226,458
18,210,466
18,201,464
18,192,461
18,197,478
18,198,495
18,149,518
18,187,578
18,328,311
18,363,355
18,352,356
18,403,319
18,422,315
18,412,319
18,378,327
18,366,327
18,360,332
18,402,340
18,396,344
18,391,354
18,386,357
18,391,346
18,412,356
18,431,370
18,428,359
18,456,374
18,488,374
18,487,380
18,476,382
18,474,388
18,514,376
18,523,378
18,512,383
18,541,372
18,539,379
18,557,379
18,571,376
18,570,382
18,589,385
18,583,392
18,607,401
18,602,406
18,596,406
18,600,428
18,592,432
18,622,446
18,613,467
18,613,591
18,616,509
18,610,513
18,603,510
18,609,525
18,618,510
18,137,441
18,721,268
18,723,274
18,199,704
18,193,703
18,182,701
18,188,701
18,180,731
18,273,664
18,269,668
18,283,671
18,288,692
18,280,696
18,299,608
18,544,611
18,555,615
18,567,577
18,568,684
18,513,825
18,532,1000
18,672,1000
18,659,1006
18,839,1051
18,927,1075
18,716,554
18,711,519
18,708,513
18,719,512
18,753,509
18,728,533
18,728,525
18,817,496
18,841,488
18,843,495
18,846,500
18,883,504
18,883,495
18,903,494
18,909,487
18,912,481
18,921,483
18,915,493
18,935,498
18,930,488
18,960,493
18,963,486
18,996,488
18,1007,495
18,1010,486
18,1014,510
18,1009,505
18,1102,502
18,1103,494
18,1126,498
18,1127,504
18,1125,510
18,1140,506
18,1166,501
18,1138,597
18,1142,589
18,1239,515
18,1360,511
18,1359,503
18,1371,501
18,1369,510
18,1691,471
18,1692,464
18,1701,462
18,1687,461
18,1690,453
18,1870,431
18,1870,427
18,1870,421
18,1250,508
18,306,746
18,211,802
18,221,797
18,227,793
18,12,982
18,255,931
18,123,747
18,576,589
18,790,548
18,1709,452
18,1303,69
18,1330,64
18,1386,48
18,1349,60
18,1376,48
18,1468,12
18,797,551
18,33,447
18,210,273
18,198,271
18,185,268
18,186,252
18,174,250
18,161,246
18,820,494
19,210,87
19,193,83
19,195,103
19,183,104
19,194,120
19,195,136
19,217,200
19,209,201
19,177,142
19,321,263
19,67,232
19,55,227
19,41,217
19,40,245
19,31,244
19,16,238
19,11,280
19,342,227
19,370,205
19,359,194
19,366,221
19,377,220
19,143,290
19,133,289
19,203,324
19,159,345
19,264,347
19,203,374
19,215,379
19,219,385
19,272,416
19,249,450
19,252,456
19,241,455
19,229,455
19,214,464
19,204,460
19,194,457
19,199,475
19,200,492
19,150,514
19,187,573
19,328,307
19,365,353
19,355,354
19,406,316
19,344,253
19,425,311
19,415,317
19,375,325
19,363,325
19,358,329
19,399,338
19,393,342
19,388,351
19,384,354
19,389,344
19,409,353
19,428,368
19,425,357
19,453,373
19,485,373
19,484,379
19,472,382
19,470,387
19,510,375
19,520,377
19,509,382
19,537,371
19,535,378
19,554,377
19,568,374
19,566,381
19,585,382
19,580,389
19,607,397
19,602,401
19,596,402
19,598,424
19,591,428
19,621,441
19,613,464
19,611,593
19,617,506
19,611,510
19,604,508
19,611,521
19,621,505
19,127,425
19,724,266
19,726,272
19,200,699
19,194,698
19,183,696
19,189,696
19,181,728
19,272,661
19,267,664
19,284,669
19,288,689
19,280,693
19,295,607
19,546,608
19,557,612
19,568,573
19,569,680
19,513,824
19,530,996
19,668,998
19,656,1004
19,836,1049
19,924,1074
19,712,554
19,708,521
19,704,514
19,715,513
19,750,509
19,724,534
19,724,525
19,813,497
19,838,488
19,839,495
19,842,500
19,879,504
19,879,495
19,899,494
19,905,487
19,909,480
19,917,483
19,911,494
19,932,498
19,927,488
19,957,493
19,959,486
19,993,489
19,1004,496
19,1006,486
19,1010,510
19,1005,505
19,1098,502
19,1099,493
19,1122,497
19,1123,504
19,1121,510
19,1136,506
19,1162,501
19,1134,597
19,1138,589
19,1235,514
19,1356,511
19,1355,503
19,1367,502
19,1364,511
19,1687,471
19,1688,464
19,1697,462
19,1683,462
19,1686,453
19,1867,432
19,1867,428
19,1867,422
19,1246,508
19,303,736
19,209,800
19,221,790
19,226,787
19,12,976
19,254,927
19,132,745
19,576,586
19,775,548
19,1705,453
19,1300,71
19,1326,65
19,1381,49
19,1347,61
19,1369,53
19,1464,14
19,780,549
19,36,445
19,210,269
19,199,268
19,185,264
19,184,247
19,173,246
19,159,241
19,817,494
20,211,82
20,195,78
20,196,98
20,184,100
20,194,115
20,195,131
20,216,195
20,208,196
20,178,138
20,324,259
20,70,230
20,58,224
20,43,214
20,42,241
20,33,240
20,18,234
20,13,277
20,345,223
20,372,200
20,362,190
20,369,217
20,380,216
20,144,285
20,134,285
20,204,321
20,160,341
20,267,343
20,207,370
20,218,374
20,223,381
20,276,412
20,251,447
20,254,452
20,244,452
20,232,452
20,217,461
20,206,456
20,196,454
20,200,472
20,203,489
20,151,511
20,187,568
20,368,351
20,357,352
20,410,314
20,345,249
20,429,308
20,417,313
20,374,323
20,396,336
20,390,340
20,386,348
20,383,352
20,387,342
20,406,351
20,424,367
20,422,355
20,450,373
20,482,372
20,481,378
20,468,381
20,466,387
20,507,374
20,516,376
20,506,382
20,533,370
20,532,377
20,551,376
20,565,372
20,563,379
20,582,379
20,577,386
20,608,394
20,602,397
20,597,397
20,597,420
20,590,424
20,620,437
20,613,461
20,610,596
20,618,502
20,613,507
20,606,506
20,613,518
20,624,500
20,116,408
20,728,264
20,728,270
20,201,694
20,195,693
20,184,691
20,190,691
20,182,724
20,272,658
20,266,660
20,283,666
20,287,686
20,278,690
20,289,605
20,548,603
20,559,607
20,571,568
20,571,676
20,514,818
20,529,992
20,665,995
20,653,1001
20,832,1047
20,921,1072
20,708,554
20,705,523
20,701,515
20,711,514
20,748,510
20,720,535
20,720,526
20,809,497
20,834,489
20,836,495
20,838,501
20,875,504
20,875,494
20,895,494
20,901,487
20,906,480
20,914,483
20,907,494
20,928,498
20,923,487
20,953,492
20,955,486
20,989,489
20,1001,497
20,1002,486
20,1006,510
20,1001,505
20,1094,503
20,1096,493
20,1118,497
20,1119,504
20,1117,511
20,1131,505
20,1158,500
20,1130,597
20,1134,589
20,1230,513
20,1352,511
20,1351,503
20,1363,502
20,1360,511
20,1684,472
20,1685,465
20,1694,462
20,1679,463
20,1682,454
20,1863,433
20,1864,429
20,1863,423
20,1242,508
20,300,729
20,205,797
20,226,783
20,233,781
20,11,970
20,253,924
20,142,734
20,578,581
20,758,547
20,1702,454
20,1297,71
20,1323,66
20,1383,49
20,1342,61
20,1366,55
20,1462,17
20,763,548
20,40,443
20,209,264
20,199,263
20,185,260
20,183,242
20,172,242
20,158,236
20,814,494
21,213,77
21,197,73
21,197,93
21,185,94
21,194,110
21,195,127
21,214,191
21,207,192
21,179,135
21,326,255
21,72,226
21,60,221
21,45,210
21,45,237
21,35,236
21,20,230
21,14,274
21,348,219
21,374,196
21,365,187
21,145,280
21,135,280
21,205,317
21,160,337
21,270,339
21,211,365
21,222,370
21,226,376
21,279,408
21,254,444
21,256,449
21,247,450
21,235,450
21,220,458
21,209,452
21,198,450
21,202,469
21,204,485
21,152,507
21,187,563
21,371,349
21,360,350
21,413,312
21,346,245
21,420,310
21,372,320
21,394,333
21,388,337
21,383,344
21,381,347
21,384,339
21,403,348
21,421,366
21,419,354
21,447,371
21,479,371
21,478,378
21,464,381
21,462,387
21,503,373
21,513,375
21,502,381
21,530,369
21,529,376
21,547,374
21,562,370
21,560,377
21,578,377
21,575,384
21,608,390
21,602,392
21,597,393
21,595,416
21,588,420
21,619,433
21,614,458
21,609,599
21,620,499
21,615,504
21,608,504
21,615,515
21,627,495
21,106,392
21,732,263
21,202,689
21,196,688
21,185,686
21,191,686
21,183,721
21,272,655
21,265,656
21,282,663
21,286,683
21,277,687
21,284,604
21,250,930
21,20,1025
21,10,1030
21,551,598
21,562,602
21,575,564
21,572,672
21,515,813
21,528,988
21,661,993
21,650,999
21,828,1044
21,918,1072
21,704,551
21,700,523
21,698,515
21,707,514
21,744,510
21,716,536
21,716,526
21,806,498
21,831,490
21,833,496
21,834,502
21,871,503
21,871,494
21,891,494
21,898,487
21,904,480
21,911,483
21,904,495
21,924,498
21,920,487
21,950,492
21,951,486
21,985,489
21,997,496
21,999,486
21,1005,512
21,999,506
21,1090,502
21,1091,492
21,1114,496
21,1115,503
21,1113,510
21,1127,504
21,1154,500
21,1127,596
21,1130,589
21,1226,512
21,1348,511
21,1347,504
21,1359,503
21,1356,512
21,1680,472
21,1682,465
21,1690,463
21,1676,464
21,1679,455
21,1860,434
21,1861,430
21,1859,424
21,1238,508
21,300,718
21,204,794
21,223,781
21,230,776
21,11,962
21,253,921
21,151,729
21,581,576
21,742,547
21,1700,455
21,1295,71
21,1321,68
21,1357,60
21,1385,50
21,1337,61
21,1364,56
21,1460,20
21,751,547
21,45,440
21,208,260
21,199,259
21,186,256
21,185,238
21,174,238
21,160,231
21,810,494
22,215,72
22,199,68
22,198,88
22,187,89
22,194,105
22,196,122
22,213,186
22,206,187
22,180,130
22,329,251
22,75,223
22,63,218
22,48,207
22,48,234
22,37,232
22,23,226
22,16,271
22,351,216
22,146,275
22,136,276
22,206,314
22,161,333
22,272,335
22,216,360
22,225,365
22,229,371
22,283,404
22,257,441
22,259,446
22,251,448
22,239,448
22,223,455
22,211,448
22,201,447
22,204,466
22,206,482
22,153,504
22,187,558
22,374,347
22,362,348
22,416,310
22,347,241
22,422,306
22,392,331
22,387,334
22,381,340
22,380,342
22,382,336
22,401,345
22,419,363
22,416,352
22,444,369
22,476,370
22,474,377
22,460,379
22,458,385
22,500,372
22,510,375
22,498,380
22,526,368
22,525,375
22,530,386
22,524,392
22,544,372
22,560,369
22,557,376
22,575,374
22,572,381
22,608,386
22,602,387
22,597,388
22,594,412
22,587,416
22,619,429
22,613,453
22,608,600
22,621,495
22,616,500
22,608,500
22,616,510
22,625,488
22,90,373
22,735,260
22,203,684
22,197,682
22,186,681
22,192,681
22,184,717
22,273,652
22,264,653
22,281,660
22,286,681
22,276,685
22,280,602
22,252,929
22,21,1019
22,11,1024
22,554,594
22,565,600
22,576,562
22,574,668
22,516,809
22,526,983
22,657,991
22,646,997
22,824,1042
22,913,1070
22,701,549
22,695,524
22,695,516
22,703,514
22,740,510
22,712,537
22,712,527
22,802,498
22,827,489
22,829,496
22,830,502
22,867,503
22,867,494
22,887,494
22,894,487
22,900,480
22,907,483
22,900,495
22,921,498
22,916,486
22,947,492
22,947,487
22,982,489
22,994,496
22,996,486
22,1002,511
22,996,506
22,1087,501
22,1087,491
22,1110,496
22,1111,503
22,1109,509
22,1123,504
22,1150,499
22,1123,596
22,1126,588
22,1222,511
22,1343,511
22,1342,504
22,1354,503
22,1352,512
22,1677,473
22,1679,466
22,1687,463
22,1672,465
22,1675,456
22,1857,435
22,1858,431
22,1856,425
22,1234,508
22,297,710
22,202,789
22,223,777
22,229,773
22,267,800
22,257,805
22,247,801
22,254,918
22,160,721
22,581,570
22,732,549
22,1699,456
22,1291,70
22,1317,68
22,1356,60
22,1374,56
22,1336,62
22,1363,57
22,1457,20
22,739,547
22,50,437
22,208,256
22,199,255
22,187,252
22,188,235
22,177,234
22,162,226
22,806,493
23,217,67
23,201,64
23,199,83
23,188,84
23,195,100
23,197,117
23,211,181
23,205,182
23,181,125
23,331,247
23,78,219
23,66,215
23,51,204
23,51,230
23,39,229
23,25,223
23,18,267
23,354,212
23,146,270
23,137,270
23,206,309
23,161,327
23,275,331
23,220,355
23,229,361
23,232,366
23,287,400
23,260,438
23,263,443
23,253,444
23,242,446
23,224,450
23,213,444
23,203,442
23,206,462
23,208,478
23,154,500
23,187,553
23,377,345
23,365,346
23,419,308
23,348,238
23,425,303
23,389,327
23,384,330
23,378,337
23,377,339
23,379,333
23,398,342
23,417,361
23,413,350
23,441,367
23,473,369
23,471,376
23,457,377
23,454,383
23,496,371
23,506,374
23,495,379
23,522,368
23,522,375
23,527,385
23,520,390
23,541,371
23,556,368
23,553,374
23,572,372
23,570,379
23,603,383
23,598,384
23,592,409
23,586,413
23,618,425
23,613,448
23,608,602
23,622,491
23,617,496
23,609,496
23,617,506
23,623,482
23,75,354
23,738,258
23,205,679
23,199,677
23,187,676
23,193,676
23,185,714
23,273,649
23,263,649
23,280,657
23,285,677
23,275,681
23,276,601
23,254,928
23,23,1014
23,12,1019
23,557,590
23,579,556
23,566,594
23,574,663
23,517,805
23,525,978
23,654,989
23,643,995
23,821,1040
23,909,1068
23,698,547
23,691,525
23,692,517
23,700,515
23,737,511
23,708,536
23,708,527
23,799,498
23,823,489
23,825,496
23,826,502
23,863,503
23,863,494
23,884,494
23,891,487
23,897,480
23,903,483
23,897,495
23,917,498
23,913,486
23,943,491
23,943,486
23,978,487
23,989,494
23,992,485
23,997,509
23,991,504
23,1084,501
23,1083,490
23,1106,496
23,1108,502
23,1105,509
23,1119,503
23,1146,499
23,1119,596
23,1122,588
23,1217,510
23,1339,512
23,1338,505
23,1350,504
23,1348,512
23,1674,474
23,1676,467
23,1684,464
23,1669,466
23,1672,457
23,1853,436
23,1855,432
23,1852,426
23,1231,508
23,297,701
23,200,786
23,222,772
23,227,767
23,274,799
23,262,805
23,252,801
23,255,919
23,170,715
23,582,565
23,722,552
23,1695,456
23,1288,70
23,1313,68
23,1356,59
23,1372,58
23,1335,63
23,1362,58
23,1455,21
23,727,549
23,53,433
23,208,251
23,199,249
23,186,247
23,187,230
23,176,228
23,163,220
23,803,493
24,218,62
24,203,59
24,200,78
24,190,79
24,195,96
24,198,113
24,210,177
24,204,178
24,182,120
24,334,243
24,81,216
24,69,212
24,53,200
24,54,226
24,41,225
24,27,219
24,20,263
24,358,209
24,147,265
24,138,264
24,207,305
24,161,322
24,278,328
24,225,350
24,233,356
24,235,362
24,291,396
24,263,435
24,266,441
24,256,440
24,246,444
24,226,446
24,216,441
24,205,438
24,208,458
24,210,475
24,156,497
24,187,548
24,380,342
24,367,343
24,422,304
24,350,235
24,429,299
24,386,324
24,382,327
24,376,334
24,374,336
24,377,330
24,396,339
24,415,358
24,410,348
24,438,365
24,470,368
24,468,375
24,453,376
24,451,381
24,493,370
24,503,374
24,491,378
24,519,368
24,518,374
24,524,384
24,516,389
24,538,369
24,553,367
24,550,373
24,568,370
24,566,377
24,604,379
24,599,379
24,591,405
24,585,409
24,617,421
24,613,443
24,607,604
24,623,487
24,618,492
24,610,492
24,618,501
24,622,475
24,60,335
24,740,256
24,696,300
24,207,675
24,201,672
24,189,671
24,195,671
24,186,711
24,285,648
24,274,646
24,263,646
24,280,655
24,284,674
24,274,677
24,271,599
24,257,927
24,263,930
24,20,1008
24,11,1012
24,559,586
24,580,550
24,568,589
24,574,659
24,518,800
24,523,972
24,650,987
24,640,993
24,817,1038
24,904,1066
24,694,546
24,688,524
24,688,516
24,697,515
24,733,511
24,704,536
24,705,528
24,796,499
24,819,489
24,821,496
24,822,502
24,859,503
24,859,494
24,881,494
24,887,487
24,894,481
24,900,484
24,894,495
24,914,499
24,910,486
24,939,490
24,939,485
24,975,486
24,985,493
24,988,484
24,993,508
24,987,501
24,1081,500
24,1079,489
24,1102,495
24,1104,502
24,1101,508
24,1115,502
24,1142,499
24,1115,595
24,1118,588
24,1212,510
24,1335,512
24,1334,505
24,1346,505
24,1344,513
24,1669,475
24,1672,468
24,1681,464
24,1665,467
24,1668,458
24,1850,438
24,1852,433
24,1849,427
24,1227,508
24,200,783
24,221,771
24,276,798
24,263,803
24,256,799
24,256,916
24,210,806
24,257,867
24,266,877
24,180,705
24,585,560
24,710,554
24,1691,456
24,1284,69
24,1308,68
24,1351,61
24,1365,60
24,1334,64
24,1361,59
24,1449,22
24,715,552
24,57,430
24,208,247
24,199,243
24,185,242
24,186,226
24,175,223
24,164,214
24,799,493
24,357,243
25,220,57
25,205,54
25,201,73
25,191,74
25,196,91
25,199,108
25,209,172
25,203,173
25,183,115
25,337,239
25,84,212
25,72,209
25,56,197
25,57,223
25,43,221
25,30,215
25,22,259
25,360,204
25,148,261
25,139,259
25,208,301
25,162,316
25,280,324
25,230,345
25,237,351
25,239,357
25,295,392
25,266,433
25,270,438
25,259,437
25,249,440
25,228,441
25,219,437
25,207,434
25,210,454
25,212,472
25,156,493
25,187,543
25,383,340
25,370,341
25,425,301
25,352,230
25,433,296
25,383,320
25,380,324
25,374,331
25,371,333
25,375,327
25,394,337
25,413,356
25,408,346
25,435,363
25,467,368
25,465,375
25,450,374
25,447,379
25,490,370
25,500,374
25,487,377
25,516,368
25,514,374
25,521,383
25,512,387
25,535,368
25,549,366
25,546,372
25,564,369
25,563,376
25,606,375
25,600,375
25,616,417
25,613,438
25,607,606
25,624,484
25,619,488
25,611,489
25,619,497
25,620,469
25,46,314
25,699,298
25,208,670
25,202,666
25,189,665
25,195,665
25,185,707
25,282,641
25,270,642
25,261,641
25,276,651
25,283,671
25,274,674
25,267,598
25,261,924
25,265,929
25,21,999
25,11,1005
25,561,582
25,581,544
25,570,584
25,576,654
25,519,796
25,521,966
25,637,991
25,813,1036
25,900,1064
25,573,1069
25,586,1073
25,690,545
25,685,523
25,684,516
25,694,515
25,729,511
25,700,535
25,702,528
25,792,499
25,815,489
25,817,496
25,818,502
25,855,504
25,855,495
25,878,495
25,884,487
25,890,481
25,896,484
25,891,495
25,910,498
25,906,486
25,935,490
25,935,485
25,972,485
25,981,492
25,985,484
25,990,507
25,982,500
25,1078,499
25,1075,488
25,1098,495
25,1100,501
25,1097,507
25,1110,502
25,1138,498
25,1112,595
25,1114,588
25,1207,509
25,1331,513
25,1330,506
25,1342,505
25,1341,513
25,1665,476
25,1669,469
25,1678,464
25,1661,468
25,1664,460
25,1847,439
25,1849,434
25,1845,428
25,1223,508
25,198,778
25,221,767
25,279,797
25,267,801
25,261,797
25,258,914
25,210,802
25,259,862
25,271,873
25,188,694
25,588,555
25,698,556
25,1686,457
25,1280,68
25,1303,68
25,1348,62
25,1359,63
25,1334,65
25,1395,47
25,1360,60
25,1443,23
25,705,553
25,61,427
25,208,243
25,199,238
25,184,237
25,186,220
25,176,216
25,164,209
25,796,493
25,361,241
26,222,52
26,207,49
26,203,68
26,193,69
26,197,87
26,201,104
26,208,168
26,202,169
26,184,111
26,338,237
26,87,209
26,75,207
26,59,194
26,60,219
26,45,217
26,32,211
26,24,255
26,363,200
26,149,257
26,141,254
26,209,297
26,162,311
26,283,321
26,234,341
26,241,346
26,243,353
26,299,389
26,269,430
26,274,436
26,262,433
26,252,436
26,230,437
26,223,434
26,208,430
26,213,451
26,214,468
26,157,490
26,187,538
26,386,338
26,372,339
26,429,298
26,354,225
26,380,317
26,378,321
26,372,328
26,369,330
26,373,325
26,391,334
26,411,353
26,405,344
26,432,361
26,463,367
26,461,374
26,446,373
26,444,377
26,486,369
26,497,374
26,484,376
26,513,368
26,511,374
26,519,382
26,509,386
26,531,388
26,532,366
26,546,365
26,543,371
26,561,368
26,560,375
26,607,371
26,601,371
26,616,413
26,613,433
26,605,611
26,623,480
26,618,484
26,611,485
26,621,493
26,619,463
26,33,294
26,702,297
26,210,665
26,203,661
26,189,659
26,196,660
26,185,703
26,282,638
26,270,639
26,260,638
26,275,647
26,282,667
26,273,670
26,263,595
26,390,933
26,393,925
26,265,921
26,267,929
26,20,993
26,11,1000
26,564,578
26,584,540
26,573,579
26,578,649
26,519,792
26,521,963
26,633,988
26,809,1035
26,895,1062
26,571,1064
26,581,1064
26,687,545
26,682,523
26,681,516
26,692,516
26,726,512
26,697,535
26,699,529
26,789,499
26,811,489
26,813,496
26,814,502
26,851,504
26,851,495
26,874,495
26,880,487
26,887,482
26,893,485
26,887,496
26,906,498
26,902,486
26,931,490
26,931,484
26,969,484
26,977,492
26,981,484
26,987,506
26,978,500
26,1075,499
26,1071,488
26,1094,495
26,1097,501
26,1094,507
26,1106,501
26,1134,498
26,1108,595
26,1110,587
26,1202,509
26,1327,513
26,1326,506
26,1337,506
26,1337,514
26,1662,477
26,1666,469
26,1674,466
26,1661,471
26,1661,462
26,1843,440
26,1846,435
26,1842,429
26,1219,508
26,293,677
26,195,774
26,218,765
26,281,795
26,270,800
26,262,795
26,259,913
26,211,798
26,261,859
26,270,869
26,197,687
26,590,550
26,688,555
26,1682,459
26,1278,67
26,1301,71
26,1347,62
26,1357,63
26,1333,65
26,1392,49
26,1359,61
26,1442,26
26,695,555
26,65,424
26,208,238
26,199,234
26,184,233
26,187,214
26,178,209
26,164,204
26,792,493
26,363,238
27,224,48
27,209,45
27,204,63
27,194,64
27,197,81
27,202,99
27,208,163
27,201,165
27,185,106
27,340,235
27,89,206
27,78,204
27,61,191
27,63,216
27,48,214
27,35,208
27,26,251
27,366,195
27,151,253
27,144,249
27,209,293
27,163,306
27,286,317
27,238,337
27,246,341
27,247,348
27,302,385
27,272,427
27,276,433
27,265,430
27,255,432
27,232,433
27,227,431
27,210,426
27,215,448
27,216,465
27,158,487
27,187,533
27,389,336
27,375,336
27,432,294
27,357,220
27,377,314
27,374,318
27,369,325
27,366,329
27,370,321
27,389,331
27,409,351
27,402,342
27,429,359
27,460,366
27,458,373
27,443,371
27,440,375
27,483,368
27,493,373
27,480,375
27,509,367
27,507,373
27,515,381
27,505,386
27,527,387
27,536,376
27,536,382
27,529,365
27,542,364
27,539,370
27,557,367
27,556,374
27,614,409
27,612,429
27,603,613
27,623,476
27,617,480
27,611,482
27,621,489
27,617,458
27,706,295
27,212,660
27,205,656
27,189,653
27,197,655
27,185,699
27,283,635
27,270,636
27,260,635
27,274,644
27,281,664
27,272,666
27,259,592
27,395,930
27,395,922
27,270,920
27,265,926
27,21,990
27,11,995
27,567,575
27,577,572
27,586,534
27,578,646
27,519,788
27,521,960
27,629,986
27,805,1033
27,891,1060
27,570,1060
27,577,1055
27,682,542
27,677,524
27,677,516
27,688,516
27,722,512
27,692,535
27,695,528
27,786,500
27,807,490
27,809,496
27,810,502
27,848,505
27,847,496
27,871,495
27,877,487
27,884,482
27,889,485
27,884,496
27,902,498
27,898,486
27,927,490
27,928,484
27,966,484
27,974,492
27,977,484
27,982,505
27,974,499
27,1071,498
27,1068,488
27,1089,494
27,1092,500
27,1089,506
27,1102,500
27,1130,498
27,1104,594
27,1106,587
27,1197,508
27,1323,514
27,1322,507
27,1333,507
27,1333,514
27,1659,479
27,1663,469
27,1671,468
27,1661,474
27,1658,465
27,1840,441
27,1843,436
27,1838,430
27,1215,508
27,193,770
27,214,765
27,284,795
27,271,798
27,264,794
27,249,927
27,242,931
27,260,912
27,1554,953
27,207,794
27,262,855
27,271,865
27,208,678
27,592,545
27,679,555
27,1679,460
27,1299,74
27,1346,63
27,1355,64
27,1333,66
27,1382,54
27,1358,62
27,1441,29
27,683,555
27,70,420
27,209,233
27,199,231
27,185,229
27,188,209
27,178,204
27,165,198
27,788,493
27,363,235
28,224,42
28,211,41
28,205,58
28,195,59
28,197,76
28,204,94
28,207,159
28,200,161
28,186,102
28,342,233
28,92,203
28,82,201
28,64,188
28,63,212
28,50,210
28,36,204
28,28,247
28,369,191
28,153,249
28,147,244
28,209,289
28,163,302
28,289,314
28,242,333
28,249,337
28,251,344
28,305,382
28,276,425
28,279,431
28,268,428
28,259,429
28,234,430
28,228,427
28,212,422
28,218,445
28,218,462
28,159,483
28,187,529
28,391,333
28,377,334
28,435,292
28,360,217
28,364,328
28,367,317
28,387,328
28,407,348
28,399,340
28,427,357
28,457,366
28,455,372
28,440,370
28,437,374
28,480,368
28,490,373
28,477,375
28,506,367
28,504,373
28,512,380
28,502,387
28,524,387
28,532,374
28,532,380
28,524,364
28,539,363
28,536,369
28,553,366
28,553,373
28,613,405
28,611,426
28,602,615
28,622,473
28,617,477
28,611,478
28,621,486
28,615,453
28,214,655
28,206,651
28,189,647
28,198,650
28,185,695
28,281,632
28,268,632
28,258,632
28,272,640
28,280,661
28,272,663
28,255,590
28,401,927
28,398,920
28,276,919
28,264,924
28,20,984
28,11,989
28,568,570
28,579,568
28,587,531
28,579,644
28,520,784
28,519,955
28,625,984
28,802,1031
28,886,1058
28,566,1054
28,570,1046
28,678,540
28,673,525
28,674,517
28,684,517
28,718,512
28,688,535
28,692,528
28,783,500
28,803,490
28,805,497
28,806,502
28,844,506
28,844,496
28,868,496
28,873,487
28,880,482
28,886,485
28,881,496
28,898,498
28,894,486
28,923,490
28,925,484
28,963,484
28,970,492
28,973,484
28,977,505
28,971,499
28,1067,497
28,1065,488
28,1085,493
28,1088,499
28,1085,506
28,1098,500
28,1126,497
28,1100,594
28,1102,587
28,1192,508
28,1319,514
28,1318,507
28,1329,507
28,1329,514
28,1655,480
28,1658,469
28,1667,469
28,1656,474
28,1654,465
28,1837,443
28,1841,437
28,1835,432
28,1212,509
28,189,768
28,210,765
28,286,793
28,275,796
28,267,792
28,248,924
28,241,928
28,261,911
28,1556,950
28,204,791
28,261,851
28,275,860
28,215,669
28,593,541
28,667,550
28,1676,461
28,1350,67
28,1372,60
28,1357,63
28,1440,33
28,672,555
28,75,416
28,210,229
28,200,228
28,186,225
28,189,204
28,179,199
28,166,192
28,784,493
28,365,231
29,225,37
29,214,37
29,206,53
29,196,54
29,197,71
29,205,89
29,207,155
29,199,157
29,187,98
29,343,232
29,94,201
29,86,199
29,66,186
29,64,208
29,52,206
29,37,201
29,30,243
29,372,187
29,154,245
29,149,240
29,210,285
29,163,299
29,292,310
29,247,330
29,253,333
29,256,340
29,308,378
29,279,422
29,281,429
29,271,426
29,262,427
29,236,427
29,229,423
29,214,418
29,220,442
29,220,459
29,160,480
29,187,524
29,394,330
29,380,332
29,363,215
29,360,323
29,364,321
29,385,325
29,406,346
29,397,339
29,424,355
29,454,365
29,452,371
29,435,368
29,432,372
29,477,367
29,487,373
29,474,375
29,502,366
29,500,373
29,508,379
29,499,387
29,520,386
29,529,373
29,528,379
29,520,363
29,536,362
29,533,368
29,550,365
29,550,372
29,612,401
29,610,423
29,601,618
29,622,469
29,616,473
29,611,475
29,621,483
29,613,448
29,216,650
29,208,646
29,190,642
29,199,645
29,185,691
29,279,630
29,266,629
29,257,629
29,271,637
29,279,656
29,272,659
29,251,588
29,405,927
29,403,920
29,279,918
29,261,921
29,19,978
29,11,983
29,570,566
29,581,564
29,588,527
29,580,638
29,516,842
29,521,781
29,621,982
29,798,1030
29,882,1056
29,562,1048
29,563,1037
29,674,538
29,669,526
29,671,518
29,680,518
29,715,512
29,684,536
29,689,528
29,780,501
29,799,491
29,802,497
29,802,502
29,840,506
29,840,497
29,865,496
29,870,487
29,877,483
29,882,486
29,878,496
29,895,498
29,891,486
29,920,491
29,922,484
29,960,484
29,967,492
29,970,485
29,973,505
29,968,499
29,1063,496
29,1063,489
29,1080,492
29,1083,499
29,1080,505
29,1094,499
29,1122,497
29,1097,594
29,1098,587
29,1187,507
29,1314,515
29,1313,508
29,1325,508
29,1326,515
29,1651,481
29,1653,470
29,1663,470
29,1652,475
29,1651,466
29,1833,444
29,1837,438
29,1832,433
29,1207,510
29,184,765
29,205,766
29,290,792
29,277,794
29,269,791
29,260,911
29,1553,947
29,202,788
29,257,850
29,274,856
29,258,861
29,222,659
29,595,538
29,655,545
29,1673,462
29,1348,67
29,1372,59
29,1356,64
29,1436,34
29,662,550
29,82,414
29,210,225
29,199,223
29,186,220
29,188,199
29,179,194
29,166,186
29,780,495
29,365,228
30,226,31
30,216,33
30,208,49
30,198,49
30,197,65
30,207,84
30,206,150
30,198,153
30,188,94
30,345,230
30,97,198
30,89,196
30,69,183
30,65,205
30,54,203
30,38,198
30,32,239
30,155,241
30,151,237
30,210,282
30,163,296
30,295,307
30,251,327
30,257,330
30,258,336
30,311,375
30,283,420
30,284,427
30,274,424
30,265,425
30,238,424
30,231,419
30,217,414
30,223,440
30,222,456
30,161,477
30,187,520
30,397,327
30,383,329
30,366,212
30,359,321
30,364,316
30,383,323
30,403,343
30,392,340
30,421,353
30,450,365
30,449,370
30,431,367
30,428,371
30,473,367
30,484,373
30,471,375
30,499,366
30,497,373
30,505,379
30,496,388
30,517,386
30,526,372
30,524,378
30,516,363
30,531,362
30,530,367
30,547,365
30,547,372
30,611,397
30,611,419
30,602,621
30,622,466
30,616,470
30,611,472
30,620,480
30,610,444
30,216,644
30,207,642
30,191,638
30,200,640
30,185,687
30,278,628
30,264,626
30,256,627
30,270,634
30,279,652
30,272,655
30,247,584
30,409,927
30,409,920
30,282,917
30,258,919
30,17,973
30,10,978
30,572,561
30,583,560
30,590,523
30,581,633
30,513,837
30,522,777
30,617,980
30,794,1028
30,878,1054
30,558,1043
30,558,1028
30,671,536
30,664,524
30,667,516
30,677,519
30,711,514
30,680,536
30,685,529
30,776,501
30,795,491
30,798,497
30,798,502
30,837,507
30,836,497
30,861,496
30,867,487
30,874,483
30,879,486
30,874,496
30,892,499
30,887,488
30,916,490
30,918,484
30,956,484
30,963,492
30,967,485
30,968,505
30,964,499
30,1059,495
30,1060,489
30,1076,491
30,1079,498
30,1076,505
30,1090,499
30,1118,497
30,1094,594
30,1094,588
30,1183,507
30,1310,515
30,1309,508
30,1320,509
30,1322,515
30,1647,482
30,1648,471
30,1659,471
30,1648,476
30,1648,466
30,1830,446
30,1833,439
30,1829,434
30,1203,511
30,182,763
30,200,765
30,290,792
30,280,794
30,276,789
30,262,911
30,242,931
30,242,917
30,1550,943
30,200,786
30,266,847
30,279,852
30,268,861
30,253,858
30,227,650
30,597,533
30,647,538
30,1670,463
30,1366,63
30,1356,64
30,1433,35
30,653,545
30,89,412
30,210,221
30,199,219
30,187,216
30,187,195
30,179,189
30,167,181
30,777,496
30,368,225
