1,96,601
1,114,649
1,144,604
1,143,596
1,258,612
1,335,619
1,335,612
1,265,552
1,310,559
1,310,564
1,308,572
1,615,842
1,609,846
1,492,686
1,712,971
1,760,1020
1,755,1025
1,551,754
1,546,758
1,515,711
1,406,594
1,440,603
1,433,610
1,458,617
1,448,619
1,384,523
1,333,554
1,331,571
1,328,577
1,457,494
1,454,515
1,457,508
1,601,464
1,592,473
1,593,479
1,649,420
1,683,462
1,681,469
1,663,481
1,756,474
1,753,483
1,752,489
1,838,482
1,787,519
1,843,533
1,1027,482
1,705,417
1,706,404
1,693,480
1,690,488
1,689,495
1,793,389
1,824,351
1,1063,469
1,826,338
1,866,347
1,858,376
1,856,389
1,921,344
1,918,359
1,938,369
1,929,380
1,933,387
1,931,397
1,876,364
1,995,391
1,1070,452
1,1056,418
1,1138,491
1,1135,486
1,1162,494
1,1242,480
1,1160,487
1,1184,498
1,1332,497
1,1340,489
1,1457,509
1,1014,388
1,1011,395
1,1010,402
1,1025,436
1,1024,427
1,1338,469
1,1343,463
1,1357,469
1,1385,470
1,1384,480
1,1418,465
1,1422,484
1,1421,478
1,1446,472
1,1454,464
1,1464,467
1,1466,478
1,1493,477
1,1491,471
1,1491,465
1,1489,465
1,1493,454
1,1509,465
1,1519,459
1,1523,466
1,1528,487
1,1572,946
1,1535,471
1,1559,464
1,1564,472
1,1592,457
1,1637,470
1,1655,464
1,1654,454
1,1664,471
1,1671,455
1,1676,464
1,1683,451
1,1692,461
1,1766,421
1,1563,347
1,1567,341
1,1572,336
1,1804,482
1,1814,482
1,1880,377
1,1867,377
1,1825,505
1,1872,402
1,1818,512
1,1819,530
1,1829,527
1,1829,533
1,1573,969
1,1528,981
1,1548,955
1,1782,825
1,1790,829
1,1783,873
1,1775,875
1,1707,904
1,1701,907
1,1682,989
1,1740,932
1,1826,911
1,1871,1014
1,1871,996
1,1864,977
1,1862,982
1,1857,983
1,1870,980
1,1881,988
1,1885,998
1,1893,1003
1,1912,1003
1,894,389
1,878,382
1,878,373
1,892,382
1,724,407
1,733,391
1,722,400
1,1032,458
1,1038,450
1,1037,421
1,1039,413
1,838,350
1,442,506
1,1179,482
1,1529,475
1,1869,407
1,1802,512
1,1542,1074
2,93,603
2,122,649
2,142,608
2,140,600
2,266,612
2,333,624
2,334,614
2,263,554
2,307,560
2,308,565
2,306,573
2,613,839
2,608,843
2,490,683
2,709,968
2,757,1017
2,752,1022
2,548,750
2,543,755
2,513,707
2,410,592
2,436,602
2,429,609
2,455,614
2,444,617
2,379,524
2,328,554
2,326,571
2,323,577
2,453,494
2,451,515
2,453,508
2,596,464
2,587,474
2,588,480
2,645,419
2,678,462
2,676,469
2,658,482
2,752,472
2,749,481
2,748,487
2,834,482
2,790,519
2,847,533
2,1021,481
2,702,418
2,702,405
2,688,480
2,685,488
2,684,495
2,789,390
2,823,354
2,1059,467
2,824,341
2,862,347
2,854,376
2,852,389
2,917,344
2,915,359
2,934,370
2,925,380
2,929,387
2,927,397
2,872,365
2,991,389
2,1067,449
2,1054,415
2,1134,492
2,1131,485
2,1157,493
2,1238,480
2,1155,486
2,1179,498
2,1188,471
2,1313,468
2,1329,497
2,1338,490
2,1462,510
2,1011,386
2,1008,395
2,1007,399
2,1021,433
2,1022,425
2,1337,472
2,1342,463
2,1358,473
2,1384,473
2,1381,483
2,1416,463
2,1421,488
2,1420,480
2,1447,476
2,1453,465
2,1463,469
2,1465,480
2,1494,481
2,1490,475
2,1491,470
2,1490,465
2,1494,455
2,1510,470
2,1518,462
2,1521,469
2,1527,482
2,1569,947
2,1531,471
2,1554,465
2,1559,473
2,1591,457
2,1636,470
2,1651,464
2,1650,455
2,1663,472
2,1667,455
2,1673,467
2,1683,452
2,1689,462
2,1763,423
2,1567,349
2,1570,343
2,1576,339
2,1804,481
2,1813,481
2,1877,381
2,1866,380
2,1824,502
2,1866,403
2,1819,509
2,1818,528
2,1829,526
2,1828,531
2,1568,970
2,1524,982
2,1544,955
2,1782,821
2,1790,825
2,1782,869
2,1774,871
2,1702,903
2,1697,907
2,1685,986
2,1740,933
2,1826,906
2,1867,1011
2,1867,995
2,1861,974
2,1859,979
2,1855,980
2,1866,977
2,1876,987
2,1879,997
2,1886,1003
2,1910,1009
2,889,387
2,875,382
2,875,374
2,887,382
2,720,408
2,727,391
2,719,401
2,1029,455
2,1036,447
2,1035,419
2,1036,411
2,838,350
2,438,506
2,1175,481
2,1524,478
2,1866,409
2,1802,509
3,88,603
3,126,648
3,138,609
3,134,601
3,268,611
3,329,626
3,331,618
3,258,554
3,305,561
3,306,567
3,304,574
3,612,836
3,607,840
3,489,680
3,707,965
3,755,1014
3,750,1019
3,545,747
3,540,752
3,511,704
3,415,590
3,432,601
3,425,608
3,452,612
3,441,615
3,374,526
3,324,555
3,322,571
3,319,577
3,450,495
3,448,516
3,450,508
3,591,465
3,583,475
3,584,481
3,641,418
3,673,463
3,671,470
3,654,484
3,749,471
3,746,480
3,745,486
3,830,482
3,793,519
3,851,533
3,1016,481
3,699,419
3,699,406
3,684,481
3,681,489
3,679,496
3,786,392
3,822,357
3,1055,465
3,822,344
3,858,348
3,850,377
3,849,389
3,914,345
3,912,360
3,931,371
3,922,381
3,925,388
3,923,398
3,869,366
3,987,388
3,1065,447
3,1053,412
3,1130,493
3,1127,485
3,1152,493
3,1235,480
3,1151,486
3,1175,499
3,1185,471
3,1309,468
3,1326,498
3,1336,491
3,1467,511
3,1008,385
3,1005,395
3,1004,396
3,1017,430
3,1020,424
3,1336,473
3,1342,464
3,1354,474
3,1381,476
3,1380,487
3,1413,466
3,1418,488
3,1415,482
3,1442,475
3,1450,468
3,1460,472
3,1462,482
3,1489,480
3,1488,476
3,1486,469
3,1485,465
3,1495,456
3,1505,471
3,1514,464
3,1518,468
3,1526,477
3,1566,949
3,1528,472
3,1549,467
3,1555,475
3,1591,458
3,1636,471
3,1647,464
3,1647,456
3,1662,474
3,1663,456
3,1668,466
3,1683,453
3,1686,463
3,1760,426
3,1571,352
3,1573,346
3,1580,342
3,1804,480
3,1813,480
3,1874,386
3,1865,383
3,1824,499
3,1862,404
3,1821,507
3,1818,526
3,1829,525
3,1828,529
3,1564,971
3,1521,984
3,1541,956
3,1782,818
3,1790,822
3,1781,866
3,1773,868
3,1697,903
3,1693,907
3,1688,984
3,1740,934
3,1826,902
3,1864,1009
3,1863,995
3,1858,972
3,1857,977
3,1853,978
3,1863,974
3,1871,987
3,1875,995
3,1883,1003
3,1906,1009
3,885,386
3,872,383
3,872,376
3,883,382
3,717,409
3,722,390
3,716,402
3,1027,453
3,1034,445
3,1033,418
3,1034,409
3,838,350
3,435,507
3,1171,481
3,1518,482
3,1863,412
3,1803,507
4,83,606
4,128,647
4,132,608
4,129,601
4,270,608
4,326,626
4,325,618
4,253,557
4,298,562
4,300,568
4,300,575
4,611,833
4,606,837
4,488,677
4,704,962
4,753,1011
4,748,1016
4,542,744
4,538,749
4,510,701
4,420,588
4,429,600
4,422,608
4,449,610
4,438,613
4,370,527
4,319,556
4,318,571
4,315,577
4,156,581
4,157,592
4,447,496
4,445,517
4,447,509
4,587,466
4,579,476
4,580,482
4,637,417
4,668,463
4,666,471
4,650,485
4,745,470
4,743,479
4,741,485
4,826,482
4,796,519
4,855,533
4,1010,480
4,696,420
4,696,407
4,679,481
4,676,490
4,675,497
4,782,393
4,818,358
4,1052,463
4,820,347
4,854,348
4,847,378
4,846,389
4,910,345
4,909,360
4,928,372
4,919,382
4,921,388
4,919,398
4,866,367
4,983,386
4,1063,445
4,1052,410
4,1126,494
4,1123,485
4,1147,493
4,1231,480
4,1147,486
4,1170,499
4,1182,472
4,1306,469
4,1324,499
4,1334,492
4,1471,511
4,1005,384
4,1002,396
4,1001,394
4,1013,428
4,1018,422
4,1334,474
4,1336,469
4,1351,475
4,1376,476
4,1374,487
4,1407,466
4,1413,490
4,1412,485
4,1439,477
4,1447,467
4,1456,472
4,1456,483
4,1485,483
4,1483,477
4,1483,470
4,1480,465
4,1490,458
4,1503,471
4,1510,463
4,1515,470
4,1524,478
4,1563,951
4,1525,473
4,1545,469
4,1551,476
4,1591,458
4,1636,472
4,1644,464
4,1643,457
4,1661,476
4,1659,457
4,1664,466
4,1683,454
4,1683,464
4,1757,428
4,1575,354
4,1577,349
4,1584,345
4,1804,479
4,1813,480
4,1871,390
4,1864,386
4,1824,496
4,1858,406
4,1823,505
4,1818,524
4,1829,524
4,1827,528
4,1560,972
4,1517,986
4,1538,957
4,1783,815
4,1791,818
4,1781,863
4,1772,865
4,1692,902
4,1689,907
4,1691,982
4,1740,935
4,1826,898
4,1860,1007
4,1859,994
4,1855,969
4,1855,975
4,1852,976
4,1860,971
4,1867,986
4,1869,991
4,1882,1002
4,1903,1009
4,881,385
4,869,383
4,869,378
4,879,382
4,714,410
4,717,390
4,713,403
4,1025,451
4,1032,443
4,1030,416
4,1031,407
4,839,350
4,430,507
4,1167,481
4,1513,486
4,1861,415
4,1803,505
5,78,608
5,133,644
5,126,608
5,124,601
5,272,606
5,320,627
5,316,621
5,247,559
5,295,563
5,295,569
5,297,576
5,610,830
5,605,834
5,487,674
5,701,960
5,751,1008
5,745,1013
5,540,741
5,535,747
5,508,697
5,425,586
5,425,599
5,418,607
5,446,608
5,435,611
5,365,529
5,315,557
5,313,571
5,311,577
5,151,581
5,153,593
5,443,497
5,443,517
5,444,509
5,582,466
5,575,477
5,575,483
5,633,414
5,663,464
5,661,471
5,645,487
5,742,469
5,740,478
5,738,483
5,822,482
5,800,519
5,860,533
5,1005,480
5,693,422
5,693,408
5,675,482
5,672,490
5,670,498
5,779,395
5,815,359
5,1048,461
5,818,350
5,850,349
5,843,378
5,842,388
5,907,346
5,907,361
5,925,374
5,915,382
5,917,389
5,915,399
5,863,369
5,980,385
5,1061,442
5,1050,407
5,1122,495
5,1119,485
5,1142,493
5,1228,480
5,1143,485
5,1166,500
5,1179,473
5,1303,470
5,1320,499
5,1330,492
5,1475,511
5,1002,383
5,999,396
5,998,391
5,1009,425
5,1016,421
5,1328,476
5,1333,471
5,1348,473
5,1369,478
5,1368,489
5,1403,468
5,1408,490
5,1409,482
5,1436,479
5,1444,468
5,1450,471
5,1454,484
5,1483,483
5,1480,478
5,1480,471
5,1475,465
5,1488,459
5,1498,470
5,1508,465
5,1509,471
5,1520,480
5,1560,952
5,1522,474
5,1540,470
5,1546,478
5,1591,459
5,1635,472
5,1640,464
5,1640,458
5,1660,478
5,1656,458
5,1660,466
5,1683,455
5,1681,465
5,1754,431
5,1579,357
5,1580,352
5,1588,348
5,1804,478
5,1812,479
5,1868,395
5,1863,389
5,1824,493
5,1854,408
5,1825,503
5,1817,522
5,1829,523
5,1827,526
5,1556,974
5,1514,988
5,1535,958
5,1783,812
5,1791,815
5,1780,860
5,1771,862
5,1687,902
5,1685,908
5,1695,980
5,1741,937
5,1827,894
5,1857,1005
5,1856,994
5,1852,967
5,1853,972
5,1850,973
5,1857,969
5,1864,983
5,1861,989
5,1877,1001
5,1902,1007
5,1895,1004
5,1901,1012
5,877,386
5,866,385
5,864,379
5,875,382
5,710,412
5,711,390
5,710,404
5,707,397
5,1023,448
5,1030,441
5,1028,415
5,1029,405
5,839,350
5,425,507
5,1163,480
5,1507,488
5,1858,418
5,1803,501
5,1880,986
6,72,610
6,140,642
6,120,610
6,119,601
6,274,606
6,316,629
6,314,623
6,241,562
6,291,569
6,288,561
6,291,576
6,609,827
6,604,831
6,486,671
6,698,958
6,749,1005
6,743,1011
6,537,738
6,532,744
6,506,694
6,430,584
6,422,598
6,415,606
6,443,606
6,432,609
6,360,530
6,310,558
6,309,571
6,307,578
6,147,582
6,150,594
6,440,498
6,440,518
6,441,510
6,578,467
6,570,478
6,571,485
6,629,412
6,658,464
6,657,472
6,641,488
6,738,468
6,736,476
6,734,482
6,818,482
6,803,519
6,864,533
6,999,479
6,689,423
6,688,409
6,670,483
6,667,491
6,666,499
6,775,395
6,812,360
6,1044,459
6,816,353
6,846,350
6,839,378
6,838,388
6,903,345
6,903,360
6,920,374
6,912,383
6,913,389
6,911,399
6,858,370
6,975,384
6,1059,440
6,1048,405
6,1117,494
6,1115,484
6,1137,493
6,1224,480
6,1139,485
6,1161,499
6,1176,473
6,1300,471
6,1316,499
6,1327,492
6,1479,511
6,999,382
6,996,397
6,995,389
6,1005,422
6,1014,419
6,1326,477
6,1328,473
6,1343,475
6,1367,480
6,1367,491
6,1401,472
6,1404,492
6,1405,484
6,1428,478
6,1440,468
6,1449,474
6,1451,486
6,1478,484
6,1475,479
6,1477,473
6,1472,466
6,1485,460
6,1495,469
6,1505,466
6,1506,471
6,1520,476
6,1557,954
6,1519,475
6,1535,472
6,1542,479
6,1591,460
6,1635,473
6,1637,465
6,1637,459
6,1659,478
6,1652,459
6,1656,466
6,1683,456
6,1677,465
6,1751,433
6,1583,360
6,1584,355
6,1593,352
6,1804,477
6,1812,479
6,1862,396
6,1859,390
6,1824,491
6,1850,410
6,1824,498
6,1817,521
6,1829,522
6,1826,525
6,1874,411
6,1878,406
6,1552,975
6,1510,989
6,1532,960
6,1784,809
6,1792,812
6,1779,856
6,1770,858
6,1682,901
6,1681,908
6,1698,978
6,1741,938
6,1827,889
6,1854,1003
6,1847,989
6,1849,965
6,1851,970
6,1848,971
6,1854,966
6,1861,981
6,1858,985
6,1865,994
6,1901,1006
6,1892,1004
6,1898,1012
6,873,389
6,860,389
6,857,378
6,871,382
6,707,412
6,706,391
6,706,404
6,704,398
6,1020,445
6,1028,439
6,1026,413
6,1027,402
6,840,350
6,1160,480
6,1502,489
6,1854,421
6,1802,498
6,1884,990
7,66,610
7,141,642
7,116,608
7,115,601
7,276,601
7,308,630
7,311,622
7,234,564
7,287,571
7,283,562
7,287,578
7,608,824
7,604,829
7,485,669
7,695,956
7,747,1002
7,741,1008
7,534,735
7,530,741
7,505,691
7,435,582
7,418,597
7,411,606
7,440,604
7,429,607
7,356,532
7,306,559
7,305,572
7,303,578
7,142,582
7,146,595
7,437,499
7,437,519
7,438,510
7,573,468
7,566,479
7,567,486
7,653,465
7,652,473
7,637,490
7,735,467
7,733,475
7,731,481
7,814,482
7,806,519
7,868,533
7,994,479
7,685,424
7,684,410
7,666,483
7,663,492
7,661,499
7,772,396
7,809,361
7,1041,458
7,815,356
7,843,350
7,835,378
7,834,388
7,900,345
7,900,359
7,916,374
7,909,384
7,909,390
7,907,400
7,854,371
7,971,384
7,1057,438
7,1045,402
7,1113,493
7,1111,484
7,1132,494
7,1221,480
7,1135,485
7,1156,499
7,1173,474
7,1297,472
7,1313,499
7,1323,492
7,1483,511
7,995,380
7,993,394
7,992,386
7,1002,420
7,1013,418
7,1322,479
7,1328,473
7,1338,477
7,1362,483
7,1361,490
7,1398,469
7,1401,492
7,1401,487
7,1424,480
7,1438,469
7,1444,476
7,1445,487
7,1476,486
7,1472,480
7,1472,473
7,1467,466
7,1479,461
7,1493,471
7,1499,466
7,1504,471
7,1520,473
7,1554,956
7,1515,474
7,1531,474
7,1538,481
7,1590,458
7,1635,474
7,1633,464
7,1634,458
7,1659,478
7,1649,460
7,1652,466
7,1684,457
7,1673,465
7,1749,436
7,1586,361
7,1588,356
7,1595,353
7,1804,476
7,1812,478
7,1857,398
7,1856,392
7,1825,487
7,1846,411
7,1824,494
7,1817,519
7,1829,521
7,1826,523
7,1876,410
7,1876,404
7,1548,976
7,1507,991
7,1529,961
7,1784,806
7,1792,808
7,1779,853
7,1769,855
7,1677,901
7,1677,908
7,1701,976
7,1741,939
7,1827,885
7,1849,1000
7,1848,989
7,1846,962
7,1848,968
7,1847,969
7,1851,963
7,1858,977
7,1853,982
7,1859,990
7,1900,1005
7,1889,1005
7,1895,1012
7,868,389
7,856,389
7,853,379
7,867,382
7,704,412
7,701,392
7,702,404
7,702,399
7,1018,443
7,1026,437
7,1023,409
7,1024,399
7,840,350
7,1156,479
7,1497,490
7,1850,422
7,1802,494
7,1888,996
8,64,611
8,149,637
8,111,609
8,110,603
8,279,600
8,305,630
8,305,622
8,230,563
8,283,571
8,281,562
8,285,578
8,606,821
8,601,825
8,483,665
8,693,954
8,744,999
8,738,1005
8,531,732
8,527,738
8,503,688
8,440,580
8,415,597
8,408,605
8,437,602
8,426,605
8,351,533
8,301,559
8,300,572
8,299,578
8,138,583
8,143,596
8,434,500
8,435,520
8,435,511
8,568,468
8,562,480
8,563,487
8,648,465
8,647,473
8,633,490
8,731,465
8,730,474
8,727,479
8,811,483
8,809,519
8,872,533
8,989,479
8,681,425
8,680,411
8,661,484
8,658,493
8,657,500
8,768,397
8,805,363
8,1038,455
8,812,356
8,839,351
8,831,378
8,830,388
8,897,344
8,897,358
8,911,374
8,904,384
8,904,389
8,902,400
8,849,370
8,967,383
8,1054,434
8,1041,399
8,1109,492
8,1107,483
8,1127,495
8,1217,480
8,1131,485
8,1151,499
8,1170,475
8,1293,471
8,1309,499
8,1320,492
8,1487,512
8,992,378
8,990,392
8,989,383
8,1000,414
8,1011,415
8,1320,479
8,1324,473
8,1337,478
8,1357,484
8,1354,492
8,1394,468
8,1398,492
8,1396,488
8,1423,482
8,1436,470
8,1440,479
8,1441,487
8,1473,486
8,1469,480
8,1469,475
8,1465,467
8,1477,461
8,1494,472
8,1495,464
8,1499,470
8,1520,470
8,1551,957
8,1511,473
8,1527,474
8,1533,481
8,1589,457
8,1635,475
8,1630,464
8,1631,458
8,1659,478
8,1646,461
8,1648,465
8,1684,456
8,1669,465
8,1745,436
8,1590,363
8,1592,358
8,1598,354
8,1804,475
8,1812,478
8,1852,400
8,1852,393
8,1826,483
8,1842,413
8,1823,490
8,1816,517
8,1829,520
8,1825,522
8,1879,409
8,1875,403
8,1544,978
8,1503,993
8,1526,962
8,1784,803
8,1792,805
8,1778,850
8,1768,852
8,1673,901
8,1673,909
8,1704,974
8,1741,940
8,1827,881
8,1845,997
8,1849,989
8,1843,960
8,1846,966
8,1844,966
8,1848,961
8,1856,974
8,1848,979
8,1854,987
8,1899,1004
8,1886,1005
8,1892,1012
8,864,389
8,852,389
8,849,380
8,863,382
8,700,412
8,696,393
8,698,404
8,699,400
8,1015,438
8,1023,433
8,1020,406
8,1022,396
8,841,350
8,1151,479
8,1493,489
8,1845,423
8,1801,490
8,1893,1001
9,60,614
9,155,637
9,108,610
9,106,603
9,280,597
9,302,631
9,302,624
9,223,565
9,280,571
9,277,562
9,279,578
9,604,818
9,599,822
9,482,662
9,691,953
9,742,996
9,736,1002
9,529,729
9,525,736
9,501,684
9,445,578
9,411,596
9,404,605
9,433,600
9,422,603
9,346,535
9,297,560
9,296,572
9,295,578
9,134,584
9,140,598
9,429,500
9,430,519
9,431,511
9,564,469
9,558,481
9,558,488
9,643,466
9,642,474
9,629,490
9,728,464
9,727,473
9,724,478
9,807,483
9,813,519
9,877,533
9,983,478
9,677,426
9,676,413
9,657,485
9,654,493
9,652,501
9,765,398
9,802,364
9,1035,452
9,809,357
9,835,352
9,827,378
9,826,387
9,893,344
9,894,357
9,907,374
9,899,384
9,899,389
9,897,400
9,845,369
9,962,383
9,1052,430
9,1037,397
9,1105,492
9,1103,483
9,1122,494
9,1214,480
9,1126,484
9,1146,499
9,1168,476
9,1290,471
9,1306,499
9,1316,492
9,1491,510
9,988,376
9,988,390
9,987,381
9,998,409
9,1009,412
9,1320,477
9,1322,472
9,1333,475
9,1355,485
9,1351,491
9,1392,466
9,1394,491
9,1395,490
9,1420,479
9,1428,474
9,1438,476
9,1437,488
9,1469,486
9,1468,480
9,1466,473
9,1463,467
9,1476,462
9,1495,473
9,1493,463
9,1498,469
9,1518,468
9,1548,959
9,1508,472
9,1523,475
9,1528,481
9,1588,455
9,1634,474
9,1626,464
9,1628,458
9,1659,478
9,1642,461
9,1644,464
9,1684,455
9,1665,466
9,1742,436
9,1594,365
9,1596,360
9,1601,355
9,1804,474
9,1811,477
9,1847,402
9,1849,395
9,1827,479
9,1838,413
9,1823,486
9,1816,515
9,1829,519
9,1825,520
9,1874,402
9,1540,978
9,1500,995
9,1523,963
9,1785,800
9,1793,801
9,1778,847
9,1768,849
9,1670,900
9,1670,908
9,1708,972
9,1742,942
9,1828,877
9,1842,993
9,1850,989
9,1840,957
9,1844,963
9,1842,964
9,1845,958
9,1854,971
9,1846,975
9,1852,984
9,1898,1003
9,1883,1006
9,1889,1012
9,859,389
9,848,389
9,845,381
9,859,382
9,697,411
9,695,404
9,695,399
9,1013,434
9,1021,429
9,1017,403
9,1020,392
9,841,350
9,1147,478
9,1489,488
9,1841,425
9,1801,485
9,1530,970
9,1896,1003
10,55,614
10,158,636
10,104,611
10,103,604
10,283,596
10,296,634
10,300,626
10,218,567
10,274,571
10,273,563
10,275,580
10,602,815
10,597,819
10,481,658
10,740,993
10,734,1000
10,526,726
10,522,732
10,500,681
10,450,576
10,408,595
10,401,604
10,429,598
10,419,601
10,342,537
10,292,561
10,292,572
10,291,579
10,129,585
10,135,599
10,425,501
10,425,519
10,427,511
10,559,470
10,554,482
10,554,489
10,638,467
10,638,475
10,625,490
10,724,463
10,723,471
10,720,477
10,803,483
10,816,519
10,881,533
10,978,478
10,672,426
10,673,414
10,652,485
10,649,494
10,648,502
10,762,399
10,799,365
10,1032,449
10,807,358
10,831,352
10,823,378
10,822,387
10,890,343
10,890,357
10,902,374
10,895,384
10,894,389
10,892,400
10,841,369
10,958,382
10,1050,427
10,1033,394
10,1101,491
10,1099,482
10,1118,493
10,1210,480
10,1121,483
10,1141,498
10,1165,475
10,1286,471
10,1302,499
10,1313,492
10,1495,509
10,985,374
10,984,387
10,983,379
10,996,404
10,1008,409
10,1315,476
10,1318,472
10,1331,476
10,1349,482
10,1349,491
10,1387,468
10,1392,491
10,1389,485
10,1415,478
10,1429,472
10,1437,474
10,1431,487
10,1467,486
10,1465,480
10,1464,472
10,1461,464
10,1473,459
10,1483,470
10,1489,463
10,1493,469
10,1507,476
10,1545,961
10,1504,471
10,1519,476
10,1523,481
10,1587,454
10,1633,474
10,1623,464
10,1625,458
10,1661,476
10,1638,461
10,1641,464
10,1684,454
10,1661,465
10,1739,437
10,1598,367
10,1600,362
10,1603,356
10,1804,473
10,1811,477
10,1840,401
10,1843,394
10,1829,476
10,1834,413
10,1823,481
10,1816,514
10,1830,518
10,1825,519
10,1873,398
10,1865,401
10,1536,978
10,1496,996
10,1521,964
10,1785,797
10,1793,798
10,1777,843
10,1767,845
10,1667,899
10,1667,907
10,1711,968
10,1740,940
10,1828,870
10,1839,989
10,1849,987
10,1837,955
10,1842,961
10,1839,961
10,1842,955
10,1851,968
10,1843,971
10,1849,980
10,1910,1015
10,1909,1019
10,854,389
10,845,389
10,842,382
10,856,382
10,693,408
10,691,403
10,1011,430
10,1019,425
10,1014,400
10,1018,389
10,842,350
10,1143,477
10,1485,487
10,1836,425
10,1800,480
10,1529,970
10,1900,1004
11,51,615
11,161,632
11,97,611
11,96,605
11,286,593
11,291,637
11,293,628
11,214,566
11,270,571
11,268,564
11,271,580
11,600,812
11,594,816
11,480,655
11,738,990
11,731,997
11,524,723
11,520,729
11,498,678
11,455,574
11,404,594
11,397,603
11,425,596
11,416,599
11,336,538
11,288,562
11,287,572
11,287,579
11,124,586
11,130,600
11,421,501
11,421,519
11,424,511
11,555,471
11,549,483
11,550,491
11,633,467
11,633,475
11,621,491
11,721,462
11,720,470
11,717,476
11,799,483
11,819,519
11,885,533
11,972,477
11,668,426
11,671,415
11,648,486
11,645,495
11,643,503
11,757,399
11,796,366
11,1029,446
11,804,359
11,827,353
11,819,378
11,818,387
11,887,343
11,887,356
11,897,374
11,891,384
11,889,389
11,888,400
11,836,369
11,954,382
11,1048,423
11,1030,392
11,1097,490
11,1095,482
11,1114,493
11,1207,480
11,1116,483
11,1136,497
11,1162,474
11,1283,470
11,1298,499
11,1309,492
11,1499,508
11,980,372
11,980,385
11,979,377
11,992,400
11,1005,405
11,1314,476
11,1315,471
11,1328,476
11,1344,483
11,1346,492
11,1388,467
11,1388,492
11,1387,488
11,1410,481
11,1426,469
11,1433,476
11,1429,489
11,1463,486
11,1459,478
11,1458,471
11,1457,465
11,1473,461
11,1477,470
11,1482,461
11,1489,469
11,1501,478
11,1542,962
11,1501,471
11,1515,477
11,1518,481
11,1587,453
11,1632,474
11,1620,464
11,1620,457
11,1663,474
11,1634,461
11,1637,463
11,1684,454
11,1657,464
11,1736,437
11,1602,369
11,1604,364
11,1606,357
11,1804,471
11,1811,476
11,1834,400
11,1838,394
11,1830,470
11,1830,414
11,1823,476
11,1815,510
11,1829,514
11,1823,516
11,1873,393
11,1863,397
11,1533,978
11,1493,998
11,1521,964
11,1786,794
11,1794,795
11,1776,840
11,1766,842
11,1665,899
11,1664,907
11,1714,964
11,1739,939
11,1829,864
11,1836,985
11,1848,985
11,1834,953
11,1840,959
11,1837,958
11,1839,953
11,1849,964
11,1841,967
11,1847,977
11,1894,1007
11,1907,1013
11,850,389
11,841,389
11,838,383
11,852,382
11,689,408
11,687,401
11,1009,426
11,1016,421
11,1011,396
11,1015,386
11,842,350
11,1138,476
11,1481,486
11,1833,425
11,1800,475
11,1529,970
11,1903,1006
12,44,617
12,164,630
12,90,614
12,91,606
12,288,590
12,286,639
12,288,630
12,209,568
12,262,572
12,262,563
12,265,579
12,598,809
12,592,813
12,479,652
12,736,987
12,729,994
12,811,1075
12,802,1074
12,522,720
12,518,725
12,497,675
12,460,573
12,401,593
12,394,603
12,421,594
12,412,598
12,331,540
12,283,563
12,283,573
12,283,579
12,119,587
12,125,601
12,417,502
12,416,519
12,420,511
12,550,472
12,545,484
12,545,492
12,628,468
12,628,475
12,615,491
12,717,461
12,717,469
12,713,474
12,795,483
12,823,519
12,889,533
12,967,477
12,663,426
12,668,416
12,643,487
12,640,495
12,639,504
12,752,400
12,793,367
12,1026,442
12,802,360
12,824,354
12,816,379
12,814,387
12,883,342
12,884,355
12,893,374
12,888,384
12,884,389
12,883,400
12,831,369
12,948,381
12,1046,420
12,1026,389
12,1093,490
12,1092,482
12,1109,492
12,1203,480
12,1111,482
12,1131,496
12,1159,474
12,1279,470
12,1295,499
12,1306,492
12,1503,507
12,976,370
12,976,382
12,975,375
12,989,396
12,1002,402
12,1308,475
12,1313,472
12,1326,475
12,1339,483
12,1342,492
12,1380,468
12,1382,491
12,1383,486
12,1405,479
12,1423,466
12,1427,476
12,1424,488
12,1456,486
12,1456,478
12,1456,471
12,1453,465
12,1466,462
12,1476,467
12,1479,460
12,1484,467
12,1497,478
12,1539,964
12,1496,470
12,1512,478
12,1514,482
12,1586,452
12,1632,473
12,1616,463
12,1615,457
12,1665,473
12,1630,460
12,1634,463
12,1683,453
12,1653,463
12,1733,437
12,1605,369
12,1609,366
12,1609,358
12,1803,470
12,1811,476
12,1827,399
12,1832,394
12,1831,465
12,1826,414
12,1823,471
12,1814,506
12,1828,511
12,1822,514
12,1869,391
12,1860,392
12,1529,978
12,1489,1000
12,1520,964
12,1785,789
12,1793,790
12,1776,837
12,1765,839
12,1662,898
12,1661,906
12,1718,960
12,1738,937
12,1830,857
12,1834,981
12,1847,983
12,1831,950
12,1838,957
12,1834,955
12,1836,950
12,1846,961
12,1839,963
12,1845,973
12,1878,1000
12,1905,1008
12,1898,1014
12,1903,1013
12,846,389
12,836,390
12,834,384
12,847,383
12,685,407
12,683,400
12,1007,422
12,1014,417
12,1008,394
12,1012,383
12,842,350
12,1134,475
12,1478,485
12,1829,424
12,1799,471
12,1607,466
12,1603,476
12,1614,475
12,1528,970
13,40,620
13,169,630
13,84,614
13,88,608
13,290,590
13,282,639
13,284,632
13,203,570
13,260,571
13,259,564
13,261,581
13,596,806
13,590,810
13,477,648
13,616,844
13,610,848
13,734,984
13,727,991
13,809,1072
13,800,1071
13,519,717
13,515,722
13,495,671
13,464,571
13,397,592
13,390,602
13,417,592
13,409,596
13,326,542
13,279,564
13,279,573
13,278,579
13,114,589
13,121,603
13,413,503
13,412,519
13,417,512
13,545,473
13,541,485
13,541,493
13,624,469
13,623,475
13,609,492
13,714,460
13,714,468
13,710,473
13,791,483
13,826,519
13,894,533
13,962,477
13,659,426
13,666,418
13,639,487
13,636,496
13,634,504
13,747,400
13,789,369
13,1023,438
13,798,361
13,820,354
13,812,379
13,810,387
13,880,342
13,881,354
13,888,374
13,885,384
13,879,389
13,878,400
13,827,369
13,943,381
13,1043,417
13,1022,386
13,1088,489
13,1087,481
13,1105,491
13,1200,480
13,1106,482
13,1127,496
13,1157,474
13,1276,470
13,1291,499
13,1302,492
13,1507,506
13,972,369
13,972,380
13,972,374
13,986,392
13,1000,399
13,1308,475
13,1310,468
13,1324,474
13,1336,483
13,1338,492
13,1379,467
13,1380,490
13,1381,484
13,1402,477
13,1421,467
13,1424,475
13,1419,487
13,1455,485
13,1454,478
13,1453,471
13,1450,466
13,1466,462
13,1472,468
13,1477,460
13,1480,466
13,1493,478
13,1536,966
13,1492,469
13,1506,478
13,1509,482
13,1586,452
13,1631,473
13,1612,463
13,1610,457
13,1661,480
13,1626,459
13,1630,464
13,1683,453
13,1651,463
13,1730,438
13,1608,370
13,1612,366
13,1612,359
13,1803,470
13,1812,473
13,1821,399
13,1827,394
13,1833,460
13,1823,415
13,1823,466
13,1814,502
13,1827,508
13,1821,511
13,1865,386
13,1857,389
13,1526,979
13,1486,1002
13,1520,964
13,1785,785
13,1793,785
13,1775,834
13,1764,836
13,1659,898
13,1659,906
13,1721,957
13,1737,936
13,1831,851
13,1830,976
13,1847,981
13,1828,948
13,1835,954
13,1832,953
13,1832,947
13,1844,958
13,1836,960
13,1842,969
13,1875,998
13,1895,1003
13,1894,1010
13,1899,1008
13,841,390
13,832,391
13,829,384
13,842,383
13,681,407
13,679,398
13,1005,418
13,1012,413
13,1005,392
13,1009,381
13,842,350
13,1130,475
13,1473,485
13,1650,455
13,1825,424
13,1799,466
13,1602,465
13,1597,475
13,1608,475
13,1527,971
14,34,622
14,173,626
14,79,615
14,74,609
14,292,591
14,276,641
14,279,634
14,198,572
14,256,573
14,254,565
14,258,582
14,594,804
14,588,807
14,476,645
14,615,841
14,609,845
14,732,981
14,725,989
14,807,1069
14,798,1069
14,517,714
14,513,718
14,494,667
14,469,569
14,394,592
14,387,602
14,413,590
14,406,594
14,321,543
14,275,565
14,274,573
14,274,579
14,111,591
14,117,604
14,409,504
14,408,520
14,413,513
14,540,474
14,537,486
14,537,494
14,619,470
14,618,475
14,603,493
14,711,459
14,710,466
14,706,472
14,787,483
14,829,519
14,898,533
14,956,476
14,654,425
14,661,417
14,634,488
14,631,497
14,630,505
14,742,401
14,786,370
14,1020,435
14,794,362
14,816,355
14,808,379
14,806,387
14,877,341
14,877,354
14,884,375
14,880,384
14,874,389
14,873,400
14,822,370
14,938,380
14,1040,414
14,1018,384
14,1083,488
14,1082,481
14,1101,491
14,1197,480
14,1101,481
14,1121,495
14,1152,474
14,1272,469
14,1288,500
14,1299,492
14,1511,505
14,968,368
14,967,378
14,968,373
14,982,387
14,997,396
14,1304,475
14,1302,472
14,1321,475
14,1331,486
14,1334,491
14,1376,466
14,1375,489
14,1373,486
14,1400,478
14,1416,466
14,1422,475
14,1413,488
14,1450,484
14,1447,476
14,1446,471
14,1446,463
14,1463,457
14,1468,468
14,1474,460
14,1478,465
14,1489,478
14,1533,967
14,1488,469
14,1501,478
14,1504,482
14,1585,452
14,1630,473
14,1608,463
14,1605,457
14,1663,474
14,1623,459
14,1626,465
14,1683,452
14,1646,462
14,1726,438
14,1611,370
14,1616,367
14,1616,360
14,1802,469
14,1813,471
14,1816,397
14,1823,394
14,1833,455
14,1820,414
14,1823,461
14,1813,498
14,1827,504
14,1820,509
14,1861,382
14,1851,385
14,1521,978
14,1483,1003
14,1520,965
14,1785,781
14,1793,780
14,1774,830
14,1763,832
14,1657,897
14,1656,905
14,1724,953
14,1735,935
14,1831,844
14,1827,972
14,1841,976
14,1825,945
14,1833,952
14,1829,950
14,1829,944
14,1842,955
14,1834,956
14,1840,966
14,1874,997
14,1886,999
14,1890,1007
14,1895,1003
14,837,390
14,827,391
14,825,384
14,838,384
14,1003,413
14,1009,409
14,1001,390
14,1006,380
14,841,349
14,1125,474
14,1469,485
14,1646,455
14,1821,423
14,1798,461
14,1598,465
14,1591,473
14,1601,475
14,1524,972
15,28,626
15,178,625
15,74,619
15,72,610
15,295,592
15,273,642
15,272,635
15,248,571
15,248,567
15,252,583
15,591,801
15,585,804
15,475,641
15,614,838
15,608,842
15,730,978
15,723,986
15,805,1066
15,796,1066
15,515,711
15,511,715
15,492,664
15,474,567
15,389,591
15,384,599
15,409,588
15,402,593
15,316,545
15,270,565
15,270,573
15,270,580
15,109,594
15,113,606
15,405,505
15,405,522
15,409,514
15,535,475
15,533,488
15,533,496
15,615,471
15,613,476
15,599,492
15,707,457
15,707,465
15,703,470
15,784,484
15,832,519
15,902,533
15,951,476
15,650,424
15,657,417
15,630,489
15,627,498
15,625,506
15,738,400
15,783,371
15,1017,431
15,790,363
15,812,356
15,804,379
15,802,387
15,873,341
15,874,353
15,879,375
15,875,384
15,870,389
15,869,400
15,818,371
15,933,380
15,1037,412
15,1015,381
15,1079,488
15,1077,480
15,1095,490
15,1192,480
15,1096,481
15,1116,494
15,1149,475
15,1269,469
15,1284,500
15,1294,491
15,1515,504
15,965,367
15,962,377
15,964,372
15,978,383
15,995,393
15,1300,475
15,1302,469
15,1315,474
15,1327,485
15,1326,491
15,1374,465
15,1371,490
15,1369,484
15,1395,477
15,1410,468
15,1417,475
15,1407,489
15,1448,485
15,1443,478
15,1442,471
15,1442,465
15,1459,460
15,1463,466
15,1470,459
15,1474,466
15,1485,477
15,1530,969
15,1486,470
15,1496,478
15,1499,482
15,1585,452
15,1630,473
15,1604,463
15,1603,456
15,1664,471
15,1620,459
15,1622,466
15,1683,452
15,1641,462
15,1723,439
15,1614,371
15,1620,368
15,1620,361
15,1801,468
15,1814,469
15,1811,396
15,1819,394
15,1834,450
15,1817,414
15,1824,457
15,1813,494
15,1826,501
15,1819,506
15,1858,381
15,1848,381
15,1517,978
15,1480,1004
15,1517,966
15,1785,776
15,1793,775
15,1774,827
15,1762,829
15,1654,897
15,1653,905
15,1728,949
15,1734,933
15,1832,838
15,1824,968
15,1836,972
15,1822,943
15,1831,950
15,1827,947
15,1826,942
15,1839,952
15,1831,952
15,1838,962
15,1866,993
15,1877,994
15,1886,1003
15,1891,998
15,832,391
15,823,392
15,820,384
15,833,384
15,1001,409
15,1007,405
15,997,387
15,1002,378
15,840,348
15,1120,473
15,1465,485
15,1642,454
15,1817,422
15,1798,456
15,1593,465
15,1586,471
15,1596,475
15,1522,973
16,23,628
16,183,625
16,70,620
16,65,612
16,297,589
16,269,644
16,268,638
16,244,575
16,243,567
16,249,585
16,589,798
16,583,802
16,474,638
16,613,835
16,607,839
16,728,975
16,721,984
16,803,1063
16,793,1063
16,514,707
16,509,711
16,491,660
16,479,565
16,385,590
16,381,597
16,405,586
16,399,591
16,311,547
16,266,566
16,266,573
16,266,580
16,107,597
16,109,608
16,401,507
16,402,523
16,405,516
16,530,477
16,528,489
16,528,497
16,610,472
16,608,476
16,595,492
16,704,456
16,704,464
16,699,469
16,779,484
16,836,519
16,907,533
16,945,475
16,645,423
16,653,416
16,626,489
16,623,498
16,620,507
16,735,399
16,780,372
16,1014,428
16,786,365
16,808,357
16,800,379
16,799,388
16,870,340
16,871,352
16,875,375
16,871,385
16,865,389
16,864,400
16,814,371
16,928,379
16,1034,409
16,1011,378
16,1074,487
16,1072,480
16,1090,490
16,1188,480
16,1091,481
16,1111,494
16,1145,475
16,1266,469
16,1280,500
16,1290,491
16,1519,503
16,961,366
16,958,376
16,960,372
16,974,378
16,992,390
16,1298,476
16,1298,469
16,1311,474
16,1321,486
16,1321,490
16,1369,465
16,1366,492
16,1367,485
16,1388,477
16,1408,466
16,1411,474
16,1403,488
16,1444,484
16,1439,478
16,1438,470
16,1437,463
16,1456,459
16,1460,467
16,1467,458
16,1470,464
16,1481,477
16,1527,971
16,1484,471
16,1490,478
16,1494,482
16,1585,452
16,1628,470
16,1600,462
16,1598,455
16,1666,469
16,1617,459
16,1619,468
16,1682,451
16,1638,460
16,1720,440
16,1618,372
16,1624,368
16,1623,362
16,1800,467
16,1815,467
16,1807,394
16,1815,394
16,1835,445
16,1813,414
16,1824,452
16,1812,490
16,1825,498
16,1818,504
16,1513,979
16,1477,1005
16,1515,968
16,1784,772
16,1793,770
16,1773,824
16,1761,826
16,1651,896
16,1650,904
16,1731,945
16,1733,932
16,1833,831
16,1821,964
16,1831,968
16,1819,941
16,1829,948
16,1824,944
16,1823,939
16,1837,948
16,1829,948
16,1835,959
16,1862,988
16,1868,990
16,1883,1000
16,1887,993
16,828,391
16,818,393
16,816,384
16,828,384
16,999,406
16,1004,402
16,994,385
16,999,376
16,840,348
16,1116,473
16,1460,485
16,1638,454
16,1813,422
16,1798,451
16,1589,464
16,1583,471
16,1593,476
16,1520,974
16,1654,470
17,187,624
17,65,621
17,62,614
17,299,587
17,264,646
17,264,640
17,187,578
17,242,575
17,238,568
17,244,585
17,586,795
17,580,799
17,473,634
17,612,832
17,606,836
17,726,973
17,719,981
17,801,1060
17,791,1060
17,513,704
17,508,708
17,489,657
17,484,563
17,381,590
17,378,595
17,401,584
17,396,589
17,306,548
17,262,567
17,261,573
17,262,580
17,105,600
17,106,610
17,397,508
17,399,525
17,402,517
17,525,478
17,524,491
17,524,498
17,605,474
17,603,477
17,592,492
17,700,455
17,701,463
17,696,468
17,775,484
17,839,519
17,911,532
17,940,475
17,641,422
17,649,416
17,621,490
17,618,499
17,616,508
17,732,398
17,777,374
17,1011,424
17,782,367
17,804,358
17,796,379
17,795,388
17,867,340
17,868,351
17,871,375
17,867,385
17,861,389
17,859,400
17,810,371
17,924,378
17,1031,406
17,1007,376
17,1070,487
17,1068,480
17,1085,489
17,1183,480
17,1087,481
17,1106,493
17,1141,474
17,1262,468
17,1276,500
17,1286,491
17,1523,502
17,958,365
17,957,376
17,956,371
17,971,374
17,990,387
17,1295,475
17,1293,470
17,1309,474
17,1316,485
17,1319,490
17,1365,464
17,1362,490
17,1364,486
17,1385,479
17,1404,465
17,1407,472
17,1400,487
17,1440,484
17,1436,479
17,1435,468
17,1433,462
17,1450,458
17,1456,467
17,1461,457
17,1468,464
17,1477,477
17,1524,973
17,1479,471
17,1485,478
17,1489,482
17,1585,451
17,1627,468
17,1597,462
17,1594,454
17,1665,468
17,1613,459
17,1614,468
17,1682,450
17,1634,460
17,1717,441
17,1622,372
17,1628,369
17,1627,363
17,1800,467
17,1816,465
17,1802,393
17,1811,394
17,1836,441
17,1810,414
17,1824,448
17,1812,486
17,1825,495
17,1817,502
17,1801,527
17,1509,981
17,1474,1006
17,1513,969
17,1784,768
17,1793,765
17,1773,821
17,1761,823
17,1649,896
17,1648,904
17,1735,942
17,1732,931
17,1834,825
17,1818,960
17,1828,964
17,1816,938
17,1827,945
17,1821,942
17,1820,936
17,1834,945
17,1826,944
17,1833,955
17,1857,983
17,1866,987
17,1880,997
17,1884,992
17,824,391
17,814,393
17,812,384
17,825,384
17,997,404
17,1001,399
17,958,385
17,990,383
17,995,374
17,839,347
17,379,525
17,376,518
17,1111,472
17,1456,484
17,1634,453
17,1808,421
17,1799,446
17,1585,463
17,1581,471
17,1590,476
17,1518,975
17,1655,468
18,191,624
18,61,623
18,56,616
18,301,587
18,260,648
18,258,641
18,181,579
18,236,576
18,235,569
18,241,586
18,584,792
18,578,797
18,472,631
18,611,829
18,605,833
18,724,970
18,717,979
18,799,1057
18,789,1058
18,512,701
18,506,705
18,488,653
18,488,561
18,376,589
18,375,593
18,398,583
18,393,588
18,301,550
18,258,567
18,257,574
18,258,580
18,100,600
18,102,611
18,393,510
18,395,527
18,398,519
18,520,479
18,519,492
18,520,500
18,600,476
18,598,478
18,587,492
18,697,454
18,698,462
18,693,467
18,771,484
18,842,519
18,915,532
18,935,475
18,637,421
18,644,415
18,617,490
18,614,500
18,611,508
18,728,398
18,773,375
18,1007,420
18,778,369
18,800,359
18,792,379
18,791,388
18,864,340
18,865,351
18,867,376
18,863,385
18,856,390
18,854,400
18,806,372
18,920,378
18,1029,404
18,1003,373
18,1065,486
18,1063,479
18,1080,489
18,1179,480
18,1082,480
18,1101,493
18,1138,474
18,1259,468
18,1272,500
18,1282,491
18,1527,501
18,954,363
18,952,377
18,952,370
18,966,370
18,987,384
18,1290,475
18,1291,469
18,1305,473
18,1312,487
18,1316,491
18,1361,462
18,1359,490
18,1359,484
18,1379,478
18,1400,466
18,1402,474
18,1396,487
18,1435,484
18,1434,477
18,1431,469
18,1427,463
18,1449,458
18,1452,465
18,1459,458
18,1464,463
18,1473,477
18,1521,974
18,1475,470
18,1480,479
18,1485,483
18,1585,450
18,1626,465
18,1594,461
18,1590,453
18,1664,466
18,1606,460
18,1609,468
18,1681,449
18,1630,458
18,1714,442
18,1626,372
18,1632,370
18,1631,364
18,1799,466
18,1815,462
18,1798,392
18,1807,394
18,1838,437
18,1807,415
18,1825,443
18,1812,482
18,1824,490
18,1816,498
18,1805,531
18,1506,984
18,1471,1007
18,1511,971
18,1784,763
18,1793,760
18,1772,817
18,1760,819
18,1645,896
18,1644,904
18,1738,938
18,1731,930
18,1833,820
18,1814,956
18,1826,961
18,1813,936
18,1825,943
18,1819,939
18,1817,934
18,1832,942
18,1824,940
18,1831,951
18,1857,982
18,1865,984
18,1875,993
18,1880,987
18,820,390
18,810,394
18,808,385
18,821,384
18,995,401
18,998,395
18,954,385
18,986,380
18,992,371
18,839,347
18,374,526
18,371,519
18,1106,472
18,1452,484
18,1630,453
18,1804,421
18,1802,441
18,1581,461
18,1579,470
18,1587,475
18,1515,976
18,1894,1037
18,1656,467
19,197,621
19,55,623
19,54,617
19,303,585
19,252,651
19,251,646
19,175,581
19,232,578
19,230,569
19,237,586
19,581,790
19,576,794
19,470,628
19,610,826
19,604,830
19,722,968
19,715,976
19,796,1054
19,787,1055
19,511,697
19,505,701
19,486,650
19,493,559
19,372,589
19,373,591
19,394,581
19,389,586
19,296,552
19,254,568
19,253,574
19,254,581
19,96,601
19,98,613
19,389,511
19,392,528
19,394,520
19,515,480
19,515,494
19,515,501
19,595,477
19,594,478
19,582,492
19,693,453
19,694,460
19,689,465
19,767,485
19,846,520
19,919,532
19,929,475
19,632,420
19,640,415
19,612,491
19,609,500
19,607,509
19,724,398
19,770,377
19,1003,416
19,775,371
19,796,361
19,788,379
19,787,388
19,861,340
19,862,351
19,862,376
19,859,385
19,852,390
19,849,400
19,802,372
19,916,377
19,1025,401
19,1000,371
19,1060,486
19,1059,479
19,1076,488
19,1176,480
19,1077,480
19,1096,492
19,1134,473
19,1255,468
19,1268,500
19,1278,491
19,1531,500
19,950,362
19,947,377
19,949,370
19,962,366
19,985,382
19,1287,474
19,1289,469
19,1303,476
19,1306,485
19,1312,490
19,1358,461
19,1354,490
19,1356,485
19,1374,480
19,1397,465
19,1400,473
19,1393,487
19,1433,484
19,1429,478
19,1428,470
19,1427,464
19,1448,459
19,1453,466
19,1455,456
19,1461,462
19,1470,477
19,1518,975
19,1472,469
19,1474,479
19,1480,483
19,1585,449
19,1625,463
19,1591,461
19,1586,453
19,1663,465
19,1603,460
19,1606,466
19,1681,449
19,1626,456
19,1709,441
19,1630,372
19,1634,371
19,1634,364
19,1798,465
19,1814,460
19,1792,389
19,1802,394
19,1840,433
19,1801,412
19,1825,439
19,1812,479
19,1823,485
19,1816,494
19,1808,534
19,1498,987
19,1468,1008
19,1508,972
19,1784,759
19,1793,755
19,1771,814
19,1760,815
19,1641,896
19,1641,905
19,1741,935
19,1731,929
19,1833,815
19,1811,952
19,1824,958
19,1810,933
19,1822,941
19,1816,936
19,1814,931
19,1830,939
19,1822,936
19,1829,948
19,1856,979
19,1863,981
19,1870,989
19,1877,982
19,815,390
19,806,394
19,804,385
19,818,384
19,993,398
19,995,392
19,951,385
19,982,377
19,988,369
19,838,347
19,370,528
19,367,521
19,1102,470
19,1448,483
19,1626,452
19,1800,421
19,1804,437
19,1578,459
19,1574,467
19,1582,472
19,1513,977
19,1896,1034
19,1658,466
20,200,621
20,50,627
20,49,619
20,305,586
20,249,651
20,248,649
20,170,583
20,227,580
20,227,571
20,231,587
20,579,787
20,573,792
20,468,625
20,609,823
20,603,827
20,616,841
20,610,843
20,720,965
20,713,974
20,794,1051
20,784,1052
20,510,694
20,503,698
20,485,646
20,498,557
20,368,588
20,370,588
20,391,580
20,385,585
20,291,554
20,250,569
20,248,574
20,250,581
20,91,601
20,94,615
20,385,513
20,389,530
20,391,521
20,510,481
20,510,495
20,511,502
20,590,479
20,589,479
20,577,492
20,690,452
20,691,459
20,686,464
20,763,485
20,849,520
20,923,532
20,923,475
20,628,419
20,636,414
20,608,492
20,605,501
20,602,510
20,720,399
20,767,378
20,1000,412
20,771,372
20,793,363
20,785,380
20,784,389
20,858,340
20,860,351
20,858,376
20,855,385
20,847,390
20,844,400
20,798,373
20,912,376
20,1021,399
20,998,368
20,1056,486
20,1055,478
20,1071,488
20,1173,480
20,1072,480
20,1091,491
20,1131,473
20,1252,467
20,1264,500
20,1274,491
20,1536,499
20,946,361
20,943,375
20,945,368
20,958,363
20,983,380
20,1285,475
20,1286,469
20,1302,474
20,1302,485
20,1306,491
20,1357,462
20,1351,490
20,1351,485
20,1372,480
20,1393,465
20,1398,473
20,1387,485
20,1430,486
20,1423,478
20,1424,470
20,1423,462
20,1442,455
20,1454,467
20,1452,456
20,1459,461
20,1467,477
20,1515,977
20,1469,468
20,1469,480
20,1475,483
20,1585,448
20,1623,462
20,1587,459
20,1582,452
20,1667,463
20,1600,458
20,1604,466
20,1681,448
20,1624,457
20,1704,440
20,1634,373
20,1637,372
20,1637,364
20,1797,464
20,1813,458
20,1786,387
20,1798,395
20,1842,430
20,1799,413
20,1826,435
20,1813,475
20,1822,480
20,1815,491
20,1808,536
20,1496,987
20,1466,1009
20,1506,973
20,1784,755
20,1793,751
20,1771,810
20,1760,812
20,1637,896
20,1637,905
20,1745,932
20,1731,928
20,1833,811
20,1807,949
20,1822,955
20,1807,931
20,1820,939
20,1814,933
20,1811,928
20,1827,935
20,1819,932
20,1826,944
20,1851,977
20,1862,978
20,1869,984
20,1874,977
20,811,390
20,802,395
20,800,386
20,814,384
20,991,396
20,992,389
20,947,385
20,978,374
20,984,367
20,838,347
20,366,530
20,363,523
20,1098,468
20,1444,482
20,1622,452
20,1796,422
20,1806,432
20,1575,457
20,1570,464
20,1577,470
20,1511,978
20,1895,1029
20,1659,464
21,207,620
21,46,630
21,46,620
21,309,587
21,244,651
21,245,649
21,164,585
21,224,578
21,220,572
21,228,589
21,576,784
21,571,789
21,466,622
21,608,820
21,602,824
21,615,839
21,609,841
21,718,963
21,711,971
21,792,1048
21,782,1049
21,510,691
21,502,695
21,483,643
21,503,555
21,363,587
21,367,586
21,387,579
21,382,584
21,286,555
21,245,569
21,244,574
21,246,581
21,87,602
21,90,617
21,381,514
21,386,532
21,387,523
21,506,483
21,506,497
21,507,504
21,585,481
21,584,480
21,572,492
21,686,450
21,688,457
21,682,463
21,759,485
21,852,520
21,927,532
21,917,475
21,624,419
21,632,414
21,603,492
21,600,502
21,598,511
21,715,400
21,764,380
21,997,408
21,767,374
21,789,364
21,781,381
21,780,390
21,855,340
21,858,352
21,854,376
21,851,386
21,843,391
21,840,401
21,794,374
21,908,376
21,1018,397
21,996,366
21,1051,485
21,1051,478
21,1067,488
21,1170,480
21,1068,480
21,1086,491
21,1128,473
21,1248,467
21,1261,501
21,1270,491
21,1539,498
21,942,360
21,940,373
21,941,367
21,953,360
21,972,376
21,1281,473
21,1282,465
21,1296,476
21,1298,485
21,1303,493
21,1353,460
21,1347,489
21,1345,484
21,1368,479
21,1390,467
21,1394,471
21,1383,485
21,1422,482
21,1421,477
21,1420,469
21,1419,462
21,1443,456
21,1444,462
21,1449,457
21,1453,463
21,1463,477
21,1512,978
21,1467,467
21,1464,480
21,1471,483
21,1586,448
21,1621,461
21,1583,458
21,1579,451
21,1664,461
21,1595,459
21,1600,467
21,1681,447
21,1618,457
21,1699,439
21,1636,374
21,1640,373
21,1640,365
21,1796,463
21,1812,456
21,1780,384
21,1793,396
21,1844,426
21,1793,414
21,1826,430
21,1813,472
21,1821,475
21,1815,487
21,1812,540
21,1494,987
21,1461,1010
21,1503,974
21,1783,751
21,1792,746
21,1770,807
21,1759,808
21,1634,896
21,1634,906
21,1748,929
21,1730,928
21,1833,806
21,1804,945
21,1818,950
21,1804,929
21,1818,936
21,1811,931
21,1808,926
21,1825,932
21,1817,928
21,1824,940
21,1850,972
21,1860,975
21,1868,980
21,1871,972
21,807,392
21,798,397
21,796,388
21,809,384
21,989,393
21,989,385
21,943,385
21,974,372
21,980,365
21,838,347
21,361,532
21,359,525
21,1094,465
21,1440,482
21,1617,451
21,1792,423
21,1808,427
21,1569,455
21,1566,461
21,1573,470
21,1508,979
21,1893,1025
21,1660,462
22,212,621
22,42,631
22,43,622
22,313,586
22,240,655
22,241,646
22,158,586
22,220,581
22,217,573
22,224,588
22,574,781
22,568,787
22,464,619
22,606,817
22,600,821
22,614,836
22,608,839
22,716,960
22,709,969
22,789,1044
22,780,1045
22,508,687
22,500,691
22,482,639
22,508,553
22,359,587
22,364,584
22,384,578
22,378,583
22,282,557
22,241,570
22,240,574
22,242,581
22,83,603
22,86,618
22,377,516
22,382,533
22,383,524
22,501,485
22,501,498
22,502,505
22,580,482
22,579,480
22,567,493
22,683,449
22,684,456
22,679,461
22,755,485
22,856,520
22,931,532
22,912,475
22,621,417
22,629,413
22,599,493
22,596,503
22,593,512
22,710,401
22,760,381
22,995,404
22,764,376
22,785,366
22,777,382
22,776,391
22,853,340
22,856,352
22,850,377
22,848,387
22,837,391
22,835,401
22,790,376
22,903,376
22,1014,395
22,992,364
22,1046,485
22,1047,477
22,1061,488
22,1167,481
22,1063,480
22,1081,490
22,1124,472
22,1245,467
22,1256,501
22,1266,491
22,1542,498
22,938,359
22,936,371
22,937,366
22,949,358
22,969,380
22,1277,473
22,1276,466
22,1291,474
22,1292,486
22,1298,493
22,1348,462
22,1344,490
22,1340,485
22,1360,479
22,1386,466
22,1389,472
22,1378,485
22,1421,484
22,1418,477
22,1416,470
22,1415,464
22,1444,457
22,1445,463
22,1447,459
22,1447,461
22,1460,477
22,1509,980
22,1462,467
22,1459,481
22,1466,483
22,1586,448
22,1619,461
22,1579,457
22,1576,450
22,1671,458
22,1590,461
22,1594,467
22,1681,447
22,1616,456
22,1694,439
22,1638,375
22,1643,374
22,1643,365
22,1795,462
22,1812,454
22,1789,397
22,1846,423
22,1787,414
22,1827,426
22,1814,469
22,1821,471
22,1815,484
22,1492,987
22,1457,1011
22,1499,975
22,1783,747
22,1791,742
22,1769,803
22,1759,804
22,1630,896
22,1630,906
22,1752,926
22,1730,927
22,1833,802
22,1801,942
22,1814,946
22,1801,926
22,1816,934
22,1809,928
22,1805,923
22,1822,929
22,1814,924
22,1821,937
22,1845,969
22,1859,972
22,1867,976
22,1869,967
22,803,393
22,794,398
22,792,389
22,805,384
22,987,390
22,987,382
22,939,385
22,970,373
22,976,365
22,837,347
22,357,533
22,355,527
22,1090,462
22,1436,481
22,1613,451
22,1788,423
22,1810,423
22,1563,453
22,1562,458
22,1569,470
22,1505,980
22,1892,1020
22,1662,460
23,219,618
23,37,633
23,38,624
23,318,585
23,238,656
23,238,649
23,153,588
23,215,582
23,213,574
23,220,589
23,571,778
23,566,784
23,462,617
23,604,814
23,598,819
23,613,834
23,606,837
23,714,958
23,708,967
23,787,1041
23,778,1041
23,506,684
23,499,688
23,481,636
23,513,552
23,355,586
23,361,582
23,380,577
23,375,582
23,277,559
23,237,571
23,236,575
23,238,582
23,80,604
23,83,619
23,373,517
23,379,535
23,379,526
23,497,487
23,496,500
23,497,507
23,575,484
23,575,481
23,561,493
23,679,448
23,681,455
23,675,460
23,751,486
23,859,520
23,935,532
23,906,475
23,619,416
23,626,412
23,594,494
23,591,503
23,589,513
23,705,403
23,757,383
23,993,401
23,761,378
23,782,368
23,773,383
23,772,393
23,850,340
23,853,352
23,846,378
23,842,387
23,832,392
23,830,401
23,786,377
23,898,376
23,1011,392
23,988,362
23,1042,485
23,1043,477
23,1055,489
23,1162,481
23,1058,481
23,1076,490
23,1120,472
23,1242,467
23,1252,501
23,1262,491
23,1545,497
23,934,359
23,933,370
23,934,365
23,943,356
23,965,380
23,1273,474
23,1274,465
23,1288,475
23,1290,488
23,1292,493
23,1342,462
23,1339,490
23,1338,486
23,1356,481
23,1382,465
23,1384,473
23,1373,485
23,1414,486
23,1411,479
23,1413,471
23,1411,465
23,1436,458
23,1446,464
23,1441,459
23,1443,463
23,1457,477
23,1507,981
23,1457,468
23,1454,481
23,1462,483
23,1587,448
23,1615,459
23,1574,457
23,1572,449
23,1672,458
23,1586,463
23,1592,469
23,1680,448
23,1614,454
23,1691,439
23,1640,377
23,1646,375
23,1646,366
23,1795,461
23,1813,452
23,1784,396
23,1847,419
23,1782,415
23,1828,422
23,1816,471
23,1821,468
23,1814,479
23,1825,372
23,1488,989
23,1453,1012
23,1496,976
23,1783,743
23,1790,738
23,1769,800
23,1759,801
23,1626,896
23,1627,907
23,1755,923
23,1730,926
23,1833,797
23,1797,938
23,1810,942
23,1798,924
23,1814,932
23,1806,925
23,1802,920
23,1820,926
23,1812,920
23,1819,933
23,1843,968
23,1851,968
23,1863,976
23,1864,965
23,799,394
23,790,399
23,788,391
23,800,384
23,985,387
23,984,379
23,935,385
23,965,373
23,971,365
23,836,348
23,353,535
23,351,529
23,1086,459
23,1432,481
23,1609,451
23,1784,424
23,1830,442
23,1811,419
23,1559,451
23,1557,458
23,1564,469
23,1501,981
23,1891,1016
23,1664,459
24,224,616
24,33,635
24,34,627
24,320,585
24,232,659
24,236,651
24,211,583
24,210,575
24,217,591
24,569,776
24,564,782
24,458,614
24,602,811
24,596,816
24,612,831
24,605,835
24,711,955
24,705,965
24,785,1038
24,775,1038
24,505,681
24,497,684
24,478,633
24,517,551
24,351,586
24,359,580
24,377,576
24,371,581
24,273,560
24,233,571
24,232,576
24,233,583
24,77,606
24,79,621
24,369,519
24,376,537
24,376,527
24,492,489
24,492,501
24,493,508
24,570,486
24,570,482
24,555,493
24,676,447
24,678,453
24,672,459
24,747,486
24,862,520
24,939,531
24,900,475
24,617,415
24,623,411
24,590,494
24,587,504
24,584,513
24,702,404
24,754,385
24,990,398
24,758,380
24,778,369
24,769,384
24,768,394
24,847,340
24,851,353
24,842,379
24,837,388
24,827,392
24,825,401
24,782,379
24,894,376
24,1007,390
24,986,360
24,1037,485
24,1038,477
24,1050,489
24,1158,481
24,1053,482
24,1071,490
24,1117,472
24,1239,467
24,1247,501
24,1259,492
24,1548,497
24,930,359
24,929,369
24,930,364
24,938,355
24,962,380
24,1270,473
24,1272,467
24,1285,476
24,1284,489
24,1288,495
24,1340,461
24,1336,490
24,1334,485
24,1351,480
24,1378,466
24,1380,474
24,1368,485
24,1411,485
24,1408,479
24,1408,472
24,1405,465
24,1432,458
24,1432,466
24,1439,460
24,1444,464
24,1454,477
24,1504,982
24,1452,469
24,1449,482
24,1457,483
24,1586,447
24,1612,457
24,1569,457
24,1571,449
24,1674,458
24,1580,463
24,1588,469
24,1679,449
24,1608,458
24,1688,440
24,1642,378
24,1649,376
24,1649,367
24,1793,459
24,1814,451
24,1779,395
24,1849,416
24,1777,416
24,1828,418
24,1819,473
24,1822,465
24,1814,474
24,1823,376
24,1822,494
24,1484,991
24,1449,1013
24,1492,976
24,1782,739
24,1789,733
24,1768,797
24,1758,797
24,1623,896
24,1624,908
24,1759,920
24,1730,926
24,1833,793
24,1793,935
24,1807,938
24,1796,922
24,1812,930
24,1804,923
24,1799,918
24,1818,923
24,1810,917
24,1817,930
24,1827,920
24,1841,966
24,1850,965
24,1860,970
24,1860,963
24,1917,1057
24,795,395
24,786,401
24,784,392
24,796,385
24,982,385
24,981,376
24,932,385
24,960,373
24,968,362
24,836,349
24,351,538
24,348,529
24,1083,457
24,1427,481
24,1605,451
24,1780,425
24,1828,446
24,1813,415
24,1556,450
24,1553,458
24,1559,468
24,1498,982
24,1888,1012
24,1876,1010
24,1666,459
25,228,616
25,29,636
25,30,628
25,323,586
25,229,661
25,232,652
25,207,585
25,202,577
25,214,593
25,566,773
25,561,779
25,454,611
25,600,809
25,594,813
25,610,829
25,604,833
25,708,953
25,703,964
25,503,677
25,496,681
25,476,630
25,522,550
25,347,584
25,354,578
25,374,574
25,367,579
25,268,562
25,229,572
25,228,577
25,229,584
25,73,607
25,76,622
25,365,520
25,373,538
25,372,528
25,488,491
25,487,503
25,488,510
25,565,487
25,565,482
25,549,493
25,672,446
25,674,452
25,668,457
25,743,486
25,866,520
25,943,531
25,894,476
25,585,495
25,582,505
25,580,514
25,699,405
25,751,386
25,988,396
25,756,383
25,775,371
25,765,385
25,765,396
25,844,340
25,848,354
25,838,380
25,832,389
25,822,393
25,821,402
25,778,380
25,889,376
25,1004,388
25,982,360
25,1032,485
25,1033,477
25,1044,490
25,1154,481
25,1049,483
25,1067,491
25,1113,472
25,1236,467
25,1243,501
25,1255,492
25,1551,496
25,927,359
25,926,368
25,927,363
25,933,354
25,959,380
25,1267,472
25,1268,467
25,1280,478
25,1278,491
25,1284,495
25,1337,463
25,1329,492
25,1327,486
25,1347,482
25,1373,467
25,1375,473
25,1363,485
25,1405,486
25,1403,480
25,1405,474
25,1400,468
25,1428,459
25,1428,467
25,1434,461
25,1445,465
25,1448,476
25,1501,984
25,1448,470
25,1444,483
25,1453,483
25,1585,446
25,1608,455
25,1565,457
25,1567,450
25,1676,460
25,1578,464
25,1581,470
25,1678,448
25,1601,461
25,1685,441
25,1644,380
25,1652,377
25,1652,369
25,1791,458
25,1815,450
25,1774,394
25,1851,412
25,1772,418
25,1829,413
25,1821,476
25,1822,463
25,1813,469
25,1822,380
25,1819,500
25,1480,994
25,1445,1014
25,1488,977
25,1782,735
25,1788,729
25,1767,793
25,1758,793
25,1618,897
25,1620,908
25,1762,920
25,1731,927
25,1835,787
25,1790,931
25,1804,934
25,1793,921
25,1811,927
25,1804,920
25,1797,917
25,1815,920
25,1806,914
25,1816,924
25,1826,914
25,1837,965
25,1850,961
25,1854,967
25,1856,962
25,1917,1054
25,791,395
25,782,403
25,780,394
25,792,385
25,977,385
25,978,374
25,928,384
25,955,372
25,965,359
25,836,349
25,348,540
25,344,530
25,1080,454
25,1422,481
25,1601,451
25,1776,426
25,1826,450
25,1814,411
25,1552,450
25,1548,458
25,1553,466
25,1495,983
25,1885,1009
25,1873,1007
25,1669,458
26,232,614
26,22,636
26,22,627
26,326,587
26,224,663
26,228,653
26,203,586
26,201,579
26,210,593
26,564,771
26,558,777
26,450,608
26,597,806
26,591,811
26,609,826
26,602,831
26,705,951
26,700,963
26,502,674
26,494,677
26,474,627
26,527,550
26,343,583
26,350,577
26,370,573
26,364,578
26,264,564
26,225,573
26,224,578
26,224,585
26,70,609
26,72,624
26,361,522
26,369,540
26,368,530
26,484,493
26,483,504
26,484,511
26,560,489
26,560,483
26,544,494
26,669,445
26,671,450
26,665,456
26,739,486
26,869,520
26,947,531
26,889,476
26,581,496
26,578,505
26,575,515
26,697,406
26,747,388
26,986,394
26,752,384
26,771,372
26,761,385
26,761,396
26,842,340
26,845,355
26,835,382
26,828,389
26,817,394
26,816,403
26,774,382
26,885,376
26,1000,386
26,976,358
26,1028,486
26,1028,478
26,1039,491
26,1150,480
26,1044,484
26,1062,492
26,1110,472
26,1233,467
26,1239,501
26,1251,492
26,1554,496
26,924,360
26,922,367
26,924,362
26,928,353
26,953,375
26,1263,473
26,1264,467
26,1277,478
26,1270,493
26,1276,494
26,1334,463
26,1325,492
26,1323,486
26,1342,481
26,1367,466
26,1369,474
26,1360,485
26,1403,487
26,1398,481
26,1398,475
26,1398,468
26,1422,462
26,1425,468
26,1430,461
26,1434,466
26,1444,476
26,1498,985
26,1445,470
26,1439,484
26,1451,484
26,1584,446
26,1605,454
26,1561,457
26,1563,451
26,1678,460
26,1574,464
26,1579,472
26,1677,448
26,1596,465
26,1682,442
26,1648,382
26,1656,378
26,1656,370
26,1789,456
26,1816,448
26,1769,394
26,1853,409
26,1770,418
26,1830,409
26,1823,476
26,1823,460
26,1813,464
26,1819,381
26,1817,499
26,1476,996
26,1441,1015
26,1485,978
26,1782,731
26,1787,725
26,1767,790
26,1758,790
26,1614,899
26,1617,909
26,1765,921
26,1731,927
26,1837,782
26,1786,928
26,1802,930
26,1789,920
26,1810,924
26,1804,917
26,1795,915
26,1812,917
26,1802,912
26,1815,918
26,1826,909
26,1835,965
26,1849,957
26,1847,963
26,1852,960
26,1867,1007
26,1890,1025
26,1917,1051
26,787,396
26,778,406
26,776,395
26,788,386
26,973,384
26,975,373
26,924,384
26,951,371
26,961,359
26,957,365
26,837,349
26,342,540
26,341,531
26,1077,452
26,1419,482
26,1597,452
26,1772,426
26,1822,452
26,1815,409
26,1846,416
26,1548,451
26,1543,457
26,1547,465
26,1491,985
26,1882,1007
26,1871,1005
26,1672,457
27,236,614
27,15,638
27,17,633
27,328,587
27,220,666
27,223,656
27,196,585
27,196,578
27,205,595
27,561,769
27,556,775
27,446,606
27,595,803
27,589,808
27,608,823
27,601,829
27,698,962
27,500,671
27,493,674
27,471,624
27,531,549
27,339,582
27,346,575
27,367,572
27,360,577
27,259,566
27,220,573
27,220,579
27,220,586
27,67,610
27,69,625
27,357,523
27,366,542
27,365,531
27,479,494
27,478,506
27,479,513
27,556,491
27,556,484
27,539,494
27,666,444
27,668,449
27,661,455
27,734,487
27,872,520
27,952,531
27,883,476
27,576,496
27,573,506
27,571,516
27,693,408
27,744,389
27,981,392
27,748,386
27,768,374
27,757,386
27,757,397
27,839,340
27,841,356
27,831,382
27,825,390
27,813,395
27,812,404
27,770,384
27,880,376
27,997,384
27,972,356
27,1023,486
27,1023,478
27,1035,491
27,1147,479
27,1040,485
27,1058,493
27,1106,471
27,1230,467
27,1234,501
27,1248,493
27,1557,495
27,920,359
27,919,366
27,921,361
27,920,352
27,949,377
27,1259,475
27,1261,470
27,1274,479
27,1268,492
27,1267,495
27,1331,463
27,1322,493
27,1320,486
27,1337,480
27,1364,467
27,1367,473
27,1354,486
27,1399,489
27,1393,480
27,1395,475
27,1396,468
27,1420,459
27,1420,468
27,1428,461
27,1429,467
27,1441,477
27,1495,987
27,1442,470
27,1435,485
27,1446,484
27,1583,445
27,1601,452
27,1558,458
27,1559,452
27,1681,460
27,1569,464
27,1575,470
27,1677,448
27,1594,460
27,1678,442
27,1653,384
27,1659,379
27,1659,372
27,1788,455
27,1816,447
27,1765,393
27,1856,405
27,1769,419
27,1830,404
27,1818,471
27,1824,458
27,1813,459
27,1816,382
27,1814,497
27,1472,997
27,1438,1016
27,1482,979
27,1766,786
27,1757,786
27,1610,901
27,1614,910
27,1768,922
27,1730,927
27,1839,776
27,1782,924
27,1800,926
27,1786,919
27,1809,921
27,1804,914
27,1793,914
27,1809,914
27,1798,910
27,1814,912
27,1826,904
27,1832,963
27,1849,953
27,1841,960
27,1848,959
27,1865,1005
27,1890,1023
27,1916,1047
27,782,396
27,773,408
27,771,396
27,783,387
27,969,381
27,970,372
27,921,383
27,948,371
27,958,359
27,954,364
27,839,348
27,337,541
27,337,532
27,1074,449
27,1415,482
27,1593,454
27,1768,427
27,1819,454
27,1816,407
27,1843,416
27,1544,451
27,1541,458
27,1544,465
27,1488,986
27,1879,1005
27,1870,1002
27,1675,457
28,243,612
28,333,587
28,215,667
28,218,657
28,199,596
28,559,767
28,553,773
28,442,603
28,593,800
28,587,805
28,607,821
28,599,827
28,695,960
28,499,667
28,492,670
28,469,622
28,536,549
28,335,581
28,342,574
28,363,571
28,357,576
28,254,568
28,216,574
28,217,580
28,216,588
28,63,611
28,65,626
28,353,525
28,363,543
28,361,533
28,474,495
28,474,507
28,475,514
28,551,492
28,551,485
28,535,494
28,662,442
28,664,448
28,658,453
28,730,487
28,876,520
28,956,531
28,877,476
28,572,497
28,569,507
28,566,517
28,689,410
28,741,391
28,977,390
28,745,388
28,765,376
28,753,387
28,753,398
28,836,340
28,840,352
28,827,383
28,822,391
28,809,396
28,808,405
28,766,385
28,876,377
28,993,382
28,968,355
28,1019,487
28,1019,479
28,1031,492
28,1144,478
28,1036,486
28,1053,492
28,1103,470
28,1227,467
28,1230,501
28,1244,493
28,1560,495
28,916,359
28,914,366
28,916,361
28,917,350
28,946,378
28,1257,475
28,1260,469
28,1271,478
28,1267,491
28,1266,494
28,1326,463
28,1318,493
28,1316,486
28,1332,480
28,1361,469
28,1363,474
28,1351,486
28,1394,488
28,1392,482
28,1393,475
28,1392,470
28,1417,458
28,1416,468
28,1425,461
28,1426,467
28,1437,478
28,1492,988
28,1439,470
28,1431,486
28,1442,484
28,1582,445
28,1598,450
28,1554,459
28,1555,453
28,1684,458
28,1566,465
28,1570,470
28,1677,448
28,1592,460
28,1674,442
28,1657,386
28,1663,381
28,1663,374
28,1786,453
28,1816,446
28,1761,392
28,1859,402
28,1767,420
28,1831,400
28,1818,467
28,1825,454
28,1815,456
28,1814,383
28,1811,495
28,1468,999
28,1434,1017
28,1479,980
28,1765,783
28,1757,782
28,1606,903
28,1611,911
28,1771,923
28,1729,926
28,1841,771
28,1779,921
28,1798,922
28,1786,917
28,1808,918
28,1804,911
28,1791,913
28,1806,911
28,1794,907
28,1813,906
28,1825,899
28,1831,958
28,1844,948
28,1836,957
28,1840,959
28,1864,1004
28,1889,1020
28,778,396
28,769,410
28,767,398
28,779,387
28,965,377
28,966,375
28,917,382
28,944,371
28,954,358
28,952,363
28,840,348
28,332,544
28,332,535
28,1070,447
28,1410,482
28,1590,456
28,1764,428
28,1815,456
28,1818,404
28,1840,416
28,1539,450
28,1538,458
28,1540,465
28,1485,988
28,1877,1003
28,1868,1000
28,1679,456
29,247,609
29,335,587
29,211,668
29,214,658
29,197,596
29,556,765
29,550,771
29,439,601
29,591,797
29,585,803
29,606,818
29,598,824
29,618,848
29,609,853
29,693,958
29,497,664
29,490,667
29,467,619
29,541,548
29,331,580
29,337,572
29,360,570
29,353,575
29,249,571
29,211,574
29,212,580
29,211,588
29,60,613
29,62,628
29,349,526
29,360,545
29,357,534
29,469,497
29,469,509
29,470,516
29,547,493
29,546,486
29,531,494
29,659,440
29,661,446
29,654,452
29,726,487
29,879,520
29,960,531
29,871,476
29,568,498
29,565,508
29,562,518
29,686,412
29,738,392
29,972,388
29,741,390
29,761,377
29,750,388
29,750,399
29,834,341
29,839,349
29,823,384
29,817,392
29,805,397
29,804,406
29,762,387
29,871,377
29,990,380
29,964,354
29,1014,487
29,1015,479
29,1027,492
29,1141,477
29,1030,486
29,1049,492
29,1100,469
29,1224,467
29,1226,502
29,1241,494
29,1563,494
29,912,359
29,910,366
29,912,361
29,911,349
29,942,377
29,1254,475
29,1256,470
29,1268,480
29,1262,491
29,1263,497
29,1322,465
29,1314,494
29,1312,487
29,1329,481
29,1357,467
29,1358,474
29,1348,487
29,1388,487
29,1388,481
29,1389,475
29,1388,470
29,1416,461
29,1412,467
29,1422,461
29,1422,468
29,1432,478
29,1490,990
29,1436,470
29,1425,485
29,1437,484
29,1580,445
29,1594,448
29,1551,460
29,1551,455
29,1688,456
29,1561,467
29,1564,470
29,1675,446
29,1588,464
29,1670,443
29,1662,388
29,1666,382
29,1667,374
29,1784,452
29,1816,444
29,1758,391
29,1862,399
29,1766,421
29,1832,396
29,1819,463
29,1826,451
29,1818,454
29,1814,383
29,1807,494
29,1797,560
29,1464,1001
29,1431,1018
29,1476,982
29,1765,780
29,1757,779
29,1602,905
29,1608,912
29,1775,925
29,1728,926
29,1843,765
29,1777,919
29,1798,917
29,1784,917
29,1807,915
29,1804,909
29,1788,912
29,1803,908
29,1791,905
29,1812,900
29,1825,893
29,1825,955
29,1839,944
29,1836,952
29,1832,959
29,1863,1002
29,1888,1017
29,774,397
29,765,412
29,763,399
29,775,388
29,961,372
29,961,380
29,913,381
29,941,371
29,949,357
29,948,362
29,841,347
29,328,546
29,326,537
29,1067,445
29,1405,482
29,1586,457
29,1760,429
29,1811,458
29,1822,399
29,1836,415
29,1536,450
29,1536,458
29,1537,464
29,1483,989
29,1875,1000
29,1866,996
29,1682,455
30,250,610
30,338,587
30,208,671
30,209,658
30,193,597
30,554,762
30,548,768
30,436,599
30,589,794
30,583,800
30,605,816
30,597,822
30,618,848
30,609,853
30,691,957
30,496,661
30,489,664
30,465,616
30,545,548
30,327,579
30,333,571
30,357,569
30,350,574
30,245,573
30,206,575
30,208,581
30,207,589
30,57,614
30,59,629
30,346,528
30,357,547
30,354,536
30,465,498
30,465,510
30,466,517
30,543,494
30,542,487
30,527,495
30,656,439
30,658,445
30,651,451
30,722,487
30,882,520
30,964,531
30,866,476
30,562,499
30,560,509
30,558,518
30,682,410
30,734,394
30,968,387
30,737,392
30,758,379
30,747,389
30,746,401
30,830,340
30,831,359
30,819,385
30,813,393
30,799,396
30,798,407
30,758,389
30,867,378
30,987,379
30,960,351
30,1010,487
30,1011,479
30,1024,493
30,1137,476
30,1025,487
30,1045,492
30,1097,468
30,1221,467
30,1223,502
30,1236,495
30,1566,494
30,908,355
30,906,366
30,908,361
30,907,348
30,938,373
30,1249,474
30,1253,470
30,1265,481
30,1258,490
30,1258,498
30,1318,464
30,1309,492
30,1307,485
30,1324,481
30,1354,468
30,1353,474
30,1341,487
30,1388,488
30,1384,481
30,1385,475
30,1384,470
30,1412,460
30,1408,467
30,1418,461
30,1419,466
30,1428,478
30,1482,990
30,1433,470
30,1420,484
30,1433,484
30,1579,446
30,1590,446
30,1547,461
30,1548,455
30,1692,455
30,1558,466
30,1563,471
30,1674,445
30,1584,466
30,1663,445
30,1665,388
30,1670,384
30,1671,375
30,1783,451
30,1816,443
30,1756,388
30,1865,396
30,1763,422
30,1833,392
30,1819,460
30,1827,448
30,1820,452
30,1814,384
30,1802,492
30,1796,558
30,1460,1003
30,1428,1019
30,1473,983
30,1765,775
30,1755,774
30,1598,907
30,1605,913
30,1780,927
30,1727,926
30,1845,760
30,1775,918
30,1798,913
30,1782,915
30,1806,912
30,1804,906
30,1786,912
30,1800,905
30,1787,903
30,1811,894
30,1825,888
30,1822,953
30,1834,939
30,1837,948
30,1828,957
30,1862,1001
30,1886,1013
30,771,397
30,761,413
30,759,401
30,770,389
30,957,373
30,956,380
30,910,380
30,938,371
30,945,356
30,944,361
30,843,346
30,324,548
30,321,539
30,1063,442
30,1400,482
30,1583,459
30,1772,429
30,1809,460
30,1823,395
30,1829,411
30,1532,451
30,1533,457
30,1533,463
30,1493,985
30,1873,996
30,1864,993
30,1685,455
