1,42,711
1,40,707
1,35,704
1,51,709
1,50,703
1,55,706
1,60,701
1,75,700
1,69,697
1,204,625
1,201,617
1,212,616
1,214,610
1,236,597
1,229,593
1,284,538
1,282,531
1,285,524
1,305,521
1,313,523
1,316,519
1,389,509
1,395,490
1,472,499
1,480,506
1,478,500
1,476,496
1,489,509
1,487,502
1,487,498
1,493,498
1,498,508
1,505,505
1,501,498
1,511,501
1,509,493
1,524,498
1,521,490
1,483,490
1,491,492
1,479,485
1,490,487
1,481,472
1,488,481
1,577,498
1,573,492
1,565,470
1,597,496
1,645,488
1,645,481
1,742,484
1,746,480
1,747,474
1,737,470
1,779,478
1,779,469
1,776,465
1,833,474
1,836,465
1,833,461
1,858,471
1,859,461
1,867,467
1,874,470
1,875,460
1,879,453
1,878,462
1,907,462
1,903,457
1,970,453
1,971,448
1,1004,453
1,1002,448
1,1057,440
1,1100,440
1,1097,436
1,1113,439
1,1109,435
1,1122,437
1,1307,385
1,1319,384
1,1317,379
1,1351,386
1,1343,377
1,1378,345
1,1427,331
1,1423,329
1,1459,328
1,1452,327
1,1445,327
1,1436,325
1,1442,309
1,1447,302
1,1441,301
1,1435,299
1,1440,277
1,1435,277
1,1444,269
1,1437,269
1,1436,248
1,1441,247
1,1446,245
1,1439,233
1,1459,147
1,1457,143
1,1525,137
1,1531,19
1,1522,16
1,1513,16
1,1452,89
1,1440,86
1,1431,70
1,1443,68
1,1650,354
1,9,27
1,12,22
1,17,17
1,30,9
1,34,5
1,796,569
1,819,535
1,864,553
1,1344,936
1,1344,853
1,1337,848
1,1335,842
1,1389,839
1,1523,658
1,1514,653
1,1530,536
1,1214,661
1,1212,658
1,1207,648
1,1212,643
1,1236,737
1,1267,640
1,1262,636
1,1294,651
1,1295,645
1,1292,640
1,1348,640
1,1345,634
1,1237,744
1,1467,457
1,1398,573
1,1411,566
1,1402,565
1,1388,568
1,1419,527
1,1408,528
1,1405,519
1,1399,518
1,1420,491
1,1412,491
1,1400,489
1,1411,526
1,279,830
1,278,824
1,278,816
1,278,809
1,260,554
1,255,549
1,46,249
1,474,481
1,1169,434
1,1191,428
1,1189,424
1,1185,418
1,1426,480
1,1411,470
1,1407,472
1,1411,444
1,1402,432
1,1392,432
1,1434,413
1,1423,410
1,1446,291
1,1440,289
1,1435,289
1,413,796
1,398,775
1,498,788
1,588,808
1,594,792
1,761,792
1,1180,668
1,1177,662
1,1370,769
2,38,713
2,36,708
2,32,705
2,47,710
2,47,704
2,52,707
2,56,702
2,71,702
2,66,699
2,201,629
2,198,621
2,209,620
2,209,614
2,233,600
2,227,596
2,282,541
2,279,534
2,281,527
2,301,524
2,309,526
2,312,521
2,385,510
2,390,491
2,469,499
2,476,506
2,475,501
2,473,496
2,485,509
2,484,503
2,483,498
2,489,498
2,494,507
2,501,504
2,497,498
2,508,501
2,505,493
2,520,498
2,517,491
2,479,490
2,487,492
2,476,485
2,486,487
2,476,472
2,483,480
2,573,498
2,569,492
2,560,470
2,593,496
2,641,488
2,641,481
2,737,484
2,742,480
2,743,474
2,733,470
2,775,478
2,775,470
2,773,466
2,828,474
2,832,466
2,830,461
2,853,471
2,856,461
2,863,467
2,870,470
2,871,460
2,876,453
2,875,462
2,903,462
2,899,458
2,966,454
2,967,448
2,1000,453
2,999,449
2,1053,441
2,1096,440
2,1093,436
2,1109,439
2,1106,435
2,1119,438
2,1303,385
2,1315,385
2,1314,380
2,1347,388
2,1339,379
2,1375,347
2,1424,333
2,1420,330
2,1458,331
2,1451,330
2,1445,330
2,1436,328
2,1442,312
2,1446,305
2,1440,304
2,1434,302
2,1440,280
2,1434,280
2,1444,272
2,1437,272
2,1436,252
2,1441,250
2,1445,248
2,1439,236
2,1459,150
2,1457,146
2,1526,132
2,1529,22
2,1520,19
2,1511,19
2,1452,93
2,1441,90
2,1431,74
2,1444,72
2,1650,353
2,9,27
2,12,22
2,17,17
2,30,9
2,34,5
2,797,569
2,824,535
2,864,553
2,1343,940
2,1344,856
2,1336,851
2,1334,845
2,1385,860
2,1522,661
2,1514,656
2,1531,532
2,1210,662
2,1208,658
2,1204,648
2,1208,643
2,1232,737
2,1264,640
2,1259,636
2,1291,650
2,1292,645
2,1289,640
2,1345,640
2,1342,634
2,1234,743
2,1463,479
2,1398,577
2,1410,570
2,1401,568
2,1388,571
2,1418,531
2,1408,531
2,1405,523
2,1399,521
2,1419,494
2,1412,494
2,1400,493
2,1410,529
2,275,831
2,275,825
2,275,816
2,275,809
2,257,558
2,253,552
2,46,249
2,470,481
2,1165,434
2,1187,429
2,1185,425
2,1181,419
2,1426,484
2,1410,474
2,1405,476
2,1410,448
2,1402,436
2,1392,436
2,1433,417
2,1423,414
2,1445,294
2,1439,292
2,1434,292
2,409,796
2,394,775
2,494,788
2,584,807
2,589,791
2,757,793
2,1177,669
2,1173,663
2,1369,771
3,35,715
3,33,710
3,29,707
3,44,712
3,44,705
3,50,708
3,53,703
3,68,704
3,64,701
3,198,634
3,195,626
3,207,624
3,205,619
3,230,603
3,225,599
3,280,544
3,276,538
3,278,531
3,298,527
3,306,529
3,308,524
3,382,511
3,386,492
3,466,500
3,473,506
3,472,502
3,471,496
3,482,509
3,481,504
3,480,499
3,485,498
3,490,507
3,497,504
3,493,498
3,505,502
3,502,494
3,517,499
3,514,492
3,475,491
3,483,493
3,473,486
3,483,488
3,471,472
3,478,479
3,569,499
3,566,493
3,556,471
3,589,497
3,638,488
3,638,482
3,733,484
3,738,480
3,739,474
3,729,471
3,772,479
3,772,471
3,770,467
3,824,475
3,828,467
3,827,461
3,848,471
3,853,462
3,859,468
3,867,471
3,867,461
3,873,454
3,872,462
3,900,463
3,895,459
3,963,455
3,963,449
3,997,454
3,996,450
3,1049,442
3,1092,441
3,1089,436
3,1105,440
3,1103,436
3,1116,439
3,1299,386
3,1311,386
3,1311,381
3,1344,390
3,1336,381
3,1372,349
3,1421,336
3,1418,332
3,1457,335
3,1451,334
3,1445,334
3,1437,332
3,1443,316
3,1446,309
3,1439,308
3,1433,306
3,1440,284
3,1434,284
3,1445,276
3,1438,276
3,1436,256
3,1441,254
3,1445,252
3,1440,240
3,1460,154
3,1457,150
3,1527,128
3,1527,25
3,1519,23
3,1510,22
3,1452,97
3,1443,94
3,1431,79
3,1445,76
3,1434,54
3,1441,52
3,1650,353
3,9,27
3,12,22
3,17,17
3,30,9
3,34,5
3,798,569
3,830,535
3,864,553
3,1342,944
3,1344,859
3,1335,855
3,1333,848
3,1381,881
3,1521,665
3,1514,660
3,1532,529
3,1207,663
3,1205,659
3,1201,649
3,1204,644
3,1229,737
3,1261,640
3,1257,637
3,1288,650
3,1289,645
3,1287,640
3,1343,640
3,1340,635
3,1232,743
3,1459,501
3,1399,581
3,1410,574
3,1401,572
3,1389,575
3,1418,535
3,1409,535
3,1405,527
3,1399,525
3,1419,498
3,1412,498
3,1400,497
3,1409,532
3,272,831
3,272,826
3,272,817
3,255,563
3,251,556
3,46,249
3,467,482
3,1161,435
3,1184,430
3,1181,426
3,1177,420
3,1426,488
3,1409,478
3,1404,480
3,1410,452
3,1402,440
3,1392,440
3,1432,421
3,1423,419
3,1444,298
3,1438,296
3,1433,296
3,405,797
3,391,775
3,490,789
3,581,807
3,585,791
3,753,794
3,1174,671
3,1170,665
3,1369,774
4,32,717
4,30,712
4,26,709
4,41,714
4,41,706
4,47,710
4,50,704
4,65,706
4,62,703
4,73,701
4,206,628
4,202,624
4,228,607
4,223,602
4,278,548
4,274,541
4,275,534
4,295,531
4,303,532
4,304,526
4,379,513
4,381,493
4,463,500
4,470,506
4,469,503
4,469,496
4,479,509
4,479,505
4,477,499
4,482,499
4,486,507
4,493,504
4,490,498
4,502,502
4,499,495
4,514,499
4,511,493
4,471,492
4,480,493
4,470,486
4,480,488
4,466,472
4,473,478
4,565,500
4,563,493
4,552,472
4,586,498
4,635,488
4,635,482
4,729,485
4,735,480
4,735,474
4,726,471
4,768,480
4,768,473
4,767,468
4,819,476
4,824,468
4,824,462
4,844,471
4,850,462
4,855,468
4,864,472
4,864,462
4,870,454
4,869,463
4,897,464
4,891,459
4,959,456
4,959,449
4,994,455
4,993,451
4,1089,442
4,1085,436
4,1101,440
4,1100,436
4,1114,440
4,1296,387
4,1308,388
4,1308,383
4,1341,392
4,1333,383
4,1370,352
4,1419,338
4,1415,334
4,1457,339
4,1450,337
4,1445,337
4,1437,336
4,1443,320
4,1445,312
4,1438,311
4,1432,309
4,1440,288
4,1434,287
4,1445,279
4,1439,279
4,1436,260
4,1441,258
4,1445,256
4,1440,244
4,1460,158
4,1457,154
4,1529,124
4,1525,29
4,1517,26
4,1509,26
4,1452,101
4,1445,98
4,1446,80
4,1434,58
4,1441,57
4,1428,60
4,1478,8
4,1651,353
4,9,27
4,12,22
4,17,17
4,30,9
4,34,5
4,800,569
4,831,533
4,864,553
4,1341,948
4,1344,863
4,1334,859
4,1333,852
4,1377,902
4,1520,669
4,1514,664
4,1534,526
4,1204,664
4,1202,659
4,1198,650
4,1201,644
4,1226,737
4,1259,641
4,1254,637
4,1286,649
4,1286,646
4,1284,640
4,1341,640
4,1337,635
4,1229,743
4,1455,524
4,1399,585
4,1409,578
4,1401,576
4,1389,579
4,1418,539
4,1410,539
4,1405,532
4,1399,529
4,1419,502
4,1412,502
4,1400,501
4,1408,535
4,269,831
4,268,826
4,267,818
4,249,560
4,46,249
4,463,483
4,1157,436
4,1181,432
4,1178,427
4,1173,422
4,1426,493
4,1409,483
4,1402,484
4,1410,456
4,1402,444
4,1393,444
4,1432,426
4,1423,424
4,1443,302
4,1437,300
4,1432,300
4,305,808
4,307,802
4,308,797
4,401,798
4,388,775
4,487,790
4,578,807
4,580,790
4,750,796
4,1171,672
4,1167,667
4,1369,777
5,29,719
5,27,714
5,23,711
5,37,715
5,38,707
5,45,711
5,47,705
5,61,708
5,60,705
5,69,703
5,206,631
5,201,627
5,225,610
5,221,605
5,276,551
5,271,545
5,271,538
5,292,534
5,299,535
5,300,529
5,376,514
5,377,494
5,460,501
5,466,506
5,466,504
5,466,497
5,475,510
5,474,505
5,473,499
5,478,499
5,483,507
5,489,503
5,486,498
5,499,503
5,495,496
5,510,500
5,508,494
5,467,492
5,477,494
5,467,487
5,476,489
5,462,473
5,470,478
5,561,501
5,559,494
5,548,473
5,582,499
5,631,489
5,632,483
5,725,485
5,731,480
5,732,474
5,722,472
5,765,480
5,765,474
5,764,469
5,815,477
5,820,469
5,821,462
5,840,472
5,846,463
5,851,469
5,861,472
5,860,463
5,867,454
5,866,463
5,893,465
5,887,460
5,955,456
5,955,449
5,989,455
5,989,451
5,1085,443
5,1082,436
5,1097,441
5,1097,437
5,1109,440
5,1292,388
5,1304,389
5,1305,384
5,1338,394
5,1330,385
5,1367,354
5,1416,341
5,1413,336
5,1456,343
5,1450,341
5,1445,341
5,1438,340
5,1444,324
5,1445,316
5,1437,315
5,1431,313
5,1440,292
5,1434,291
5,1446,283
5,1440,283
5,1436,264
5,1441,262
5,1445,260
5,1441,247
5,1461,161
5,1457,157
5,1530,119
5,1523,32
5,1516,30
5,1508,29
5,1446,85
5,1434,62
5,1441,61
5,1428,63
5,1478,25
5,1651,352
5,9,27
5,12,22
5,17,17
5,30,9
5,34,5
5,801,569
5,832,532
5,864,553
5,1340,952
5,1344,866
5,1334,863
5,1332,855
5,1373,924
5,1520,673
5,1514,668
5,1535,523
5,1201,665
5,1199,659
5,1196,650
5,1197,645
5,1223,737
5,1256,641
5,1252,638
5,1283,649
5,1283,646
5,1282,640
5,1339,640
5,1335,635
5,1227,743
5,1451,546
5,1400,589
5,1409,582
5,1401,580
5,1390,583
5,1417,543
5,1410,542
5,1406,536
5,1400,533
5,1418,506
5,1412,506
5,1400,505
5,1408,539
5,265,832
5,264,826
5,263,818
5,247,563
5,46,249
5,460,483
5,1153,436
5,1178,433
5,1174,428
5,1169,423
5,1426,497
5,1408,487
5,1401,488
5,1409,460
5,1402,448
5,1393,448
5,1431,430
5,1423,429
5,1442,306
5,1437,303
5,1432,303
5,302,809
5,303,802
5,304,798
5,398,798
5,384,775
5,483,791
5,574,807
5,576,790
5,746,797
5,1168,674
5,1164,668
5,1435,177
5,1369,780
6,26,721
6,23,716
6,20,712
6,34,717
6,34,709
6,41,713
6,43,706
6,56,714
6,58,710
6,56,707
6,65,704
6,75,693
6,78,701
6,205,633
6,199,631
6,223,613
6,219,609
6,274,555
6,269,549
6,268,542
6,289,537
6,296,538
6,296,531
6,373,516
6,372,495
6,456,501
6,463,507
6,463,505
6,464,498
6,471,511
6,471,506
6,469,499
6,474,499
6,480,508
6,484,503
6,482,497
6,495,503
6,491,496
6,506,500
6,504,494
6,463,493
6,473,494
6,462,487
6,472,489
6,458,473
6,466,478
6,557,501
6,556,494
6,544,474
6,579,499
6,628,489
6,629,484
6,721,486
6,728,480
6,728,474
6,719,472
6,761,481
6,761,475
6,760,470
6,810,478
6,817,470
6,817,464
6,837,473
6,842,464
6,847,469
6,858,473
6,856,464
6,864,455
6,862,464
6,890,465
6,883,461
6,951,457
6,950,450
6,984,456
6,984,451
6,1081,443
6,1093,441
6,1092,437
6,1104,440
6,1288,389
6,1300,391
6,1301,386
6,1334,397
6,1326,388
6,1364,357
6,1413,344
6,1410,338
6,1455,346
6,1449,345
6,1445,345
6,1439,343
6,1443,327
6,1441,319
6,1434,317
6,1429,315
6,1440,296
6,1434,295
6,1447,287
6,1441,287
6,1436,268
6,1441,266
6,1445,264
6,1441,251
6,1461,165
6,1456,161
6,1532,115
6,1521,36
6,1515,33
6,1507,33
6,1448,145
6,1447,89
6,1434,67
6,1441,66
6,1429,67
6,1478,41
6,1652,352
6,9,27
6,12,22
6,17,17
6,30,9
6,34,5
6,803,569
6,832,532
6,864,553
6,1339,956
6,1344,870
6,1333,867
6,1332,859
6,1369,946
6,1519,676
6,1514,672
6,1536,520
6,1198,666
6,1195,659
6,1193,650
6,1194,645
6,1220,737
6,1254,641
6,1250,638
6,1281,649
6,1280,646
6,1280,640
6,1337,640
6,1333,635
6,1225,743
6,1448,568
6,1400,592
6,1408,585
6,1400,583
6,1390,586
6,1417,547
6,1411,546
6,1406,541
6,1400,537
6,1418,510
6,1412,510
6,1399,509
6,1407,542
6,262,833
6,260,827
6,259,819
6,244,567
6,46,249
6,457,484
6,1150,437
6,1175,434
6,1170,430
6,1166,424
6,1426,501
6,1408,491
6,1400,492
6,1409,464
6,1402,452
6,1394,452
6,1430,434
6,1423,434
6,1442,310
6,1436,307
6,1431,307
6,298,810
6,298,803
6,299,799
6,394,799
6,381,776
6,479,792
6,571,807
6,572,790
6,743,799
6,1165,675
6,1161,670
6,1435,181
6,1369,783
7,22,723
7,20,718
7,16,713
7,31,718
7,29,710
7,36,714
7,39,708
7,52,715
7,54,711
7,52,708
7,61,705
7,71,695
7,75,702
7,82,704
7,81,701
7,80,698
7,204,636
7,198,636
7,220,617
7,217,612
7,272,558
7,266,552
7,265,545
7,286,541
7,293,541
7,292,534
7,368,516
7,368,496
7,453,501
7,460,507
7,460,505
7,461,499
7,467,511
7,468,506
7,466,499
7,471,499
7,477,508
7,480,503
7,478,496
7,492,504
7,487,496
7,501,500
7,501,494
7,459,494
7,470,494
7,458,488
7,468,489
7,454,474
7,463,478
7,553,502
7,552,495
7,541,475
7,575,500
7,625,489
7,625,484
7,717,486
7,724,480
7,724,475
7,715,473
7,757,481
7,757,475
7,755,470
7,806,478
7,833,474
7,838,465
7,843,470
7,854,473
7,852,464
7,861,455
7,858,465
7,887,465
7,879,462
7,947,457
7,946,451
7,979,456
7,979,451
7,1032,444
7,1077,443
7,1088,442
7,1087,438
7,1100,440
7,1284,390
7,1296,392
7,1297,387
7,1329,399
7,1322,390
7,1361,359
7,1410,346
7,1408,340
7,1455,350
7,1449,348
7,1445,348
7,1439,347
7,1443,330
7,1438,322
7,1432,320
7,1427,317
7,1438,300
7,1432,298
7,1446,291
7,1440,290
7,1437,272
7,1442,270
7,1445,268
7,1441,255
7,1461,168
7,1456,164
7,1533,111
7,1520,39
7,1513,37
7,1506,36
7,1448,149
7,1429,171
7,1449,94
7,1433,72
7,1440,71
7,1429,71
7,1479,55
7,1652,352
7,9,27
7,12,22
7,17,17
7,30,9
7,34,5
7,805,567
7,831,532
7,864,553
7,1339,960
7,1343,873
7,1333,870
7,1331,862
7,1363,967
7,1518,680
7,1513,676
7,1537,517
7,1194,667
7,1192,660
7,1190,651
7,1190,646
7,1216,738
7,1251,642
7,1247,639
7,1278,649
7,1277,646
7,1276,639
7,1334,641
7,1330,636
7,1221,743
7,1444,591
7,1399,596
7,1406,588
7,1399,587
7,1389,590
7,1417,551
7,1412,550
7,1406,545
7,1400,540
7,1418,513
7,1412,513
7,1399,512
7,1406,545
7,258,833
7,256,827
7,255,820
7,241,571
7,46,249
7,453,485
7,1146,438
7,1172,436
7,1167,431
7,1162,426
7,1426,506
7,1407,496
7,1400,496
7,1409,469
7,1402,457
7,1394,457
7,1430,439
7,1423,439
7,1441,314
7,1435,311
7,1430,311
7,1457,8
7,295,811
7,294,803
7,295,800
7,390,800
7,378,776
7,476,793
7,568,806
7,567,789
7,739,800
7,1162,677
7,1158,672
7,1435,185
7,1369,786
8,19,724
8,16,719
8,13,714
8,28,719
8,24,712
8,31,715
8,34,709
8,48,716
8,50,713
8,48,709
8,57,707
8,68,696
8,72,703
8,77,706
8,77,702
8,75,699
8,74,693
8,218,620
8,215,615
8,263,556
8,261,549
8,283,543
8,289,543
8,288,537
8,363,517
8,363,497
8,449,501
8,457,507
8,456,505
8,458,500
8,464,512
8,465,507
8,463,500
8,467,499
8,474,508
8,475,502
8,474,495
8,488,505
8,483,497
8,497,500
8,497,495
8,455,495
8,467,494
8,454,488
8,464,488
8,450,475
8,458,478
8,550,502
8,547,496
8,538,475
8,570,500
8,621,490
8,622,485
8,713,487
8,720,480
8,720,475
8,710,473
8,753,481
8,753,476
8,751,471
8,801,478
8,829,474
8,834,466
8,839,470
8,850,473
8,847,464
8,857,455
8,854,466
8,884,465
8,875,463
8,943,458
8,942,452
8,975,457
8,975,452
8,1028,444
8,1073,443
8,1084,443
8,1082,439
8,1097,440
8,1280,391
8,1292,393
8,1293,388
8,1325,401
8,1318,392
8,1357,361
8,1407,347
8,1405,342
8,1454,354
8,1448,352
8,1444,352
8,1439,351
8,1443,333
8,1435,326
8,1429,323
8,1425,320
8,1436,304
8,1430,301
8,1445,295
8,1440,293
8,1436,275
8,1442,273
8,1445,272
8,1441,259
8,1461,172
8,1456,168
8,1534,107
8,1518,43
8,1512,40
8,1505,40
8,1448,153
8,1429,174
8,1450,98
8,1433,75
8,1440,76
8,1479,70
8,1651,351
8,9,27
8,12,22
8,17,17
8,30,9
8,34,5
8,808,566
8,830,532
8,864,553
8,1338,964
8,1342,876
8,1333,874
8,1331,865
8,1357,987
8,1516,683
8,1511,679
8,1537,513
8,1191,668
8,1189,661
8,1187,653
8,1187,648
8,1212,739
8,1248,642
8,1244,639
8,1274,650
8,1273,646
8,1273,639
8,1330,641
8,1327,636
8,1217,744
8,1440,613
8,1398,599
8,1405,591
8,1398,590
8,1388,593
8,1416,555
8,1412,553
8,1406,549
8,1400,544
8,1417,517
8,1411,517
8,1398,516
8,1405,549
8,239,574
8,46,249
8,450,485
8,1141,439
8,1167,436
8,1162,432
8,1158,427
8,1425,510
8,1407,500
8,1400,500
8,1408,473
8,1401,460
8,1394,461
8,1429,443
8,1424,443
8,1440,317
8,1435,315
8,1429,315
8,1456,11
8,291,812
8,290,804
8,291,800
8,387,801
8,374,776
8,472,794
8,565,806
8,563,789
8,735,801
8,1159,678
8,1155,673
8,1436,190
8,1369,789
9,16,726
9,13,721
9,10,715
9,25,721
9,19,713
9,26,717
9,30,710
9,44,717
9,46,714
9,43,710
9,53,708
9,64,698
9,68,704
9,73,708
9,73,704
9,71,701
9,71,694
9,81,699
9,78,692
9,215,623
9,212,618
9,233,596
9,261,559
9,258,552
9,279,546
9,285,546
9,284,540
9,359,518
9,358,498
9,446,502
9,453,507
9,453,505
9,454,500
9,461,513
9,461,508
9,461,501
9,464,499
9,470,509
9,471,502
9,470,494
9,484,505
9,479,497
9,493,500
9,493,495
9,451,496
9,463,494
9,451,489
9,460,488
9,447,476
9,454,478
9,546,502
9,543,497
9,535,476
9,566,500
9,616,490
9,619,485
9,710,487
9,715,480
9,717,475
9,706,474
9,750,481
9,750,476
9,747,471
9,797,479
9,825,475
9,830,467
9,835,470
9,846,474
9,843,465
9,854,456
9,850,466
9,880,465
9,871,464
9,938,457
9,938,452
9,970,457
9,970,452
9,1024,445
9,1069,443
9,1081,444
9,1078,440
9,1094,441
9,1276,391
9,1289,394
9,1289,389
9,1321,404
9,1315,395
9,1353,363
9,1404,349
9,1402,344
9,1454,357
9,1448,355
9,1444,355
9,1438,355
9,1443,337
9,1432,329
9,1426,326
9,1422,322
9,1434,308
9,1428,304
9,1445,299
9,1440,296
9,1436,279
9,1442,277
9,1445,276
9,1441,264
9,1460,175
9,1456,172
9,1536,103
9,1516,46
9,1510,44
9,1504,43
9,1448,157
9,1429,178
9,1479,84
9,1649,351
9,9,27
9,12,22
9,17,17
9,30,9
9,34,5
9,811,565
9,829,533
9,864,553
9,1337,968
9,1341,879
9,1333,877
9,1330,868
9,1350,1007
9,1515,686
9,1510,683
9,1537,510
9,1188,669
9,1186,662
9,1183,654
9,1183,649
9,1209,740
9,1245,643
9,1241,639
9,1271,650
9,1270,646
9,1269,639
9,1327,641
9,1325,636
9,1213,744
9,1436,635
9,1396,602
9,1403,593
9,1397,593
9,1387,596
9,1415,559
9,1410,556
9,1404,552
9,1398,548
9,1417,521
9,1410,521
9,1398,520
9,1405,552
9,236,577
9,46,249
9,446,486
9,1136,439
9,1162,437
9,1157,432
9,1154,427
9,1424,514
9,1406,504
9,1400,504
9,1407,477
9,1400,464
9,1393,465
9,1429,447
9,1424,447
9,1439,321
9,1434,318
9,1429,318
9,1455,14
9,288,813
9,286,804
9,287,801
9,383,801
9,371,776
9,468,795
9,561,806
9,558,789
9,732,803
9,1156,680
9,1152,675
9,1436,194
9,1368,792
10,8,733
10,12,728
10,10,722
10,6,716
10,22,722
10,14,715
10,21,718
10,26,711
10,40,719
10,42,716
10,39,712
10,53,717
10,52,710
10,60,699
10,63,706
10,69,710
10,69,706
10,67,703
10,68,696
10,76,701
10,74,694
10,211,626
10,208,621
10,229,600
10,258,563
10,255,555
10,276,549
10,282,549
10,280,542
10,354,519
10,352,499
10,442,502
10,450,508
10,449,505
10,450,501
10,459,513
10,457,509
10,457,502
10,460,499
10,467,509
10,466,502
10,466,492
10,481,506
10,476,498
10,489,500
10,489,496
10,447,497
10,459,494
10,448,489
10,456,488
10,442,476
10,449,479
10,543,502
10,539,497
10,531,476
10,562,500
10,612,490
10,616,486
10,707,487
10,711,480
10,713,475
10,701,474
10,746,481
10,746,476
10,743,471
10,793,479
10,821,476
10,826,468
10,832,471
10,842,474
10,839,465
10,851,456
10,846,466
10,877,465
10,867,466
10,934,457
10,934,452
10,965,458
10,965,453
10,1019,445
10,1066,443
10,1078,444
10,1091,442
10,1272,392
10,1285,396
10,1285,390
10,1316,406
10,1311,397
10,1348,364
10,1402,350
10,1399,345
10,1453,361
10,1448,359
10,1443,359
10,1438,359
10,1443,341
10,1429,331
10,1423,329
10,1418,324
10,1432,311
10,1426,307
10,1443,302
10,1439,299
10,1435,283
10,1442,281
10,1445,280
10,1441,268
10,1460,178
10,1456,175
10,1537,99
10,1514,49
10,1509,47
10,1503,46
10,1447,161
10,1429,181
10,1477,102
10,1648,351
10,9,27
10,12,22
10,17,17
10,30,9
10,34,5
10,813,564
10,829,533
10,864,553
10,1337,972
10,1340,882
10,1333,880
10,1330,871
10,1513,689
10,1508,686
10,1537,506
10,1186,670
10,1183,663
10,1180,656
10,1180,650
10,1205,741
10,1242,643
10,1238,639
10,1268,651
10,1267,646
10,1265,639
10,1324,641
10,1322,636
10,1209,745
10,1431,658
10,1395,606
10,1402,596
10,1397,596
10,1386,600
10,1414,562
10,1408,559
10,1402,555
10,1397,551
10,1417,525
10,1410,525
10,1397,524
10,1404,555
10,233,581
10,46,249
10,443,487
10,1132,440
10,1157,437
10,1153,433
10,1150,428
10,1423,518
10,1406,508
10,1400,508
10,1407,482
10,1399,468
10,1393,469
10,1429,451
10,1424,451
10,1438,325
10,1433,322
10,1428,322
10,1454,17
10,284,814
10,283,805
10,379,802
10,368,777
10,465,796
10,558,806
10,554,788
10,728,804
10,1152,681
10,1148,676
10,1436,198
10,1367,795
11,4,737
11,9,730
11,8,723
11,21,723
11,11,717
11,18,719
11,22,713
11,35,721
11,37,717
11,34,713
11,48,718
11,47,712
11,55,701
11,58,707
11,65,712
11,65,708
11,63,705
11,65,698
11,70,703
11,71,696
11,208,628
11,205,624
11,226,604
11,255,566
11,252,558
11,273,552
11,279,553
11,277,545
11,350,520
11,347,501
11,439,503
11,447,508
11,446,506
11,447,502
11,455,514
11,453,510
11,453,503
11,455,499
11,463,509
11,462,500
11,462,491
11,477,507
11,472,499
11,485,500
11,484,496
11,443,499
11,455,495
11,444,490
11,451,489
11,437,476
11,445,479
11,538,502
11,535,498
11,528,477
11,558,500
11,608,490
11,612,486
11,704,487
11,707,480
11,709,475
11,697,475
11,741,481
11,741,477
11,739,472
11,789,480
11,817,476
11,823,469
11,828,472
11,838,475
11,834,466
11,842,466
11,873,464
11,862,467
11,930,457
11,930,452
11,961,459
11,960,453
11,1060,445
11,1073,444
11,1089,443
11,1267,393
11,1281,397
11,1280,391
11,1312,408
11,1306,398
11,1344,366
11,1399,352
11,1396,347
11,1453,365
11,1448,363
11,1443,362
11,1437,363
11,1443,344
11,1426,334
11,1419,332
11,1414,326
11,1428,313
11,1423,309
11,1441,306
11,1438,303
11,1435,286
11,1442,284
11,1445,285
11,1440,272
11,1459,182
11,1455,178
11,1538,95
11,1512,53
11,1507,51
11,1501,50
11,1447,165
11,1431,184
11,1476,120
11,1648,351
11,9,27
11,12,22
11,17,17
11,30,9
11,34,5
11,816,563
11,828,533
11,864,553
11,1338,979
11,1512,692
11,1507,689
11,1537,502
11,1181,670
11,1179,664
11,1176,657
11,1176,651
11,1201,741
11,1239,644
11,1235,639
11,1264,651
11,1264,646
11,1262,638
11,1320,642
11,1319,637
11,1205,745
11,1426,681
11,1394,609
11,1400,599
11,1396,599
11,1384,603
11,1412,566
11,1405,562
11,1399,558
11,1395,555
11,1417,529
11,1409,529
11,1396,528
11,1403,559
11,229,584
11,46,249
11,440,487
11,1127,441
11,1152,438
11,1148,434
11,1146,429
11,1422,522
11,1405,512
11,1400,512
11,1406,486
11,1398,472
11,1392,473
11,1428,455
11,1424,455
11,1438,329
11,1433,326
11,1427,326
11,1453,19
11,280,815
11,375,802
11,363,777
11,461,797
11,555,806
11,550,788
11,725,806
11,1148,683
11,1144,678
11,1437,203
11,1366,799
12,21,723
12,9,718
12,16,720
12,19,714
12,31,723
12,32,719
12,30,715
12,43,720
12,42,713
12,50,703
12,53,709
12,61,715
12,61,710
12,59,707
12,61,699
12,65,704
12,68,698
12,205,631
12,202,627
12,223,607
12,252,569
12,249,561
12,270,555
12,276,556
12,273,548
12,345,520
12,342,502
12,436,503
12,443,509
12,442,506
12,442,502
12,452,514
12,451,510
12,449,503
12,451,499
12,460,509
12,457,498
12,455,491
12,473,508
12,469,500
12,481,501
12,480,496
12,438,499
12,450,495
12,440,492
12,447,490
12,433,476
12,441,479
12,533,503
12,531,498
12,524,479
12,554,500
12,604,490
12,609,487
12,700,488
12,702,480
12,705,475
12,692,475
12,737,482
12,737,477
12,735,473
12,784,480
12,812,477
12,820,470
12,824,473
12,833,475
12,829,466
12,839,466
12,869,464
12,858,468
12,925,458
12,925,452
12,957,459
12,955,454
12,1056,444
12,1068,442
12,1084,443
12,1263,394
12,1277,398
12,1276,392
12,1307,410
12,1302,400
12,1340,368
12,1396,353
12,1393,349
12,1453,369
12,1448,367
12,1443,366
12,1437,368
12,1442,348
12,1423,337
12,1416,335
12,1411,328
12,1425,316
12,1419,312
12,1438,309
12,1438,307
12,1435,290
12,1442,288
12,1445,289
12,1439,275
12,1458,185
12,1453,182
12,1539,91
12,1510,57
12,1505,55
12,1499,54
12,1446,169
12,1432,187
12,1476,137
12,1647,351
12,9,27
12,12,22
12,17,17
12,30,9
12,34,5
12,819,562
12,827,534
12,864,553
12,1330,979
12,1510,695
12,1505,693
12,1537,499
12,1176,671
12,1176,665
12,1171,658
12,1173,652
12,1197,742
12,1236,644
12,1232,639
12,1261,652
12,1260,646
12,1258,638
12,1317,642
12,1317,637
12,1201,746
12,1421,704
12,1392,612
12,1398,601
12,1395,603
12,1383,606
12,1411,569
12,1403,565
12,1397,562
12,1393,558
12,1417,533
12,1408,532
12,1396,531
12,1402,562
12,232,599
12,226,587
12,46,249
12,436,488
12,1123,442
12,1147,438
12,1144,435
12,1142,430
12,1420,526
12,1404,516
12,1400,516
12,1406,490
12,1396,475
12,1391,477
12,1428,459
12,1424,459
12,1437,333
12,1432,329
12,1427,329
12,1453,23
12,275,816
12,371,803
12,457,798
12,551,805
12,545,788
12,721,807
12,1144,684
12,1141,679
12,1437,207
12,1365,802
13,17,727
13,11,724
13,13,717
13,26,725
13,27,720
13,25,716
13,38,721
13,37,715
13,45,704
13,48,711
13,57,717
13,57,712
13,55,708
13,56,700
13,61,707
13,63,700
13,202,634
13,199,631
13,220,611
13,267,558
13,273,559
13,270,550
13,341,521
13,337,504
13,432,504
13,440,510
13,439,507
13,438,503
13,449,514
13,448,511
13,445,502
13,446,499
13,456,510
13,453,496
13,449,491
13,470,508
13,466,501
13,478,502
13,475,496
13,433,500
13,446,495
13,434,493
13,443,490
13,428,476
13,434,479
13,528,504
13,527,498
13,520,480
13,550,501
13,600,490
13,606,488
13,695,488
13,698,480
13,701,475
13,688,476
13,733,482
13,732,477
13,730,473
13,779,480
13,808,478
13,817,471
13,820,474
13,828,475
13,824,467
13,835,466
13,866,463
13,854,470
13,919,459
13,919,453
13,953,459
13,951,454
13,1052,444
13,1062,440
13,1079,443
13,1259,395
13,1273,400
13,1272,393
13,1303,412
13,1298,402
13,1336,370
13,1392,355
13,1390,351
13,1452,372
13,1447,370
13,1441,370
13,1436,371
13,1441,352
13,1420,339
13,1413,338
13,1407,330
13,1421,318
13,1416,314
13,1437,313
13,1435,311
13,1434,294
13,1441,292
13,1445,293
13,1438,278
13,1458,188
13,1451,185
13,1539,86
13,1508,60
13,1503,58
13,1497,59
13,1445,173
13,1433,190
13,1477,153
13,1646,351
13,9,27
13,12,22
13,17,17
13,30,9
13,34,5
13,821,561
13,826,534
13,864,553
13,1331,983
13,1509,698
13,1504,696
13,1537,495
13,1172,671
13,1172,667
13,1167,660
13,1170,654
13,1193,743
13,1233,645
13,1229,639
13,1258,652
13,1257,646
13,1254,638
13,1314,642
13,1314,637
13,1197,746
13,1416,726
13,1368,1078
13,1391,615
13,1397,604
13,1394,606
13,1382,609
13,1410,574
13,1402,569
13,1397,565
13,1392,563
13,1416,537
13,1407,537
13,1395,535
13,1402,565
13,231,835
13,231,831
13,230,825
13,229,602
13,224,591
13,46,249
13,432,489
13,1118,443
13,1142,439
13,1139,436
13,1138,431
13,1419,531
13,1404,521
13,1400,520
13,1405,494
13,1395,479
13,1390,482
13,1428,464
13,1424,464
13,1436,336
13,1431,333
13,1426,333
13,1452,25
13,271,817
13,367,803
13,453,798
13,547,805
13,541,788
13,717,808
13,1141,685
13,1137,680
13,1437,210
13,1364,805
14,6,729
14,9,717
14,22,727
14,22,721
14,21,717
14,34,723
14,33,717
14,41,706
14,42,713
14,52,719
14,53,714
14,50,710
14,52,701
14,57,709
14,58,701
14,198,637
14,194,633
14,218,614
14,267,553
14,336,521
14,331,505
14,429,505
14,437,511
14,435,508
14,434,504
14,445,515
14,443,511
14,441,501
14,442,499
14,453,510
14,448,495
14,445,490
14,466,509
14,462,502
14,474,502
14,470,496
14,429,501
14,442,496
14,428,493
14,439,491
14,423,476
14,428,479
14,523,505
14,523,498
14,516,482
14,546,502
14,596,490
14,601,488
14,691,488
14,694,480
14,696,475
14,684,476
14,729,483
14,728,477
14,726,474
14,774,481
14,804,477
14,811,470
14,815,474
14,823,475
14,819,467
14,830,465
14,862,463
14,850,470
14,914,460
14,914,454
14,949,459
14,947,454
14,998,446
14,1058,441
14,1075,443
14,1254,396
14,1268,401
14,1267,394
14,1298,413
14,1293,403
14,1332,372
14,1388,357
14,1386,353
14,1451,376
14,1446,374
14,1440,374
14,1435,375
14,1441,356
14,1417,342
14,1410,340
14,1403,332
14,1417,321
14,1413,316
14,1436,316
14,1432,315
14,1433,297
14,1439,297
14,1444,298
14,1437,282
14,1457,192
14,1450,188
14,1540,82
14,1506,64
14,1501,62
14,1495,63
14,1448,139
14,1445,177
14,1434,195
14,1436,40
14,1431,41
14,1478,169
14,1646,351
14,9,27
14,12,22
14,17,17
14,30,9
14,34,5
14,824,560
14,826,534
14,864,553
14,1330,990
14,1509,703
14,1503,700
14,1538,492
14,1168,672
14,1169,668
14,1163,661
14,1167,655
14,1190,744
14,1230,645
14,1226,639
14,1254,653
14,1254,646
14,1251,638
14,1310,642
14,1311,637
14,1193,747
14,1411,749
14,1374,1067
14,1390,619
14,1395,607
14,1393,609
14,1381,613
14,1409,579
14,1401,574
14,1397,570
14,1392,567
14,1415,542
14,1406,541
14,1394,539
14,1401,569
14,227,836
14,226,831
14,226,825
14,226,605
14,221,596
14,46,249
14,427,490
14,1114,444
14,1138,440
14,1135,437
14,1134,432
14,1418,535
14,1403,525
14,1399,524
14,1405,499
14,1394,483
14,1390,486
14,1428,468
14,1424,468
14,1435,340
14,1431,337
14,1425,337
14,1451,28
14,267,817
14,364,804
14,449,798
14,542,805
14,537,789
14,714,810
14,1137,687
14,1133,682
14,1437,214
14,1363,809
15,3,730
15,5,718
15,17,729
15,17,723
15,16,719
15,30,725
15,29,719
15,36,707
15,37,715
15,48,720
15,49,716
15,46,712
15,47,702
15,53,712
15,53,703
15,197,639
15,193,635
15,215,617
15,264,556
15,332,522
15,326,506
15,425,507
15,433,512
15,431,509
15,431,504
15,441,515
15,438,512
15,438,502
15,437,499
15,449,511
15,444,493
15,442,488
15,462,510
15,458,503
15,470,503
15,467,497
15,424,502
15,438,496
15,423,494
15,434,492
15,418,477
15,423,480
15,519,505
15,519,498
15,511,482
15,541,502
15,592,491
15,597,488
15,686,489
15,690,481
15,692,475
15,680,477
15,724,484
15,723,478
15,722,475
15,769,481
15,799,479
15,812,477
15,820,475
15,816,466
15,824,463
15,858,463
15,846,471
15,909,460
15,909,454
15,944,459
15,942,455
15,994,447
15,1054,442
15,1070,443
15,1250,397
15,1264,402
15,1263,395
15,1293,414
15,1289,405
15,1328,374
15,1384,359
15,1382,354
15,1450,380
15,1446,378
15,1439,378
15,1434,379
15,1440,360
15,1413,344
15,1406,343
15,1400,334
15,1414,324
15,1410,319
15,1435,320
15,1429,319
15,1432,301
15,1438,301
15,1443,302
15,1436,285
15,1456,195
15,1449,191
15,1541,78
15,1504,68
15,1499,66
15,1493,67
15,1449,144
15,1444,182
15,1440,179
15,1434,177
15,1435,199
15,1436,45
15,1430,46
15,1479,186
15,1645,351
15,9,27
15,12,22
15,17,17
15,30,9
15,34,5
15,823,560
15,826,536
15,864,553
15,1509,707
15,1503,705
15,1538,488
15,1165,673
15,1165,669
15,1160,662
15,1164,656
15,1186,744
15,1227,645
15,1223,639
15,1251,653
15,1251,646
15,1247,638
15,1307,642
15,1309,637
15,1189,747
15,1406,772
15,1380,1056
15,1389,622
15,1392,609
15,1392,613
15,1379,615
15,1408,583
15,1400,580
15,1398,574
15,1392,572
15,1413,546
15,1405,545
15,1393,543
15,1400,572
15,223,837
15,222,832
15,222,825
15,223,608
15,218,600
15,46,249
15,423,491
15,1109,444
15,1134,440
15,1131,437
15,1130,432
15,1418,539
15,1403,529
15,1399,528
15,1404,503
15,1393,487
15,1389,489
15,1427,472
15,1424,472
15,1435,344
15,1430,340
15,1424,340
15,1450,32
15,263,817
15,360,805
15,445,799
15,538,805
15,533,790
15,710,810
15,1133,688
15,1130,683
15,1437,218
15,1361,812
16,12,731
16,12,724
16,11,720
16,26,727
16,25,721
16,32,709
16,32,717
16,44,722
16,44,718
16,41,713
16,42,704
16,48,713
16,48,705
16,69,699
16,212,621
16,261,559
16,327,523
16,321,509
16,422,508
16,429,512
16,427,509
16,428,504
16,437,515
16,434,513
16,434,502
16,433,499
16,446,512
16,440,491
16,438,486
16,458,511
16,454,504
16,466,503
16,463,497
16,419,503
16,433,496
16,420,496
16,430,492
16,413,477
16,419,480
16,515,506
16,515,499
16,507,482
16,537,503
16,589,492
16,592,488
16,681,489
16,686,481
16,687,475
16,676,477
16,720,484
16,719,478
16,718,475
16,764,482
16,776,475
16,777,470
16,796,480
16,808,477
16,816,475
16,812,464
16,818,462
16,854,462
16,842,471
16,905,460
16,904,455
16,940,459
16,938,456
16,989,447
16,1050,444
16,1065,443
16,1246,398
16,1259,403
16,1258,396
16,1289,416
16,1284,407
16,1324,376
16,1380,361
16,1378,356
16,1449,384
16,1445,382
16,1438,382
16,1433,383
16,1439,364
16,1409,346
16,1403,345
16,1396,337
16,1410,326
16,1406,322
16,1433,324
16,1426,323
16,1431,304
16,1437,305
16,1442,306
16,1436,290
16,1456,199
16,1450,195
16,1542,74
16,1501,71
16,1497,69
16,1491,71
16,1450,149
16,1444,147
16,1443,187
16,1439,184
16,1433,182
16,1437,203
16,1436,50
16,1429,51
16,1479,202
16,1645,351
16,9,27
16,12,22
16,17,17
16,30,9
16,34,5
16,822,560
16,826,538
16,864,553
16,1509,712
16,1503,709
16,1538,485
16,1162,675
16,1161,670
16,1158,664
16,1161,657
16,1182,745
16,1224,646
16,1219,641
16,1248,654
16,1248,647
16,1244,638
16,1304,643
16,1306,638
16,1185,748
16,1401,795
16,1386,1045
16,1388,626
16,1390,610
16,1392,617
16,1378,618
16,1407,588
16,1400,585
16,1399,578
16,1392,577
16,1412,550
16,1404,550
16,1392,547
16,1399,575
16,219,839
16,218,833
16,218,826
16,220,611
16,215,604
16,46,249
16,419,492
16,1104,444
16,1130,441
16,1128,437
16,1127,432
16,1417,543
16,1403,533
16,1398,533
16,1403,508
16,1393,491
16,1389,493
16,1426,476
16,1422,476
16,1434,348
16,1429,344
16,1424,344
16,1450,35
16,259,817
16,355,806
16,441,799
16,533,805
16,528,790
16,707,811
16,1129,690
16,1126,685
16,1437,222
16,1360,816
17,9,731
17,10,726
17,9,721
17,22,729
17,20,722
17,28,711
17,28,718
17,39,723
17,39,719
17,37,715
17,36,706
17,43,714
17,44,706
17,64,700
17,209,624
17,323,524
17,315,513
17,419,508
17,424,513
17,423,510
17,425,504
17,433,516
17,431,513
17,431,503
17,429,499
17,442,512
17,436,489
17,433,486
17,454,511
17,450,504
17,461,503
17,460,497
17,415,504
17,429,497
17,416,497
17,426,493
17,409,479
17,415,482
17,511,507
17,511,499
17,503,482
17,533,503
17,585,493
17,588,488
17,678,490
17,682,482
17,683,475
17,672,478
17,716,484
17,715,478
17,714,475
17,759,482
17,772,475
17,773,470
17,793,482
17,812,474
17,809,464
17,814,461
17,850,462
17,838,472
17,900,460
17,900,456
17,936,459
17,934,457
17,985,448
17,1046,445
17,1061,443
17,1242,399
17,1255,404
17,1254,397
17,1284,417
17,1280,409
17,1321,378
17,1377,364
17,1374,358
17,1448,388
17,1444,386
17,1437,386
17,1432,387
17,1439,369
17,1405,349
17,1400,348
17,1394,340
17,1407,328
17,1402,324
17,1431,329
17,1424,327
17,1430,308
17,1436,310
17,1441,311
17,1435,294
17,1456,202
17,1451,199
17,1544,70
17,1499,75
17,1495,73
17,1489,75
17,1450,153
17,1444,151
17,1442,192
17,1438,188
17,1432,186
17,1437,208
17,1435,55
17,1429,56
17,1478,220
17,1644,352
17,9,27
17,12,22
17,17,17
17,30,9
17,34,5
17,821,561
17,826,539
17,864,553
17,1509,716
17,1503,713
17,1538,481
17,1159,676
17,1158,671
17,1155,665
17,1158,658
17,1178,745
17,1220,647
17,1215,642
17,1245,654
17,1246,648
17,1242,639
17,1301,643
17,1303,638
17,1182,748
17,1396,818
17,1390,1034
17,1387,630
17,1387,612
17,1392,621
17,1376,620
17,1406,593
17,1399,590
17,1399,582
17,1392,581
17,1411,554
17,1403,554
17,1391,551
17,1399,579
17,216,840
17,214,833
17,215,826
17,217,614
17,212,608
17,46,249
17,415,494
17,1099,444
17,1126,441
17,1124,437
17,1123,432
17,1417,547
17,1403,537
17,1398,537
17,1402,512
17,1393,495
17,1389,497
17,1426,481
17,1421,480
17,1433,351
17,1429,348
17,1423,348
17,1450,38
17,254,817
17,351,806
17,437,800
17,528,805
17,524,791
17,703,812
17,1125,691
17,1122,686
17,1438,226
17,1359,820
18,5,735
18,9,728
18,4,722
18,18,731
18,14,722
18,22,712
18,23,720
18,35,724
18,34,721
18,32,716
18,31,708
18,38,714
18,39,707
18,49,715
18,73,703
18,60,701
18,206,628
18,318,525
18,309,516
18,416,508
18,420,514
18,420,511
18,422,505
18,429,516
18,428,513
18,425,504
18,424,500
18,438,511
18,431,488
18,428,485
18,450,512
18,446,505
18,457,503
18,456,497
18,411,505
18,425,497
18,411,497
18,422,494
18,405,480
18,411,484
18,508,508
18,507,500
18,499,483
18,529,504
18,581,494
18,583,488
18,676,491
18,677,482
18,679,475
18,668,478
18,713,485
18,711,479
18,711,476
18,755,483
18,768,475
18,769,471
18,788,480
18,807,474
18,806,465
18,846,463
18,834,472
18,895,460
18,895,456
18,931,459
18,929,458
18,980,449
18,1029,448
18,1025,443
18,1042,446
18,1056,443
18,1237,400
18,1250,405
18,1249,398
18,1279,418
18,1275,411
18,1316,379
18,1373,365
18,1371,359
18,1448,392
18,1444,389
18,1437,390
18,1432,391
18,1439,373
18,1401,352
18,1396,350
18,1391,342
18,1404,331
18,1398,327
18,1428,334
18,1421,331
18,1429,312
18,1435,313
18,1439,314
18,1434,299
18,1456,205
18,1452,203
18,1545,67
18,1498,79
18,1495,77
18,1489,79
18,1450,157
18,1444,155
18,1442,197
18,1437,193
18,1432,191
18,1438,212
18,1451,140
18,1435,60
18,1429,60
18,1477,238
18,1643,352
18,9,27
18,12,22
18,17,17
18,30,9
18,34,5
18,819,562
18,826,541
18,864,553
18,1508,721
18,1502,717
18,1538,478
18,1156,677
18,1155,672
18,1152,666
18,1155,659
18,1174,745
18,1217,648
18,1211,643
18,1242,655
18,1243,648
18,1239,640
18,1299,643
18,1300,638
18,1179,748
18,1390,841
18,1394,1024
18,1386,633
18,1384,614
18,1392,625
18,1374,623
18,1405,598
18,1398,594
18,1399,587
18,1391,585
18,1410,558
18,1402,558
18,1391,554
18,1398,582
18,212,841
18,210,834
18,214,617
18,209,612
18,46,249
18,411,495
18,1094,444
18,1123,442
18,1121,438
18,1120,432
18,1416,552
18,1402,540
18,1397,542
18,1401,517
18,1392,500
18,1388,501
18,1425,485
18,1420,485
18,1432,355
18,1428,351
18,1422,351
18,1450,41
18,250,817
18,347,807
18,433,800
18,524,805
18,520,791
18,699,813
18,1121,692
18,1119,687
18,1438,230
18,1358,824
19,14,733
19,11,722
19,18,713
19,19,721
19,32,726
19,31,723
19,29,717
19,28,709
19,34,715
19,34,709
19,45,717
19,69,705
19,56,702
19,203,632
19,233,599
19,230,592
19,229,585
19,314,527
19,304,519
19,413,508
19,416,515
19,417,511
19,419,506
19,425,516
19,425,513
19,419,504
19,420,500
19,434,509
19,427,488
19,423,484
19,446,513
19,443,506
19,452,502
19,452,497
19,407,506
19,421,497
19,408,499
19,418,494
19,401,482
19,407,485
19,504,509
19,503,501
19,495,483
19,525,505
19,578,495
19,579,488
19,673,491
19,673,482
19,675,475
19,664,478
19,709,485
19,707,479
19,707,476
19,750,483
19,765,475
19,766,471
19,784,480
19,842,463
19,830,472
19,891,460
19,891,456
19,927,460
19,925,459
19,975,449
19,1026,448
19,1021,443
19,1053,443
19,1233,401
19,1246,406
19,1245,399
19,1275,419
19,1271,412
19,1312,381
19,1370,366
19,1368,360
19,1447,396
19,1443,393
19,1437,394
19,1431,395
19,1438,376
19,1397,354
19,1392,352
19,1388,345
19,1401,333
19,1394,330
19,1426,338
19,1419,335
19,1428,316
19,1433,317
19,1437,318
19,1433,303
19,1456,209
19,1453,207
19,1547,63
19,1497,82
19,1494,81
19,1488,83
19,1450,161
19,1444,160
19,1442,201
19,1437,197
19,1432,195
19,1439,217
19,1451,144
19,1435,65
19,1430,64
19,1477,256
19,1524,7
19,1643,352
19,9,27
19,12,22
19,17,17
19,30,9
19,34,5
19,818,562
19,826,543
19,864,553
19,1508,725
19,1502,721
19,1539,475
19,1153,679
19,1152,673
19,1150,667
19,1151,660
19,1170,746
19,1214,648
19,1207,644
19,1239,655
19,1241,649
19,1237,641
19,1296,644
19,1297,639
19,1175,749
19,1384,863
19,1397,1014
19,1385,637
19,1381,615
19,1392,629
19,1373,625
19,1404,602
19,1398,598
19,1397,591
19,1390,589
19,1409,562
19,1401,562
19,1391,558
19,1397,585
19,207,841
19,206,835
19,211,619
19,206,615
19,46,249
19,407,496
19,1089,444
19,1119,442
19,1117,438
19,1116,432
19,1416,556
19,1402,544
19,1397,546
19,1400,521
19,1392,504
19,1388,504
19,1424,490
19,1418,489
19,1431,359
19,1427,355
19,1421,355
19,1449,45
19,343,808
19,429,800
19,519,805
19,516,792
19,696,813
19,1117,694
19,1115,689
19,1438,234
19,1357,828
20,9,733
20,10,724
20,14,714
20,16,721
20,27,719
20,24,710
20,30,717
20,31,710
20,39,725
20,42,720
20,64,707
20,52,703
20,199,635
20,231,602
20,227,595
20,227,588
20,310,527
20,298,522
20,411,508
20,413,515
20,414,512
20,416,507
20,422,517
20,421,513
20,415,504
20,416,501
20,430,507
20,422,487
20,418,483
20,442,513
20,440,506
20,448,502
20,448,497
20,403,507
20,416,498
20,406,501
20,414,494
20,396,482
20,402,485
20,500,509
20,499,501
20,491,483
20,520,505
20,574,496
20,575,489
20,670,492
20,668,482
20,672,474
20,660,478
20,705,486
20,703,480
20,703,477
20,746,484
20,761,476
20,762,472
20,779,480
20,839,464
20,826,473
20,887,461
20,887,456
20,922,461
20,921,459
20,970,449
20,1024,448
20,1018,443
20,1034,447
20,1049,443
20,1230,403
20,1242,407
20,1242,400
20,1272,420
20,1267,413
20,1308,382
20,1367,367
20,1365,362
20,1447,399
20,1443,397
20,1437,397
20,1431,398
20,1438,379
20,1393,357
20,1389,353
20,1385,347
20,1397,335
20,1390,332
20,1426,342
20,1419,340
20,1426,320
20,1431,320
20,1436,321
20,1432,307
20,1456,213
20,1453,210
20,1548,59
20,1496,86
20,1493,86
20,1487,87
20,1450,165
20,1443,164
20,1442,205
20,1438,201
20,1433,199
20,1439,220
20,1451,148
20,1435,70
20,1430,69
20,1479,272
20,1524,11
20,1642,352
20,9,27
20,12,22
20,17,17
20,30,9
20,34,5
20,817,563
20,826,544
20,864,553
20,1507,729
20,1502,725
20,1540,472
20,1150,680
20,1149,674
20,1147,668
20,1147,661
20,1166,746
20,1210,649
20,1203,646
20,1236,656
20,1238,649
20,1234,642
20,1294,644
20,1294,639
20,1172,749
20,1379,885
20,1401,1003
20,1384,640
20,1377,617
20,1391,633
20,1372,629
20,1403,606
20,1397,602
20,1395,595
20,1389,592
20,1407,566
20,1400,566
20,1391,562
20,1396,589
20,203,842
20,203,835
20,208,622
20,203,618
20,46,249
20,403,497
20,1085,444
20,1115,443
20,1114,438
20,1113,432
20,1415,560
20,1402,548
20,1396,551
20,1400,526
20,1392,508
20,1388,508
20,1424,494
20,1417,493
20,1431,363
20,1426,359
20,1420,359
20,1449,48
20,338,809
20,425,801
20,515,805
20,511,793
20,692,814
20,1438,238
20,1356,832
21,7,735
21,7,727
21,11,715
21,12,721
21,22,719
21,21,711
21,27,719
21,27,712
21,37,726
21,37,720
21,60,709
21,48,705
21,72,701
21,194,638
21,228,606
21,225,598
21,224,592
21,307,527
21,293,525
21,407,508
21,410,515
21,412,512
21,412,508
21,418,518
21,418,514
21,412,504
21,412,502
21,426,506
21,418,487
21,413,483
21,439,514
21,436,507
21,443,502
21,444,497
21,399,508
21,412,498
21,403,501
21,409,495
21,392,483
21,398,487
21,497,510
21,495,502
21,488,484
21,517,506
21,570,496
21,572,489
21,666,492
21,664,482
21,668,474
21,656,479
21,701,486
21,699,480
21,698,477
21,742,484
21,757,476
21,759,472
21,774,481
21,782,472
21,787,477
21,835,464
21,822,473
21,883,461
21,882,456
21,917,462
21,917,459
21,965,449
21,1022,448
21,1032,448
21,1046,443
21,1226,404
21,1238,409
21,1238,401
21,1268,422
21,1262,414
21,1304,384
21,1364,368
21,1362,363
21,1447,403
21,1443,400
21,1437,401
21,1431,402
21,1437,382
21,1390,359
21,1385,355
21,1382,349
21,1393,336
21,1386,333
21,1426,346
21,1418,345
21,1425,324
21,1430,324
21,1434,325
21,1430,310
21,1457,216
21,1453,213
21,1550,54
21,1495,90
21,1492,90
21,1486,90
21,1450,169
21,1443,168
21,1442,209
21,1439,205
21,1434,203
21,1440,224
21,1451,151
21,1480,289
21,1523,14
21,1641,352
21,9,27
21,12,22
21,17,17
21,30,9
21,34,5
21,816,563
21,826,546
21,864,553
21,1506,733
21,1501,728
21,1540,468
21,1147,682
21,1146,676
21,1144,669
21,1144,663
21,1163,746
21,1207,650
21,1200,647
21,1233,656
21,1236,650
21,1232,642
21,1291,644
21,1290,639
21,1168,749
21,1373,907
21,1405,993
21,1383,644
21,1374,618
21,1390,637
21,1371,633
21,1403,610
21,1397,605
21,1394,599
21,1389,595
21,1406,569
21,1400,569
21,1391,566
21,1396,592
21,199,842
21,199,836
21,204,625
21,199,622
21,46,249
21,399,498
21,1080,444
21,1111,443
21,1110,438
21,1109,432
21,1415,564
21,1402,552
21,1396,555
21,1399,530
21,1392,512
21,1388,513
21,1423,499
21,1416,498
21,1430,367
21,1425,363
21,1419,363
21,1449,51
21,334,810
21,421,801
21,510,805
21,507,793
21,689,815
21,1438,242
21,1355,835
22,9,716
22,9,722
22,17,731
22,18,725
22,17,720
22,17,712
22,24,721
22,24,714
22,34,727
22,33,721
22,55,711
22,44,706
22,68,703
22,226,609
22,222,601
22,222,595
22,303,528
22,287,528
22,403,509
22,407,516
22,409,513
22,409,509
22,415,518
22,415,514
22,410,505
22,408,503
22,422,504
22,414,487
22,408,483
22,435,514
22,433,507
22,439,502
22,439,497
22,395,509
22,408,498
22,398,503
22,405,496
22,388,484
22,393,488
22,493,511
22,492,502
22,484,484
22,513,506
22,566,496
22,569,489
22,662,492
22,660,482
22,664,474
22,652,479
22,697,486
22,695,481
22,694,477
22,738,484
22,754,477
22,756,473
22,770,482
22,779,473
22,783,478
22,831,465
22,818,474
22,879,462
22,878,456
22,913,463
22,913,459
22,960,450
22,1017,448
22,1028,448
22,1222,406
22,1234,410
22,1234,401
22,1264,423
22,1258,415
22,1300,386
22,1361,369
22,1359,364
22,1446,407
22,1442,404
22,1436,405
22,1430,406
22,1437,386
22,1387,362
22,1382,357
22,1380,352
22,1390,338
22,1383,335
22,1426,349
22,1418,350
22,1423,327
22,1428,328
22,1433,330
22,1428,314
22,1458,220
22,1454,216
22,1551,50
22,1494,94
22,1491,94
22,1485,94
22,1450,173
22,1443,173
22,1442,212
22,1439,208
22,1435,206
22,1440,227
22,1451,156
22,1480,306
22,1522,18
22,1641,352
22,9,27
22,12,22
22,17,17
22,30,9
22,34,5
22,814,564
22,824,546
22,864,553
22,1505,737
22,1501,732
22,1541,465
22,1144,683
22,1144,677
22,1140,670
22,1141,664
22,1159,746
22,1204,650
22,1196,648
22,1230,656
22,1233,650
22,1229,643
22,1288,644
22,1287,639
22,1165,750
22,1368,929
22,1408,983
22,1382,647
22,1370,620
22,1390,641
22,1371,637
22,1402,614
22,1397,609
22,1392,604
22,1388,599
22,1405,573
22,1399,573
22,1391,570
22,1395,595
22,195,843
22,196,837
22,201,628
22,196,625
22,46,249
22,395,499
22,1075,444
22,1107,444
22,1106,439
22,1105,432
22,1413,568
22,1401,557
22,1395,559
22,1399,534
22,1392,516
22,1389,517
22,1421,504
22,1415,502
22,1430,371
22,1424,367
22,1418,367
22,1449,54
22,330,811
22,417,802
22,506,805
22,503,794
22,685,815
22,967,705
22,1438,246
22,1354,839
23,5,718
23,5,724
23,14,731
23,13,727
23,12,722
23,14,714
23,20,722
23,19,714
23,28,722
23,51,713
23,40,708
23,64,705
23,223,612
23,220,604
23,219,599
23,299,530
23,281,533
23,399,509
23,404,516
23,405,513
23,406,510
23,412,519
23,412,515
23,407,505
23,404,503
23,417,503
23,410,487
23,403,483
23,432,515
23,430,508
23,434,502
23,435,497
23,391,511
23,404,499
23,393,505
23,400,497
23,384,486
23,389,490
23,489,511
23,488,503
23,480,484
23,510,507
23,563,496
23,566,489
23,658,493
23,656,481
23,659,473
23,647,480
23,694,486
23,692,481
23,690,477
23,734,485
23,750,478
23,752,474
23,767,483
23,775,473
23,779,478
23,828,466
23,815,475
23,876,463
23,873,456
23,909,464
23,908,459
23,955,451
23,1013,448
23,1024,448
23,1219,407
23,1230,411
23,1231,402
23,1261,424
23,1254,416
23,1296,387
23,1357,370
23,1356,366
23,1446,410
23,1441,408
23,1436,408
23,1430,410
23,1436,390
23,1383,363
23,1378,358
23,1376,354
23,1386,341
23,1380,338
23,1426,354
23,1418,355
23,1421,331
23,1426,331
23,1431,334
23,1427,317
23,1458,223
23,1454,219
23,1552,46
23,1493,97
23,1490,98
23,1484,98
23,1450,177
23,1443,177
23,1443,217
23,1440,212
23,1436,210
23,1440,231
23,1452,160
23,1480,323
23,1522,22
23,1640,352
23,9,27
23,12,22
23,17,17
23,30,9
23,34,5
23,813,564
23,823,546
23,864,553
23,1504,740
23,1500,736
23,1542,462
23,1142,685
23,1141,678
23,1137,671
23,1139,665
23,1160,747
23,1200,652
23,1192,650
23,1227,657
23,1231,651
23,1226,644
23,1285,645
23,1284,640
23,1163,752
23,1362,951
23,1412,973
23,1382,650
23,1366,621
23,1389,645
23,1370,641
23,1401,617
23,1396,613
23,1390,608
23,1386,603
23,1405,577
23,1399,577
23,1391,573
23,1394,598
23,191,843
23,192,838
23,198,632
23,193,627
23,46,249
23,391,500
23,1072,445
23,1104,445
23,1102,440
23,1102,433
23,1412,571
23,1401,561
23,1395,564
23,1399,538
23,1393,520
23,1389,521
23,1420,508
23,1414,507
23,1430,376
23,1423,372
23,1416,372
23,1449,58
23,326,812
23,412,803
23,502,805
23,498,794
23,681,816
23,963,705
23,1439,250
23,1353,843
24,11,734
24,11,727
24,11,722
24,11,716
24,17,723
24,15,715
24,24,723
24,47,715
24,36,710
24,60,707
24,220,616
24,217,608
24,216,602
24,295,532
24,274,540
24,396,510
24,401,517
24,401,514
24,403,511
24,409,519
24,409,515
24,403,506
24,400,504
24,412,502
24,406,487
24,397,483
24,429,516
24,427,509
24,430,502
24,431,497
24,387,512
24,401,500
24,390,505
24,396,498
24,380,487
24,385,492
24,485,512
24,484,503
24,476,484
24,506,507
24,560,496
24,563,490
24,654,493
24,652,481
24,655,473
24,643,480
24,690,487
24,688,482
24,686,477
24,729,485
24,746,478
24,748,474
24,763,483
24,771,474
24,775,479
24,824,466
24,811,475
24,872,464
24,869,457
24,905,464
24,903,460
24,950,451
24,1009,448
24,1020,449
24,1215,408
24,1226,413
24,1227,404
24,1256,425
24,1250,417
24,1292,389
24,1354,371
24,1353,367
24,1445,414
24,1440,412
24,1435,412
24,1430,414
24,1436,394
24,1380,364
24,1375,360
24,1373,356
24,1382,343
24,1376,340
24,1426,359
24,1418,360
24,1420,334
24,1425,335
24,1430,338
24,1425,321
24,1459,227
24,1454,222
24,1554,41
24,1493,101
24,1490,102
24,1483,102
24,1450,181
24,1442,181
24,1436,177
24,1444,221
24,1441,216
24,1437,215
24,1440,236
24,1452,165
24,1480,340
24,1520,26
24,1640,353
24,9,27
24,12,22
24,17,17
24,30,9
24,34,5
24,812,565
24,821,546
24,864,553
24,1504,744
24,1499,740
24,1543,459
24,1139,687
24,1139,680
24,1134,672
24,1136,666
24,1153,749
24,1196,653
24,1189,651
24,1223,658
24,1228,652
24,1223,644
24,1282,646
24,1282,641
24,1159,752
24,1357,974
24,1415,962
24,1381,654
24,1363,623
24,1389,649
24,1370,645
24,1400,621
24,1396,618
24,1389,612
24,1385,608
24,1406,581
24,1399,581
24,1391,577
24,1393,598
24,187,844
24,188,839
24,195,636
24,190,630
24,46,249
24,387,501
24,1068,446
24,1100,445
24,1098,441
24,1098,433
24,1411,573
24,1401,565
24,1395,568
24,1399,542
24,1393,524
24,1390,526
24,1419,513
24,1413,512
24,1429,380
24,1423,376
24,1415,376
24,1448,61
24,321,813
24,407,803
24,499,805
24,493,794
24,678,817
24,959,705
24,1439,253
24,1353,846
25,7,735
25,7,728
25,8,723
25,9,717
25,12,725
25,15,718
25,20,724
25,43,716
25,33,712
25,55,708
25,217,619
25,214,611
25,213,606
25,230,603
25,291,534
25,267,547
25,393,510
25,398,517
25,397,514
25,400,512
25,406,519
25,406,515
25,400,507
25,396,505
25,407,501
25,401,487
25,391,483
25,425,516
25,423,510
25,426,502
25,427,497
25,383,513
25,398,501
25,384,506
25,392,498
25,375,488
25,380,493
25,482,512
25,480,503
25,473,484
25,503,507
25,556,497
25,559,491
25,651,494
25,648,481
25,651,473
25,639,481
25,686,487
25,684,482
25,683,477
25,724,485
25,742,479
25,745,474
25,759,484
25,767,475
25,771,480
25,821,467
25,807,476
25,868,465
25,865,458
25,901,465
25,899,461
25,946,452
25,1005,448
25,1016,449
25,1030,445
25,1211,410
25,1222,414
25,1222,406
25,1252,426
25,1246,418
25,1287,390
25,1351,372
25,1350,368
25,1445,417
25,1440,416
25,1435,415
25,1430,417
25,1435,398
25,1376,366
25,1371,362
25,1369,359
25,1378,346
25,1373,343
25,1426,364
25,1418,365
25,1418,338
25,1423,339
25,1429,343
25,1424,326
25,1460,231
25,1455,226
25,1555,37
25,1493,105
25,1489,106
25,1481,106
25,1450,186
25,1442,186
25,1437,182
25,1445,226
25,1442,220
25,1438,219
25,1440,240
25,1453,169
25,1480,357
25,1519,31
25,1639,353
25,9,27
25,12,22
25,17,17
25,30,9
25,34,5
25,810,565
25,819,548
25,864,553
25,1504,748
25,1499,745
25,1543,456
25,1136,688
25,1136,681
25,1130,673
25,1133,667
25,1150,750
25,1193,654
25,1185,652
25,1220,659
25,1226,652
25,1220,645
25,1279,647
25,1279,642
25,1155,753
25,1353,998
25,1418,951
25,1380,657
25,1359,624
25,1388,653
25,1369,649
25,1399,625
25,1395,622
25,1388,616
25,1384,612
25,1406,585
25,1399,584
25,1391,581
25,1392,599
25,183,844
25,184,840
25,46,249
25,382,502
25,1065,447
25,1097,446
25,1094,442
25,1095,434
25,1409,576
25,1400,570
25,1394,572
25,1399,546
25,1393,528
25,1390,530
25,1418,518
25,1412,516
25,1428,384
25,1424,381
25,1415,380
25,1448,66
25,317,813
25,402,804
25,495,806
25,488,794
25,674,817
25,955,706
25,1439,257
25,1352,850
26,5,735
26,5,728
26,6,724
26,7,718
26,10,726
26,12,719
26,17,726
26,39,718
26,29,713
26,50,710
26,214,622
26,211,615
26,209,609
26,226,605
26,233,605
26,233,598
26,286,537
26,260,554
26,390,511
26,394,518
26,394,515
26,396,512
26,403,519
26,404,516
26,396,507
26,391,506
26,403,501
26,397,487
26,386,483
26,421,516
26,419,511
26,422,502
26,423,497
26,379,514
26,394,502
26,381,508
26,387,499
26,371,491
26,376,495
26,478,513
26,476,504
26,469,484
26,499,508
26,553,497
26,556,492
26,647,494
26,644,481
26,646,473
26,634,481
26,681,488
26,681,482
26,679,478
26,719,486
26,738,480
26,741,474
26,755,484
26,763,475
26,767,481
26,775,474
26,774,470
26,818,469
26,803,477
26,864,465
26,861,459
26,898,465
26,894,462
26,941,452
26,1001,449
26,998,446
26,1012,450
26,1026,446
26,1208,411
26,1218,415
26,1218,409
26,1248,426
26,1242,418
26,1283,390
26,1347,374
26,1346,370
26,1444,421
26,1439,420
26,1434,419
26,1430,421
26,1434,402
26,1372,368
26,1368,364
26,1366,360
26,1374,348
26,1369,345
26,1425,368
26,1417,369
26,1416,341
26,1422,343
26,1427,347
26,1422,331
26,1460,235
26,1455,229
26,1556,33
26,1493,110
26,1489,110
26,1480,110
26,1450,190
26,1442,190
26,1438,186
26,1445,230
26,1443,224
26,1438,223
26,1440,244
26,1453,174
26,1480,375
26,1517,35
26,1517,7
26,1638,353
26,9,27
26,12,22
26,17,17
26,30,9
26,34,5
26,809,566
26,817,549
26,864,553
26,1503,751
26,1497,749
26,1133,689
26,1133,682
26,1147,751
26,1189,656
26,1182,654
26,1216,661
26,1223,653
26,1217,645
26,1276,648
26,1276,643
26,1151,754
26,1345,1020
26,1421,941
26,1379,660
26,1355,625
26,1387,656
26,1368,652
26,1398,628
26,1394,626
26,1386,620
26,1382,616
26,1406,589
26,1398,588
26,1390,585
26,1391,599
26,180,845
26,181,841
26,176,830
26,173,822
26,46,249
26,377,503
26,1061,449
26,1093,447
26,1089,443
26,1091,435
26,1408,579
26,1400,574
26,1394,576
26,1398,551
26,1393,532
26,1390,535
26,1417,522
26,1411,521
26,1426,388
26,1425,386
26,1414,384
26,1447,70
26,313,814
26,397,805
26,491,806
26,483,794
26,669,817
26,952,706
26,1439,261
26,1351,854
27,9,727
27,9,719
27,14,728
27,34,719
27,24,715
27,45,712
27,211,625
27,208,618
27,206,613
27,223,608
27,230,607
27,231,600
27,282,541
27,253,561
27,387,511
27,391,518
27,390,515
27,393,513
27,400,520
27,400,516
27,392,508
27,387,507
27,399,500
27,392,487
27,382,484
27,417,516
27,416,512
27,418,503
27,419,498
27,375,515
27,390,502
27,376,509
27,383,500
27,367,492
27,371,496
27,474,513
27,472,504
27,464,484
27,495,508
27,550,498
27,553,493
27,643,495
27,640,481
27,642,473
27,630,481
27,677,488
27,677,482
27,676,478
27,714,486
27,734,480
27,737,474
27,751,484
27,759,475
27,763,481
27,771,475
27,770,471
27,815,470
27,799,478
27,859,466
27,857,460
27,893,466
27,890,463
27,937,453
27,997,450
27,994,446
27,1007,450
27,1022,447
27,1204,412
27,1215,417
27,1214,411
27,1243,427
27,1238,419
27,1279,391
27,1344,376
27,1343,371
27,1444,425
27,1439,424
27,1434,423
27,1430,424
27,1433,406
27,1368,370
27,1365,366
27,1363,362
27,1370,350
27,1365,346
27,1423,372
27,1417,374
27,1414,344
27,1421,347
27,1426,350
27,1421,335
27,1460,239
27,1455,233
27,1556,28
27,1493,114
27,1488,114
27,1479,114
27,1450,194
27,1442,194
27,1438,190
27,1445,234
27,1443,228
27,1438,227
27,1441,248
27,1436,177
27,1453,178
27,1478,391
27,1515,39
27,1516,8
27,1638,353
27,9,27
27,12,22
27,17,17
27,30,9
27,34,5
27,808,566
27,815,550
27,864,553
27,1503,755
27,1496,753
27,1546,449
27,1129,690
27,1130,683
27,1143,753
27,1185,657
27,1178,655
27,1212,662
27,1220,654
27,1214,645
27,1273,649
27,1273,644
27,1146,755
27,1424,930
27,1378,664
27,1350,627
27,1387,660
27,1367,655
27,1397,632
27,1392,630
27,1385,624
27,1381,620
27,1405,593
27,1396,593
27,1387,592
27,1390,600
27,176,845
27,176,841
27,171,830
27,169,823
27,46,249
27,373,505
27,1057,450
27,1089,448
27,1086,444
27,1087,436
27,1406,582
27,1400,579
27,1394,580
27,1398,555
27,1393,536
27,1389,539
27,1416,526
27,1410,525
27,1426,392
27,1424,390
27,1413,389
27,1447,74
27,309,815
27,392,806
27,487,807
27,479,794
27,665,817
27,1439,264
27,1351,858
28,5,727
28,5,721
28,12,728
28,29,721
28,19,717
28,40,714
28,207,628
28,204,622
28,202,616
28,220,611
28,227,610
28,228,603
28,279,544
28,246,567
28,383,513
28,388,519
28,387,516
28,389,514
28,397,520
28,396,516
28,388,509
28,382,508
28,394,500
28,388,487
28,377,485
28,413,516
28,412,513
28,414,503
28,415,498
28,372,516
28,387,502
28,373,509
28,379,500
28,362,494
28,366,498
28,471,513
28,468,505
28,460,484
28,491,509
28,545,498
28,547,492
28,639,496
28,637,481
28,638,473
28,626,481
28,673,489
28,673,482
28,682,478
28,709,487
28,730,481
28,733,475
28,746,485
28,754,476
28,759,482
28,767,475
28,766,471
28,770,465
28,810,471
28,794,478
28,854,467
28,853,461
28,889,467
28,886,464
28,932,453
28,994,450
28,989,446
28,1003,451
28,1018,448
28,1201,413
28,1211,418
28,1210,413
28,1239,427
28,1234,419
28,1275,392
28,1341,378
28,1340,373
28,1443,429
28,1438,428
28,1434,427
28,1430,427
28,1432,410
28,1364,372
28,1362,368
28,1359,363
28,1366,352
28,1361,348
28,1422,376
28,1416,378
28,1412,347
28,1420,351
28,1424,354
28,1420,338
28,1460,243
28,1455,236
28,1557,24
28,1492,118
28,1487,118
28,1477,118
28,1450,198
28,1442,198
28,1437,195
28,1445,239
28,1442,233
28,1437,231
28,1441,253
28,1436,181
28,1453,183
28,1476,408
28,1513,43
28,1515,10
28,1637,353
28,9,27
28,12,22
28,17,17
28,30,9
28,34,5
28,806,567
28,819,546
28,864,553
28,1502,759
28,1496,758
28,1546,446
28,1126,691
28,1127,684
28,1140,754
28,1182,659
28,1175,656
28,1208,663
28,1217,655
28,1211,646
28,1270,650
28,1270,645
28,1144,756
28,1427,920
28,1377,667
28,1346,628
28,1386,663
28,1366,659
28,1395,637
28,1391,633
28,1384,628
28,1379,624
28,1403,597
28,1394,597
28,1385,598
28,1388,600
28,172,846
28,172,841
28,167,831
28,165,824
28,46,249
28,368,506
28,1052,450
28,1085,448
28,1082,444
28,1083,436
28,1405,585
28,1400,583
28,1394,584
28,1397,559
28,1392,540
28,1388,542
28,1416,530
28,1408,529
28,1426,396
28,1421,392
28,1412,393
28,1446,78
28,305,816
28,388,806
28,483,807
28,475,794
28,660,816
28,1439,268
28,1348,861
29,9,728
29,24,723
29,14,719
29,36,717
29,203,631
29,200,625
29,198,619
29,216,615
29,224,612
29,225,605
29,277,546
29,239,572
29,379,514
29,384,519
29,384,517
29,386,514
29,393,521
29,393,516
29,384,509
29,377,509
29,390,499
29,383,487
29,371,486
29,409,517
29,408,514
29,410,504
29,411,499
29,368,517
29,383,502
29,369,511
29,375,501
29,357,496
29,361,500
29,467,513
29,464,505
29,456,484
29,487,509
29,540,498
29,542,492
29,634,496
29,634,481
29,633,473
29,622,480
29,668,490
29,668,482
29,702,476
29,704,487
29,727,481
29,730,475
29,742,485
29,750,476
29,755,482
29,763,475
29,762,472
29,765,465
29,806,472
29,790,479
29,849,467
29,848,461
29,884,468
29,881,464
29,928,454
29,990,451
29,985,446
29,998,451
29,1015,449
29,1196,415
29,1206,420
29,1206,415
29,1235,428
29,1229,420
29,1270,394
29,1337,380
29,1335,374
29,1443,433
29,1438,432
29,1434,431
29,1430,430
29,1431,414
29,1360,374
29,1358,370
29,1355,364
29,1362,354
29,1357,350
29,1420,380
29,1415,383
29,1410,350
29,1419,355
29,1423,358
29,1418,342
29,1460,246
29,1454,240
29,1557,20
29,1491,123
29,1487,122
29,1477,122
29,1450,203
29,1442,203
29,1436,200
29,1445,243
29,1441,237
29,1437,234
29,1441,257
29,1436,185
29,1452,187
29,1432,43
29,1475,426
29,1512,48
29,1513,12
29,1516,6
29,1637,353
29,9,27
29,12,22
29,17,17
29,30,9
29,34,5
29,805,567
29,823,541
29,864,553
29,1502,764
29,1496,763
29,1546,444
29,1122,693
29,1123,685
29,1135,755
29,1179,660
29,1170,657
29,1205,665
29,1212,656
29,1207,648
29,1266,650
29,1266,645
29,1139,757
29,1430,909
29,1376,671
29,1342,629
29,1385,667
29,1364,662
29,1394,641
29,1389,637
29,1383,631
29,1377,628
29,1402,601
29,1393,601
29,1382,605
29,1387,601
29,168,847
29,168,842
29,163,832
29,161,825
29,46,249
29,363,507
29,1047,451
29,1082,448
29,1079,444
29,1080,436
29,1405,589
29,1400,587
29,1394,588
29,1396,564
29,1392,544
29,1387,546
29,1415,534
29,1406,534
29,1426,400
29,1419,395
29,1412,397
29,1446,83
29,301,816
29,384,807
29,479,807
29,471,794
29,656,816
29,1439,272
29,1346,864
30,17,725
30,10,720
30,30,718
30,199,635
30,196,629
30,194,623
30,213,618
30,221,614
30,221,608
30,275,550
30,232,576
30,374,515
30,381,520
30,381,518
30,383,514
30,390,521
30,389,517
30,379,510
30,373,510
30,386,499
30,378,488
30,365,488
30,405,518
30,404,514
30,406,504
30,406,499
30,364,518
30,380,504
30,364,512
30,372,501
30,352,498
30,356,502
30,463,513
30,460,505
30,451,484
30,483,509
30,535,498
30,537,492
30,630,497
30,630,480
30,629,473
30,618,479
30,664,491
30,664,483
30,723,473
30,699,488
30,724,482
30,727,476
30,738,486
30,746,476
30,750,483
30,758,476
30,757,472
30,761,465
30,803,473
30,786,480
30,844,467
30,844,462
30,879,469
30,877,465
30,922,455
30,986,452
30,980,446
30,995,452
30,1011,450
30,1190,417
30,1200,421
30,1201,416
30,1230,429
30,1224,422
30,1266,396
30,1333,382
30,1331,376
30,1442,437
30,1436,436
30,1432,435
30,1428,434
30,1431,419
30,1356,376
30,1353,372
30,1351,366
30,1358,356
30,1353,352
30,1419,384
30,1414,386
30,1408,354
30,1417,360
30,1422,362
30,1416,346
30,1459,250
30,1454,245
30,1557,17
30,1490,127
30,1486,127
30,1477,127
30,1450,207
30,1442,207
30,1435,204
30,1445,247
30,1440,241
30,1436,238
30,1441,260
30,1437,189
30,1452,192
30,1429,168
30,1431,47
30,1473,443
30,1510,53
30,1511,16
30,1514,8
30,1636,353
30,9,27
30,12,22
30,17,17
30,30,9
30,34,5
30,804,568
30,827,536
30,864,553
30,1502,768
30,1496,767
30,1546,441
30,1119,694
30,1120,686
30,1130,756
30,1175,662
30,1166,658
30,1201,667
30,1208,657
30,1204,650
30,1263,651
30,1262,646
30,1135,759
30,1433,899
30,1376,674
30,1338,630
30,1385,670
30,1363,665
30,1393,645
30,1387,640
30,1382,635
30,1376,632
30,1400,604
30,1391,605
30,1379,612
30,1386,601
30,165,848
30,163,842
30,159,833
30,158,826
30,46,249
30,359,508
30,1042,452
30,1078,448
30,1075,444
30,1077,436
30,1405,592
30,1401,590
30,1394,591
30,1395,568
30,1392,551
30,1387,548
30,1412,538
30,1405,537
30,1425,404
30,1419,401
30,1411,401
30,297,817
30,380,808
30,474,807
30,467,794
30,651,816
30,1081,703
30,1437,275
30,1344,868
