1,54,712
1,51,719
1,49,724
1,48,730
1,61,711
1,195,638
1,203,641
1,208,642
1,293,545
1,291,540
1,289,531
1,331,536
1,349,533
1,344,526
1,341,520
1,421,523
1,421,517
1,415,503
1,418,498
1,417,493
1,423,486
1,429,499
1,458,516
1,487,491
1,490,496
1,490,512
1,490,521
1,519,499
1,519,507
1,521,515
1,539,501
1,650,481
1,651,485
1,660,490
1,658,499
1,701,481
1,695,490
1,751,474
1,755,482
1,754,487
1,859,476
1,900,473
1,942,457
1,1024,455
1,1028,462
1,1210,429
1,1207,422
1,1188,437
1,1227,432
1,1223,425
1,1235,421
1,1207,433
1,1212,413
1,1256,417
1,1257,409
1,1254,403
1,1294,395
1,1290,400
1,1320,397
1,1325,399
1,1337,405
1,1334,375
1,1373,374
1,1367,365
1,1389,351
1,1423,324
1,1430,329
1,1433,331
1,1426,308
1,1430,312
1,1438,313
1,1439,293
1,1433,291
1,1435,279
1,1439,256
1,1450,242
1,1436,247
1,1443,255
1,1442,176
1,1448,148
1,1454,150
1,1457,150
1,1464,150
1,1451,64
1,1457,62
1,1462,64
1,1468,68
1,1473,65
1,1436,91
1,1424,78
1,1428,80
1,1430,74
1,1434,74
1,47,859
1,336,869
1,1426,68
1,1430,67
1,1454,54
1,1449,53
1,1443,50
1,1433,48
1,1429,44
1,1528,40
1,1568,99
1,1560,95
1,1537,173
1,624,749
1,816,733
1,822,740
1,822,746
1,820,763
1,821,773
1,821,729
1,863,732
1,854,727
1,916,744
1,921,753
1,920,758
1,982,731
1,981,723
1,1137,681
1,1262,642
1,925,561
1,866,561
1,827,560
1,1338,972
1,1335,964
1,1331,842
1,1322,840
1,1379,772
1,1372,770
1,1365,771
1,1358,771
1,1379,738
1,1371,730
1,1363,731
1,1375,716
1,1366,714
1,1377,698
1,1373,697
1,1368,693
1,1362,684
1,1398,613
1,1391,604
1,1437,552
1,1430,549
1,1449,579
1,1394,607
1,343,515
1,1042,456
1,768,751
1,768,745
1,1430,356
1,1420,349
1,15,43
1,19,39
1,25,36
1,33,28
1,37,22
1,275,78
1,54,266
1,49,270
2,49,713
2,46,720
2,44,725
2,43,731
2,56,713
2,192,641
2,200,643
2,206,647
2,290,548
2,287,542
2,286,533
2,326,536
2,344,533
2,340,527
2,337,521
2,417,523
2,417,517
2,411,503
2,414,498
2,413,493
2,418,487
2,425,500
2,453,516
2,482,491
2,485,496
2,486,511
2,485,521
2,516,499
2,515,507
2,517,515
2,535,502
2,646,481
2,647,485
2,656,490
2,653,499
2,696,481
2,691,491
2,747,474
2,751,482
2,750,487
2,855,476
2,896,473
2,938,457
2,1021,456
2,1023,462
2,1205,429
2,1202,423
2,1183,437
2,1222,434
2,1218,426
2,1230,422
2,1201,433
2,1209,414
2,1251,417
2,1252,410
2,1249,404
2,1289,396
2,1285,401
2,1316,398
2,1321,401
2,1332,406
2,1330,377
2,1369,376
2,1364,367
2,1386,353
2,1420,327
2,1427,332
2,1429,332
2,1422,310
2,1428,316
2,1437,317
2,1438,297
2,1431,295
2,1435,284
2,1439,260
2,1450,247
2,1436,250
2,1443,258
2,1442,180
2,1448,152
2,1454,153
2,1457,154
2,1464,152
2,1451,67
2,1457,66
2,1462,67
2,1468,71
2,1473,69
2,1436,95
2,1425,83
2,1429,85
2,1430,78
2,1434,78
2,43,860
2,332,870
2,1426,70
2,1431,70
2,1454,58
2,1449,57
2,1444,55
2,1433,52
2,1428,48
2,1522,28
2,1566,103
2,1560,99
2,1538,169
2,620,749
2,813,733
2,818,740
2,818,746
2,816,762
2,817,773
2,817,729
2,859,732
2,850,727
2,912,744
2,917,753
2,916,758
2,978,731
2,977,724
2,1052,710
2,1134,682
2,1257,643
2,926,561
2,866,561
2,826,558
2,1336,976
2,1335,968
2,1330,846
2,1320,848
2,1377,776
2,1370,774
2,1363,775
2,1356,775
2,1377,741
2,1370,735
2,1362,734
2,1374,720
2,1366,719
2,1376,702
2,1371,701
2,1367,697
2,1361,688
2,1397,617
2,1388,607
2,1435,556
2,1430,553
2,1444,607
2,1393,612
2,338,514
2,1038,456
2,764,751
2,765,745
2,1429,360
2,1421,355
2,15,43
2,19,39
2,25,36
2,33,28
2,37,22
2,272,77
2,54,266
2,49,270
3,44,714
3,41,721
3,40,727
3,39,733
3,51,715
3,199,646
3,208,650
3,288,551
3,284,545
3,284,536
3,322,536
3,340,533
3,336,528
3,333,522
3,414,524
3,414,518
3,408,504
3,411,499
3,410,494
3,414,488
3,422,501
3,448,516
3,478,491
3,480,497
3,482,511
3,481,522
3,513,500
3,511,508
3,513,516
3,531,503
3,642,481
3,643,486
3,653,491
3,649,499
3,692,482
3,687,492
3,744,475
3,747,482
3,747,488
3,852,477
3,875,465
3,883,459
3,884,464
3,893,473
3,935,458
3,1000,453
3,1002,456
3,1020,451
3,1019,457
3,1019,462
3,1200,430
3,1197,425
3,1179,438
3,1217,436
3,1214,428
3,1225,424
3,1196,434
3,1206,416
3,1247,418
3,1248,411
3,1245,406
3,1284,397
3,1281,403
3,1313,399
3,1318,403
3,1328,407
3,1326,379
3,1365,378
3,1362,369
3,1384,356
3,1417,330
3,1424,336
3,1425,334
3,1419,312
3,1427,320
3,1435,322
3,1436,302
3,1430,299
3,1436,288
3,1438,264
3,1450,252
3,1436,254
3,1444,261
3,1442,184
3,1448,156
3,1454,156
3,1457,159
3,1464,155
3,1451,71
3,1457,70
3,1462,71
3,1468,74
3,1473,73
3,1437,100
3,1430,83
3,1434,83
3,39,861
3,328,872
3,1426,73
3,1432,73
3,1454,62
3,1450,62
3,1446,60
3,1434,56
3,1428,52
3,1519,18
3,1565,108
3,1560,103
3,1539,166
3,616,750
3,810,734
3,815,741
3,815,747
3,813,762
3,813,773
3,814,729
3,855,732
3,847,728
3,909,745
3,913,753
3,912,758
3,975,732
3,974,725
3,1048,711
3,1132,683
3,1253,644
3,927,561
3,866,561
3,825,557
3,1335,980
3,1336,973
3,1329,850
3,1319,847
3,1376,780
3,1368,778
3,1361,779
3,1355,779
3,1375,744
3,1370,740
3,1362,737
3,1373,724
3,1366,724
3,1375,706
3,1370,705
3,1366,701
3,1360,692
3,1396,622
3,1385,611
3,1434,560
3,1430,557
3,1439,636
3,1392,617
3,333,513
3,1034,456
3,761,752
3,762,745
3,1429,364
3,1422,361
3,15,43
3,19,39
3,25,36
3,33,28
3,37,22
3,270,77
3,54,266
3,49,270
4,39,716
4,36,723
4,35,728
4,34,735
4,46,717
4,286,555
4,281,547
4,282,539
4,317,537
4,335,533
4,333,529
4,330,523
4,411,525
4,411,519
4,405,505
4,407,500
4,406,495
4,410,489
4,418,502
4,443,516
4,473,492
4,475,497
4,478,511
4,477,522
4,511,500
4,508,509
4,509,516
4,527,505
4,638,481
4,639,487
4,650,491
4,644,499
4,688,482
4,683,493
4,741,476
4,743,483
4,743,488
4,848,478
4,872,464
4,879,459
4,881,465
4,890,474
4,931,459
4,995,452
4,997,456
4,1016,451
4,1014,457
4,1015,462
4,1028,452
4,1195,431
4,1193,426
4,1175,439
4,1212,437
4,1210,429
4,1220,425
4,1191,435
4,1203,417
4,1243,419
4,1244,412
4,1241,407
4,1279,399
4,1277,405
4,1309,401
4,1314,406
4,1324,409
4,1322,382
4,1361,380
4,1359,371
4,1381,359
4,1414,333
4,1421,340
4,1421,335
4,1416,315
4,1425,324
4,1434,326
4,1435,307
4,1430,303
4,1436,293
4,1437,268
4,1449,256
4,1436,258
4,1443,264
4,1442,189
4,1448,160
4,1454,160
4,1457,163
4,1464,158
4,1451,75
4,1457,74
4,1462,75
4,1468,77
4,1473,77
4,1430,87
4,1434,88
4,35,862
4,324,873
4,1433,76
4,1454,66
4,1450,66
4,1448,65
4,1434,61
4,1427,56
4,1516,9
4,1563,112
4,1560,107
4,1540,162
4,612,751
4,807,735
4,811,741
4,812,747
4,809,761
4,809,772
4,811,729
4,852,733
4,843,729
4,906,745
4,909,754
4,908,759
4,972,733
4,971,726
4,1130,684
4,1249,645
4,927,561
4,866,562
4,823,557
4,1334,984
4,1337,978
4,1329,854
4,1323,853
4,1375,784
4,1366,783
4,1360,783
4,1354,783
4,1374,748
4,1369,744
4,1361,741
4,1373,729
4,1366,729
4,1374,711
4,1369,709
4,1365,706
4,1360,697
4,1395,626
4,1382,614
4,1433,564
4,1430,561
4,1434,665
4,1391,622
4,329,513
4,1030,458
4,758,753
4,759,745
4,1429,368
4,1422,365
4,15,43
4,19,39
4,25,36
4,33,28
4,37,22
4,268,77
4,54,266
4,49,270
5,34,717
5,32,724
5,30,730
5,29,737
5,42,719
5,78,708
5,79,713
5,82,717
5,241,606
5,237,600
5,283,558
5,278,550
5,279,542
5,313,537
5,331,533
5,329,530
5,326,524
5,408,525
5,408,519
5,402,506
5,404,501
5,403,496
5,406,490
5,415,503
5,439,516
5,469,492
5,471,498
5,474,511
5,472,523
5,508,501
5,504,510
5,505,517
5,523,506
5,634,482
5,635,488
5,646,492
5,640,500
5,684,483
5,680,494
5,738,477
5,739,483
5,740,489
5,843,478
5,869,464
5,874,459
5,878,466
5,886,474
5,928,460
5,991,451
5,993,457
5,1012,452
5,1010,458
5,1012,463
5,1023,453
5,1190,432
5,1188,427
5,1171,439
5,1207,437
5,1205,429
5,1215,427
5,1187,436
5,1200,419
5,1238,420
5,1240,413
5,1236,409
5,1273,400
5,1272,406
5,1304,402
5,1310,407
5,1319,410
5,1317,384
5,1357,382
5,1356,373
5,1377,361
5,1411,335
5,1419,343
5,1417,338
5,1413,318
5,1423,327
5,1431,329
5,1433,311
5,1430,306
5,1437,298
5,1437,271
5,1449,261
5,1436,262
5,1443,268
5,1442,193
5,1448,164
5,1453,163
5,1457,167
5,1463,162
5,1441,153
5,1452,79
5,1457,79
5,1463,79
5,1468,81
5,1473,80
5,31,863
5,320,875
5,1432,80
5,1454,70
5,1450,70
5,1448,69
5,1435,65
5,1427,60
5,1562,117
5,1560,111
5,1541,158
5,805,736
5,807,742
5,809,748
5,806,761
5,805,772
5,807,729
5,848,733
5,840,729
5,902,746
5,905,754
5,904,759
5,969,734
5,968,727
5,1245,646
5,925,561
5,866,562
5,822,557
5,1333,988
5,1337,982
5,1328,858
5,1321,854
5,1373,788
5,1365,787
5,1358,787
5,1352,787
5,1374,752
5,1367,748
5,1361,745
5,1372,733
5,1366,733
5,1373,715
5,1368,713
5,1364,710
5,1359,701
5,1394,631
5,1380,618
5,1432,569
5,1431,565
5,1429,694
5,1390,628
5,325,515
5,1026,459
5,755,753
5,757,745
5,1429,373
5,1422,369
5,15,43
5,19,39
5,25,36
5,33,28
5,37,22
5,265,77
5,54,266
5,49,270
5,1446,149
6,29,719
6,27,726
6,26,731
6,37,721
6,74,709
6,75,715
6,78,719
6,237,607
6,237,602
6,280,561
6,275,554
6,275,545
6,310,539
6,327,534
6,326,531
6,322,525
6,405,526
6,404,520
6,398,507
6,401,502
6,400,497
6,402,491
6,412,504
6,434,517
6,464,493
6,466,499
6,470,511
6,468,524
6,506,502
6,500,510
6,501,518
6,519,508
6,629,482
6,631,489
6,642,493
6,636,501
6,680,484
6,676,495
6,735,478
6,735,484
6,736,490
6,839,478
6,864,465
6,871,461
6,873,467
6,883,475
6,925,460
6,987,451
6,989,458
6,1008,453
6,1006,458
6,1009,463
6,1019,453
6,1185,433
6,1183,427
6,1167,439
6,1202,437
6,1200,429
6,1210,428
6,1182,437
6,1197,420
6,1233,421
6,1236,414
6,1232,409
6,1267,402
6,1268,408
6,1300,404
6,1307,408
6,1315,411
6,1313,386
6,1354,385
6,1353,375
6,1373,363
6,1408,338
6,1416,346
6,1414,341
6,1411,321
6,1420,330
6,1428,332
6,1432,315
6,1430,309
6,1438,304
6,1436,274
6,1449,265
6,1436,265
6,1442,272
6,1443,198
6,1448,168
6,1453,167
6,1456,171
6,1463,166
6,1441,157
6,1452,83
6,1457,83
6,1463,83
6,1468,85
6,1474,84
6,27,863
6,315,874
6,104,829
6,1431,85
6,1454,74
6,1450,73
6,1447,73
6,1436,70
6,1427,64
6,1430,43
6,1563,120
6,1559,115
6,1541,154
6,800,737
6,804,742
6,805,749
6,800,761
6,802,773
6,804,729
6,844,734
6,836,730
6,899,747
6,902,755
6,901,760
6,966,734
6,965,729
6,1240,647
6,924,561
6,866,562
6,820,558
6,1337,986
6,1327,863
6,1319,860
6,1372,792
6,1363,791
6,1357,792
6,1351,790
6,1373,757
6,1366,752
6,1360,750
6,1371,737
6,1366,737
6,1373,719
6,1368,717
6,1364,714
6,1358,706
6,1393,634
6,1377,619
6,1431,572
6,1429,568
6,1422,723
6,1388,632
6,322,516
6,1023,460
6,1429,378
6,1421,373
6,15,43
6,19,39
6,25,36
6,33,28
6,37,22
6,263,77
6,54,266
6,49,270
6,1446,153
7,26,722
7,22,728
7,24,732
7,33,722
7,70,711
7,71,716
7,74,720
7,77,715
7,83,715
7,234,610
7,234,604
7,277,564
7,273,558
7,272,548
7,306,541
7,323,534
7,322,532
7,319,526
7,402,527
7,401,521
7,395,508
7,397,503
7,396,498
7,398,492
7,408,505
7,430,517
7,460,493
7,461,499
7,467,512
7,464,524
7,503,502
7,497,511
7,497,518
7,515,509
7,624,483
7,627,489
7,639,493
7,632,501
7,677,485
7,671,496
7,731,478
7,731,484
7,732,490
7,834,478
7,858,466
7,868,462
7,867,468
7,879,477
7,921,461
7,983,451
7,984,459
7,1004,454
7,1002,459
7,1005,464
7,1016,454
7,1180,435
7,1178,429
7,1164,440
7,1198,437
7,1195,430
7,1205,429
7,1178,439
7,1193,421
7,1228,421
7,1231,415
7,1228,409
7,1261,404
7,1263,410
7,1295,406
7,1303,410
7,1310,413
7,1308,389
7,1350,388
7,1349,377
7,1369,366
7,1405,340
7,1413,350
7,1410,344
7,1409,324
7,1417,333
7,1425,334
7,1431,319
7,1430,313
7,1438,309
7,1436,277
7,1449,268
7,1436,269
7,1442,276
7,1443,203
7,1431,190
7,1434,187
7,1421,165
7,1426,165
7,1448,172
7,1452,171
7,1455,174
7,1462,170
7,1441,162
7,1452,88
7,1457,87
7,1463,88
7,1469,89
7,1475,88
7,23,864
7,311,874
7,100,831
7,1454,77
7,1450,77
7,1446,76
7,1436,74
7,1426,68
7,1564,123
7,1559,119
7,1541,150
7,801,742
7,801,750
7,796,761
7,798,773
7,840,735
7,833,731
7,896,747
7,898,755
7,897,760
7,962,735
7,962,730
7,1236,648
7,922,560
7,866,562
7,818,558
7,1334,990
7,1327,867
7,1370,796
7,1361,796
7,1355,796
7,1350,794
7,1373,761
7,1365,756
7,1360,754
7,1371,742
7,1365,741
7,1372,723
7,1368,722
7,1364,719
7,1358,710
7,1392,638
7,1375,621
7,1430,575
7,1428,572
7,1416,753
7,1386,636
7,318,519
7,1019,460
7,1429,383
7,1421,377
7,15,43
7,19,39
7,25,36
7,33,28
7,37,22
7,261,77
7,54,266
7,49,270
7,1446,158
8,22,724
8,16,729
8,22,733
8,29,722
8,66,712
8,66,718
8,69,722
8,73,716
8,79,716
8,232,613
8,232,607
8,274,567
8,270,561
8,269,552
8,302,544
8,320,535
8,319,533
8,315,527
8,398,527
8,397,521
8,391,509
8,393,504
8,392,499
8,393,493
8,404,506
8,427,518
8,457,494
8,457,500
8,463,513
8,459,524
8,500,503
8,493,512
8,493,519
8,511,511
8,620,483
8,623,490
8,635,494
8,628,502
8,674,486
8,666,497
8,727,478
8,727,484
8,728,490
8,830,478
8,854,466
8,865,462
8,864,469
8,875,478
8,917,461
8,980,453
8,981,459
8,999,454
8,998,460
8,1001,466
8,1013,455
8,1175,436
8,1173,430
8,1160,441
8,1194,438
8,1190,432
8,1200,429
8,1174,441
8,1190,421
8,1223,422
8,1226,416
8,1223,409
8,1258,405
8,1259,411
8,1292,407
8,1300,411
8,1306,414
8,1303,391
8,1346,390
8,1346,379
8,1367,369
8,1403,342
8,1411,354
8,1407,348
8,1407,328
8,1415,336
8,1423,337
8,1428,322
8,1427,316
8,1437,314
8,1435,280
8,1449,273
8,1436,272
8,1442,280
8,1444,208
8,1432,195
8,1436,192
8,1423,173
8,1428,173
8,1448,175
8,1452,174
8,1455,177
8,1462,174
8,1441,166
8,1452,93
8,1457,92
8,1463,93
8,1469,93
8,1476,92
8,19,865
8,307,874
8,1454,81
8,1450,80
8,1446,80
8,1437,79
8,1426,72
8,1564,126
8,1559,124
8,1541,147
8,797,743
8,797,750
8,793,762
8,794,772
8,836,736
8,830,732
8,892,748
8,894,756
8,893,761
8,959,736
8,959,731
8,1038,713
8,1232,649
8,921,560
8,866,562
8,819,560
8,1326,871
8,1368,800
8,1359,800
8,1353,800
8,1348,798
8,1372,766
8,1364,760
8,1359,759
8,1370,746
8,1365,745
8,1372,728
8,1368,726
8,1363,723
8,1357,715
8,1391,642
8,1372,623
8,1429,579
8,1427,575
8,1410,783
8,1385,641
8,313,523
8,1015,461
8,1429,388
8,1421,381
8,1544,9
8,15,43
8,19,39
8,25,36
8,33,28
8,37,22
8,258,77
8,54,266
8,49,270
8,1447,163
9,18,726
9,11,731
9,15,736
9,15,743
9,25,723
9,62,714
9,62,719
9,65,723
9,69,718
9,74,717
9,81,706
9,79,712
9,230,616
9,230,610
9,271,570
9,267,564
9,266,555
9,298,547
9,317,537
9,315,534
9,311,528
9,393,528
9,394,522
9,387,510
9,388,505
9,388,500
9,388,494
9,400,506
9,423,518
9,453,495
9,452,501
9,460,514
9,455,524
9,498,503
9,489,513
9,489,519
9,507,512
9,615,483
9,619,490
9,631,494
9,624,502
9,670,486
9,661,497
9,723,478
9,723,484
9,724,490
9,826,479
9,850,466
9,862,462
9,861,469
9,870,479
9,913,462
9,976,454
9,977,459
9,994,454
9,994,461
9,996,467
9,1010,455
9,1170,437
9,1168,431
9,1156,441
9,1190,439
9,1185,433
9,1195,429
9,1169,443
9,1187,422
9,1219,423
9,1222,418
9,1219,410
9,1254,406
9,1255,413
9,1288,409
9,1296,412
9,1303,416
9,1298,393
9,1342,393
9,1343,381
9,1365,371
9,1399,345
9,1408,357
9,1403,351
9,1403,329
9,1410,337
9,1419,339
9,1426,325
9,1424,319
9,1434,319
9,1435,285
9,1449,278
9,1436,276
9,1443,284
9,1445,214
9,1433,200
9,1437,197
9,1426,182
9,1431,180
9,1448,179
9,1452,178
9,1454,181
9,1462,178
9,1441,170
9,1452,96
9,1458,96
9,1463,97
9,1469,97
9,1476,95
9,15,866
9,303,874
9,1453,85
9,1449,84
9,1445,84
9,1437,83
9,1425,76
9,1447,7
9,1564,129
9,1559,128
9,1541,144
9,791,741
9,794,744
9,793,750
9,789,763
9,790,771
9,833,737
9,827,733
9,888,748
9,890,756
9,889,761
9,956,736
9,955,731
9,970,712
9,1028,716
9,1228,650
9,920,560
9,866,562
9,822,563
9,1368,804
9,1359,804
9,1353,804
9,1348,803
9,1371,770
9,1362,764
9,1358,763
9,1369,750
9,1364,749
9,1371,732
9,1368,730
9,1363,727
9,1356,719
9,1390,646
9,1370,625
9,1428,582
9,1425,579
9,1404,812
9,1383,645
9,82,715
9,308,526
9,1012,461
9,1429,392
9,1421,386
9,1545,13
9,15,43
9,19,39
9,25,36
9,33,28
9,37,22
9,256,77
9,54,266
9,49,270
9,1447,167
10,13,728
10,7,733
10,11,741
10,11,745
10,20,725
10,58,715
10,58,721
10,61,725
10,65,719
10,70,718
10,77,708
10,76,714
10,228,619
10,227,613
10,269,572
10,263,567
10,264,559
10,294,550
10,313,539
10,312,535
10,308,529
10,389,528
10,390,522
10,383,511
10,384,506
10,385,501
10,383,495
10,397,507
10,419,519
10,449,496
10,448,502
10,456,514
10,450,524
10,494,503
10,485,514
10,485,519
10,502,512
10,611,484
10,615,491
10,627,495
10,620,503
10,667,487
10,656,498
10,719,479
10,719,484
10,720,491
10,822,479
10,846,466
10,860,462
10,857,470
10,866,480
10,909,463
10,972,455
10,973,459
10,990,455
10,990,462
10,992,468
10,1007,456
10,1166,438
10,1164,432
10,1152,442
10,1186,440
10,1181,434
10,1188,429
10,1165,444
10,1184,423
10,1214,425
10,1217,419
10,1215,412
10,1251,407
10,1250,414
10,1285,411
10,1293,413
10,1299,418
10,1293,395
10,1338,395
10,1340,383
10,1363,374
10,1395,348
10,1405,361
10,1399,354
10,1399,331
10,1406,339
10,1415,341
10,1423,328
10,1421,321
10,1431,323
10,1435,288
10,1448,283
10,1435,279
10,1444,288
10,1444,218
10,1433,204
10,1438,201
10,1429,189
10,1434,186
10,1446,182
10,1451,181
10,1453,184
10,1461,181
10,1441,175
10,1452,100
10,1458,100
10,1463,101
10,1468,101
10,1475,99
10,13,867
10,299,874
10,89,830
10,1452,90
10,1449,88
10,1445,88
10,1437,86
10,1424,82
10,1430,60
10,1449,8
10,1564,133
10,1559,132
10,1540,141
10,787,741
10,790,745
10,789,750
10,785,763
10,786,771
10,829,738
10,823,734
10,884,748
10,887,756
10,885,761
10,952,737
10,952,732
10,966,712
10,1024,717
10,1224,651
10,918,559
10,866,562
10,825,565
10,1367,808
10,1359,808
10,1353,808
10,1347,807
10,1370,774
10,1361,769
10,1357,767
10,1369,755
10,1364,753
10,1371,736
10,1368,735
10,1363,732
10,1356,724
10,1389,650
10,1367,627
10,1427,586
10,1423,583
10,1397,842
10,1381,650
10,81,715
10,304,529
10,1008,462
10,1429,396
10,1421,391
10,1547,17
10,15,43
10,19,39
10,25,36
10,33,28
10,37,22
10,254,77
10,54,266
10,49,270
10,1447,172
11,6,731
11,4,737
11,5,742
11,5,749
11,16,726
11,54,717
11,54,723
11,57,727
11,61,720
11,66,720
11,72,709
11,70,715
11,226,622
11,225,616
11,260,570
11,262,562
11,291,553
11,309,541
11,308,537
11,304,532
11,385,529
11,387,523
11,379,512
11,380,507
11,381,502
11,378,496
11,393,508
11,415,519
11,445,496
11,443,502
11,453,515
11,446,524
11,491,503
11,480,515
11,481,519
11,497,513
11,606,484
11,611,491
11,622,496
11,617,503
11,664,488
11,653,499
11,716,479
11,716,484
11,717,491
11,817,480
11,843,467
11,856,463
11,853,471
11,862,480
11,906,464
11,969,455
11,969,459
11,987,455
11,987,462
11,988,468
11,1004,456
11,1161,440
11,1160,434
11,1149,443
11,1181,442
11,1177,435
11,1182,430
11,1160,445
11,1180,424
11,1210,426
11,1212,421
11,1210,413
11,1247,409
11,1246,416
11,1281,413
11,1289,415
11,1295,420
11,1288,397
11,1334,398
11,1337,386
11,1360,377
11,1392,351
11,1402,365
11,1396,358
11,1396,333
11,1402,341
11,1411,343
11,1420,330
11,1417,324
11,1429,328
11,1434,292
11,1447,288
11,1434,282
11,1444,292
11,1444,223
11,1433,207
11,1438,205
11,1429,193
11,1435,191
11,1445,185
11,1449,184
11,1452,187
11,1459,184
11,1441,179
11,1423,173
11,1452,104
11,1458,104
11,1463,106
11,1468,106
11,1475,103
11,10,869
11,295,876
11,1451,94
11,1448,92
11,1445,92
11,1437,89
11,1430,63
11,1564,136
11,1559,135
11,1540,138
11,783,741
11,787,746
11,786,751
11,781,763
11,782,771
11,825,739
11,820,735
11,880,748
11,883,756
11,881,762
11,949,738
11,948,733
11,961,713
11,1019,718
11,1219,652
11,917,559
11,866,562
11,827,567
11,1366,812
11,1358,812
11,1353,812
11,1346,812
11,1369,779
11,1360,774
11,1356,772
11,1368,759
11,1363,757
11,1370,740
11,1367,739
11,1362,736
11,1355,728
11,1389,654
11,1365,629
11,1427,589
11,1422,586
11,1391,872
11,1380,654
11,79,715
11,300,532
11,1005,462
11,1429,399
11,1421,396
11,1548,21
11,15,43
11,19,39
11,25,36
11,33,28
11,37,22
11,251,77
11,54,266
11,49,270
11,1447,177
12,5,731
12,3,738
12,5,743
12,4,748
12,11,728
12,49,718
12,50,724
12,52,728
12,57,722
12,61,721
12,68,710
12,65,717
12,224,625
12,223,619
12,258,573
12,258,565
12,288,556
12,305,544
12,305,539
12,300,535
12,381,529
12,383,523
12,375,512
12,376,508
12,377,503
12,373,497
12,389,508
12,411,520
12,440,498
12,438,503
12,448,516
12,441,525
12,488,503
12,476,516
12,477,519
12,492,514
12,602,484
12,607,491
12,618,496
12,613,504
12,660,488
12,649,499
12,712,479
12,712,484
12,713,491
12,813,480
12,840,468
12,851,464
12,848,471
12,858,479
12,902,464
12,965,455
12,964,460
12,983,456
12,983,463
12,984,468
12,1000,457
12,1156,441
12,1156,435
12,1145,444
12,1176,443
12,1172,436
12,1175,431
12,1155,446
12,1177,424
12,1205,427
12,1207,423
12,1206,414
12,1242,410
12,1242,416
12,1276,413
12,1285,417
12,1290,421
12,1283,398
12,1329,399
12,1333,387
12,1357,380
12,1388,353
12,1399,369
12,1392,361
12,1392,335
12,1398,342
12,1407,346
12,1417,332
12,1414,327
12,1426,332
12,1434,295
12,1447,293
12,1434,285
12,1443,295
12,1444,228
12,1433,211
12,1438,210
12,1429,197
12,1435,195
12,1444,189
12,1448,188
12,1451,191
12,1458,188
12,1441,182
12,1424,177
12,1451,107
12,1457,107
12,1462,109
12,1467,109
12,1474,107
12,9,870
12,291,877
12,1450,98
12,1448,96
12,1445,96
12,1430,67
12,1434,45
12,1429,46
12,1564,140
12,1559,139
12,1540,135
12,1482,8
12,1480,13
12,780,741
12,783,746
12,782,751
12,777,763
12,777,771
12,820,739
12,815,736
12,875,748
12,879,756
12,876,762
12,945,738
12,944,733
12,957,713
12,1015,719
12,1073,706
12,1215,653
12,915,559
12,866,562
12,829,568
12,1365,816
12,1358,816
12,1353,816
12,1345,816
12,1367,783
12,1359,778
12,1355,776
12,1367,763
12,1362,761
12,1369,744
12,1365,743
12,1360,740
12,1354,732
12,1387,659
12,1364,633
12,1426,593
12,1421,590
12,1382,901
12,1379,658
12,77,715
12,296,535
12,1002,462
12,1429,403
12,1421,400
12,1550,25
12,15,43
12,19,39
12,25,36
12,33,28
12,37,22
12,249,77
12,54,266
12,49,270
12,1448,180
13,44,719
13,45,725
13,47,730
13,53,723
13,57,723
13,64,711
13,61,718
13,222,628
13,220,621
13,256,577
13,255,568
13,284,559
13,302,546
13,301,541
13,296,537
13,377,530
13,379,524
13,371,513
13,372,509
13,372,504
13,368,499
13,384,509
13,407,521
13,436,499
13,433,504
13,444,517
13,437,526
13,485,503
13,471,516
13,472,519
13,487,514
13,598,484
13,603,491
13,614,497
13,609,504
13,656,488
13,645,499
13,708,479
13,708,484
13,709,491
13,809,481
13,837,468
13,846,465
13,844,471
13,854,478
13,898,465
13,961,455
13,960,461
13,979,457
13,979,464
13,980,468
13,996,457
13,1152,442
13,1152,436
13,1141,445
13,1171,444
13,1168,437
13,1169,432
13,1150,447
13,1174,426
13,1200,428
13,1203,424
13,1201,416
13,1237,411
13,1238,416
13,1272,414
13,1281,419
13,1286,423
13,1278,400
13,1323,400
13,1330,388
13,1354,383
13,1383,356
13,1394,371
13,1387,363
13,1387,336
13,1395,345
13,1403,348
13,1414,333
13,1411,329
13,1423,335
13,1434,298
13,1446,298
13,1434,287
13,1442,298
13,1443,233
13,1433,214
13,1439,214
13,1429,201
13,1436,199
13,1442,192
13,1447,191
13,1450,194
13,1457,191
13,1441,186
13,1424,182
13,1451,111
13,1457,111
13,1461,112
13,1466,112
13,1474,111
13,7,871
13,285,878
13,1450,103
13,1447,99
13,1445,100
13,1430,70
13,1434,49
13,1429,50
13,1457,6
13,1447,5
13,1564,143
13,1559,142
13,1539,132
13,1486,32
13,1486,36
13,776,741
13,779,747
13,778,752
13,774,763
13,773,770
13,815,739
13,810,736
13,871,749
13,875,757
13,872,763
13,941,739
13,940,734
13,1011,720
13,1069,706
13,1211,654
13,914,559
13,866,562
13,831,568
13,1365,821
13,1357,820
13,1353,820
13,1344,821
13,1366,788
13,1358,783
13,1354,780
13,1366,767
13,1361,765
13,1368,748
13,1364,746
13,1358,744
13,1353,736
13,1386,663
13,1364,637
13,1425,597
13,1420,594
13,1373,930
13,1379,663
13,74,716
13,291,538
13,998,462
13,1430,407
13,1421,404
13,1551,29
13,15,43
13,19,39
13,25,36
13,33,28
13,37,22
13,247,77
13,54,266
13,49,270
13,1449,184
14,39,720
14,41,726
14,42,732
14,48,725
14,53,725
14,60,713
14,57,720
14,220,631
14,218,624
14,252,572
14,281,561
14,299,548
14,298,543
14,293,540
14,373,531
14,374,525
14,366,515
14,368,511
14,368,506
14,364,500
14,380,509
14,403,522
14,431,500
14,428,505
14,439,517
14,432,527
14,482,503
14,466,516
14,468,520
14,482,515
14,594,484
14,598,490
14,610,498
14,606,505
14,653,488
14,642,499
14,704,479
14,704,484
14,705,491
14,834,469
14,842,466
14,840,471
14,850,478
14,894,466
14,957,455
14,957,461
14,975,457
14,975,464
14,976,468
14,992,458
14,1148,443
14,1147,436
14,1138,448
14,1166,444
14,1163,438
14,1164,432
14,1145,448
14,1171,428
14,1196,429
14,1198,425
14,1197,417
14,1233,413
14,1233,417
14,1267,415
14,1277,420
14,1281,424
14,1273,401
14,1319,401
14,1326,389
14,1350,385
14,1378,358
14,1389,374
14,1382,366
14,1383,338
14,1392,347
14,1400,351
14,1411,335
14,1407,332
14,1421,339
14,1434,302
14,1446,303
14,1434,290
14,1440,302
14,1443,238
14,1433,218
14,1439,218
14,1430,205
14,1437,203
14,1441,195
14,1446,194
14,1449,197
14,1456,194
14,1441,189
14,1425,186
14,1451,115
14,1457,115
14,1461,116
14,1466,115
14,1474,115
14,281,878
14,1449,107
14,1447,103
14,1445,104
14,1429,74
14,1434,53
14,1429,54
14,1453,24
14,1459,9
14,1450,7
14,1564,147
14,1559,146
14,1538,128
14,1489,56
14,1490,60
14,772,741
14,774,747
14,773,752
14,770,763
14,768,770
14,811,740
14,805,737
14,868,749
14,871,757
14,869,763
14,937,739
14,937,734
14,1007,720
14,1065,707
14,1206,656
14,911,558
14,866,562
14,833,570
14,1364,825
14,1357,824
14,1353,824
14,1343,825
14,1364,792
14,1356,788
14,1353,784
14,1365,771
14,1360,769
14,1367,752
14,1363,750
14,1357,748
14,1352,740
14,1385,668
14,1364,640
14,1424,601
14,1419,598
14,1364,959
14,1378,667
14,69,719
14,286,541
14,994,462
14,722,758
14,722,754
14,1430,411
14,1421,407
14,1552,34
14,15,43
14,19,39
14,25,36
14,33,28
14,37,22
14,244,77
14,54,266
14,49,270
14,1449,187
15,34,721
15,36,728
15,37,733
15,43,726
15,49,726
15,56,714
15,53,720
15,83,721
15,88,705
15,217,634
15,215,627
15,249,575
15,277,564
15,296,550
15,295,545
15,290,542
15,369,532
15,370,525
15,362,516
15,364,512
15,363,507
15,360,501
15,375,510
15,400,522
15,426,501
15,423,505
15,435,518
15,428,527
15,479,504
15,462,517
15,464,520
15,478,515
15,590,484
15,594,490
15,606,498
15,602,505
15,649,489
15,638,499
15,700,480
15,700,485
15,701,492
15,830,469
15,838,466
15,837,473
15,846,479
15,890,466
15,952,455
15,954,461
15,972,457
15,972,464
15,972,468
15,988,458
15,1145,444
15,1143,437
15,1134,449
15,1161,445
15,1158,439
15,1158,432
15,1141,448
15,1168,430
15,1191,431
15,1194,426
15,1193,419
15,1229,414
15,1228,419
15,1263,416
15,1273,421
15,1277,426
15,1268,402
15,1315,403
15,1322,390
15,1347,388
15,1374,360
15,1384,376
15,1378,369
15,1379,339
15,1389,349
15,1396,354
15,1408,337
15,1404,334
15,1418,343
15,1433,305
15,1445,308
15,1434,292
15,1439,305
15,1443,242
15,1434,222
15,1440,221
15,1431,208
15,1438,208
15,1440,198
15,1445,198
15,1448,201
15,1456,198
15,1442,192
15,1426,190
15,1456,118
15,1461,119
15,1466,118
15,1473,118
15,277,877
15,1428,78
15,1435,56
15,1429,58
15,1453,29
15,1460,12
15,1452,10
15,1564,151
15,1559,150
15,1538,125
15,1493,81
15,1494,85
15,769,741
15,770,752
15,766,763
15,765,770
15,807,741
15,802,738
15,864,749
15,866,758
15,865,763
15,933,739
15,933,734
15,1003,721
15,1062,708
15,1201,657
15,908,557
15,866,562
15,835,572
15,1363,829
15,1356,828
15,1352,828
15,1342,830
15,1363,797
15,1355,793
15,1352,789
15,1363,774
15,1359,773
15,1366,756
15,1361,754
15,1355,753
15,1351,745
15,1384,673
15,1364,644
15,1423,605
15,1418,602
15,1355,988
15,1378,672
15,63,722
15,282,544
15,990,463
15,717,758
15,718,754
15,1430,416
15,1420,410
15,1553,38
15,15,43
15,19,39
15,25,36
15,33,28
15,37,22
15,242,77
15,54,266
15,49,270
15,1450,190
15,1914,10
16,30,722
16,32,729
16,32,735
16,38,728
16,45,727
16,52,716
16,49,720
16,80,718
16,88,706
16,214,636
16,212,630
16,246,578
16,274,566
16,293,552
16,292,548
16,287,544
16,364,532
16,366,526
16,358,517
16,359,513
16,358,508
16,355,502
16,370,510
16,396,523
16,421,503
16,418,506
16,430,518
16,423,528
16,476,504
16,457,517
16,459,521
16,473,516
16,586,484
16,590,490
16,602,499
16,598,506
16,646,489
16,634,500
16,697,480
16,697,486
16,697,493
16,827,470
16,834,467
16,833,474
16,843,480
16,886,467
16,948,456
16,950,462
16,968,458
16,968,464
16,968,469
16,984,458
16,1141,444
16,1140,438
16,1131,450
16,1158,446
16,1153,440
16,1153,434
16,1136,448
16,1165,432
16,1186,432
16,1190,427
16,1188,421
16,1225,416
16,1223,420
16,1258,417
16,1269,421
16,1272,427
16,1263,402
16,1312,404
16,1318,391
16,1344,390
16,1371,363
16,1380,378
16,1374,370
16,1376,341
16,1386,351
16,1392,356
16,1404,339
16,1399,336
16,1414,347
16,1433,309
16,1444,313
16,1434,296
16,1439,309
16,1442,247
16,1434,226
16,1440,225
16,1431,211
16,1438,212
16,1439,201
16,1445,202
16,1448,205
16,1455,201
16,1442,196
16,1427,195
16,1455,122
16,1461,123
16,1466,122
16,1473,122
16,273,877
16,1435,60
16,1429,62
16,1454,34
16,1460,17
16,1452,14
16,1445,7
16,1437,5
16,1564,154
16,1559,154
16,1537,122
16,1497,107
16,1496,110
16,766,741
16,766,753
16,762,763
16,761,770
16,803,741
16,798,738
16,860,749
16,862,758
16,861,764
16,929,740
16,930,735
16,998,722
16,1058,708
16,1197,658
16,905,556
16,866,562
16,837,575
16,1362,833
16,1355,832
16,1351,832
16,1342,834
16,1363,801
16,1355,797
16,1351,793
16,1362,778
16,1358,777
16,1365,760
16,1360,757
16,1354,757
16,1350,749
16,1383,677
16,1363,648
16,1422,609
16,1417,605
16,1346,1016
16,1377,676
16,58,725
16,279,547
16,985,464
16,713,759
16,713,754
16,1430,420
16,1419,412
16,1553,42
16,15,43
16,19,39
16,25,36
16,33,28
16,37,22
16,240,77
16,54,266
16,49,270
16,1451,193
16,1910,11
17,25,724
17,28,730
17,28,736
17,33,729
17,40,728
17,47,717
17,45,722
17,77,718
17,83,706
17,212,639
17,210,633
17,243,582
17,289,555
17,289,550
17,284,547
17,360,533
17,362,526
17,354,518
17,355,514
17,354,509
17,351,504
17,366,510
17,392,524
17,416,504
17,414,507
17,426,519
17,419,529
17,472,505
17,453,518
17,455,521
17,469,516
17,582,484
17,585,490
17,598,499
17,594,506
17,643,490
17,630,501
17,694,480
17,693,486
17,694,494
17,823,470
17,830,467
17,830,474
17,839,481
17,883,468
17,944,456
17,946,462
17,964,458
17,964,464
17,964,469
17,980,459
17,1138,444
17,1136,439
17,1127,451
17,1154,446
17,1149,440
17,1147,435
17,1132,448
17,1162,433
17,1182,433
17,1186,428
17,1184,422
17,1220,418
17,1218,421
17,1254,419
17,1265,422
17,1268,428
17,1257,404
17,1307,405
17,1314,392
17,1340,393
17,1368,365
17,1376,380
17,1370,371
17,1373,343
17,1383,354
17,1388,358
17,1400,341
17,1395,337
17,1411,351
17,1432,312
17,1442,317
17,1434,300
17,1439,312
17,1442,252
17,1435,231
17,1441,230
17,1432,215
17,1439,216
17,1438,205
17,1444,205
17,1447,208
17,1455,204
17,1442,199
17,1427,200
17,1455,126
17,1461,127
17,1466,126
17,1472,126
17,269,877
17,1435,64
17,1429,66
17,1455,39
17,1460,22
17,1452,17
17,1447,7
17,1440,6
17,1565,158
17,1560,158
17,1536,119
17,1500,132
17,1499,135
17,762,742
17,763,753
17,758,763
17,757,770
17,800,742
17,795,739
17,856,749
17,858,758
17,857,764
17,925,740
17,926,735
17,994,722
17,1054,709
17,1192,660
17,902,556
17,866,562
17,839,577
17,1361,837
17,1354,835
17,1350,835
17,1341,838
17,1362,805
17,1354,800
17,1350,797
17,1361,782
17,1357,780
17,1364,764
17,1359,761
17,1352,761
17,1349,753
17,1382,681
17,1363,653
17,1422,612
17,1416,609
17,1376,680
17,53,727
17,276,550
17,981,465
17,709,759
17,709,754
17,1430,424
17,1418,414
17,1554,47
17,15,43
17,19,39
17,25,36
17,33,28
17,37,22
17,237,77
17,54,266
17,49,270
17,1451,196
17,1907,13
18,21,726
18,24,732
18,24,737
18,29,730
18,36,730
18,43,719
18,41,723
18,74,718
18,80,712
18,77,707
18,209,641
18,207,636
18,240,585
18,286,557
18,287,552
18,282,549
18,356,533
18,358,527
18,349,519
18,351,515
18,349,510
18,346,505
18,361,511
18,387,524
18,411,504
18,410,509
18,423,519
18,414,529
18,469,505
18,448,518
18,451,522
18,464,517
18,578,484
18,581,490
18,594,499
18,590,506
18,639,490
18,625,502
18,690,480
18,690,487
18,690,494
18,818,471
18,826,469
18,826,475
18,835,482
18,879,468
18,941,457
18,942,462
18,960,459
18,960,464
18,960,470
18,976,458
18,1134,445
18,1132,440
18,1123,451
18,1149,448
18,1146,441
18,1143,437
18,1128,447
18,1159,434
18,1179,434
18,1182,430
18,1180,424
18,1215,420
18,1213,423
18,1249,421
18,1260,423
18,1264,429
18,1252,406
18,1302,406
18,1311,394
18,1335,395
18,1365,368
18,1373,382
18,1367,372
18,1369,346
18,1379,356
18,1385,360
18,1396,343
18,1390,339
18,1408,355
18,1431,316
18,1441,322
18,1434,304
18,1438,315
18,1441,256
18,1435,236
18,1441,236
18,1433,220
18,1439,221
18,1437,208
18,1443,209
18,1446,211
18,1455,208
18,1442,203
18,1428,204
18,1454,129
18,1461,130
18,1466,130
18,1472,130
18,265,878
18,53,833
18,50,825
18,1435,68
18,1429,70
18,1460,27
18,1452,21
18,1449,8
18,1443,9
18,1566,162
18,1561,162
18,1536,115
18,1503,157
18,1501,160
18,759,742
18,759,754
18,753,763
18,754,770
18,796,743
18,791,740
18,852,749
18,853,759
18,854,764
18,922,740
18,922,735
18,990,723
18,1050,709
18,1188,661
18,899,555
18,866,562
18,841,579
18,1360,841
18,1353,839
18,1349,839
18,1341,842
18,1362,809
18,1353,804
18,1349,801
18,1360,785
18,1356,784
18,1363,768
18,1357,764
18,1350,765
18,1348,757
18,1380,685
18,1363,658
18,1421,616
18,1416,612
18,1374,684
18,49,727
18,274,553
18,977,465
18,704,759
18,704,754
18,1428,426
18,1417,417
18,1555,51
18,15,43
18,19,39
18,25,36
18,33,28
18,37,22
18,234,79
18,54,266
18,49,270
18,1452,199
18,1904,15
19,17,727
19,19,733
19,20,738
19,25,731
19,31,731
19,38,720
19,36,725
19,70,718
19,75,713
19,72,709
19,206,644
19,204,639
19,237,588
19,284,560
19,284,555
19,279,551
19,353,533
19,354,527
19,345,520
19,345,516
19,346,512
19,342,506
19,357,511
19,383,525
19,406,505
19,406,510
19,420,520
19,410,530
19,466,505
19,443,518
19,446,522
19,459,517
19,574,485
19,577,490
19,590,500
19,585,507
19,636,490
19,621,503
19,687,480
19,686,487
19,686,495
19,813,471
19,822,470
19,822,475
19,831,483
19,875,468
19,937,457
19,938,462
19,956,459
19,956,464
19,956,470
19,972,458
19,1130,445
19,1127,440
19,1119,451
19,1144,449
19,1144,442
19,1138,438
19,1123,446
19,1156,435
19,1175,435
19,1177,431
19,1175,425
19,1210,422
19,1209,425
19,1245,423
19,1256,424
19,1260,430
19,1247,408
19,1297,407
19,1307,395
19,1331,397
19,1362,371
19,1369,384
19,1363,374
19,1366,348
19,1376,359
19,1381,362
19,1392,345
19,1386,341
19,1404,359
19,1431,320
19,1439,326
19,1434,308
19,1438,319
19,1441,261
19,1435,241
19,1441,241
19,1433,225
19,1439,225
19,1436,211
19,1442,212
19,1446,214
19,1455,211
19,1443,206
19,1429,209
19,1454,133
19,1461,134
19,1466,134
19,1472,134
19,261,878
19,49,833
19,47,825
19,1435,72
19,1430,75
19,1435,44
19,1429,41
19,1460,31
19,1453,27
19,1449,12
19,1444,12
19,1567,165
19,1562,166
19,1536,111
19,1504,182
19,1501,186
19,756,742
19,756,754
19,749,763
19,750,770
19,792,744
19,787,741
19,848,749
19,849,759
19,850,765
19,918,741
19,919,736
19,986,723
19,1047,710
19,1183,662
19,899,554
19,866,562
19,842,582
19,1359,845
19,1352,843
19,1348,843
19,1340,846
19,1361,813
19,1352,808
19,1348,805
19,1359,789
19,1355,788
19,1362,772
19,1356,768
19,1349,769
19,1347,761
19,1379,689
19,1362,663
19,1420,620
19,1415,615
19,1373,688
19,46,727
19,270,555
19,973,465
19,700,760
19,700,754
19,1426,428
19,1416,419
19,1555,56
19,15,43
19,19,39
19,25,36
19,33,28
19,37,22
19,232,82
19,54,266
19,49,270
19,1453,202
19,1901,17
20,12,729
20,15,734
20,16,739
20,21,732
20,27,733
20,34,722
20,32,726
20,67,720
20,75,715
20,70,709
20,204,646
20,202,642
20,234,592
20,281,562
20,281,557
20,276,553
20,349,533
20,351,527
20,341,521
20,339,517
20,343,513
20,338,508
20,353,511
20,378,525
20,401,505
20,402,512
20,417,520
20,405,530
20,463,506
20,439,519
20,442,523
20,455,517
20,569,485
20,573,490
20,586,500
20,581,507
20,632,491
20,617,504
20,683,480
20,682,488
20,683,495
20,782,482
20,819,470
20,817,475
20,827,483
20,871,468
20,933,458
20,934,463
20,952,460
20,952,465
20,952,471
20,969,458
20,1127,445
20,1123,440
20,1116,451
20,1140,451
20,1141,443
20,1134,439
20,1119,445
20,1152,436
20,1171,436
20,1173,432
20,1171,426
20,1205,423
20,1205,426
20,1240,424
20,1251,425
20,1256,431
20,1241,409
20,1292,408
20,1304,396
20,1326,399
20,1360,373
20,1365,386
20,1360,377
20,1363,350
20,1373,361
20,1379,364
20,1389,347
20,1382,342
20,1401,363
20,1430,323
20,1437,330
20,1434,311
20,1438,322
20,1440,265
20,1436,245
20,1442,245
20,1434,230
20,1439,230
20,1435,214
20,1441,216
20,1445,217
20,1455,215
20,1445,209
20,1430,213
20,1454,137
20,1461,138
20,1466,138
20,1472,138
20,257,879
20,46,834
20,43,825
20,1434,75
20,1430,79
20,1435,47
20,1430,45
20,1456,50
20,1461,35
20,1454,32
20,1450,16
20,1445,15
20,1567,169
20,1562,171
20,1536,107
20,1502,208
20,1499,212
20,752,742
20,752,755
20,745,763
20,746,770
20,788,744
20,784,741
20,844,749
20,844,760
20,846,765
20,914,741
20,915,736
20,982,724
20,1179,664
20,902,552
20,866,562
20,841,585
20,1358,849
20,1351,847
20,1347,847
20,1339,850
20,1361,817
20,1352,812
20,1348,808
20,1359,793
20,1354,791
20,1361,776
20,1355,773
20,1349,772
20,1346,765
20,1378,693
20,1362,667
20,1420,623
20,1414,618
20,1372,693
20,43,728
20,266,558
20,969,466
20,696,760
20,695,755
20,1424,431
20,1415,422
20,1556,59
20,15,43
20,19,39
20,25,36
20,33,28
20,37,22
20,229,84
20,54,266
20,49,270
20,1453,206
20,1897,18
21,9,730
21,11,735
21,12,740
21,17,732
21,22,734
21,29,723
21,28,728
21,62,721
21,72,716
21,82,713
21,81,706
21,66,709
21,199,644
21,237,610
21,233,602
21,231,595
21,278,565
21,278,559
21,272,557
21,346,533
21,348,528
21,337,522
21,333,518
21,339,515
21,333,509
21,349,512
21,374,525
21,396,505
21,398,513
21,414,520
21,401,530
21,460,506
21,435,519
21,438,523
21,451,517
21,565,486
21,569,491
21,583,501
21,577,507
21,629,491
21,613,504
21,679,480
21,679,488
21,679,495
21,779,483
21,816,470
21,812,474
21,823,483
21,867,469
21,929,458
21,930,463
21,948,460
21,948,465
21,948,471
21,965,459
21,1122,445
21,1118,440
21,1113,451
21,1137,451
21,1136,443
21,1129,439
21,1114,445
21,1149,436
21,1167,438
21,1170,433
21,1167,428
21,1201,424
21,1201,428
21,1235,426
21,1247,425
21,1250,431
21,1235,411
21,1287,409
21,1300,397
21,1322,401
21,1357,375
21,1362,387
21,1357,380
21,1360,352
21,1370,363
21,1376,367
21,1386,349
21,1379,343
21,1397,366
21,1430,326
21,1434,333
21,1433,314
21,1438,326
21,1440,270
21,1437,249
21,1442,248
21,1434,234
21,1439,234
21,1435,218
21,1440,220
21,1445,220
21,1455,219
21,1447,212
21,1430,217
21,1447,142
21,1454,140
21,1462,141
21,1466,141
21,1472,141
21,253,879
21,42,834
21,39,825
21,1434,79
21,1436,51
21,1430,49
21,1456,55
21,1462,39
21,1454,37
21,1568,172
21,1563,174
21,1536,103
21,1501,233
21,1498,238
21,749,742
21,749,755
21,741,763
21,742,770
21,784,745
21,780,742
21,841,749
21,840,760
21,842,765
21,910,741
21,911,736
21,921,720
21,979,724
21,1175,665
21,905,551
21,866,562
21,840,588
21,1357,853
21,1350,851
21,1346,851
21,1339,854
21,1360,821
21,1351,816
21,1347,812
21,1358,798
21,1353,795
21,1360,781
21,1354,777
21,1349,776
21,1345,769
21,1377,697
21,1362,672
21,1419,627
21,1413,622
21,1371,697
21,40,728
21,263,561
21,965,466
21,1424,431
21,1414,425
21,1557,62
21,15,43
21,19,39
21,25,36
21,33,28
21,37,22
21,226,87
21,54,266
21,49,270
21,1455,209
21,1894,19
22,6,731
22,7,736
22,7,741
22,14,734
22,19,735
22,26,724
22,24,729
22,57,722
22,66,718
22,74,715
22,81,714
22,75,708
22,59,711
22,197,644
22,234,613
22,231,605
22,228,598
22,276,568
22,274,562
22,268,560
22,342,533
22,345,528
22,333,523
22,327,519
22,336,517
22,329,510
22,345,512
22,370,526
22,392,506
22,393,514
22,411,521
22,397,531
22,457,507
22,431,519
22,434,523
22,446,517
22,560,486
22,566,492
22,579,502
22,573,507
22,625,491
22,609,505
22,675,479
22,675,488
22,676,495
22,775,484
22,819,483
22,863,469
22,925,459
22,927,463
22,945,460
22,945,465
22,944,471
22,962,460
22,1118,445
22,1114,440
22,1109,452
22,1133,451
22,1131,444
22,1125,440
22,1110,445
22,1145,436
22,1163,439
22,1166,433
22,1163,430
22,1197,425
22,1198,430
22,1230,428
22,1243,425
22,1245,432
22,1230,413
22,1283,411
22,1297,399
22,1318,403
22,1354,378
22,1358,389
22,1354,383
22,1357,355
22,1367,365
22,1373,370
22,1384,351
22,1377,345
22,1393,368
22,1430,329
22,1431,336
22,1431,316
22,1438,329
22,1440,275
22,1437,253
22,1442,252
22,1434,238
22,1439,238
22,1436,221
22,1440,223
22,1445,223
22,1454,222
22,1449,215
22,1431,222
22,1447,146
22,1455,144
22,1463,145
22,1466,145
22,1472,145
22,249,880
22,35,826
22,1437,85
22,1436,55
22,1431,53
22,1456,60
22,1463,43
22,1455,41
22,1570,175
22,1564,177
22,1536,99
22,1498,257
22,1496,264
22,745,741
22,745,755
22,737,763
22,738,769
22,781,746
22,777,743
22,837,750
22,836,761
22,839,766
22,906,742
22,908,737
22,917,721
22,975,725
22,1172,666
22,909,549
22,866,562
22,839,592
22,1356,857
22,1349,855
22,1345,855
22,1338,858
22,1360,825
22,1350,820
22,1346,816
22,1358,802
22,1353,798
22,1359,785
22,1354,781
22,1348,779
22,1345,773
22,1375,701
22,1362,677
22,1418,631
22,1412,625
22,1369,701
22,35,729
22,260,565
22,961,467
22,1424,431
22,1413,428
22,1558,65
22,15,43
22,19,39
22,25,36
22,33,28
22,37,22
22,223,90
22,54,266
22,49,270
22,1456,212
22,1890,20
23,3,732
23,3,737
23,3,743
23,10,736
23,15,737
23,22,725
23,20,730
23,58,724
23,60,720
23,68,717
23,77,716
23,71,710
23,56,713
23,231,616
23,228,609
23,225,602
23,271,564
23,266,562
23,339,533
23,342,529
23,329,525
23,322,521
23,333,519
23,325,512
23,342,513
23,366,526
23,388,508
23,388,515
23,407,521
23,393,531
23,454,507
23,427,519
23,429,524
23,442,516
23,555,486
23,562,492
23,576,502
23,569,507
23,621,491
23,604,505
23,670,479
23,671,488
23,673,495
23,771,484
23,815,484
23,859,469
23,921,459
23,923,464
23,941,460
23,941,466
23,940,472
23,958,461
23,1113,446
23,1110,440
23,1106,453
23,1130,451
23,1126,445
23,1121,441
23,1105,445
23,1142,437
23,1160,440
23,1163,434
23,1160,431
23,1192,426
23,1193,430
23,1226,429
23,1238,426
23,1240,432
23,1225,416
23,1279,411
23,1294,399
23,1314,405
23,1351,380
23,1354,391
23,1352,385
23,1354,357
23,1365,367
23,1370,373
23,1381,353
23,1374,346
23,1389,371
23,1430,332
23,1428,339
23,1430,319
23,1438,332
23,1439,278
23,1438,257
23,1442,256
23,1435,243
23,1440,242
23,1437,224
23,1441,227
23,1445,226
23,1454,226
23,1451,218
23,1433,226
23,1447,149
23,1455,147
23,1464,148
23,1466,148
23,1472,149
23,1440,180
23,1434,186
23,245,880
23,30,826
23,1437,89
23,1437,59
23,1432,57
23,1456,64
23,1463,47
23,1455,45
23,1453,26
23,1445,24
23,1571,178
23,1564,180
23,1536,96
23,1496,283
23,1494,289
23,741,741
23,741,755
23,733,763
23,734,769
23,777,747
23,773,744
23,833,750
23,832,761
23,835,766
23,902,742
23,904,737
23,971,726
23,1168,668
23,911,549
23,866,562
23,837,595
23,1355,862
23,1349,859
23,1344,859
23,1359,829
23,1349,823
23,1345,820
23,1357,805
23,1352,802
23,1358,789
23,1353,786
23,1348,783
23,1344,777
23,1375,706
23,1362,681
23,1417,634
23,1411,628
23,1369,705
23,30,731
23,28,740
23,256,569
23,957,467
23,1424,432
23,1412,431
23,1558,68
23,15,43
23,19,39
23,25,36
23,33,28
23,37,22
23,221,92
23,54,266
23,49,270
23,1458,216
23,1886,21
24,6,738
24,12,738
24,18,725
24,16,731
24,58,726
24,53,723
24,61,719
24,73,718
24,66,712
24,53,714
24,229,619
24,225,612
24,222,605
24,269,567
24,263,565
24,335,533
24,338,529
24,325,527
24,315,523
24,327,521
24,320,514
24,338,514
24,362,527
24,384,509
24,383,516
24,404,521
24,389,531
24,451,508
24,423,519
24,425,524
24,437,516
24,551,487
24,558,493
24,572,503
24,565,508
24,617,492
24,600,505
24,666,479
24,667,488
24,669,495
24,768,485
24,811,484
24,856,470
24,917,460
24,919,464
24,937,460
24,937,466
24,936,472
24,954,462
24,1109,447
24,1106,440
24,1103,453
24,1126,451
24,1122,445
24,1117,441
24,1101,446
24,1139,438
24,1157,442
24,1159,436
24,1156,432
24,1187,427
24,1188,431
24,1222,430
24,1233,427
24,1236,433
24,1220,418
24,1276,412
24,1291,400
24,1310,408
24,1348,382
24,1350,393
24,1348,388
24,1350,359
24,1361,369
24,1367,375
24,1378,355
24,1371,347
24,1386,374
24,1430,336
24,1425,342
24,1429,322
24,1438,336
24,1438,282
24,1438,261
24,1442,261
24,1436,247
24,1441,246
24,1438,228
24,1442,231
24,1446,230
24,1453,230
24,1453,221
24,1434,231
24,1447,153
24,1455,151
24,1465,152
24,1466,152
24,1472,153
24,1440,184
24,1434,190
24,241,881
24,25,827
24,1437,93
24,1437,62
24,1432,61
24,1456,68
24,1463,52
24,1456,50
24,1453,29
24,1446,28
24,1535,93
24,1493,309
24,1492,315
24,738,741
24,738,755
24,730,763
24,730,769
24,774,748
24,770,745
24,829,751
24,829,761
24,830,766
24,899,743
24,901,738
24,967,726
24,1165,669
24,913,551
24,866,562
24,834,598
24,1353,866
24,1347,862
24,1342,863
24,1359,833
24,1349,827
24,1344,823
24,1357,809
24,1351,805
24,1357,793
24,1352,790
24,1348,786
24,1343,781
24,1374,711
24,1362,685
24,1415,637
24,1410,631
24,1368,709
24,26,731
24,24,742
24,253,574
24,953,467
24,685,763
24,681,760
24,1424,432
24,1412,433
24,1559,72
24,15,43
24,19,39
24,25,36
24,33,28
24,37,22
24,218,95
24,54,266
24,49,270
24,1459,219
24,1882,22
25,9,740
25,12,727
25,12,733
25,59,728
25,46,725
25,54,721
25,69,719
25,61,714
25,49,716
25,84,711
25,226,623
25,223,616
25,219,609
25,266,570
25,261,568
25,332,534
25,334,529
25,321,529
25,308,526
25,322,523
25,316,516
25,334,515
25,358,527
25,380,511
25,379,517
25,400,522
25,385,531
25,448,508
25,419,519
25,421,524
25,433,516
25,548,487
25,555,494
25,568,503
25,561,508
25,613,493
25,596,505
25,663,479
25,663,488
25,665,495
25,764,485
25,807,485
25,852,470
25,913,460
25,915,464
25,933,460
25,933,466
25,932,472
25,950,462
25,1105,448
25,1102,441
25,1099,454
25,1122,451
25,1118,446
25,1113,441
25,1096,447
25,1136,439
25,1153,443
25,1156,437
25,1153,433
25,1183,428
25,1184,433
25,1218,431
25,1228,428
25,1232,434
25,1215,421
25,1271,413
25,1287,401
25,1306,410
25,1345,384
25,1346,396
25,1345,390
25,1347,361
25,1358,372
25,1364,377
25,1375,357
25,1369,349
25,1382,377
25,1429,340
25,1422,345
25,1428,325
25,1436,340
25,1438,286
25,1438,265
25,1442,265
25,1438,251
25,1442,250
25,1440,231
25,1443,234
25,1446,233
25,1453,234
25,1454,225
25,1436,236
25,1447,157
25,1456,155
25,1464,156
25,1467,156
25,1473,157
25,1441,188
25,1435,194
25,236,881
25,20,827
25,1437,97
25,1437,66
25,1432,65
25,1421,60
25,1456,73
25,1463,57
25,1456,54
25,1453,33
25,1447,33
25,1436,9
25,1447,7
25,1535,90
25,1490,336
25,1490,341
25,733,742
25,726,763
25,726,769
25,770,748
25,766,746
25,825,751
25,825,761
25,826,767
25,896,743
25,897,738
25,964,727
25,1161,670
25,915,552
25,866,562
25,832,601
25,1352,870
25,1346,866
25,1341,867
25,1357,837
25,1348,831
25,1343,828
25,1356,813
25,1350,810
25,1356,797
25,1351,794
25,1347,791
25,1342,785
25,1373,716
25,1363,690
25,1414,640
25,1408,634
25,1367,714
25,21,733
25,21,743
25,250,578
25,950,467
25,681,763
25,677,759
25,1424,433
25,1413,436
25,1559,76
25,15,43
25,19,39
25,25,36
25,33,28
25,37,22
25,215,97
25,54,266
25,49,270
25,1461,223
25,1879,23
26,6,741
26,10,728
26,6,734
26,51,729
26,42,726
26,51,722
26,64,720
26,58,715
26,46,717
26,79,713
26,222,626
26,220,619
26,216,612
26,262,574
26,258,571
26,329,535
26,330,530
26,317,531
26,301,529
26,317,525
26,312,518
26,330,517
26,355,528
26,377,512
26,374,518
26,396,522
26,382,531
26,445,509
26,415,519
26,416,525
26,428,515
26,544,488
26,551,494
26,564,503
26,557,508
26,610,493
26,593,504
26,660,479
26,659,488
26,660,495
26,761,485
26,804,485
26,848,470
26,908,461
26,912,465
26,929,461
26,929,467
26,929,473
26,946,462
26,1101,449
26,1098,441
26,1095,455
26,1118,451
26,1114,446
26,1109,441
26,1092,449
26,1133,440
26,1150,444
26,1152,439
26,1149,434
26,1178,430
26,1179,434
26,1213,432
26,1225,429
26,1228,435
26,1210,423
26,1265,413
26,1283,402
26,1302,413
26,1341,386
26,1341,399
26,1341,392
26,1343,362
26,1354,374
26,1360,379
26,1372,359
26,1366,352
26,1377,380
26,1427,345
26,1418,348
26,1426,329
26,1435,344
26,1436,291
26,1438,270
26,1442,270
26,1439,255
26,1443,254
26,1440,235
26,1444,238
26,1446,237
26,1452,238
26,1455,230
26,1437,240
26,1447,161
26,1456,160
26,1463,160
26,1467,160
26,1473,160
26,1442,193
26,1436,198
26,232,881
26,17,828
26,1437,70
26,1432,70
26,1421,65
26,1455,77
26,1462,62
26,1457,59
26,1453,36
26,1448,37
26,1439,13
26,1449,10
26,1534,87
26,1488,362
26,1488,367
26,729,743
26,722,763
26,722,770
26,767,749
26,763,747
26,821,752
26,822,762
26,822,767
26,892,744
26,894,739
26,960,728
26,1158,672
26,918,553
26,866,562
26,829,604
26,1351,874
26,1345,870
26,1340,871
26,1356,841
26,1347,835
26,1342,832
26,1355,817
26,1349,815
26,1354,801
26,1349,798
26,1345,795
26,1341,789
26,1373,721
26,1363,694
26,1412,643
26,1407,637
26,1366,718
26,17,736
26,17,744
26,247,582
26,946,468
26,677,763
26,673,759
26,1424,433
26,1414,439
26,1560,81
26,15,43
26,19,39
26,25,36
26,33,28
26,37,22
26,212,100
26,54,266
26,49,270
26,1462,226
26,1876,25
27,4,742
27,6,729
27,3,736
27,48,730
27,39,728
27,47,723
27,60,721
27,54,716
27,42,718
27,75,714
27,219,629
27,217,623
27,213,615
27,259,578
27,256,574
27,325,536
27,326,530
27,313,533
27,295,532
27,312,528
27,308,521
27,327,518
27,351,528
27,373,513
27,369,518
27,393,522
27,378,531
27,442,510
27,411,520
27,412,525
27,423,515
27,541,489
27,548,495
27,560,503
27,553,509
27,606,494
27,589,503
27,656,480
27,655,488
27,656,495
27,756,485
27,800,486
27,844,470
27,904,461
27,908,466
27,925,462
27,925,467
27,925,473
27,942,462
27,1097,450
27,1094,442
27,1092,456
27,1114,452
27,1111,447
27,1105,442
27,1088,450
27,1130,441
27,1147,446
27,1148,441
27,1146,435
27,1173,431
27,1175,436
27,1208,433
27,1222,430
27,1225,437
27,1205,425
27,1259,414
27,1280,403
27,1298,416
27,1338,388
27,1336,401
27,1337,394
27,1339,364
27,1350,376
27,1356,381
27,1369,361
27,1364,355
27,1373,384
27,1426,349
27,1415,352
27,1425,333
27,1433,349
27,1435,296
27,1438,273
27,1442,274
27,1438,259
27,1443,259
27,1439,238
27,1445,241
27,1444,240
27,1452,242
27,1456,234
27,1437,245
27,1447,165
27,1456,165
27,1461,164
27,1467,164
27,1473,164
27,1442,197
27,1437,201
27,1430,182
27,1424,183
27,228,882
27,13,829
27,1447,156
27,1443,153
27,1437,74
27,1432,74
27,1421,70
27,1455,82
27,1462,66
27,1457,64
27,1453,41
27,1449,41
27,1439,17
27,1450,15
27,1533,84
27,1485,388
27,1486,393
27,725,745
27,719,764
27,718,771
27,763,750
27,757,748
27,817,753
27,818,762
27,818,768
27,889,745
27,890,740
27,956,728
27,1155,673
27,920,555
27,866,562
27,827,607
27,1350,878
27,1344,874
27,1338,875
27,1354,846
27,1347,840
27,1341,836
27,1354,821
27,1348,820
27,1353,805
27,1348,802
27,1344,799
27,1340,793
27,1372,726
27,1363,698
27,1410,647
27,1405,640
27,1365,722
27,13,737
27,13,746
27,244,587
27,942,469
27,673,764
27,670,758
27,1424,434
27,1415,441
27,1560,85
27,15,43
27,19,39
27,25,36
27,33,28
27,37,22
27,211,102
27,54,266
27,49,270
27,1463,231
27,1873,26
28,45,731
28,35,729
28,43,725
28,58,734
28,55,722
28,50,717
28,38,719
28,71,716
28,216,633
28,214,626
28,210,619
28,256,582
28,253,578
28,323,537
28,321,531
28,309,535
28,289,534
28,307,530
28,304,522
28,323,520
28,347,529
28,368,515
28,364,519
28,388,523
28,374,531
28,439,510
28,407,521
28,408,526
28,418,515
28,537,489
28,544,496
28,556,503
28,548,509
28,602,495
28,585,503
28,653,480
28,651,488
28,651,495
28,752,485
28,796,486
28,840,470
28,900,461
28,904,466
28,921,463
28,920,467
28,921,473
28,938,462
28,1093,450
28,1090,443
28,1089,457
28,1110,452
28,1107,447
28,1102,442
28,1084,451
28,1127,442
28,1143,447
28,1145,442
28,1143,437
28,1169,432
28,1171,438
28,1202,435
28,1216,431
28,1219,438
28,1200,427
28,1256,415
28,1276,403
28,1294,418
28,1334,390
28,1332,404
28,1333,396
28,1336,366
28,1346,378
28,1353,382
28,1366,363
28,1361,358
28,1369,387
28,1424,354
28,1411,355
28,1424,337
28,1431,353
28,1433,301
28,1438,277
28,1442,278
28,1438,264
28,1443,263
28,1438,242
28,1446,245
28,1443,243
28,1452,246
28,1458,238
28,1437,250
28,1448,169
28,1456,169
28,1461,168
28,1467,168
28,1472,168
28,1442,201
28,1438,205
28,1432,185
28,1426,187
28,224,882
28,9,829
28,1447,160
28,1443,158
28,1450,145
28,1438,79
28,1432,78
28,1421,75
28,1455,88
28,1462,70
28,1457,68
28,1453,46
28,1449,45
28,1531,81
28,1482,414
28,1484,420
28,721,746
28,715,764
28,714,771
28,753,749
28,813,753
28,815,762
28,814,768
28,886,745
28,887,740
28,952,729
28,1018,713
28,1019,709
28,1151,675
28,922,556
28,866,562
28,825,610
28,1349,882
28,1343,878
28,1337,879
28,1353,850
28,1346,844
28,1340,841
28,1353,824
28,1347,824
28,1351,808
28,1347,806
28,1343,803
28,1339,797
28,1372,730
28,1364,702
28,1409,650
28,1404,643
28,1365,726
28,10,738
28,10,747
28,242,591
28,939,469
28,669,764
28,666,758
28,1424,434
28,1415,443
28,1561,89
28,15,43
28,19,39
28,25,36
28,33,28
28,37,22
28,209,104
28,54,266
28,49,270
28,1463,235
28,1870,28
29,42,732
29,32,730
29,39,726
29,54,733
29,50,723
29,47,718
29,35,720
29,67,718
29,213,636
29,211,630
29,207,622
29,237,611
29,253,584
29,251,581
29,320,537
29,315,532
29,305,538
29,284,537
29,303,531
29,300,524
29,319,521
29,343,530
29,363,516
29,360,521
29,384,524
29,370,533
29,436,511
29,403,522
29,403,526
29,413,515
29,533,490
29,540,497
29,552,504
29,544,510
29,598,496
29,581,504
29,650,481
29,647,489
29,648,496
29,748,486
29,792,487
29,836,470
29,897,462
29,900,467
29,918,464
29,916,468
29,917,473
29,934,462
29,1089,450
29,1086,445
29,1086,457
29,1105,453
29,1104,448
29,1098,443
29,1080,452
29,1124,442
29,1140,449
29,1141,444
29,1139,438
29,1164,434
29,1166,440
29,1197,437
29,1211,431
29,1214,439
29,1195,430
29,1253,417
29,1273,404
29,1290,420
29,1331,392
29,1327,406
29,1329,398
29,1332,367
29,1342,381
29,1349,384
29,1362,364
29,1358,359
29,1365,390
29,1423,357
29,1406,358
29,1424,340
29,1430,357
29,1431,305
29,1438,281
29,1442,283
29,1438,269
29,1443,268
29,1437,246
29,1447,249
29,1442,247
29,1452,250
29,1459,241
29,1437,254
29,1448,173
29,1456,173
29,1461,173
29,1467,172
29,1472,172
29,1443,206
29,1439,209
29,1434,188
29,1428,191
29,221,883
29,7,829
29,1447,165
29,1443,163
29,1452,148
29,1438,85
29,1432,82
29,1422,80
29,1455,92
29,1462,75
29,1456,72
29,1452,49
29,1439,8
29,1443,7
29,1447,7
29,1452,7
29,1456,7
29,1530,78
29,1480,441
29,1482,446
29,717,746
29,721,754
29,721,759
29,711,765
29,710,772
29,750,750
29,809,753
29,811,762
29,810,768
29,883,746
29,883,740
29,949,729
29,1016,715
29,1016,710
29,1148,677
29,924,557
29,866,562
29,822,614
29,1348,887
29,1342,882
29,1336,883
29,1351,854
29,1346,848
29,1339,845
29,1353,829
29,1346,829
29,1351,813
29,1347,811
29,1343,808
29,1339,802
29,1372,734
29,1364,707
29,1408,654
29,1403,648
29,1365,730
29,7,739
29,240,595
29,936,469
29,665,764
29,663,758
29,1424,435
29,1415,445
29,1561,92
29,15,43
29,19,39
29,25,36
29,33,28
29,37,22
29,208,106
29,54,266
29,49,270
29,1463,240
30,39,733
30,29,731
30,35,727
30,52,735
30,46,724
30,43,719
30,79,710
30,31,721
30,62,719
30,84,708
30,209,639
30,208,633
30,204,625
30,234,614
30,251,586
30,248,583
30,316,538
30,309,533
30,302,540
30,280,539
30,299,533
30,297,525
30,315,523
30,339,531
30,357,517
30,356,522
30,380,525
30,365,534
30,433,512
30,399,523
30,399,527
30,408,515
30,529,490
30,535,498
30,548,504
30,540,511
30,594,497
30,576,505
30,646,481
30,643,490
30,645,497
30,744,487
30,773,475
30,779,474
30,781,479
30,788,488
30,832,470
30,894,463
30,897,468
30,914,464
30,912,469
30,913,473
30,930,462
30,1084,450
30,1081,446
30,1083,458
30,1100,453
30,1100,448
30,1095,443
30,1076,453
30,1121,442
30,1135,449
30,1135,445
30,1135,439
30,1160,435
30,1162,442
30,1193,438
30,1204,431
30,1209,439
30,1189,432
30,1250,418
30,1267,404
30,1283,421
30,1327,394
30,1322,409
30,1325,400
30,1328,369
30,1338,383
30,1345,386
30,1358,366
30,1355,361
30,1361,393
30,1422,360
30,1401,362
30,1424,344
30,1429,360
30,1430,309
30,1438,285
30,1442,287
30,1438,274
30,1443,273
30,1437,249
30,1447,252
30,1443,251
30,1452,253
30,1460,244
30,1436,259
30,1449,176
30,1456,176
30,1461,177
30,1467,176
30,1472,175
30,1444,210
30,1440,213
30,1435,192
30,1429,195
30,1428,184
30,1429,178
30,217,883
30,1447,169
30,1443,168
30,1453,151
30,1438,90
30,1432,86
30,1422,84
30,1455,97
30,1462,79
30,1455,77
30,1448,28
30,1440,13
30,1446,10
30,1449,10
30,1455,9
30,1459,9
30,1529,74
30,1477,467
30,1479,472
30,714,746
30,717,753
30,717,759
30,707,765
30,706,772
30,747,752
30,806,753
30,808,762
30,807,767
30,880,746
30,879,739
30,945,730
30,1013,717
30,1012,711
30,1145,679
30,927,558
30,866,562
30,820,617
30,1347,891
30,1341,886
30,1335,887
30,1350,858
30,1345,852
30,1337,849
30,1352,833
30,1345,833
30,1350,817
30,1347,816
30,1344,812
30,1338,806
30,1372,739
30,1365,712
30,1407,657
30,1402,652
30,1365,735
30,237,600
30,932,470
30,658,764
30,659,759
30,1424,435
30,1414,446
30,1562,96
30,15,43
30,19,39
30,25,36
30,33,28
30,37,22
30,207,109
30,54,266
30,49,270
30,1464,244
