1,814,1014
1,710,1000
1,543,1014
1,631,977
1,1302,541
1,1001,493
1,1005,489
1,1003,483
1,949,568
1,950,557
1,750,501
1,750,507
1,615,568
1,625,511
1,626,443
1,623,447
1,621,390
1,557,370
1,559,366
1,557,358
1,82,716
1,87,722
1,266,904
1,270,607
1,256,588
1,214,578
1,222,578
1,203,536
1,216,514
1,226,509
1,212,501
1,208,477
1,217,481
1,212,469
1,219,470
1,213,456
1,222,448
1,247,452
1,253,460
1,231,409
1,232,10
1,257,28
1,250,10
1,221,76
1,207,105
1,214,108
1,222,106
1,228,103
1,206,123
1,216,124
1,215,353
1,177,252
1,238,269
1,205,189
1,205,170
1,214,172
1,229,184
1,383,360
1,382,353
1,409,321
1,410,315
1,448,343
1,277,180
1,333,264
1,298,263
1,301,258
1,305,252
1,404,208
1,399,201
1,1028,90
1,1044,80
1,1563,945
2,814,1014
2,712,1004
2,542,1013
2,631,977
2,1285,539
2,999,494
2,1001,489
2,999,483
2,947,568
2,948,555
2,745,501
2,746,508
2,708,514
2,689,518
2,618,560
2,628,505
2,626,439
2,623,443
2,623,386
2,555,372
2,558,366
2,556,358
2,93,713
2,97,720
2,266,900
2,269,604
2,257,586
2,213,573
2,222,576
2,205,534
2,216,510
2,226,507
2,212,499
2,214,476
2,222,479
2,212,463
2,220,466
2,220,453
2,226,445
2,251,450
2,258,458
2,237,409
2,233,7
2,265,23
2,257,11
2,225,71
2,208,101
2,216,103
2,223,103
2,230,101
2,208,119
2,219,121
2,223,353
2,187,248
2,238,265
2,206,185
2,210,166
2,217,170
2,230,180
2,389,357
2,387,350
2,406,319
2,409,313
2,445,341
2,279,179
2,336,261
2,298,263
2,301,258
2,305,252
2,409,206
2,404,199
2,1031,90
2,1048,77
2,1562,929
3,814,1014
3,715,1008
3,541,1012
3,632,978
3,1268,538
3,996,495
3,997,490
3,996,483
3,944,568
3,946,553
3,741,502
3,742,510
3,707,517
3,687,520
3,693,518
3,695,513
3,693,508
3,621,553
3,630,499
3,625,436
3,622,440
3,624,383
3,552,372
3,555,367
3,552,359
3,555,377
3,102,706
3,105,715
3,266,898
3,269,601
3,256,583
3,213,570
3,223,572
3,207,531
3,216,507
3,226,505
3,212,497
3,217,474
3,226,477
3,213,459
3,221,462
3,221,449
3,227,439
3,256,449
3,263,457
3,244,410
3,230,67
3,209,97
3,218,99
3,224,100
3,232,99
3,210,116
3,222,118
3,226,351
3,187,244
3,238,261
3,206,181
3,210,162
3,219,168
3,231,178
3,394,354
3,392,348
3,403,318
3,408,311
3,443,339
3,282,179
3,339,259
3,298,263
3,301,258
3,305,252
3,413,204
3,407,195
3,1034,91
3,1053,74
3,1561,913
4,814,1014
4,717,1010
4,539,1010
4,633,978
4,1251,537
4,991,495
4,994,490
4,992,483
4,940,567
4,943,551
4,737,503
4,738,510
4,703,519
4,683,520
4,689,521
4,692,516
4,690,511
4,624,546
4,631,492
4,624,432
4,621,437
4,625,381
4,547,372
4,551,366
4,548,359
4,553,378
4,111,703
4,112,712
4,266,895
4,269,598
4,254,580
4,212,566
4,223,569
4,208,527
4,214,505
4,226,502
4,211,493
4,219,471
4,228,474
4,214,457
4,223,459
4,222,446
4,226,435
4,261,447
4,268,456
4,249,411
4,232,63
4,211,93
4,220,95
4,226,97
4,235,97
4,213,113
4,226,115
4,230,349
4,187,240
4,238,258
4,206,177
4,210,159
4,222,166
4,232,176
4,398,352
4,395,346
4,401,314
4,405,309
4,439,337
4,285,178
4,343,257
4,298,263
4,301,258
4,305,252
4,416,201
4,409,191
4,1038,91
4,1057,71
4,1557,897
5,814,1014
5,719,1013
5,538,1008
5,634,979
5,1234,536
5,987,496
5,989,490
5,989,483
5,937,566
5,940,550
5,732,505
5,734,510
5,699,519
5,679,519
5,685,522
5,688,516
5,686,511
5,624,538
5,631,490
5,623,430
5,619,433
5,626,378
5,543,372
5,549,366
5,544,359
5,550,379
5,119,698
5,120,707
5,265,891
5,266,594
5,253,577
5,211,563
5,222,567
5,209,523
5,214,502
5,226,499
5,210,490
5,222,467
5,230,472
5,214,453
5,223,454
5,225,443
5,224,432
5,265,444
5,272,453
5,251,411
5,235,59
5,213,90
5,222,91
5,228,94
5,236,95
5,214,110
5,226,111
5,234,346
5,188,235
5,238,255
5,205,172
5,211,156
5,223,161
5,232,173
5,401,350
5,398,343
5,400,312
5,404,308
5,436,334
5,285,175
5,346,255
5,298,263
5,301,258
5,305,252
5,411,189
5,1041,90
5,1554,881
6,814,1014
6,721,1014
6,535,1005
6,635,979
6,1217,535
6,983,496
6,985,490
6,985,484
6,934,565
6,938,548
6,728,506
6,729,512
6,694,518
6,675,517
6,682,522
6,683,516
6,682,510
6,626,532
6,632,486
6,620,426
6,618,430
6,626,374
6,539,372
6,544,366
6,541,359
6,544,379
6,126,693
6,127,702
6,265,887
6,262,589
6,250,572
6,209,561
6,221,563
6,209,520
6,214,498
6,226,496
6,210,487
6,226,464
6,234,470
6,214,449
6,222,450
6,228,439
6,224,428
6,268,442
6,274,449
6,254,411
6,237,55
6,215,88
6,224,88
6,230,91
6,238,93
6,215,107
6,227,108
6,239,344
6,190,230
6,238,253
6,205,168
6,213,153
6,225,156
6,232,170
6,403,348
6,400,340
6,398,310
6,403,307
6,434,332
6,287,174
6,349,252
6,298,263
6,301,258
6,305,252
6,1043,88
6,1550,867
7,814,1014
7,723,1016
7,532,1002
7,636,980
7,1200,534
7,979,495
7,982,490
7,981,484
7,930,563
7,935,547
7,723,507
7,725,513
7,690,517
7,671,514
7,678,520
7,679,515
7,679,508
7,627,524
7,633,482
7,619,422
7,616,427
7,627,370
7,534,372
7,540,366
7,538,359
7,539,379
7,133,689
7,135,697
7,90,791
7,264,882
7,261,585
7,247,570
7,208,557
7,219,558
7,209,517
7,214,494
7,225,491
7,209,484
7,229,461
7,237,467
7,214,445
7,222,446
7,231,436
7,224,425
7,272,440
7,277,446
7,258,410
7,237,51
7,215,82
7,225,82
7,230,88
7,239,88
7,216,101
7,227,102
7,242,341
7,191,228
7,238,249
7,205,163
7,213,148
7,225,152
7,231,165
7,406,346
7,403,338
7,394,304
7,402,302
7,431,330
7,290,173
7,349,248
7,298,263
7,301,258
7,305,252
7,1045,86
7,1547,854
8,814,1014
8,725,1018
8,529,1000
8,636,980
8,1184,533
8,976,495
8,979,490
8,978,484
8,928,561
8,932,545
8,720,507
8,721,513
8,685,515
8,668,510
8,674,518
8,676,513
8,677,505
8,630,516
8,633,477
8,617,416
8,614,426
8,627,368
8,530,372
8,537,366
8,535,359
8,535,379
8,140,685
8,144,693
8,96,790
8,264,878
8,259,581
8,246,566
8,206,553
8,218,556
8,209,514
8,215,491
8,224,485
8,208,481
8,233,459
8,241,465
8,215,442
8,223,442
8,233,432
8,224,422
8,276,439
8,281,443
8,262,410
8,238,45
8,216,78
8,226,78
8,232,85
8,238,81
8,217,98
8,227,98
8,244,338
8,191,225
8,237,244
8,205,158
8,211,143
8,224,147
8,231,160
8,409,342
8,405,334
8,394,296
8,402,295
8,427,326
8,292,172
8,352,245
8,298,263
8,301,258
8,305,252
8,1905,448
8,1908,438
8,1047,84
8,1544,840
9,814,1014
9,728,1018
9,527,997
9,638,981
9,1167,531
9,973,495
9,975,489
9,974,484
9,926,558
9,929,544
9,716,507
9,717,514
9,682,513
9,665,507
9,669,516
9,674,510
9,675,502
9,631,510
9,631,472
9,616,415
9,614,422
9,628,366
9,526,373
9,532,366
9,531,359
9,531,379
9,149,680
9,153,687
9,101,789
9,263,874
9,258,577
9,245,562
9,206,549
9,217,552
9,208,510
9,216,485
9,225,481
9,209,477
9,235,454
9,243,461
9,215,437
9,223,438
9,235,429
9,223,419
9,279,436
9,283,441
9,266,410
9,240,41
9,217,74
9,227,75
9,233,83
9,236,74
9,218,95
9,228,95
9,249,334
9,192,221
9,236,240
9,205,153
9,211,138
9,222,141
9,231,158
9,412,339
9,407,332
9,394,289
9,402,287
9,423,323
9,294,172
9,355,242
9,298,263
9,301,258
9,305,252
9,401,215
9,1901,448
9,1904,439
9,1049,81
9,1541,827
10,814,1014
10,730,1020
10,527,994
10,640,981
10,1150,530
10,970,495
10,972,489
10,971,485
10,923,555
10,927,543
10,712,509
10,714,515
10,679,510
10,662,503
10,666,510
10,670,506
10,673,498
10,632,504
10,631,468
10,614,409
10,612,417
10,628,363
10,523,374
10,528,366
10,527,359
10,527,380
10,156,676
10,160,682
10,105,788
10,262,870
10,256,575
10,245,558
10,206,546
10,216,548
10,208,507
10,217,480
10,226,477
10,211,473
10,239,451
10,247,458
10,215,432
10,224,434
10,236,424
10,223,415
10,283,433
10,286,439
10,270,410
10,241,37
10,218,70
10,229,71
10,234,81
10,238,73
10,219,91
10,229,91
10,253,332
10,194,218
10,236,237
10,205,149
10,211,134
10,221,137
10,231,154
10,415,336
10,410,329
10,394,281
10,402,279
10,421,321
10,296,171
10,358,239
10,298,263
10,301,258
10,305,252
10,406,213
10,1897,449
10,1900,439
10,1051,79
10,1539,814
11,814,1014
11,731,1021
11,525,991
11,642,983
11,1133,529
11,966,495
11,967,489
11,967,485
11,919,553
11,924,543
11,707,510
11,711,517
11,677,507
11,660,499
11,664,507
11,667,502
11,671,493
11,631,498
11,631,464
11,613,409
11,610,414
11,630,360
11,519,374
11,524,366
11,524,359
11,522,380
11,163,670
11,168,677
11,108,786
11,262,866
11,254,571
11,244,554
11,205,542
11,216,544
11,209,504
11,217,477
11,229,474
11,211,472
11,242,451
11,251,455
11,215,427
11,224,430
11,238,420
11,223,412
11,286,430
11,290,437
11,273,409
11,242,32
11,218,66
11,230,67
11,234,78
11,240,70
11,220,87
11,230,87
11,258,330
11,197,214
11,236,233
11,206,145
11,213,131
11,221,134
11,232,151
11,418,333
11,413,327
11,394,273
11,402,271
11,418,318
11,299,170
11,361,236
11,298,263
11,301,258
11,305,252
11,410,209
11,1893,449
11,1895,440
11,1053,77
11,1535,803
12,814,1014
12,733,1023
12,523,989
12,644,984
12,1116,528
12,963,495
12,964,490
12,962,484
12,916,551
12,921,543
12,704,511
12,707,518
12,673,504
12,658,495
12,661,503
12,665,497
12,670,489
12,633,492
12,630,461
12,612,403
12,609,410
12,631,356
12,515,373
12,520,366
12,519,359
12,518,380
12,171,666
12,176,673
12,111,783
12,261,862
12,253,567
12,243,551
12,204,538
12,216,541
12,209,501
12,219,474
12,231,470
12,211,469
12,247,448
12,255,453
12,216,422
12,225,426
12,241,417
12,225,408
12,290,427
12,293,434
12,277,409
12,244,28
12,220,63
12,233,64
12,235,74
12,240,64
12,221,84
12,231,83
12,262,328
12,200,211
12,236,230
12,207,141
12,214,127
12,222,131
12,233,147
12,421,330
12,416,324
12,394,265
12,402,263
12,414,315
12,302,168
12,364,233
12,298,263
12,301,258
12,305,252
12,412,205
12,1889,450
12,1891,441
12,1055,74
12,1531,792
13,814,1014
13,734,1024
13,521,986
13,646,986
13,1099,527
13,960,494
13,961,490
13,958,483
13,914,549
13,918,541
13,701,511
13,703,519
13,671,500
13,656,491
13,657,498
13,664,491
13,668,486
13,634,485
13,629,457
13,611,398
13,606,407
13,633,354
13,511,373
13,515,368
13,514,359
13,514,379
13,178,661
13,185,666
13,115,781
13,261,857
13,252,562
13,240,547
13,203,535
13,213,537
13,207,497
13,223,469
13,234,465
13,211,465
13,251,445
13,258,450
13,216,417
13,225,422
13,243,413
13,226,404
13,293,424
13,296,430
13,282,409
13,246,25
13,224,59
13,236,61
13,237,71
13,243,60
13,223,80
13,233,80
13,267,327
13,201,207
13,236,225
13,208,137
13,214,122
13,223,127
13,233,143
13,425,328
13,421,322
13,394,257
13,402,256
13,411,313
13,304,168
13,366,230
13,298,263
13,301,258
13,305,252
13,415,202
13,1885,450
13,1887,441
13,1057,72
13,1528,781
14,814,1014
14,736,1026
14,519,984
14,649,987
14,1082,528
14,957,494
14,957,490
14,954,483
14,910,547
14,915,539
14,698,512
14,699,519
14,669,496
14,654,488
14,654,495
14,661,487
14,667,482
14,634,477
14,628,454
14,608,397
14,605,403
14,637,352
14,507,373
14,512,368
14,510,359
14,510,379
14,184,657
14,191,661
14,119,779
14,260,853
14,249,559
14,238,544
14,202,531
14,211,533
14,208,493
14,224,465
14,236,462
14,212,463
14,254,442
14,261,447
14,217,413
14,225,417
14,244,410
14,226,400
14,297,421
14,300,427
14,286,409
14,248,20
14,227,55
14,239,56
14,239,68
14,246,57
14,225,76
14,234,77
14,272,326
14,202,203
14,236,220
14,208,134
14,214,117
14,224,123
14,233,139
14,428,325
14,423,320
14,394,249
14,402,248
14,408,310
14,307,167
14,368,229
14,298,263
14,301,258
14,305,252
14,417,197
14,1881,451
14,1882,442
14,1059,70
14,1526,770
15,814,1014
15,739,1027
15,517,982
15,652,988
15,1063,529
15,954,495
15,953,490
15,951,484
15,906,546
15,911,539
15,694,513
15,694,520
15,667,492
15,653,484
15,652,491
15,660,483
15,666,478
15,634,469
15,628,450
15,606,394
15,604,399
15,640,349
15,504,373
15,509,368
15,506,359
15,507,380
15,190,652
15,197,655
15,122,777
15,259,849
15,246,555
15,236,540
15,202,529
15,211,529
15,209,489
15,226,461
15,239,459
15,213,460
15,258,439
15,265,444
15,218,410
15,227,413
15,247,406
15,227,397
15,300,418
15,304,425
15,288,409
15,250,16
15,230,50
15,242,51
15,240,65
15,249,52
15,226,73
15,235,74
15,276,323
15,204,199
15,237,217
15,209,129
15,215,113
15,226,120
15,233,136
15,431,322
15,425,316
15,397,242
15,407,306
15,400,241
15,309,165
15,369,227
15,298,263
15,301,258
15,305,252
15,1877,451
15,1878,443
15,1524,759
16,814,1014
16,742,1028
16,515,979
16,653,988
16,1047,530
16,949,495
16,949,490
16,947,484
16,903,546
16,908,538
16,690,514
16,689,521
16,665,488
16,651,479
16,651,487
16,660,479
16,665,474
16,633,464
16,628,446
16,604,391
16,643,345
16,499,373
16,504,368
16,503,362
16,502,380
16,196,646
16,203,648
16,125,775
16,259,845
16,244,553
16,235,538
16,204,527
16,212,527
16,210,484
16,227,457
16,239,456
16,213,457
16,261,436
16,268,442
16,219,408
16,228,411
16,249,402
16,227,394
16,304,415
16,309,423
16,291,410
16,250,11
16,232,46
16,243,47
16,241,62
16,251,49
16,228,70
16,236,70
16,279,321
16,205,195
16,238,213
16,209,124
16,217,110
16,228,117
16,233,134
16,434,319
16,429,313
16,407,299
16,403,238
16,310,162
16,370,225
16,298,263
16,301,258
16,305,252
16,1874,452
16,1874,444
16,1091,93
16,1081,87
16,1522,748
17,814,1014
17,745,1030
17,926,1077
17,514,976
17,654,989
17,1030,531
17,945,495
17,946,490
17,944,484
17,898,544
17,904,538
17,687,514
17,685,521
17,662,484
17,649,474
17,649,483
17,657,475
17,663,470
17,631,456
17,624,440
17,601,389
17,601,392
17,645,345
17,495,372
17,500,368
17,499,361
17,497,379
17,201,639
17,208,641
17,128,774
17,258,841
17,242,549
17,233,533
17,201,522
17,211,523
17,211,479
17,228,453
17,240,453
17,214,454
17,264,434
17,272,439
17,220,404
17,228,407
17,252,399
17,227,391
17,307,412
17,310,420
17,296,410
17,234,43
17,244,43
17,242,58
17,253,45
17,229,67
17,236,65
17,283,319
17,207,191
17,238,210
17,210,119
17,219,106
17,230,114
17,233,131
17,437,316
17,433,312
17,402,234
17,312,161
17,372,223
17,298,263
17,301,258
17,305,252
17,1869,452
17,1869,444
17,1095,92
17,1085,86
17,1520,737
18,814,1014
18,746,1031
18,922,1076
18,512,974
18,533,827
18,656,990
18,1013,530
18,942,494
18,942,490
18,941,484
18,895,543
18,901,537
18,683,514
18,682,519
18,660,480
18,647,470
18,646,479
18,655,471
18,661,466
18,631,448
18,623,434
18,598,390
18,598,389
18,647,345
18,491,372
18,496,368
18,495,360
18,493,378
18,204,631
18,212,633
18,130,771
18,258,837
18,240,545
18,232,530
18,198,518
18,211,519
18,210,476
18,230,448
18,241,449
18,214,451
18,268,432
18,276,437
18,220,400
18,227,404
18,255,395
18,226,388
18,310,409
18,312,417
18,300,411
18,236,40
18,246,40
18,243,55
18,255,41
18,229,64
18,236,61
18,287,317
18,209,186
18,238,205
18,210,114
18,221,103
18,230,110
18,233,128
18,440,314
18,437,308
18,404,230
18,314,159
18,373,220
18,298,263
18,301,258
18,305,252
18,1864,453
18,1865,445
18,1100,91
18,1089,85
18,1517,726
19,814,1014
19,747,1032
19,918,1075
19,510,971
19,535,824
19,534,833
19,657,991
19,996,529
19,938,494
19,939,490
19,938,483
19,892,542
19,897,536
19,681,512
19,678,516
19,657,477
19,646,467
19,643,474
19,652,466
19,658,460
19,630,442
19,620,429
19,596,387
19,597,389
19,647,340
19,488,371
19,494,367
19,491,359
19,488,377
19,207,623
19,215,625
19,133,768
19,257,832
19,238,540
19,230,526
19,198,514
19,211,515
19,210,472
19,232,444
19,243,445
19,215,448
19,271,428
19,279,433
19,220,395
19,228,399
19,256,391
19,226,385
19,313,406
19,315,413
19,303,411
19,237,36
19,247,36
19,243,51
19,256,37
19,228,60
19,236,57
19,291,315
19,212,182
19,238,200
19,211,109
19,224,100
19,231,105
19,233,125
19,443,310
19,440,304
19,410,289
19,406,227
19,316,158
19,374,217
19,298,263
19,301,258
19,305,252
19,1860,453
19,1861,445
19,1104,90
19,1093,84
19,1514,715
20,814,1014
20,749,1033
20,913,1076
20,508,968
20,536,819
20,534,828
20,660,992
20,979,528
20,935,494
20,935,490
20,935,483
20,889,541
20,893,534
20,678,510
20,674,513
20,655,472
20,642,462
20,642,469
20,651,463
20,657,458
20,629,435
20,618,427
20,597,386
20,596,389
20,647,336
20,485,370
20,492,367
20,487,359
20,484,377
20,211,615
20,219,616
20,136,765
20,256,828
20,237,537
20,229,522
20,198,511
20,211,512
20,210,469
20,234,441
20,246,441
20,217,445
20,274,425
20,283,430
20,220,391
20,230,394
20,259,387
20,226,382
20,316,403
20,319,410
20,306,412
20,240,33
20,250,33
20,244,48
20,256,33
20,230,57
20,236,54
20,295,313
20,213,178
20,239,197
20,212,105
20,224,94
20,231,101
20,233,122
20,446,306
20,443,301
20,408,223
20,317,157
20,375,214
20,298,263
20,301,258
20,305,252
20,1855,454
20,1857,446
20,1109,89
20,1097,83
20,1512,705
21,814,1014
21,751,1034
21,908,1076
21,507,964
21,536,815
21,534,824
21,663,992
21,964,529
21,931,494
21,931,491
21,931,485
21,886,540
21,889,533
21,675,508
21,671,510
21,652,469
21,641,458
21,640,464
21,649,458
21,656,454
21,629,430
21,617,425
21,596,383
21,596,390
21,649,334
21,480,369
21,487,366
21,482,358
21,478,375
21,213,607
21,221,608
21,139,763
21,256,824
21,235,533
21,227,518
21,197,507
21,210,509
21,211,465
21,236,438
21,248,437
21,218,443
21,277,423
21,285,428
21,220,388
21,230,390
21,262,384
21,225,379
21,320,399
21,322,406
21,309,413
21,241,29
21,251,29
21,245,44
21,257,28
21,231,53
21,237,50
21,300,310
21,214,174
21,240,194
21,213,101
21,224,89
21,232,97
21,232,118
21,450,304
21,446,299
21,411,220
21,319,155
21,377,211
21,298,263
21,301,258
21,305,252
21,405,185
21,1851,455
21,1853,447
21,1114,88
21,1102,82
21,1509,694
22,814,1014
22,753,1036
22,904,1077
22,506,961
22,511,852
22,536,812
22,535,819
22,665,995
22,565,777
22,948,531
22,927,494
22,927,491
22,926,485
22,881,537
22,886,532
22,672,505
22,668,507
22,650,465
22,639,453
22,638,460
22,647,454
22,655,449
22,627,423
22,614,422
22,587,379
22,595,390
22,654,334
22,475,368
22,482,365
22,477,358
22,473,374
22,216,600
22,223,600
22,143,760
22,254,821
22,245,828
22,234,530
22,225,516
22,197,505
22,209,507
22,211,461
22,237,433
22,248,433
22,218,440
22,280,420
22,287,425
22,221,385
22,231,387
22,263,380
22,225,376
22,324,395
22,325,403
22,312,414
22,243,25
22,246,41
22,231,50
22,238,47
22,304,308
22,215,171
22,240,191
22,213,97
22,225,87
22,233,94
22,231,114
22,454,302
22,450,297
22,413,217
22,320,154
22,378,208
22,298,263
22,301,258
22,305,252
22,404,191
22,1846,455
22,1849,447
22,1117,86
22,1105,80
22,1507,683
23,814,1014
23,755,1037
23,900,1077
23,504,958
23,512,851
23,536,809
23,535,817
23,668,997
23,566,776
23,931,534
23,923,494
23,923,491
23,923,485
23,877,536
23,882,531
23,669,501
23,664,503
23,647,462
23,637,449
23,636,458
23,647,451
23,653,445
23,622,416
23,612,420
23,587,381
23,657,331
23,472,368
23,478,365
23,474,358
23,469,373
23,216,593
23,224,593
23,146,759
23,252,819
23,248,827
23,231,527
23,224,513
23,196,501
23,209,503
23,212,458
23,240,430
23,251,430
23,219,438
23,283,419
23,291,424
23,221,382
23,231,384
23,265,377
23,223,373
23,328,393
23,329,401
23,317,414
23,245,21
23,248,38
23,232,47
23,238,44
23,308,305
23,217,168
23,240,188
23,214,92
23,226,84
23,234,91
23,230,110
23,456,300
23,453,295
23,415,213
23,321,154
23,380,205
23,298,263
23,301,258
23,305,252
23,403,196
23,406,198
23,1841,456
23,1844,448
23,1121,85
23,1109,78
23,1505,672
24,814,1014
24,757,1038
24,896,1075
24,503,955
24,513,849
24,537,804
24,536,813
24,670,999
24,567,775
24,918,537
24,919,494
24,919,491
24,920,485
24,875,536
24,878,530
24,668,497
24,663,499
24,645,458
24,636,446
24,633,453
24,643,447
24,651,441
24,618,409
24,611,415
24,587,381
24,661,329
24,469,367
24,474,364
24,470,356
24,465,371
24,214,587
24,222,586
24,148,756
24,252,818
24,245,825
24,172,793
24,229,524
24,222,509
24,196,498
24,209,499
24,213,455
24,242,427
24,253,428
24,220,436
24,286,417
24,295,422
24,222,378
24,231,379
24,267,374
24,222,369
24,331,391
24,332,398
24,321,414
24,249,35
24,233,44
24,238,42
24,310,303
24,218,165
24,239,184
24,214,89
24,226,81
24,234,86
24,230,107
24,459,298
24,457,292
24,322,155
24,381,203
24,298,263
24,301,258
24,305,252
24,401,200
24,405,204
24,1837,457
24,1840,449
24,1125,84
24,1112,76
24,1503,661
25,814,1014
25,759,1039
25,891,1074
25,501,953
25,513,844
25,538,800
25,538,809
25,672,1001
25,568,772
25,900,539
25,916,494
25,916,491
25,916,485
25,872,536
25,874,530
25,666,493
25,662,495
25,643,455
25,635,442
25,631,447
25,641,443
25,649,437
25,614,403
25,609,412
25,587,380
25,665,328
25,466,365
25,471,362
25,467,355
25,461,369
25,216,581
25,222,579
25,151,754
25,252,815
25,244,821
25,173,789
25,227,520
25,221,506
25,196,494
25,210,495
25,214,452
25,244,423
25,255,425
25,222,433
25,290,414
25,298,420
25,222,374
25,232,375
25,269,371
25,220,366
25,334,388
25,335,395
25,324,414
25,249,33
25,231,39
25,238,37
25,312,301
25,218,161
25,238,180
25,214,86
25,226,77
25,234,81
25,230,104
25,463,296
25,460,290
25,324,156
25,382,200
25,298,263
25,301,258
25,305,252
25,400,204
25,405,208
25,1832,457
25,1836,449
25,1129,82
25,1116,75
25,1498,650
26,814,1014
26,761,1039
26,887,1072
26,500,950
26,513,841
26,539,796
26,540,806
26,674,1002
26,569,769
26,888,542
26,912,494
26,913,491
26,912,484
26,868,535
26,870,530
26,663,488
26,660,491
26,639,451
26,632,438
26,628,443
26,639,438
26,646,433
26,610,397
26,606,408
26,580,380
26,668,327
26,461,363
26,467,362
26,464,355
26,458,368
26,215,574
26,221,573
26,153,752
26,250,812
26,243,817
26,172,786
26,224,515
26,219,503
26,198,491
26,210,492
26,214,448
26,245,419
26,256,422
26,224,429
26,292,411
26,300,417
26,222,371
26,232,372
26,271,368
26,219,362
26,337,385
26,339,392
26,327,414
26,249,32
26,231,37
26,238,34
26,317,300
26,220,157
26,235,176
26,214,81
26,225,74
26,234,77
26,230,101
26,465,294
26,462,287
26,324,155
26,383,197
26,298,263
26,301,258
26,305,252
26,400,209
26,405,211
26,1828,458
26,1832,450
26,1133,81
26,1120,73
26,1493,640
27,814,1014
27,763,1040
27,883,1071
27,498,947
27,514,837
27,540,794
27,541,802
27,676,1003
27,570,766
27,872,544
27,909,494
27,910,491
27,908,484
27,864,534
27,866,529
27,662,486
27,659,487
27,635,447
27,630,435
27,626,442
27,638,434
27,645,430
27,605,393
27,605,406
27,568,380
27,671,324
27,457,361
27,463,360
27,462,353
27,453,365
27,214,568
27,220,566
27,156,750
27,248,809
27,241,815
27,171,786
27,222,513
27,219,499
27,199,488
27,211,489
27,213,445
27,246,415
27,257,419
27,226,426
27,295,409
27,303,414
27,222,368
27,232,369
27,274,364
27,219,358
27,340,382
27,342,390
27,329,414
27,249,30
27,232,35
27,238,32
27,321,300
27,221,153
27,232,173
27,215,77
27,225,71
27,234,73
27,229,98
27,468,292
27,393,242
27,324,154
27,385,194
27,298,263
27,301,258
27,305,252
27,396,213
27,402,214
27,1824,458
27,1827,451
27,1136,80
27,1123,71
27,1488,630
28,814,1014
28,765,1041
28,879,1069
28,498,944
28,515,834
28,541,791
28,541,799
28,679,1004
28,571,763
28,859,547
28,905,495
28,905,491
28,903,485
28,861,532
28,861,528
28,660,482
28,658,484
28,633,443
28,628,430
28,625,437
28,634,430
28,642,425
28,602,391
28,603,403
28,555,379
28,556,381
28,673,322
28,453,359
28,460,357
28,459,350
28,448,362
28,212,563
28,219,561
28,159,748
28,245,806
28,239,812
28,171,784
28,220,511
28,219,496
28,199,486
28,211,487
28,212,443
28,247,413
28,259,416
28,226,425
28,298,408
28,306,412
28,222,365
28,232,365
28,276,361
28,217,355
28,342,380
28,345,386
28,332,414
28,249,27
28,233,32
28,238,28
28,323,297
28,222,148
28,230,168
28,215,71
28,224,69
28,232,68
28,229,95
28,395,240
28,324,153
28,386,190
28,298,263
28,301,258
28,305,252
28,395,216
28,402,218
28,1820,458
28,1823,452
28,1140,79
28,1127,70
28,1484,626
29,814,1014
29,767,1042
29,876,1068
29,497,941
29,516,830
29,541,787
29,541,796
29,681,1005
29,572,761
29,846,546
29,901,495
29,901,490
29,900,485
29,857,532
29,857,526
29,658,477
29,656,480
29,630,440
29,625,428
29,623,432
29,632,427
29,641,421
29,598,390
29,600,400
29,550,379
29,552,383
29,556,382
29,673,320
29,450,357
29,457,356
29,456,350
29,445,361
29,211,558
29,218,556
29,161,745
29,243,803
29,237,809
29,172,782
29,219,507
29,219,493
29,201,483
29,212,484
29,211,440
29,250,410
29,261,414
29,227,423
29,300,405
29,309,409
29,222,361
29,231,362
29,279,358
29,217,351
29,345,378
29,348,383
29,335,413
29,250,24
29,234,30
29,239,23
29,325,293
29,222,144
29,229,164
29,215,66
29,224,67
29,231,63
29,229,92
29,396,237
29,324,153
29,387,188
29,298,263
29,301,258
29,305,252
29,392,220
29,1815,459
29,1818,453
29,1145,75
29,1130,68
29,1480,623
30,814,1014
30,771,1042
30,872,1065
30,496,937
30,517,827
30,541,783
30,541,792
30,683,1006
30,573,758
30,830,547
30,897,495
30,897,490
30,897,485
30,854,531
30,853,525
30,658,473
30,653,475
30,628,437
30,623,424
30,620,429
30,630,423
30,639,418
30,587,384
30,546,378
30,550,385
30,674,318
30,445,354
30,453,353
30,455,347
30,443,358
30,210,552
30,218,549
30,163,743
30,241,799
30,236,807
30,173,779
30,217,503
30,219,489
30,201,479
30,212,480
30,211,437
30,253,407
30,262,411
30,228,420
30,302,401
30,311,407
30,222,357
30,231,358
30,282,353
30,218,347
30,348,375
30,351,380
30,339,411
30,250,22
30,234,27
30,239,19
30,330,291
30,224,140
30,228,162
30,216,61
30,224,63
30,232,60
30,228,88
30,398,234
30,324,152
30,390,186
30,298,263
30,301,258
30,305,252
30,390,223
30,1811,459
30,1814,454
30,1149,71
30,1133,65
30,1477,620
