1,196,300
1,251,362
1,229,378
1,225,366
1,227,371
1,371,415
1,608,325
1,602,330
1,601,371
1,593,375
1,639,425
1,631,425
1,630,430
1,620,397
1,615,399
1,709,495
1,687,511
1,749,625
1,701,499
1,691,505
1,711,530
1,696,501
1,694,503
1,725,535
1,715,535
1,719,532
1,709,543
1,719,547
1,707,555
1,715,549
1,711,552
1,719,568
1,729,572
1,726,575
1,736,584
1,718,577
1,737,629
1,799,797
1,779,768
1,774,767
1,757,741
1,761,741
1,793,853
1,767,739
1,757,749
1,761,755
1,755,758
1,797,849
1,789,855
1,553,292
1,341,349
1,353,349
1,344,360
1,439,157
1,443,150
1,431,146
1,440,143
1,432,138
1,401,114
1,404,112
1,419,132
1,419,126
1,411,121
1,869,10
1,865,7
1,674,41
1,671,46
1,682,44
1,829,895
1,833,889
1,944,906
1,1028,915
1,1051,913
1,1025,916
1,1048,916
1,1125,923
1,1168,914
1,1099,946
1,1082,942
1,973,944
1,1164,898
1,1169,898
1,1311,921
1,1304,935
1,1332,932
1,1327,942
1,887,919
1,886,941
1,919,940
1,909,936
1,883,926
1,885,932
1,1135,945
1,1131,941
1,930,929
1,928,935
1,943,937
1,942,943
1,1051,939
1,1050,945
1,1039,937
1,1038,943
1,1262,948
1,1263,942
1,1283,946
1,1280,942
1,1347,948
1,1299,919
1,1294,913
1,1328,953
1,1326,948
1,1321,937
1,1328,939
1,1399,949
1,1477,954
1,1503,941
1,1498,952
1,1446,929
1,1575,1009
1,1430,918
1,1447,952
1,1103,1060
1,1376,942
1,1364,948
1,1364,946
1,1369,924
1,1425,949
1,1368,927
1,1438,943
1,1437,936
1,1370,937
1,1424,945
1,1361,940
1,1581,945
1,1582,940
1,1581,934
1,1617,937
1,1617,929
1,1601,941
1,1603,930
1,1595,931
1,1603,924
1,1590,928
1,1744,948
1,1742,941
1,1703,942
1,1685,938
1,1693,943
1,1688,931
1,1675,937
1,1765,937
1,1763,945
1,1772,945
1,1785,952
1,1783,947
1,1785,943
1,1887,942
1,1882,945
1,1879,952
1,1863,948
1,1810,939
1,1829,943
1,1807,949
1,1818,946
1,1818,956
1,1836,953
1,1831,946
2,196,295
2,249,362
2,227,379
2,224,367
2,226,372
2,373,413
2,608,322
2,602,327
2,604,373
2,596,377
2,641,428
2,635,428
2,633,433
2,623,399
2,618,402
2,712,498
2,690,514
2,751,628
2,704,501
2,692,506
2,713,534
2,698,502
2,695,504
2,729,538
2,717,538
2,722,535
2,710,545
2,721,550
2,710,558
2,717,552
2,714,555
2,721,570
2,731,574
2,727,578
2,737,586
2,719,579
2,737,630
2,798,794
2,780,771
2,775,771
2,759,745
2,763,744
2,796,856
2,768,742
2,757,751
2,762,759
2,757,761
2,801,853
2,793,859
2,549,289
2,338,351
2,351,350
2,341,361
2,441,159
2,445,152
2,433,147
2,442,144
2,434,140
2,402,114
2,405,112
2,420,133
2,421,127
2,412,122
2,868,12
2,864,9
2,675,43
2,672,47
2,683,45
2,832,897
2,835,891
2,948,906
2,1031,914
2,1054,913
2,1028,917
2,1052,916
2,1117,925
2,1173,915
2,1104,945
2,1087,943
2,978,945
2,1165,896
2,1169,898
2,1307,921
2,1308,935
2,1335,932
2,1330,942
2,891,921
2,891,941
2,924,941
2,913,936
2,887,926
2,890,933
2,1135,945
2,1131,941
2,934,930
2,932,936
2,947,937
2,946,943
2,1055,939
2,1053,945
2,1043,937
2,1042,943
2,1269,949
2,1267,942
2,1287,947
2,1285,942
2,1351,948
2,1296,919
2,1293,914
2,1331,953
2,1330,949
2,1326,938
2,1332,938
2,1402,950
2,1481,954
2,1509,941
2,1503,952
2,1442,929
2,1576,1012
2,1426,919
2,1451,952
2,1106,1058
2,1379,940
2,1369,950
2,1367,943
2,1371,924
2,1429,951
2,1372,928
2,1442,945
2,1442,938
2,1375,937
2,1430,946
2,1366,940
2,1585,945
2,1585,941
2,1584,934
2,1621,938
2,1621,930
2,1604,942
2,1609,931
2,1599,931
2,1607,926
2,1592,928
2,1748,948
2,1747,941
2,1706,942
2,1687,939
2,1697,944
2,1692,933
2,1679,938
2,1769,938
2,1767,945
2,1777,946
2,1790,952
2,1788,947
2,1788,943
2,1890,942
2,1885,946
2,1879,952
2,1865,947
2,1808,940
2,1832,943
2,1810,949
2,1822,946
2,1821,956
2,1840,952
2,1836,946
3,195,291
3,247,363
3,226,380
3,222,368
3,225,373
3,377,412
3,607,319
3,602,324
3,606,375
3,598,379
3,644,432
3,639,431
3,637,437
3,626,402
3,621,405
3,716,501
3,693,517
3,754,632
3,707,503
3,693,508
3,715,538
3,700,504
3,697,506
3,733,541
3,720,541
3,725,539
3,712,547
3,724,553
3,713,561
3,719,555
3,717,558
3,724,573
3,733,577
3,729,581
3,738,589
3,720,581
3,738,631
3,798,792
3,782,774
3,777,776
3,762,749
3,765,748
3,799,859
3,769,746
3,758,754
3,763,763
3,759,765
3,805,857
3,797,863
3,546,287
3,336,353
3,350,351
3,339,363
3,443,161
3,447,154
3,435,149
3,444,146
3,437,142
3,403,115
3,407,112
3,422,135
3,423,129
3,414,123
3,867,14
3,863,11
3,677,45
3,674,48
3,685,47
3,835,900
3,838,893
3,953,907
3,1035,914
3,1058,913
3,1031,918
3,1056,916
3,1109,927
3,1178,917
3,1109,945
3,1091,944
3,983,946
3,1166,895
3,1169,898
3,1304,922
3,1313,936
3,1339,932
3,1334,942
3,894,923
3,895,942
3,928,941
3,917,937
3,892,927
3,896,935
3,1136,945
3,1132,941
3,938,931
3,937,937
3,951,937
3,951,944
3,1059,939
3,1057,945
3,1047,938
3,1046,943
3,1274,949
3,1270,942
3,1290,948
3,1289,943
3,1355,949
3,1293,920
3,1291,915
3,1334,954
3,1334,950
3,1331,939
3,1337,938
3,1406,951
3,1486,954
3,1514,941
3,1508,952
3,1438,928
3,1577,1015
3,1423,921
3,1456,953
3,1109,1056
3,1383,940
3,1373,951
3,1370,945
3,1373,924
3,1433,953
3,1376,929
3,1446,946
3,1446,940
3,1380,938
3,1436,948
3,1371,941
3,1590,946
3,1589,942
3,1588,935
3,1626,940
3,1625,931
3,1608,943
3,1615,933
3,1602,930
3,1611,928
3,1595,928
3,1753,949
3,1752,942
3,1710,943
3,1690,940
3,1701,945
3,1696,935
3,1683,939
3,1774,939
3,1771,946
3,1783,947
3,1793,952
3,1793,948
3,1792,944
3,1894,942
3,1889,947
3,1880,952
3,1868,947
3,1806,941
3,1835,943
3,1813,949
3,1827,947
3,1825,957
3,1844,951
3,1840,947
4,194,288
4,244,363
4,224,380
4,219,369
4,222,374
4,381,410
4,606,317
4,600,321
4,607,377
4,600,381
4,647,435
4,642,434
4,640,440
4,628,405
4,624,408
4,718,503
4,693,519
4,754,635
4,709,505
4,695,511
4,716,540
4,702,507
4,699,509
4,735,544
4,722,544
4,726,542
4,714,549
4,725,556
4,714,563
4,721,558
4,718,560
4,725,575
4,734,579
4,730,583
4,739,591
4,722,584
4,739,635
4,798,789
4,783,777
4,778,780
4,762,752
4,765,750
4,802,862
4,771,750
4,759,757
4,764,766
4,761,768
4,806,859
4,799,866
4,543,285
4,334,354
4,347,352
4,337,364
4,445,163
4,449,156
4,437,151
4,447,148
4,440,145
4,404,116
4,409,113
4,424,136
4,425,131
4,416,124
4,866,16
4,862,13
4,679,47
4,676,49
4,687,48
4,838,903
4,841,895
4,958,908
4,1038,914
4,1061,913
4,1035,919
4,1060,917
4,1100,927
4,1182,918
4,1112,945
4,1095,944
4,986,947
4,1168,894
4,1170,899
4,1301,923
4,1315,937
4,1344,932
4,1338,944
4,898,924
4,899,943
4,931,940
4,920,937
4,896,929
4,899,936
4,1136,945
4,1133,941
4,942,933
4,941,938
4,955,938
4,954,944
4,1063,940
4,1061,946
4,1051,939
4,1050,943
4,1277,948
4,1274,942
4,1292,948
4,1292,943
4,1358,949
4,1290,920
4,1287,915
4,1338,954
4,1336,951
4,1334,940
4,1341,938
4,1410,952
4,1490,955
4,1519,941
4,1513,953
4,1436,927
4,1577,1019
4,1421,921
4,1459,953
4,1112,1054
4,1387,941
4,1376,952
4,1373,946
4,1376,924
4,1437,954
4,1378,929
4,1450,947
4,1449,940
4,1383,939
4,1439,949
4,1374,941
4,1593,946
4,1592,941
4,1591,935
4,1630,939
4,1629,931
4,1613,944
4,1619,933
4,1605,929
4,1615,929
4,1598,929
4,1757,950
4,1757,943
4,1713,944
4,1694,940
4,1703,945
4,1699,935
4,1687,939
4,1778,941
4,1775,947
4,1786,947
4,1796,954
4,1797,950
4,1797,944
4,1898,943
4,1893,949
4,1881,952
4,1871,947
4,1804,941
4,1839,943
4,1816,949
4,1829,947
4,1828,957
4,1847,951
4,1843,947
5,193,285
5,241,364
5,221,381
5,216,370
5,220,375
5,384,408
5,603,314
5,598,318
5,608,379
5,602,383
5,650,437
5,644,437
5,642,442
5,630,408
5,627,410
5,720,505
5,694,521
5,755,638
5,712,508
5,696,514
5,718,543
5,704,509
5,701,511
5,736,548
5,724,548
5,726,546
5,715,552
5,726,558
5,715,565
5,723,560
5,720,562
5,726,578
5,735,582
5,731,585
5,741,594
5,723,586
5,740,639
5,798,786
5,784,781
5,779,783
5,762,755
5,766,753
5,804,864
5,771,752
5,759,760
5,764,768
5,761,771
5,808,862
5,801,868
5,539,283
5,330,356
5,344,353
5,335,364
5,448,166
5,452,158
5,440,153
5,448,150
5,442,147
5,405,116
5,410,113
5,425,138
5,427,132
5,417,126
5,865,18
5,861,15
5,680,49
5,677,51
5,688,50
5,841,906
5,844,898
5,962,908
5,1042,914
5,1065,913
5,1039,919
5,1064,918
5,1092,927
5,1185,920
5,1115,944
5,1098,944
5,989,947
5,1169,893
5,1170,899
5,1297,923
5,1318,936
5,1349,934
5,1342,945
5,901,925
5,902,943
5,934,941
5,923,938
5,900,931
5,902,936
5,1137,945
5,1134,942
5,945,934
5,944,939
5,958,939
5,958,945
5,1065,940
5,1064,946
5,1054,939
5,1054,943
5,1280,948
5,1277,942
5,1295,948
5,1294,944
5,1360,949
5,1287,922
5,1284,916
5,1340,956
5,1339,951
5,1337,941
5,1344,939
5,1413,952
5,1494,956
5,1524,940
5,1517,952
5,1433,927
5,1576,1024
5,1419,922
5,1462,954
5,1116,1054
5,1391,943
5,1379,952
5,1376,947
5,1378,924
5,1440,953
5,1381,930
5,1454,948
5,1452,941
5,1388,939
5,1442,949
5,1377,942
5,1596,946
5,1596,941
5,1595,935
5,1634,939
5,1633,932
5,1617,944
5,1623,934
5,1610,929
5,1619,929
5,1601,929
5,1761,950
5,1760,944
5,1717,945
5,1698,941
5,1706,946
5,1702,935
5,1690,939
5,1782,943
5,1779,948
5,1789,948
5,1799,954
5,1800,950
5,1799,945
5,1901,943
5,1896,950
5,1882,952
5,1874,947
5,1800,941
5,1842,943
5,1843,925
5,1819,949
5,1832,947
5,1831,957
5,1851,952
5,1846,947
6,193,281
6,238,365
6,219,381
6,214,371
6,217,376
6,386,407
6,601,311
6,596,316
6,609,380
6,603,385
6,653,440
6,646,440
6,645,444
6,632,411
6,629,412
6,722,508
6,696,523
6,755,642
6,715,511
6,698,517
6,720,546
6,706,511
6,702,513
6,738,551
6,725,551
6,728,549
6,717,554
6,728,561
6,717,568
6,724,563
6,721,564
6,726,580
6,735,585
6,731,587
6,742,596
6,724,588
6,740,643
6,798,783
6,785,784
6,779,786
6,763,757
6,767,755
6,807,868
6,772,755
6,759,763
6,764,771
6,761,774
6,810,864
6,803,871
6,536,282
6,327,357
6,340,354
6,332,364
6,449,167
6,453,159
6,441,155
6,450,152
6,443,148
6,407,117
6,412,114
6,427,139
6,429,134
6,419,127
6,863,20
6,860,16
6,682,51
6,679,52
6,689,52
6,843,909
6,847,901
6,967,908
6,1045,914
6,1068,913
6,1044,919
6,1069,919
6,1084,927
6,1189,921
6,1118,944
6,1101,944
6,991,947
6,1171,893
6,1171,900
6,1294,924
6,1322,936
6,1352,934
6,1346,945
6,904,925
6,905,943
6,937,942
6,926,938
6,904,934
6,905,937
6,1138,945
6,1135,942
6,948,935
6,947,940
6,961,939
6,961,945
6,1068,940
6,1067,946
6,1057,938
6,1057,942
6,1285,948
6,1280,942
6,1298,948
6,1297,944
6,1363,949
6,1283,922
6,1281,917
6,1343,957
6,1341,951
6,1340,941
6,1347,939
6,1417,953
6,1498,955
6,1529,940
6,1521,951
6,1429,928
6,1576,1029
6,1415,922
6,1467,954
6,1119,1053
6,1394,943
6,1383,952
6,1379,947
6,1381,924
6,1444,953
6,1383,931
6,1457,948
6,1455,941
6,1392,939
6,1444,949
6,1381,942
6,1599,946
6,1600,941
6,1599,935
6,1637,939
6,1636,932
6,1620,943
6,1627,934
6,1614,930
6,1623,929
6,1604,929
6,1764,950
6,1763,944
6,1720,946
6,1702,942
6,1709,947
6,1705,935
6,1694,940
6,1785,943
6,1783,949
6,1792,948
6,1803,955
6,1803,950
6,1802,946
6,1905,943
6,1899,951
6,1883,952
6,1877,947
6,1796,941
6,1845,944
6,1847,924
6,1823,949
6,1835,947
6,1834,957
6,1854,952
6,1849,946
7,193,278
7,236,366
7,216,382
7,211,373
7,215,378
7,599,309
7,594,313
7,611,382
7,606,387
7,655,443
7,648,443
7,647,447
7,634,413
7,631,414
7,724,511
7,697,525
7,755,645
7,718,513
7,700,519
7,723,548
7,708,513
7,704,515
7,740,553
7,727,553
7,731,551
7,718,557
7,729,564
7,719,570
7,726,565
7,723,567
7,727,582
7,736,587
7,732,589
7,743,599
7,725,591
7,741,646
7,798,780
7,787,787
7,781,789
7,765,760
7,768,757
7,809,871
7,773,757
7,759,766
7,764,773
7,761,777
7,811,868
7,806,874
7,533,281
7,324,358
7,337,355
7,329,365
7,451,169
7,455,161
7,443,157
7,451,155
7,444,149
7,409,118
7,413,114
7,429,140
7,430,134
7,420,128
7,862,23
7,859,18
7,683,52
7,679,54
7,689,53
7,847,911
7,850,903
7,971,908
7,1048,913
7,1072,912
7,1047,918
7,1072,919
7,1077,928
7,1194,923
7,1121,943
7,1104,944
7,995,947
7,1174,893
7,1172,900
7,1290,925
7,1327,935
7,1356,935
7,1350,945
7,907,926
7,908,943
7,940,942
7,930,938
7,907,933
7,908,937
7,1138,946
7,1135,942
7,952,936
7,951,941
7,965,940
7,965,945
7,1071,938
7,1070,945
7,1060,936
7,1061,941
7,1288,948
7,1284,940
7,1301,948
7,1300,944
7,1365,949
7,1279,921
7,1277,916
7,1347,957
7,1344,951
7,1343,942
7,1351,940
7,1421,952
7,1502,955
7,1533,939
7,1525,950
7,1426,928
7,1576,1032
7,1410,921
7,1470,954
7,1122,1052
7,1397,943
7,1387,952
7,1382,947
7,1384,924
7,1448,953
7,1385,931
7,1460,949
7,1458,942
7,1395,939
7,1448,950
7,1384,942
7,1603,945
7,1602,940
7,1602,934
7,1641,939
7,1640,933
7,1624,943
7,1632,935
7,1619,930
7,1627,929
7,1608,930
7,1768,950
7,1767,945
7,1723,947
7,1705,942
7,1712,947
7,1709,935
7,1697,940
7,1788,944
7,1787,950
7,1796,949
7,1806,954
7,1806,950
7,1805,945
7,1902,952
7,1884,952
7,1880,947
7,1796,941
7,1848,943
7,1849,924
7,1826,948
7,1838,947
7,1837,957
7,1858,952
7,1852,945
8,194,274
8,234,366
8,215,383
8,210,373
8,213,379
8,597,307
8,593,311
8,613,384
8,608,388
8,658,446
8,651,446
8,650,450
8,636,416
8,633,417
8,726,514
8,700,527
8,756,648
8,720,515
8,702,521
8,726,550
8,710,515
8,706,517
8,742,556
8,728,556
8,733,554
8,720,559
8,730,567
8,720,573
8,728,568
8,725,569
8,727,584
8,737,589
8,733,591
8,744,601
8,726,593
8,741,649
8,798,778
8,789,790
8,782,792
8,766,763
8,769,759
8,810,874
8,774,760
8,760,768
8,765,776
8,762,779
8,814,871
8,808,877
8,531,281
8,322,358
8,334,356
8,326,365
8,452,171
8,456,163
8,444,159
8,452,157
8,446,151
8,410,118
8,414,115
8,431,141
8,432,135
8,421,129
8,861,25
8,858,20
8,684,54
8,680,56
8,690,55
8,850,912
8,853,905
8,976,908
8,1051,912
8,1076,912
8,1051,918
8,1076,918
8,1069,928
8,1199,924
8,1125,941
8,1107,944
8,999,947
8,1177,893
8,1173,900
8,1287,925
8,1330,935
8,1359,935
8,1353,945
8,911,927
8,911,943
8,944,942
8,934,937
8,910,933
8,912,937
8,1139,946
8,1136,942
8,956,936
8,956,941
8,968,938
8,968,944
8,1075,937
8,1074,944
8,1063,935
8,1065,940
8,1290,948
8,1288,939
8,1304,948
8,1304,944
8,1368,949
8,1277,921
8,1276,916
8,1350,957
8,1347,951
8,1347,942
8,1355,940
8,1424,951
8,1506,955
8,1538,938
8,1530,950
8,1423,927
8,1577,1035
8,1406,920
8,1473,954
8,1125,1050
8,1402,943
8,1389,952
8,1385,947
8,1386,924
8,1453,953
8,1388,931
8,1462,949
8,1461,942
8,1398,939
8,1451,950
8,1387,942
8,1607,944
8,1605,939
8,1606,934
8,1645,939
8,1643,933
8,1628,942
8,1635,935
8,1622,930
8,1630,929
8,1612,930
8,1772,950
8,1771,945
8,1726,947
8,1709,942
8,1716,947
8,1714,935
8,1700,940
8,1790,944
8,1791,951
8,1799,949
8,1809,954
8,1809,950
8,1809,945
8,1905,952
8,1885,952
8,1883,947
8,1796,941
8,1852,942
8,1851,924
8,1829,948
8,1842,947
8,1839,956
8,1861,951
8,1855,945
9,194,270
9,232,366
9,214,384
9,208,374
9,211,380
9,596,305
9,590,308
9,615,387
9,611,390
9,660,448
9,653,448
9,652,452
9,639,419
9,635,420
9,728,517
9,704,529
9,758,651
9,722,517
9,704,523
9,729,551
9,712,518
9,708,519
9,744,559
9,731,559
9,736,557
9,721,562
9,732,569
9,722,576
9,730,570
9,726,572
9,728,585
9,739,591
9,734,593
9,744,604
9,727,596
9,742,652
9,798,774
9,790,793
9,785,795
9,767,765
9,770,762
9,812,876
9,775,762
9,761,770
9,766,779
9,762,781
9,817,873
9,810,880
9,528,280
9,319,359
9,331,357
9,323,366
9,454,173
9,458,165
9,446,161
9,453,159
9,447,152
9,412,119
9,415,115
9,433,142
9,433,136
9,422,130
9,860,27
9,857,22
9,685,56
9,681,58
9,691,57
9,854,914
9,856,907
9,980,908
9,1054,912
9,1080,912
9,1054,918
9,1079,918
9,1061,926
9,1204,925
9,1129,940
9,1111,943
9,1003,947
9,1178,893
9,1174,900
9,1283,925
9,1334,935
9,1362,934
9,1357,944
9,915,928
9,915,943
9,948,942
9,938,937
9,914,933
9,916,937
9,1140,946
9,1137,943
9,960,937
9,959,942
9,972,938
9,972,944
9,1078,936
9,1078,943
9,1067,935
9,1069,940
9,1294,948
9,1293,937
9,1308,948
9,1307,942
9,1370,950
9,1275,921
9,1273,916
9,1353,956
9,1350,950
9,1352,942
9,1359,940
9,1427,951
9,1510,955
9,1543,938
9,1534,949
9,1421,926
9,1578,1039
9,1403,920
9,1477,954
9,1127,1048
9,1406,944
9,1392,952
9,1388,947
9,1389,925
9,1456,953
9,1390,931
9,1466,949
9,1464,942
9,1401,940
9,1455,950
9,1390,942
9,1611,944
9,1608,938
9,1609,934
9,1649,939
9,1647,933
9,1632,942
9,1638,935
9,1625,930
9,1634,929
9,1616,930
9,1775,950
9,1775,945
9,1729,948
9,1712,942
9,1719,948
9,1718,936
9,1703,941
9,1794,945
9,1794,951
9,1802,950
9,1813,954
9,1812,950
9,1813,945
9,1908,953
9,1886,952
9,1886,947
9,1856,941
9,1854,924
9,1832,947
9,1845,947
9,1841,955
9,1865,951
9,1858,945
10,193,267
10,229,367
10,211,384
10,205,375
10,208,380
10,594,303
10,588,307
10,616,388
10,612,392
10,663,450
10,656,451
10,655,455
10,642,421
10,637,422
10,729,521
10,705,531
10,758,655
10,724,519
10,706,525
10,733,553
10,713,520
10,709,521
10,746,562
10,733,561
10,738,559
10,723,564
10,735,572
10,724,580
10,732,573
10,728,575
10,729,587
10,740,593
10,735,595
10,745,606
10,728,599
10,742,655
10,798,770
10,791,797
10,787,797
10,767,767
10,771,765
10,815,878
10,776,765
10,761,772
10,767,781
10,763,784
10,820,876
10,813,884
10,525,279
10,317,359
10,329,357
10,321,366
10,456,175
10,459,166
10,447,162
10,455,161
10,449,154
10,413,120
10,416,116
10,435,144
10,435,137
10,424,132
10,859,29
10,855,24
10,687,57
10,681,60
10,692,59
10,856,917
10,858,909
10,985,909
10,1058,912
10,1084,913
10,1057,918
10,1083,918
10,1053,925
10,1207,926
10,1132,938
10,1114,943
10,1005,947
10,1179,894
10,1176,901
10,1280,925
10,1337,935
10,1366,934
10,1361,944
10,918,929
10,918,943
10,951,942
10,942,937
10,916,934
10,919,938
10,1140,946
10,1138,943
10,964,938
10,963,943
10,976,939
10,976,944
10,1080,935
10,1081,942
10,1071,934
10,1072,939
10,1297,948
10,1297,937
10,1310,947
10,1310,942
10,1374,950
10,1272,921
10,1270,917
10,1354,956
10,1352,950
10,1355,942
10,1363,940
10,1429,952
10,1514,955
10,1548,937
10,1538,949
10,1418,924
10,1579,1044
10,1401,921
10,1481,954
10,1130,1047
10,1410,943
10,1395,951
10,1392,946
10,1392,925
10,1460,955
10,1393,931
10,1470,949
10,1468,942
10,1405,940
10,1458,951
10,1393,941
10,1612,945
10,1611,938
10,1612,933
10,1653,939
10,1651,933
10,1636,941
10,1643,936
10,1629,929
10,1638,930
10,1620,930
10,1779,950
10,1778,945
10,1732,949
10,1715,942
10,1721,948
10,1721,936
10,1706,941
10,1797,945
10,1797,951
10,1805,950
10,1816,953
10,1815,950
10,1816,945
10,1912,953
10,1886,953
10,1889,947
10,1858,940
10,1855,925
10,1835,947
10,1848,947
10,1844,954
10,1867,951
10,1861,945
11,193,264
11,226,368
11,209,385
11,203,376
11,207,380
11,591,300
11,586,305
11,617,390
11,613,393
11,664,452
11,659,453
11,656,458
11,643,424
11,638,425
11,730,524
11,707,533
11,759,658
11,725,522
11,708,528
11,736,556
11,715,522
11,711,524
11,748,564
11,734,563
11,740,562
11,724,567
11,736,574
11,724,580
11,733,575
11,729,577
11,730,590
11,741,596
11,736,598
11,746,609
11,729,601
11,743,657
11,797,767
11,793,800
11,788,801
11,768,770
11,772,768
11,817,881
11,777,767
11,763,775
11,768,784
11,764,786
11,822,878
11,815,887
11,521,278
11,314,359
11,327,358
11,318,367
11,458,177
11,460,168
11,448,164
11,457,162
11,450,156
11,415,120
11,417,116
11,436,145
11,436,138
11,425,133
11,857,30
11,853,27
11,688,59
11,682,62
11,693,61
11,858,921
11,860,911
11,989,910
11,1061,913
11,1087,914
11,1060,918
11,1087,918
11,1048,924
11,1210,928
11,1135,936
11,1118,942
11,1008,947
11,1180,895
11,1177,902
11,1276,925
11,1340,935
11,1370,934
11,1364,945
11,920,930
11,922,943
11,954,943
11,945,938
11,919,935
11,922,939
11,1141,946
11,1139,943
11,967,938
11,965,943
11,979,939
11,979,944
11,1084,934
11,1084,941
11,1076,932
11,1075,938
11,1301,948
11,1301,937
11,1313,947
11,1312,942
11,1376,950
11,1269,921
11,1267,918
11,1356,955
11,1354,950
11,1359,942
11,1367,940
11,1432,952
11,1518,954
11,1552,937
11,1543,949
11,1414,923
11,1579,1046
11,1397,919
11,1483,954
11,1133,1045
11,1413,941
11,1398,951
11,1395,946
11,1395,925
11,1463,956
11,1395,931
11,1473,950
11,1471,943
11,1409,939
11,1462,952
11,1397,941
11,1615,945
11,1615,938
11,1615,933
11,1656,939
11,1654,933
11,1639,941
11,1647,937
11,1631,929
11,1641,930
11,1623,930
11,1782,950
11,1782,945
11,1736,949
11,1719,942
11,1723,948
11,1724,937
11,1710,941
11,1801,945
11,1800,951
11,1808,951
11,1820,953
11,1818,950
11,1818,945
11,1886,953
11,1890,948
11,1861,940
11,1857,926
11,1838,947
11,1851,947
11,1846,953
11,1870,951
11,1864,945
12,194,261
12,222,369
12,207,386
12,200,377
12,205,381
12,588,298
12,584,304
12,618,391
12,614,395
12,666,455
12,661,456
12,658,461
12,645,427
12,640,428
12,732,527
12,708,535
12,760,662
12,725,525
12,708,530
12,738,559
12,716,524
12,712,526
12,750,567
12,736,566
12,742,566
12,726,570
12,738,577
12,724,581
12,734,578
12,730,580
12,731,592
12,742,598
12,736,600
12,746,611
12,729,603
12,744,660
12,797,763
12,794,802
12,789,805
12,770,773
12,773,771
12,820,884
12,778,770
12,764,778
12,769,786
12,765,788
12,824,881
12,818,890
12,518,277
12,311,360
12,324,359
12,315,368
12,460,179
12,461,170
12,450,166
12,458,164
12,452,157
12,416,121
12,418,117
12,437,146
12,438,140
12,427,134
12,856,31
12,851,29
12,689,60
12,683,63
12,693,63
12,861,923
12,863,914
12,994,911
12,1064,913
12,1090,915
12,1063,917
12,1090,919
12,1042,924
12,1213,930
12,1139,936
12,1120,941
12,1012,947
12,1181,896
12,1178,903
12,1273,926
12,1343,935
12,1373,934
12,1368,946
12,923,930
12,924,943
12,957,943
12,947,939
12,922,935
12,925,940
12,1142,947
12,1140,943
12,970,939
12,968,944
12,983,940
12,983,945
12,1087,932
12,1087,940
12,1079,930
12,1078,936
12,1304,948
12,1304,937
12,1315,947
12,1315,942
12,1378,950
12,1266,921
12,1263,918
12,1358,955
12,1356,950
12,1362,942
12,1370,940
12,1434,951
12,1521,953
12,1557,936
12,1547,949
12,1410,922
12,1579,1049
12,1393,918
12,1485,954
12,1135,1043
12,1417,941
12,1400,951
12,1398,946
12,1397,926
12,1466,957
12,1397,931
12,1475,950
12,1474,943
12,1413,938
12,1465,953
12,1400,941
12,1618,945
12,1618,939
12,1618,933
12,1660,940
12,1657,933
12,1641,941
12,1649,937
12,1633,928
12,1644,930
12,1627,930
12,1786,950
12,1786,945
12,1738,950
12,1723,943
12,1726,949
12,1727,938
12,1714,941
12,1804,945
12,1803,951
12,1811,951
12,1823,953
12,1821,950
12,1820,945
12,1886,953
12,1892,948
12,1864,939
12,1859,927
12,1841,946
12,1854,947
12,1849,953
12,1872,951
12,1867,945
13,193,257
13,220,370
13,205,386
13,199,377
13,204,381
13,585,296
13,582,302
13,621,393
13,616,397
13,668,459
13,663,460
13,660,464
13,646,429
13,642,431
13,734,529
13,708,537
13,760,665
13,726,528
13,709,532
13,741,562
13,718,526
13,713,529
13,751,570
13,737,569
13,743,569
13,727,572
13,739,580
13,725,584
13,735,580
13,731,582
13,732,594
13,743,600
13,737,603
13,747,613
13,729,605
13,744,662
13,796,760
13,795,805
13,790,809
13,771,775
13,773,773
13,822,886
13,779,772
13,766,781
13,770,789
13,765,790
13,826,884
13,820,893
13,514,276
13,307,360
13,320,361
13,311,368
13,462,182
13,462,172
13,451,167
13,460,165
13,453,159
13,417,121
13,419,117
13,439,147
13,440,142
13,429,136
13,855,35
13,850,32
13,689,61
13,684,65
13,694,65
13,863,925
13,865,916
13,998,912
13,1068,913
13,1093,915
13,1066,917
13,1094,919
13,1034,923
13,1216,932
13,1142,936
13,1123,939
13,1015,946
13,1182,897
13,1179,904
13,1269,926
13,1347,935
13,1377,935
13,1372,946
13,925,931
13,927,943
13,960,943
13,949,940
13,926,935
13,928,940
13,1143,947
13,1142,943
13,973,939
13,972,944
13,986,940
13,986,945
13,1090,931
13,1090,940
13,1082,930
13,1081,935
13,1308,949
13,1307,937
13,1318,947
13,1318,942
13,1381,950
13,1264,921
13,1261,918
13,1361,955
13,1358,950
13,1365,942
13,1373,940
13,1437,951
13,1525,953
13,1562,936
13,1552,949
13,1405,921
13,1579,1053
13,1388,918
13,1489,954
13,1137,1040
13,1420,942
13,1403,951
13,1401,946
13,1398,926
13,1469,957
13,1400,932
13,1478,950
13,1477,944
13,1416,938
13,1467,953
13,1403,941
13,1621,945
13,1621,939
13,1620,933
13,1663,940
13,1660,933
13,1644,942
13,1651,937
13,1636,928
13,1647,930
13,1630,930
13,1789,950
13,1788,945
13,1741,950
13,1725,943
13,1728,949
13,1729,938
13,1717,941
13,1808,945
13,1806,951
13,1815,952
13,1826,953
13,1824,950
13,1822,945
13,1886,953
13,1893,949
13,1866,939
13,1860,928
13,1843,946
13,1857,947
13,1851,953
13,1874,951
13,1870,945
14,193,253
14,218,371
14,202,387
14,198,377
14,202,382
14,583,295
14,580,300
14,623,395
14,618,398
14,670,462
14,665,463
14,661,466
14,648,431
14,644,433
14,736,532
14,709,540
14,761,668
14,728,531
14,711,535
14,743,565
14,719,529
14,714,532
14,752,574
14,739,573
14,745,572
14,728,575
14,740,582
14,726,587
14,736,583
14,732,585
14,733,596
14,744,601
14,738,606
14,748,615
14,730,607
14,745,665
14,796,757
14,796,809
14,791,812
14,772,778
14,774,775
14,824,889
14,780,775
14,767,784
14,771,791
14,766,792
14,828,885
14,823,893
14,511,277
14,305,360
14,318,361
14,309,370
14,464,184
14,463,174
14,452,169
14,461,166
14,454,160
14,418,122
14,420,117
14,440,148
14,441,142
14,430,137
14,854,38
14,849,35
14,689,63
14,684,66
14,695,67
14,866,926
14,867,918
14,1002,912
14,1071,912
14,1096,914
14,1070,917
14,1097,919
14,1026,922
14,1220,934
14,1145,935
14,1126,937
14,1019,946
14,1183,898
14,1181,905
14,1265,926
14,1350,935
14,1380,936
14,1376,946
14,929,931
14,931,943
14,963,943
14,952,940
14,930,935
14,931,940
14,1144,947
14,1144,943
14,977,939
14,976,945
14,989,940
14,989,945
14,1092,931
14,1093,940
14,1085,930
14,1084,935
14,1311,951
14,1310,937
14,1320,948
14,1320,943
14,1383,950
14,1264,922
14,1258,918
14,1364,955
14,1361,950
14,1369,942
14,1376,940
14,1442,952
14,1528,953
14,1567,936
14,1556,948
14,1400,920
14,1579,1057
14,1384,919
14,1492,955
14,1139,1038
14,1423,943
14,1406,950
14,1404,946
14,1399,926
14,1472,957
14,1402,932
14,1481,950
14,1481,944
14,1420,938
14,1469,954
14,1406,941
14,1624,944
14,1624,939
14,1623,932
14,1666,940
14,1663,934
14,1647,942
14,1654,937
14,1638,928
14,1650,931
14,1633,930
14,1792,950
14,1791,944
14,1743,951
14,1728,943
14,1731,949
14,1732,938
14,1720,941
14,1810,944
14,1808,950
14,1817,952
14,1828,953
14,1827,950
14,1826,946
14,1885,953
14,1894,950
14,1869,938
14,1862,930
14,1845,946
14,1859,946
14,1853,953
14,1878,949
14,1872,944
15,193,249
15,216,371
15,199,387
15,197,378
15,199,383
15,580,293
15,577,298
15,624,397
15,620,399
15,673,465
15,668,466
15,662,469
15,650,433
15,647,435
15,737,535
15,710,542
15,762,672
15,729,534
15,712,538
15,745,568
15,721,533
15,715,535
15,752,576
15,740,576
15,746,575
15,729,578
15,741,585
15,728,590
15,737,585
15,733,587
15,734,599
15,745,603
15,740,610
15,750,618
15,730,609
15,746,667
15,796,753
15,797,812
15,792,815
15,772,780
15,774,778
15,827,890
15,781,777
15,768,786
15,771,794
15,766,795
15,830,887
15,825,894
15,508,277
15,303,360
15,316,361
15,306,371
15,466,185
15,464,175
15,453,170
15,462,167
15,456,161
15,418,122
15,421,117
15,441,149
15,442,143
15,431,138
15,852,39
15,847,36
15,689,64
15,685,68
15,696,69
15,868,928
15,870,920
15,1006,913
15,1074,912
15,1099,914
15,1074,917
15,1100,919
15,1018,921
15,1225,936
15,1148,934
15,1130,936
15,1023,946
15,1184,899
15,1182,906
15,1261,927
15,1353,936
15,1383,937
15,1379,945
15,932,931
15,934,943
15,967,943
15,956,940
15,934,935
15,935,940
15,1146,947
15,1146,943
15,980,938
15,979,944
15,992,940
15,992,944
15,1095,931
15,1097,940
15,1087,928
15,1087,933
15,1314,951
15,1313,936
15,1323,948
15,1323,943
15,1385,950
15,1261,923
15,1255,918
15,1366,955
15,1362,949
15,1372,942
15,1379,940
15,1445,952
15,1532,953
15,1572,937
15,1561,948
15,1396,921
15,1579,1060
15,1381,919
15,1494,955
15,1140,1035
15,1426,944
15,1409,950
15,1407,946
15,1402,926
15,1475,957
15,1403,933
15,1484,950
15,1484,944
15,1423,938
15,1472,955
15,1408,942
15,1627,944
15,1627,939
15,1626,932
15,1669,940
15,1667,934
15,1650,942
15,1657,937
15,1642,929
15,1653,931
15,1636,930
15,1795,950
15,1794,944
15,1745,951
15,1731,943
15,1734,949
15,1734,938
15,1723,941
15,1813,944
15,1811,950
15,1820,952
15,1830,953
15,1830,950
15,1829,946
15,1885,953
15,1894,951
15,1872,938
15,1864,930
15,1848,946
15,1862,946
15,1856,953
15,1880,948
15,1875,944
16,192,245
16,214,372
16,197,388
16,194,379
16,196,384
16,578,291
16,574,296
16,625,398
16,621,400
16,675,468
16,669,469
16,664,472
16,653,436
16,649,437
16,738,538
16,711,544
16,763,675
16,731,537
16,714,541
16,747,571
16,723,535
16,717,537
16,752,578
16,741,578
16,747,577
16,730,580
16,742,587
16,728,593
16,738,588
16,734,590
16,736,600
16,746,605
16,740,612
16,750,620
16,731,612
16,747,670
16,795,750
16,798,814
16,793,817
16,773,783
16,775,780
16,829,892
16,781,779
16,769,788
16,772,796
16,766,797
16,833,889
16,828,896
16,504,276
16,299,361
16,313,362
16,302,371
16,467,186
16,466,176
16,455,171
16,463,168
16,457,162
16,419,123
16,422,118
16,443,150
16,443,144
16,432,139
16,849,40
16,845,38
16,689,65
16,686,69
16,696,70
16,871,929
16,872,922
16,1010,913
16,1076,912
16,1102,914
16,1077,917
16,1103,919
16,1010,918
16,1229,938
16,1151,934
16,1134,934
16,1026,946
16,1187,900
16,1187,907
16,1257,929
16,1356,936
16,1385,937
16,1383,945
16,936,931
16,938,944
16,970,943
16,959,940
16,937,935
16,938,940
16,1149,946
16,1148,942
16,983,938
16,982,943
16,995,939
16,995,944
16,1097,929
16,1100,938
16,1090,927
16,1090,931
16,1316,950
16,1316,935
16,1325,947
16,1325,942
16,1387,950
16,1258,923
16,1253,919
16,1368,955
16,1364,949
16,1375,942
16,1382,940
16,1448,952
16,1536,952
16,1576,938
16,1564,947
16,1393,922
16,1579,1063
16,1377,920
16,1498,955
16,1142,1032
16,1429,945
16,1413,950
16,1411,947
16,1405,925
16,1478,957
16,1405,933
16,1487,951
16,1487,944
16,1426,939
16,1476,955
16,1411,942
16,1630,944
16,1630,938
16,1629,931
16,1672,940
16,1670,934
16,1653,941
16,1660,936
16,1645,930
16,1657,931
16,1638,930
16,1799,950
16,1797,944
16,1748,951
16,1735,943
16,1736,949
16,1738,938
16,1726,941
16,1816,944
16,1814,950
16,1823,952
16,1833,954
16,1833,950
16,1832,946
16,1885,953
16,1894,951
16,1764,933
16,1764,927
16,1875,937
16,1866,930
16,1850,945
16,1865,945
16,1858,951
16,1883,947
16,1877,944
17,191,242
17,211,373
17,194,388
17,191,379
17,193,384
17,575,289
17,572,294
17,627,400
17,622,402
17,676,471
17,671,471
17,667,473
17,655,438
17,651,439
17,738,541
17,712,546
17,765,678
17,732,540
17,715,543
17,750,573
17,725,537
17,718,538
17,754,581
17,743,580
17,749,578
17,731,583
17,743,589
17,729,595
17,739,590
17,734,592
17,738,602
17,747,608
17,741,615
17,751,622
17,731,614
17,748,672
17,794,746
17,800,817
17,795,820
17,774,785
17,776,783
17,832,894
17,782,782
17,770,791
17,772,798
17,767,800
17,836,891
17,831,898
17,500,275
17,296,362
17,310,362
17,299,370
17,469,187
17,467,177
17,456,172
17,464,169
17,458,163
17,420,123
17,422,118
17,444,151
17,444,145
17,433,140
17,847,42
17,844,40
17,689,66
17,686,71
17,697,71
17,873,930
17,875,924
17,1014,912
17,1080,912
17,1106,914
17,1081,918
17,1106,919
17,1003,915
17,1232,939
17,1154,934
17,1136,934
17,1029,946
17,1190,901
17,1191,909
17,1254,930
17,1359,937
17,1389,936
17,1386,945
17,939,931
17,941,945
17,973,942
17,962,939
17,940,935
17,941,940
17,1152,946
17,1150,941
17,987,937
17,987,942
17,998,938
17,998,944
17,1100,927
17,1103,936
17,1094,925
17,1093,929
17,1319,950
17,1319,934
17,1328,947
17,1328,942
17,1391,950
17,1255,922
17,1251,919
17,1372,954
17,1368,948
17,1380,941
17,1385,941
17,1451,952
17,1540,952
17,1579,938
17,1566,946
17,1389,922
17,1579,1066
17,1373,920
17,1502,954
17,1144,1029
17,1434,945
17,1417,950
17,1415,947
17,1408,925
17,1481,958
17,1406,933
17,1491,951
17,1489,944
17,1430,939
17,1480,956
17,1413,942
17,1633,944
17,1633,938
17,1632,931
17,1675,940
17,1673,934
17,1656,939
17,1662,936
17,1649,931
17,1660,932
17,1642,929
17,1802,950
17,1801,943
17,1751,951
17,1738,943
17,1738,949
17,1742,938
17,1729,941
17,1819,944
17,1816,950
17,1826,952
17,1837,954
17,1836,950
17,1835,946
17,1885,953
17,1894,951
17,1761,933
17,1761,927
17,1878,936
17,1868,930
17,1853,944
17,1868,945
17,1860,950
17,1885,947
17,357,6
17,1880,943
18,191,238
18,209,374
18,191,389
18,189,379
18,192,384
18,572,287
18,569,292
18,629,402
18,623,404
18,678,473
18,672,473
18,669,475
18,658,441
18,653,442
18,741,544
18,714,549
18,767,681
18,734,543
18,717,545
18,752,575
18,727,539
18,720,540
18,756,583
18,745,582
18,750,578
18,732,586
18,744,591
18,730,597
18,740,592
18,735,594
18,739,605
18,747,610
18,742,618
18,753,623
18,732,616
18,749,675
18,794,743
18,801,819
18,796,822
18,774,788
18,777,785
18,835,896
18,782,784
18,771,793
18,773,801
18,767,802
18,839,894
18,834,901
18,497,275
18,294,363
18,307,363
18,297,370
18,470,187
18,468,178
18,457,173
18,466,171
18,460,165
18,420,124
18,423,118
18,445,152
18,445,146
18,434,141
18,846,43
18,843,41
18,690,68
18,687,72
18,697,72
18,875,931
18,877,926
18,1018,912
18,1085,912
18,1109,914
18,1084,918
18,1109,919
18,996,912
18,1235,941
18,1157,934
18,1139,933
18,1031,946
18,1193,903
18,1196,911
18,1250,930
18,1363,937
18,1394,935
18,1390,945
18,942,931
18,945,945
18,977,941
18,966,939
18,943,935
18,944,939
18,1156,946
18,1153,941
18,991,937
18,992,942
18,1002,937
18,1002,943
18,1103,926
18,1106,934
18,1097,924
18,1096,928
18,1322,949
18,1323,933
18,1331,947
18,1331,942
18,1394,949
18,1253,922
18,1250,918
18,1375,953
18,1372,948
18,1385,939
18,1389,940
18,1454,953
18,1544,951
18,1585,938
18,1570,945
18,1386,922
18,1580,1069
18,1370,920
18,1506,954
18,1145,1026
18,1439,945
18,1421,950
18,1419,947
18,1411,925
18,1484,959
18,1409,933
18,1493,951
18,1492,943
18,1433,940
18,1484,957
18,1417,942
18,1637,943
18,1635,938
18,1635,931
18,1678,940
18,1677,935
18,1661,940
18,1666,936
18,1653,931
18,1664,932
18,1647,928
18,1806,950
18,1805,943
18,1754,951
18,1742,943
18,1741,949
18,1746,938
18,1733,942
18,1822,944
18,1820,950
18,1829,951
18,1840,954
18,1839,950
18,1837,946
18,1885,952
18,1898,952
18,1759,931
18,1758,927
18,1881,936
18,1870,930
18,1856,944
18,1871,944
18,1864,950
18,1888,947
18,359,7
18,367,6
18,1884,942
19,191,235
19,207,375
19,189,390
19,188,380
19,191,385
19,570,285
19,567,290
19,630,403
19,625,405
19,681,476
19,675,476
19,672,479
19,661,444
19,656,445
19,743,546
19,716,552
19,769,683
19,736,545
19,719,547
19,755,576
19,729,541
19,722,542
19,758,586
19,747,584
19,751,578
19,733,588
19,746,593
19,731,598
19,742,594
19,737,596
19,740,607
19,748,613
19,743,620
19,754,626
19,733,618
19,750,677
19,794,740
19,804,823
19,798,826
19,775,791
19,779,787
19,837,898
19,784,786
19,772,795
19,773,803
19,767,805
19,841,896
19,836,903
19,494,276
19,292,363
19,305,363
19,295,370
19,473,189
19,471,180
19,459,175
19,468,173
19,462,167
19,421,124
19,424,118
19,447,153
19,447,147
19,436,142
19,845,45
19,842,43
19,691,69
19,686,74
19,698,73
19,878,932
19,880,927
19,1023,912
19,1089,912
19,1113,914
19,1087,919
19,1112,918
19,990,911
19,1240,941
19,1161,934
19,1143,933
19,1034,946
19,1197,904
19,1199,911
19,1246,929
19,1366,936
19,1398,935
19,1394,945
19,946,931
19,948,944
19,980,940
19,970,939
19,947,935
19,948,939
19,1158,945
19,1156,940
19,995,935
19,995,940
19,1006,935
19,1007,942
19,1107,926
19,1109,933
19,1101,923
19,1100,927
19,1326,949
19,1327,933
19,1335,947
19,1334,942
19,1396,949
19,1250,922
19,1248,918
19,1378,953
19,1375,948
19,1388,939
19,1393,939
19,1457,954
19,1549,950
19,1591,938
19,1575,944
19,1383,923
19,1367,919
19,1511,954
19,1148,1024
19,1443,944
19,1424,951
19,1422,947
19,1413,925
19,1487,961
19,1412,933
19,1496,951
19,1496,941
19,1438,942
19,1488,957
19,1421,942
19,1640,943
19,1638,938
19,1638,931
19,1682,940
19,1681,935
19,1666,941
19,1670,937
19,1657,932
19,1667,932
19,1652,928
19,1809,950
19,1809,943
19,1757,950
19,1744,943
19,1745,949
19,1749,939
19,1736,941
19,1826,944
19,1824,950
19,1833,951
19,1843,954
19,1842,950
19,1840,945
19,1885,952
19,1900,953
19,1756,928
19,1755,927
19,1885,936
19,1873,930
19,1859,944
19,1874,943
19,1867,950
19,1891,947
19,362,9
19,370,8
19,1887,941
20,190,231
20,206,375
20,186,390
20,185,380
20,187,385
20,567,284
20,566,289
20,631,403
20,627,406
20,684,478
20,678,478
20,674,482
20,663,446
20,659,447
20,745,548
20,718,554
20,770,686
20,738,548
20,720,548
20,757,577
20,730,544
20,723,545
20,760,588
20,749,586
20,753,581
20,734,590
20,747,595
20,732,600
20,743,595
20,738,599
20,741,609
20,749,616
20,743,621
20,754,629
20,734,620
20,751,680
20,794,736
20,806,827
20,799,830
20,776,794
20,781,790
20,840,901
20,785,789
20,773,798
20,774,805
20,768,807
20,844,898
20,839,905
20,491,277
20,289,363
20,302,363
20,292,371
20,476,191
20,473,181
20,461,177
20,471,175
20,464,169
20,422,125
20,425,119
20,448,154
20,449,148
20,437,143
20,844,47
20,841,44
20,691,71
20,686,76
20,699,74
20,882,934
20,883,928
20,1028,912
20,1091,911
20,1116,914
20,1091,919
20,1115,918
20,983,909
20,1245,942
20,1164,934
20,1147,933
20,1038,946
20,1201,905
20,1202,912
20,1243,929
20,1370,935
20,1402,935
20,1398,945
20,949,931
20,952,944
20,984,940
20,973,939
20,951,935
20,952,939
20,1161,944
20,1159,940
20,999,933
20,998,939
20,1009,935
20,1010,941
20,1110,925
20,1112,932
20,1105,921
20,1105,925
20,1329,948
20,1331,933
20,1338,947
20,1337,943
20,1398,949
20,1247,922
20,1245,918
20,1382,953
20,1379,948
20,1391,939
20,1397,938
20,1461,954
20,1553,949
20,1597,940
20,1581,944
20,1379,923
20,1364,919
20,1514,954
20,1150,1021
20,1446,944
20,1428,951
20,1424,945
20,1416,925
20,1491,961
20,1415,933
20,1500,951
20,1500,941
20,1442,942
20,1492,957
20,1425,942
20,1643,943
20,1641,938
20,1641,931
20,1685,940
20,1685,935
20,1671,943
20,1674,938
20,1661,934
20,1670,932
20,1656,928
20,1813,950
20,1813,943
20,1760,950
20,1746,943
20,1749,950
20,1752,940
20,1739,940
20,1829,944
20,1828,950
20,1836,951
20,1846,953
20,1845,950
20,1843,945
20,1885,952
20,1901,953
20,1752,927
20,1888,935
20,1875,930
20,1863,944
20,1877,943
20,1871,949
20,1895,947
20,364,11
20,373,9
20,1891,941
21,189,228
21,205,376
21,183,390
21,183,380
21,184,385
21,565,282
21,564,287
21,632,404
21,629,407
21,686,481
21,680,481
21,676,485
21,666,448
21,662,449
21,746,551
21,720,557
21,771,690
21,740,551
21,722,551
21,759,580
21,732,547
21,725,547
21,761,590
21,751,589
21,756,584
21,735,592
21,748,596
21,733,603
21,744,597
21,739,601
21,742,612
21,750,619
21,744,623
21,755,632
21,735,622
21,752,682
21,793,733
21,808,830
21,801,832
21,778,796
21,782,792
21,842,903
21,787,792
21,774,800
21,775,807
21,769,809
21,846,900
21,841,907
21,489,277
21,286,363
21,299,363
21,289,371
21,479,193
21,475,183
21,463,179
21,473,176
21,465,170
21,423,125
21,427,120
21,450,156
21,451,149
21,439,144
21,812,12
21,844,49
21,840,46
21,692,73
21,685,77
21,700,76
21,885,936
21,886,929
21,1032,912
21,1094,911
21,1119,913
21,1095,918
21,1118,918
21,977,908
21,1249,943
21,1168,935
21,1151,933
21,1042,946
21,1206,906
21,1205,913
21,1239,928
21,1374,935
21,1406,935
21,1401,945
21,953,930
21,955,943
21,987,939
21,977,938
21,955,935
21,956,939
21,1164,944
21,1163,940
21,1002,932
21,1002,938
21,1013,935
21,1014,941
21,1113,925
21,1116,931
21,1108,919
21,1107,923
21,1331,946
21,1334,932
21,1341,947
21,1340,943
21,1400,948
21,1244,923
21,1242,918
21,1384,952
21,1381,947
21,1394,939
21,1400,938
21,1464,954
21,1556,949
21,1599,940
21,1585,942
21,1375,923
21,1362,919
21,1518,954
21,1152,1018
21,1450,944
21,1431,950
21,1427,944
21,1418,926
21,1494,961
21,1417,933
21,1506,951
21,1505,942
21,1445,941
21,1495,956
21,1428,941
21,1647,943
21,1645,939
21,1645,931
21,1689,941
21,1688,935
21,1673,943
21,1676,938
21,1664,934
21,1673,932
21,1660,929
21,1816,950
21,1817,943
21,1763,949
21,1749,943
21,1753,950
21,1756,940
21,1743,940
21,1833,943
21,1832,950
21,1840,951
21,1849,953
21,1848,949
21,1846,944
21,1885,952
21,1901,953
21,1749,927
21,1891,934
21,1878,930
21,1867,944
21,1881,943
21,1875,949
21,1898,947
21,366,13
21,375,11
21,1894,940
22,188,224
22,204,377
22,182,390
22,181,379
22,183,384
22,562,281
22,561,285
22,634,406
22,631,409
22,688,484
22,682,485
22,678,488
22,668,450
22,664,451
22,747,553
22,722,559
22,772,693
22,741,553
22,723,554
22,760,583
22,733,549
22,726,549
22,763,592
22,753,591
22,758,586
22,737,595
22,749,598
22,735,605
22,745,599
22,740,603
22,742,615
22,751,621
22,745,624
22,755,634
22,736,624
22,753,685
22,792,729
22,809,832
22,802,835
22,779,799
22,783,794
22,845,905
22,789,795
22,775,803
22,776,810
22,769,811
22,848,902
22,844,909
22,486,277
22,282,364
22,295,363
22,285,372
22,482,195
22,477,184
22,465,181
22,475,178
22,467,172
22,424,125
22,428,121
22,451,157
22,453,150
22,440,145
22,802,21
22,842,51
22,838,47
22,693,74
22,701,77
22,889,938
22,889,930
22,1037,912
22,1098,911
22,1123,913
22,1098,917
22,1122,918
22,970,907
22,1253,942
22,1172,935
22,1154,933
22,1046,946
22,1211,907
22,1208,914
22,1236,927
22,1377,935
22,1409,935
22,1404,945
22,955,930
22,958,943
22,991,939
22,981,937
22,956,934
22,958,938
22,1166,944
22,1165,940
22,1005,930
22,1007,936
22,1016,934
22,1017,941
22,1116,924
22,1119,929
22,1111,917
22,1110,921
22,1333,946
22,1338,932
22,1344,948
22,1343,943
22,1403,948
22,1241,923
22,1239,918
22,1386,951
22,1383,946
22,1398,939
22,1403,938
22,1466,954
22,1559,948
22,1604,940
22,1590,942
22,1371,923
22,1359,919
22,1520,954
22,1154,1015
22,1454,944
22,1434,950
22,1430,944
22,1420,926
22,1497,961
22,1419,933
22,1509,951
22,1508,943
22,1448,941
22,1498,956
22,1431,940
22,1650,943
22,1649,939
22,1648,931
22,1692,941
22,1691,935
22,1676,943
22,1679,938
22,1667,934
22,1676,932
22,1661,929
22,1819,950
22,1820,944
22,1766,949
22,1753,943
22,1755,950
22,1760,940
22,1746,940
22,1836,942
22,1834,950
22,1842,951
22,1852,952
22,1851,949
22,1848,944
22,1886,952
22,1900,954
22,1746,926
22,1894,933
22,1880,930
22,1869,944
22,1883,943
22,1877,948
22,1901,947
22,367,16
22,376,12
22,1897,940
23,187,220
23,202,378
23,180,389
23,178,379
23,182,384
23,559,280
23,558,284
23,635,407
23,632,411
23,690,487
23,684,487
23,680,490
23,671,452
23,667,454
23,748,555
23,722,561
23,772,696
23,743,557
23,724,555
23,763,586
23,734,552
23,728,552
23,763,594
23,754,593
23,759,589
23,737,597
23,750,599
23,736,608
23,746,600
23,741,605
23,742,617
23,751,623
23,745,626
23,755,636
23,737,627
23,754,687
23,791,725
23,811,835
23,804,837
23,781,802
23,784,797
23,848,908
23,789,797
23,776,806
23,777,812
23,770,813
23,850,904
23,847,912
23,483,277
23,279,364
23,292,363
23,282,372
23,485,197
23,480,185
23,467,181
23,477,179
23,469,174
23,425,126
23,429,121
23,452,158
23,454,151
23,441,146
23,795,29
23,840,52
23,837,49
23,693,76
23,703,79
23,893,940
23,893,930
23,1041,912
23,1102,911
23,1127,912
23,1101,917
23,1127,917
23,961,906
23,1257,942
23,1176,935
23,1157,933
23,1049,945
23,1214,908
23,1211,913
23,1232,927
23,1381,936
23,1412,934
23,1408,944
23,958,930
23,962,942
23,995,938
23,985,936
23,958,934
23,961,938
23,1169,944
23,1168,940
23,1009,929
23,1011,935
23,1020,933
23,1020,941
23,1119,922
23,1122,927
23,1114,915
23,1114,920
23,1336,945
23,1341,931
23,1347,948
23,1346,943
23,1405,948
23,1238,923
23,1236,918
23,1388,951
23,1385,946
23,1402,940
23,1407,938
23,1470,954
23,1563,947
23,1610,941
23,1595,941
23,1366,922
23,1355,919
23,1523,953
23,1156,1013
23,1458,945
23,1437,950
23,1433,944
23,1423,927
23,1501,960
23,1422,933
23,1511,950
23,1511,943
23,1451,941
23,1500,956
23,1434,939
23,1653,943
23,1653,939
23,1651,932
23,1695,941
23,1694,935
23,1679,943
23,1682,937
23,1670,934
23,1679,932
23,1663,930
23,1823,950
23,1824,945
23,1770,949
23,1757,942
23,1757,950
23,1765,940
23,1749,940
23,1839,942
23,1837,950
23,1845,951
23,1855,951
23,1854,948
23,1852,944
23,1886,952
23,1900,954
23,1743,926
23,1898,932
23,1882,931
23,1871,943
23,1886,943
23,1879,948
23,1903,947
23,369,19
23,378,14
23,1900,940
24,186,216
24,201,379
24,178,390
24,174,380
24,179,385
24,443,375
24,556,277
24,555,284
24,637,409
24,634,413
24,692,490
24,686,489
24,682,493
24,673,454
24,669,456
24,749,557
24,723,563
24,773,699
24,745,560
24,725,557
24,765,588
24,735,555
24,730,555
24,764,597
24,756,596
24,760,592
24,738,600
24,751,600
24,737,610
24,747,602
24,742,607
24,742,619
24,752,626
24,746,628
24,756,638
24,737,629
24,755,690
24,791,722
24,812,838
24,806,840
24,782,804
24,785,799
24,850,910
24,790,799
24,777,809
24,778,815
24,771,815
24,852,906
24,850,914
24,480,278
24,275,365
24,289,364
24,279,373
24,488,199
24,482,187
24,469,181
24,479,180
24,471,175
24,426,126
24,430,122
24,453,159
24,454,152
24,443,148
24,789,38
24,838,54
24,835,50
24,692,77
24,702,80
24,897,942
24,896,931
24,1045,912
24,1105,912
24,1131,911
24,1104,917
24,1130,917
24,953,904
24,1261,943
24,1179,935
24,1162,933
24,1052,945
24,1217,908
24,1214,913
24,1229,927
24,1384,936
24,1415,934
24,1412,943
24,961,930
24,965,942
24,999,938
24,989,936
24,960,934
24,964,938
24,1172,945
24,1171,940
24,1013,927
24,1014,933
24,1023,933
24,1023,941
24,1121,921
24,1124,925
24,1117,913
24,1118,918
24,1339,942
24,1345,931
24,1351,947
24,1349,942
24,1408,948
24,1235,923
24,1232,919
24,1392,951
24,1389,946
24,1406,940
24,1411,938
24,1473,955
24,1568,947
24,1616,941
24,1600,940
24,1363,923
24,1351,919
24,1527,952
24,1158,1010
24,1461,946
24,1440,950
24,1436,944
24,1425,927
24,1503,959
24,1425,933
24,1515,949
24,1514,942
24,1455,941
24,1504,955
24,1437,939
24,1657,943
24,1657,939
24,1655,932
24,1699,941
24,1698,936
24,1683,943
24,1685,937
24,1673,934
24,1682,932
24,1665,931
24,1827,950
24,1827,945
24,1772,948
24,1761,941
24,1759,950
24,1769,939
24,1752,940
24,1843,942
24,1840,949
24,1848,950
24,1857,951
24,1857,948
24,1855,944
24,1886,951
24,1898,953
24,1740,926
24,1901,932
24,1884,931
24,1873,942
24,1888,944
24,1881,948
24,1910,947
24,371,22
24,379,16
24,1903,940
25,185,213
25,199,380
25,176,391
25,170,381
25,176,386
25,445,373
25,554,277
25,553,283
25,639,411
25,635,415
25,693,493
25,688,491
25,684,495
25,676,456
25,672,459
25,750,560
25,723,566
25,774,702
25,746,563
25,726,561
25,765,592
25,736,557
25,731,558
25,764,599
25,756,599
25,760,594
25,739,602
25,752,602
25,737,613
25,748,604
25,743,610
25,742,621
25,752,628
25,746,632
25,756,640
25,738,631
25,756,693
25,790,719
25,813,840
25,807,842
25,782,807
25,786,803
25,853,912
25,790,801
25,779,813
25,778,817
25,771,818
25,855,908
25,852,916
25,476,279
25,272,366
25,285,364
25,276,374
25,491,201
25,484,188
25,470,183
25,481,181
25,473,177
25,427,126
25,432,123
25,454,159
25,455,154
25,444,149
25,779,49
25,836,56
25,834,52
25,691,79
25,702,82
25,900,942
25,898,932
25,1049,912
25,1108,912
25,1134,911
25,1107,917
25,1133,916
25,943,904
25,1265,944
25,1183,935
25,1167,933
25,1055,945
25,1221,909
25,1216,914
25,1225,927
25,1387,936
25,1417,933
25,1415,943
25,964,930
25,969,942
25,1003,938
25,993,936
25,964,933
25,968,937
25,1174,945
25,1173,940
25,1017,927
25,1017,932
25,1027,933
25,1027,941
25,1124,921
25,1126,925
25,1121,911
25,1121,916
25,1343,940
25,1348,931
25,1354,947
25,1351,942
25,1410,949
25,1231,924
25,1229,920
25,1396,951
25,1393,946
25,1410,940
25,1414,938
25,1475,956
25,1572,946
25,1622,941
25,1604,940
25,1359,924
25,1347,918
25,1530,950
25,1159,1007
25,1465,946
25,1444,950
25,1440,946
25,1428,928
25,1507,958
25,1428,934
25,1518,948
25,1517,941
25,1459,942
25,1508,954
25,1440,939
25,1660,944
25,1661,938
25,1658,933
25,1702,941
25,1700,936
25,1688,943
25,1689,937
25,1677,934
25,1686,932
25,1669,931
25,1831,950
25,1831,945
25,1775,947
25,1764,941
25,1762,950
25,1771,939
25,1755,939
25,1846,942
25,1843,949
25,1852,950
25,1860,951
25,1861,948
25,1858,944
25,1887,951
25,1896,953
25,1737,926
25,1903,931
25,1886,932
25,1876,941
25,1891,944
25,1884,948
25,1916,948
25,372,24
25,380,18
25,1905,940
26,184,211
26,196,380
26,175,391
26,167,381
26,173,386
26,446,370
26,551,277
26,550,283
26,641,414
26,636,417
26,695,495
26,689,494
26,686,498
26,678,458
26,674,461
26,752,564
26,724,569
26,775,705
26,747,565
26,727,564
26,765,595
26,738,560
26,732,561
26,765,602
26,757,603
26,760,597
26,740,605
26,752,604
26,738,615
26,748,606
26,744,612
26,743,624
26,751,630
26,747,635
26,756,642
26,739,634
26,757,696
26,789,717
26,814,844
26,808,845
26,782,809
26,787,806
26,855,914
26,791,804
26,780,815
26,778,820
26,771,821
26,857,910
26,854,918
26,473,279
26,268,366
26,282,364
26,273,375
26,494,204
26,486,189
26,472,184
26,483,183
26,476,179
26,428,127
26,433,124
26,455,160
26,455,155
26,446,151
26,768,60
26,834,58
26,832,54
26,690,81
26,701,84
26,902,941
26,901,933
26,1052,912
26,1111,912
26,1137,911
26,1111,917
26,1136,916
26,934,904
26,1268,942
26,1186,935
26,1169,933
26,1058,944
26,1223,910
26,1218,915
26,1221,927
26,1391,937
26,1420,933
26,1419,945
26,967,928
26,972,941
26,1005,938
26,996,935
26,968,933
26,972,936
26,1177,945
26,1176,941
26,1021,927
26,1021,932
26,1031,934
26,1030,941
26,1127,921
26,1129,925
26,1124,910
26,1124,915
26,1346,939
26,1351,931
26,1357,947
26,1354,942
26,1412,949
26,1228,924
26,1225,920
26,1398,952
26,1395,947
26,1413,940
26,1417,939
26,1477,956
26,1575,945
26,1627,941
26,1607,942
26,1354,924
26,1343,918
26,1534,949
26,1161,1004
26,1469,947
26,1447,951
26,1444,947
26,1430,928
26,1510,958
26,1430,934
26,1522,948
26,1519,941
26,1463,942
26,1511,954
26,1443,940
26,1663,944
26,1663,938
26,1661,933
26,1706,942
26,1703,936
26,1692,943
26,1691,937
26,1680,934
26,1689,932
26,1672,931
26,1834,950
26,1834,945
26,1778,946
26,1766,940
26,1764,950
26,1774,939
26,1757,938
26,1850,941
26,1846,948
26,1855,949
26,1863,950
26,1864,947
26,1862,943
26,1887,951
26,1898,955
26,1735,927
26,1906,931
26,1888,933
26,1880,940
26,1895,944
26,1887,948
26,374,26
26,381,21
26,1907,941
27,184,209
27,194,380
27,173,391
27,164,381
27,170,387
27,449,368
27,548,276
27,547,282
27,642,416
27,637,419
27,696,498
27,690,497
27,687,501
27,680,461
27,675,463
27,753,566
27,725,572
27,776,707
27,748,569
27,728,567
27,767,599
27,739,563
27,733,564
27,766,605
27,758,606
27,761,600
27,740,608
27,752,607
27,738,618
27,748,608
27,744,615
27,743,626
27,751,632
27,747,638
27,756,644
27,739,637
27,757,698
27,789,714
27,815,847
27,809,847
27,783,812
27,788,809
27,858,916
27,792,806
27,781,818
27,778,822
27,771,824
27,860,912
27,857,921
27,470,280
27,265,367
27,279,365
27,270,376
27,497,206
27,487,190
27,473,186
27,484,184
27,477,180
27,428,128
27,433,124
27,456,161
27,456,156
27,447,152
27,755,72
27,833,60
27,830,56
27,689,82
27,701,85
27,905,941
27,904,934
27,1056,911
27,1114,911
27,1140,910
27,1115,917
27,1140,916
27,925,904
27,1271,941
27,1189,936
27,1172,933
27,1061,943
27,1225,911
27,1219,915
27,1217,925
27,1394,936
27,1422,933
27,1422,945
27,970,927
27,976,940
27,1008,938
27,998,934
27,972,932
27,975,936
27,1180,946
27,1179,942
27,1025,926
27,1024,932
27,1034,934
27,1034,941
27,1129,920
27,1132,924
27,1128,909
27,1127,914
27,1349,937
27,1353,931
27,1359,946
27,1356,942
27,1415,950
27,1225,924
27,1223,920
27,1400,952
27,1397,947
27,1416,940
27,1420,940
27,1479,957
27,1578,945
27,1632,941
27,1611,941
27,1349,924
27,1339,918
27,1536,948
27,1164,1001
27,1472,947
27,1450,951
27,1447,947
27,1432,929
27,1514,958
27,1433,935
27,1526,947
27,1523,940
27,1467,943
27,1514,954
27,1447,940
27,1666,944
27,1666,938
27,1664,933
27,1709,943
27,1707,937
27,1696,944
27,1694,938
27,1683,935
27,1691,932
27,1675,931
27,1838,950
27,1837,945
27,1780,946
27,1770,939
27,1767,949
27,1761,938
27,1853,939
27,1849,946
27,1858,948
27,1865,950
27,1866,946
27,1865,943
27,1887,951
27,1896,953
27,1733,928
27,1908,931
27,1890,933
27,1882,939
27,1897,944
27,1889,947
27,375,29
27,382,23
27,1909,941
28,184,206
28,193,382
28,171,393
28,162,383
28,168,387
28,452,367
28,544,275
28,545,282
28,642,418
28,639,421
28,698,501
28,691,500
28,689,505
28,683,464
28,677,465
28,753,569
28,726,575
28,777,710
28,749,574
28,729,570
28,768,603
28,741,566
28,734,567
28,767,609
28,759,610
28,763,604
28,740,610
28,752,609
28,738,620
28,748,610
28,745,617
28,744,629
28,751,635
28,747,641
28,756,647
28,740,640
28,757,701
28,789,711
28,817,850
28,811,850
28,785,816
28,789,812
28,861,919
28,793,809
28,783,820
28,779,825
28,772,827
28,864,914
28,860,923
28,467,282
28,262,369
28,275,367
28,267,377
28,501,209
28,489,192
28,475,188
28,485,186
28,479,181
28,429,129
28,434,125
28,457,163
28,457,158
28,448,154
28,742,83
28,831,62
28,828,58
28,688,84
28,700,87
28,910,941
28,909,934
28,1061,911
28,1117,911
28,1143,909
28,1119,917
28,1143,915
28,917,904
28,1276,941
28,1192,937
28,1175,934
28,1063,942
28,1229,911
28,1222,916
28,1214,924
28,1398,936
28,1425,933
28,1426,945
28,973,925
28,979,940
28,1010,937
28,1001,933
28,975,932
28,979,936
28,1183,946
28,1182,942
28,1029,925
28,1028,932
28,1037,934
28,1037,941
28,1132,919
28,1135,923
28,1131,909
28,1130,913
28,1353,935
28,1358,930
28,1362,946
28,1361,941
28,1417,950
28,1222,924
28,1221,919
28,1403,951
28,1400,947
28,1420,941
28,1424,940
28,1482,957
28,1582,943
28,1638,941
28,1614,940
28,1345,925
28,1336,918
28,1539,948
28,1166,998
28,1476,947
28,1453,951
28,1450,947
28,1434,929
28,1517,957
28,1435,936
28,1530,947
28,1527,940
28,1471,944
28,1518,954
28,1450,940
28,1669,944
28,1669,938
28,1667,933
28,1712,943
28,1710,937
28,1700,945
28,1697,939
28,1686,936
28,1694,933
28,1678,931
28,1841,949
28,1840,944
28,1782,945
28,1773,938
28,1770,948
28,1764,937
28,1856,938
28,1852,945
28,1861,948
28,1868,950
28,1869,946
28,1868,943
28,1887,951
28,1896,951
28,1731,928
28,1910,930
28,1893,933
28,1885,938
28,1901,944
28,1893,946
28,376,31
28,383,26
28,367,7
28,1911,942
29,185,203
29,191,383
29,168,395
29,160,383
29,165,387
29,455,366
29,541,275
29,542,281
29,644,420
29,640,422
29,700,505
29,694,503
29,691,508
29,684,467
29,679,468
29,755,573
29,728,577
29,779,714
29,750,578
29,730,573
29,769,607
29,741,569
29,734,570
29,768,613
29,760,613
29,764,607
29,740,613
29,753,612
29,739,622
29,749,613
29,746,620
29,744,632
29,753,638
29,747,643
29,757,649
29,740,643
29,757,704
29,790,706
29,820,853
29,813,855
29,787,819
29,790,815
29,864,921
29,794,812
29,784,823
29,779,828
29,772,830
29,867,917
29,863,925
29,464,284
29,259,370
29,271,369
29,263,377
29,503,211
29,491,194
29,477,189
29,487,187
29,480,183
29,430,130
29,434,126
29,458,164
29,458,159
29,449,156
29,732,95
29,829,65
29,827,60
29,687,85
29,700,89
29,914,941
29,914,934
29,1066,911
29,1121,911
29,1147,910
29,1121,916
29,1147,915
29,908,904
29,1283,942
29,1195,937
29,1179,934
29,1067,942
29,1232,910
29,1226,916
29,1210,923
29,1402,936
29,1428,933
29,1430,945
29,977,925
29,982,940
29,1014,937
29,1005,932
29,978,931
29,982,936
29,1186,947
29,1185,942
29,1033,925
29,1033,932
29,1040,935
29,1041,941
29,1135,918
29,1138,922
29,1135,907
29,1135,911
29,1357,934
29,1363,930
29,1366,946
29,1366,941
29,1420,949
29,1219,923
29,1219,918
29,1407,951
29,1404,947
29,1424,943
29,1429,940
29,1486,957
29,1587,943
29,1643,942
29,1620,941
29,1343,925
29,1333,918
29,1543,948
29,1169,995
29,1479,947
29,1456,951
29,1453,948
29,1436,929
29,1521,956
29,1438,936
29,1533,946
29,1530,939
29,1474,943
29,1521,953
29,1454,940
29,1672,944
29,1671,938
29,1670,933
29,1715,943
29,1713,937
29,1703,945
29,1701,939
29,1688,935
29,1698,933
29,1681,931
29,1844,948
29,1843,943
29,1785,945
29,1777,937
29,1773,948
29,1768,936
29,1859,936
29,1856,943
29,1864,947
29,1872,949
29,1872,945
29,1871,941
29,1887,951
29,1895,948
29,1729,929
29,1912,930
29,1895,932
29,1888,937
29,1906,944
29,1897,946
29,377,34
29,384,29
29,368,7
30,186,201
30,188,383
30,166,395
30,157,383
30,163,389
30,457,364
30,538,275
30,539,281
30,646,422
30,641,424
30,703,508
30,697,507
30,693,511
30,686,470
30,681,471
30,757,576
30,729,579
30,780,718
30,750,581
30,732,575
30,770,611
30,741,572
30,735,572
30,769,615
30,761,616
30,764,609
30,740,615
30,754,615
30,739,624
30,749,615
30,745,622
30,745,635
30,753,641
30,748,645
30,758,652
30,741,646
30,757,707
30,790,703
30,821,855
30,816,858
30,789,823
30,791,819
30,868,924
30,795,815
30,785,826
30,780,831
30,773,832
30,870,919
30,867,927
30,460,285
30,255,371
30,268,370
30,261,378
30,506,214
30,493,197
30,480,191
30,488,189
30,482,184
30,431,131
30,435,127
30,459,166
30,459,160
30,450,158
30,722,106
30,827,67
30,825,62
30,687,88
30,699,91
30,917,941
30,917,933
30,1070,911
30,1125,911
30,1151,910
30,1124,916
30,1151,914
30,899,903
30,1286,943
30,1200,939
30,1183,933
30,1070,942
30,1237,911
30,1228,917
30,1206,922
30,1406,937
30,1431,932
30,1433,945
30,981,925
30,986,941
30,1018,937
30,1009,932
30,982,931
30,985,936
30,1190,947
30,1188,942
30,1037,926
30,1037,932
30,1042,935
30,1044,941
30,1137,917
30,1142,922
30,1139,906
30,1140,909
30,1361,933
30,1367,930
30,1368,944
30,1368,941
30,1424,948
30,1217,921
30,1216,916
30,1409,951
30,1406,947
30,1429,943
30,1432,940
30,1489,957
30,1590,943
30,1648,943
30,1625,942
30,1341,926
30,1330,918
30,1548,948
30,1171,991
30,1483,947
30,1459,951
30,1456,948
30,1438,929
30,1525,956
30,1440,936
30,1536,946
30,1534,938
30,1478,942
30,1526,952
30,1457,940
30,1676,944
30,1674,938
30,1674,933
30,1718,943
30,1716,938
30,1707,946
30,1706,940
30,1691,934
30,1702,933
30,1684,931
30,1849,947
30,1846,942
30,1790,945
30,1780,937
30,1776,949
30,1863,935
30,1860,940
30,1867,945
30,1875,948
30,1875,943
30,1874,940
30,1887,952
30,1893,946
30,1727,930
30,1897,931
30,1892,937
30,1908,945
30,1900,945
30,378,37
30,385,32
30,370,8
