1,153,437
1,153,442
1,153,448
1,150,452
1,176,443
1,176,447
1,182,454
1,171,459
1,170,464
1,170,468
1,17,461
1,71,483
1,66,488
1,82,503
1,88,509
1,86,519
1,82,526
1,343,452
1,333,458
1,529,458
1,523,459
1,552,483
1,544,487
1,544,544
1,543,549
1,404,543
1,392,566
1,392,571
1,475,563
1,475,571
1,563,578
1,561,585
1,589,576
1,589,581
1,749,601
1,762,600
1,764,605
1,718,505
1,760,514
1,759,519
1,758,523
1,772,513
1,770,505
1,747,497
1,748,488
1,767,491
1,7,568
1,64,568
1,882,495
1,924,506
1,940,508
1,888,521
1,891,530
1,891,535
1,919,494
1,939,501
1,869,588
1,1157,541
1,897,623
1,1021,611
1,1091,618
1,1318,534
1,1319,539
1,1319,546
1,1315,551
1,1196,509
1,1197,516
1,1335,628
1,1475,638
1,1469,645
1,1726,626
1,1664,709
1,1818,809
1,1816,817
1,1816,823
1,1887,749
1,1892,743
1,1898,739
1,1848,701
1,1781,673
1,1775,676
1,1772,680
1,1667,617
1,1590,644
1,1743,632
1,1739,635
1,1737,638
1,1314,638
1,1315,644
2,151,437
2,151,442
2,151,448
2,147,452
2,173,443
2,174,448
2,176,453
2,168,459
2,167,464
2,167,469
2,13,463
2,70,484
2,64,488
2,81,503
2,84,510
2,85,520
2,78,526
2,337,453
2,329,461
2,524,458
2,519,461
2,551,484
2,542,488
2,547,546
2,546,550
2,410,546
2,395,567
2,394,572
2,468,564
2,469,573
2,560,579
2,558,585
2,586,577
2,588,583
2,746,602
2,760,602
2,762,608
2,718,507
2,757,513
2,758,519
2,756,524
2,768,515
2,768,507
2,9,568
2,1088,187
2,1074,202
2,68,568
2,878,495
2,921,505
2,939,511
2,885,519
2,890,532
2,890,537
2,918,496
2,936,503
2,875,591
2,1154,540
2,895,624
2,1018,611
2,1087,619
2,1315,535
2,1316,539
2,1316,547
2,1310,552
2,1192,509
2,1195,516
2,1457,546
2,1457,551
2,1458,556
2,1333,629
2,1471,638
2,1466,645
2,1724,626
2,1668,711
2,1816,807
2,1814,816
2,1811,821
2,1883,746
2,1888,740
2,1894,736
2,1845,700
2,1779,671
2,1773,675
2,1769,679
2,1661,610
2,1588,644
2,1740,631
2,1737,634
2,1734,638
2,1317,638
2,1318,644
3,149,438
3,150,443
3,150,449
3,145,453
3,170,443
3,172,449
3,172,453
3,166,459
3,165,465
3,165,470
3,10,463
3,65,483
3,62,488
3,78,503
3,81,509
3,80,520
3,73,525
3,333,453
3,327,461
3,519,457
3,516,461
3,546,483
3,537,488
3,550,546
3,549,552
3,414,546
3,398,568
3,397,574
3,465,564
3,466,572
3,556,579
3,554,585
3,585,577
3,585,583
3,743,603
3,758,602
3,759,608
3,716,509
3,755,513
3,754,519
3,754,524
3,766,515
3,766,507
3,11,569
3,1088,187
3,1074,202
3,73,568
3,875,495
3,918,503
3,936,512
3,881,519
3,885,530
3,886,536
3,915,497
3,932,503
3,880,592
3,1151,540
3,892,625
3,1015,611
3,1084,620
3,1313,536
3,1313,540
3,1313,548
3,1306,553
3,1189,509
3,1193,516
3,1453,548
3,1454,553
3,1456,558
3,1331,630
3,1468,639
3,1464,646
3,1722,626
3,1672,713
3,1814,806
3,1812,815
3,1807,819
3,1879,743
3,1884,738
3,1891,733
3,1842,699
3,1777,670
3,1772,675
3,1767,679
3,1655,603
3,1586,644
3,1737,630
3,1735,633
3,1732,638
3,1320,639
3,1322,645
4,146,438
4,149,444
4,146,451
4,145,455
4,167,443
4,168,452
4,169,454
4,162,458
4,161,465
4,161,470
4,7,464
4,62,482
4,61,488
4,75,501
4,76,508
4,77,519
4,70,524
4,328,453
4,323,461
4,515,457
4,513,460
4,543,484
4,533,487
4,554,546
4,552,552
4,419,547
4,401,569
4,400,575
4,461,563
4,461,570
4,551,578
4,550,585
4,583,576
4,582,582
4,740,604
4,754,603
4,755,608
4,713,507
4,751,513
4,751,517
4,750,523
4,762,516
4,762,507
4,13,569
4,1088,187
4,1074,202
4,78,568
4,871,495
4,914,502
4,927,511
4,878,519
4,881,528
4,882,536
4,913,498
4,927,504
4,884,592
4,1149,540
4,888,625
4,1013,612
4,1081,620
4,1310,537
4,1310,541
4,1310,548
4,1303,555
4,1186,510
4,1190,517
4,1450,549
4,1451,553
4,1454,559
4,1325,629
4,1465,640
4,1461,646
4,1719,626
4,1675,716
4,1812,804
4,1810,814
4,1803,817
4,1875,741
4,1880,736
4,1888,731
4,1839,698
4,1773,670
4,1769,675
4,1763,678
4,1648,592
4,1581,643
4,1734,630
4,1733,633
4,1730,638
4,1324,639
4,1326,645
5,143,437
5,145,443
5,143,450
5,140,455
5,164,443
5,165,452
5,167,454
5,157,458
5,158,464
5,157,469
5,6,464
5,62,482
5,60,487
5,73,499
5,71,507
5,74,517
5,70,523
5,325,452
5,319,462
5,513,456
5,510,460
5,541,483
5,533,485
5,559,547
5,557,552
5,425,549
5,404,569
5,403,575
5,457,563
5,457,570
5,545,577
5,547,585
5,579,576
5,579,582
5,738,604
5,750,602
5,750,608
5,710,506
5,746,513
5,748,517
5,746,523
5,758,517
5,758,510
5,16,569
5,1088,187
5,1074,202
5,83,568
5,867,495
5,911,501
5,922,511
5,874,520
5,877,528
5,879,537
5,911,500
5,923,505
5,889,592
5,1146,541
5,884,625
5,1010,612
5,1078,621
5,1307,538
5,1307,542
5,1306,548
5,1301,555
5,1184,510
5,1186,517
5,1447,548
5,1448,552
5,1450,559
5,1320,628
5,1461,640
5,1459,646
5,1716,624
5,1678,718
5,1809,804
5,1807,813
5,1800,816
5,1870,739
5,1877,734
5,1885,730
5,1836,697
5,1768,668
5,1764,674
5,1758,676
5,1640,580
5,1573,641
5,1731,628
5,1730,632
5,1727,636
5,1328,640
5,1329,646
6,141,437
6,141,442
6,139,449
6,135,455
6,161,443
6,163,450
6,166,454
6,153,458
6,154,464
6,153,469
6,57,478
6,57,486
6,70,497
6,68,507
6,70,515
6,65,518
6,320,451
6,317,462
6,508,456
6,503,459
6,537,483
6,527,485
6,563,547
6,561,552
6,427,547
6,408,569
6,406,575
6,454,563
6,455,570
6,540,576
6,543,585
6,577,577
6,576,582
6,735,604
6,747,600
6,746,608
6,707,507
6,743,513
6,745,518
6,743,523
6,755,517
6,756,510
6,19,569
6,1088,187
6,1074,202
6,92,569
6,861,493
6,906,501
6,917,511
6,871,519
6,872,528
6,874,536
6,913,501
6,921,505
6,893,591
6,1142,539
6,879,624
6,1007,613
6,1068,621
6,1303,538
6,1303,544
6,1303,548
6,1299,554
6,1182,510
6,1182,517
6,1445,547
6,1445,552
6,1447,558
6,1317,628
6,1457,640
6,1456,646
6,1712,622
6,1680,721
6,1805,804
6,1805,811
6,1800,815
6,1864,738
6,1876,733
6,1883,730
6,1833,696
6,1765,664
6,1760,670
6,1756,674
6,1635,570
6,1571,641
6,1728,626
6,1727,630
6,1724,634
6,1334,640
6,1333,646
7,138,437
7,137,442
7,137,448
7,134,455
7,159,443
7,161,449
7,162,453
7,152,457
7,151,464
7,149,468
7,54,478
7,54,486
7,70,495
7,66,506
7,68,513
7,62,517
7,316,450
7,314,462
7,504,454
7,500,457
7,534,482
7,524,485
7,567,547
7,565,553
7,431,548
7,411,569
7,409,575
7,450,561
7,452,569
7,538,574
7,536,583
7,575,578
7,573,582
7,731,604
7,745,600
7,744,608
7,702,507
7,739,512
7,740,517
7,738,522
7,752,517
7,752,511
7,22,569
7,1088,187
7,1074,202
7,99,569
7,857,493
7,902,501
7,913,511
7,866,518
7,869,525
7,869,536
7,915,503
7,921,509
7,898,591
7,1138,539
7,874,623
7,1005,613
7,1064,621
7,1300,538
7,1299,544
7,1300,549
7,1294,554
7,1177,511
7,1179,517
7,1442,547
7,1443,552
7,1442,558
7,1314,628
7,1454,640
7,1452,645
7,1709,620
7,1682,722
7,1802,803
7,1802,809
7,1798,813
7,1861,735
7,1874,731
7,1880,728
7,1830,694
7,1762,661
7,1757,667
7,1752,672
7,1631,559
7,1570,640
7,1724,624
7,1723,628
7,1721,632
7,1338,641
7,1337,646
8,135,437
8,133,443
8,135,448
8,133,455
8,157,442
8,158,449
8,158,453
8,150,456
8,147,463
8,145,467
8,51,478
8,51,486
8,66,497
8,63,504
8,65,511
8,60,515
8,312,450
8,311,462
8,500,452
8,496,455
8,531,481
8,521,484
8,571,547
8,570,554
8,435,549
8,414,570
8,412,575
8,444,560
8,447,567
8,536,572
8,529,580
8,573,578
8,570,581
8,728,601
8,743,601
8,743,608
8,700,506
8,735,510
8,736,516
8,733,521
8,749,517
8,747,511
8,25,569
8,1088,187
8,1074,202
8,106,569
8,853,493
8,899,501
8,910,511
8,863,518
8,865,525
8,865,535
8,908,501
8,915,509
8,903,591
8,1132,538
8,869,622
8,998,614
8,1059,621
8,1296,538
8,1294,544
8,1296,550
8,1289,554
8,1172,511
8,1175,517
8,1438,547
8,1440,552
8,1437,558
8,1311,628
8,1451,640
8,1449,645
8,1705,619
8,1685,723
8,1801,801
8,1798,807
8,1795,810
8,1859,732
8,1871,728
8,1877,725
8,1827,691
8,1759,658
8,1753,664
8,1747,669
8,1626,546
8,1568,640
8,1721,622
8,1720,626
8,1718,630
8,1341,641
8,1340,646
9,132,437
9,131,444
9,132,449
9,130,455
9,155,443
9,156,449
9,157,453
9,147,458
9,145,462
9,144,468
9,50,477
9,50,485
9,64,496
9,62,503
9,63,511
9,62,514
9,306,452
9,309,463
9,495,451
9,495,457
9,529,482
9,520,484
9,575,547
9,574,555
9,441,549
9,417,571
9,415,576
9,438,560
9,440,566
9,532,572
9,526,578
9,571,576
9,569,581
9,724,600
9,737,600
9,737,606
9,697,505
9,734,511
9,735,517
9,732,522
9,745,517
9,745,511
9,27,569
9,1088,187
9,1074,202
9,111,569
9,849,493
9,896,501
9,905,511
9,860,519
9,861,526
9,861,534
9,902,500
9,909,509
9,908,591
9,1128,538
9,864,621
9,993,613
9,1055,622
9,1293,536
9,1292,544
9,1291,549
9,1285,554
9,1170,513
9,1171,518
9,1435,547
9,1435,553
9,1433,556
9,1308,628
9,1448,640
9,1446,644
9,1702,617
9,1688,725
9,1799,799
9,1795,805
9,1792,808
9,1857,729
9,1869,726
9,1874,722
9,1825,689
9,1757,656
9,1750,661
9,1743,666
9,1621,533
9,1567,639
9,1718,620
9,1717,625
9,1715,627
9,1344,641
9,1343,646
10,130,438
10,130,442
10,129,448
10,126,454
10,153,443
10,154,448
10,155,452
10,143,457
10,143,462
10,141,468
10,46,476
10,45,484
10,62,494
10,60,502
10,61,511
10,57,514
10,304,451
10,307,463
10,493,449
10,487,454
10,525,482
10,518,484
10,578,548
10,577,556
10,446,549
10,420,572
10,418,578
10,435,560
10,436,567
10,528,571
10,523,576
10,567,575
10,566,581
10,720,598
10,731,598
10,731,604
10,694,503
10,732,510
10,730,516
10,728,520
10,744,517
10,742,510
10,30,569
10,1088,187
10,1074,202
10,115,569
10,846,494
10,894,501
10,901,511
10,857,520
10,857,527
10,857,533
10,895,498
10,904,509
10,913,591
10,1124,539
10,860,620
10,989,611
10,1051,622
10,1289,535
10,1289,542
10,1285,548
10,1281,553
10,1167,513
10,1166,518
10,1432,548
10,1430,553
10,1428,555
10,1304,628
10,1445,640
10,1442,644
10,1698,615
10,1691,726
10,1797,798
10,1792,803
10,1789,805
10,1856,725
10,1866,723
10,1871,719
10,1822,686
10,1754,653
10,1747,658
10,1738,663
10,1616,520
10,1565,639
10,1714,618
10,1713,623
10,1712,625
10,1347,641
10,1347,646
11,128,436
11,127,442
11,126,447
11,124,452
11,147,441
11,151,447
11,150,450
11,139,455
11,140,462
11,139,468
11,44,476
11,45,483
11,60,493
11,57,500
11,59,507
11,55,509
11,299,451
11,305,463
11,488,450
11,485,454
11,523,482
11,514,483
11,582,548
11,580,557
11,450,549
11,422,573
11,421,579
11,433,560
11,432,569
11,523,570
11,519,575
11,562,575
11,561,579
11,717,597
11,727,598
11,726,603
11,691,501
11,725,509
11,726,516
11,725,520
11,739,517
11,737,509
11,32,569
11,1088,187
11,1074,202
11,119,568
11,842,495
11,892,501
11,896,511
11,853,520
11,853,527
11,854,533
11,891,498
11,899,509
11,919,591
11,1121,539
11,856,620
11,986,611
11,1046,621
11,1287,535
11,1286,542
11,1283,549
11,1279,553
11,1163,513
11,1164,518
11,1430,548
11,1428,553
11,1427,555
11,1300,628
11,1442,639
11,1440,643
11,1693,611
11,1694,727
11,1794,793
11,1791,801
11,1787,803
11,1855,723
11,1860,718
11,1866,716
11,1818,683
11,1749,650
11,1742,655
11,1738,661
11,1611,509
11,1563,639
11,1710,613
11,1711,621
11,1709,623
11,1351,641
11,1352,646
12,125,435
12,124,441
12,124,446
12,121,451
12,144,439
12,148,446
12,147,450
12,135,454
12,137,462
12,136,467
12,41,474
12,42,481
12,57,492
12,55,500
12,57,504
12,54,507
12,293,450
12,301,462
12,486,449
12,483,452
12,521,481
12,512,482
12,586,549
12,584,558
12,454,549
12,425,573
12,424,579
12,429,560
12,429,569
12,518,569
12,515,574
12,561,575
12,560,579
12,714,596
12,723,598
12,721,602
12,691,503
12,721,508
12,723,515
12,721,519
12,738,518
12,733,508
12,35,569
12,1088,187
12,1074,202
12,125,567
12,838,496
12,889,500
12,892,510
12,849,520
12,849,527
12,850,533
12,888,498
12,894,508
12,925,591
12,1118,539
12,852,620
12,982,612
12,1041,620
12,1284,536
12,1283,542
12,1280,549
12,1276,553
12,1160,512
12,1161,518
12,1428,548
12,1426,553
12,1426,555
12,1296,628
12,1438,638
12,1438,643
12,1692,608
12,1695,729
12,1792,790
12,1790,799
12,1785,802
12,1853,722
12,1856,716
12,1865,716
12,1815,680
12,1744,647
12,1740,654
12,1737,659
12,1607,497
12,1559,639
12,1710,613
12,1709,619
12,1708,621
12,1356,642
12,1357,647
12,8,566
13,123,434
13,122,440
13,122,446
13,117,450
13,142,438
13,144,446
13,145,450
13,132,453
13,132,461
13,132,467
13,37,472
13,39,479
13,54,490
13,53,497
13,55,501
13,51,505
13,287,449
13,298,460
13,481,448
13,477,451
13,518,480
13,510,482
13,589,549
13,586,557
13,458,549
13,428,572
13,427,578
13,425,559
13,427,568
13,514,568
13,510,572
13,557,573
13,554,578
13,709,594
13,719,596
13,719,601
13,687,503
13,719,507
13,719,513
13,717,517
13,731,515
13,729,507
13,37,568
13,1088,187
13,1074,202
13,132,565
13,833,496
13,885,499
13,887,509
13,844,519
13,845,526
13,847,533
13,885,498
13,889,507
13,930,591
13,1115,537
13,847,620
13,979,613
13,1036,620
13,1280,537
13,1281,544
13,1278,549
13,1274,553
13,1155,512
13,1157,518
13,1425,548
13,1424,552
13,1424,554
13,1293,628
13,1435,637
13,1435,643
13,1690,608
13,1696,730
13,1790,788
13,1788,798
13,1783,800
13,1850,720
13,1854,716
13,1862,714
13,1813,678
13,1740,643
13,1736,652
13,1733,657
13,1607,487
13,1554,637
13,1710,612
13,1708,617
13,1705,621
13,1359,643
13,1361,648
13,13,566
14,120,433
14,119,439
14,120,446
14,114,449
14,140,438
14,141,445
14,143,451
14,128,452
14,127,460
14,129,466
14,34,471
14,36,477
14,52,487
14,51,492
14,52,500
14,48,504
14,282,449
14,294,459
14,476,447
14,472,451
14,516,479
14,509,482
14,593,550
14,589,557
14,462,548
14,431,571
14,429,577
14,420,559
14,424,567
14,511,567
14,506,572
14,554,572
14,549,577
14,704,594
14,716,594
14,717,600
14,684,502
14,716,505
14,716,512
14,713,516
14,725,514
14,725,507
14,39,568
14,1088,187
14,1074,202
14,134,564
14,829,496
14,882,499
14,883,509
14,840,518
14,841,525
14,844,533
14,882,498
14,884,507
14,935,591
14,1111,537
14,843,620
14,976,613
14,1033,620
14,1275,537
14,1275,544
14,1276,549
14,1270,552
14,1153,513
14,1153,518
14,1422,547
14,1421,552
14,1420,553
14,1289,628
14,1433,637
14,1431,642
14,1688,607
14,1697,732
14,1787,787
14,1785,796
14,1781,801
14,1847,718
14,1851,715
14,1859,712
14,1810,677
14,1738,641
14,1733,650
14,1729,654
14,1608,477
14,1550,635
14,1708,611
14,1706,615
14,1702,619
14,1362,643
14,1365,648
14,19,566
15,116,433
15,116,439
15,116,447
15,112,448
15,137,438
15,139,445
15,141,451
15,125,452
15,124,460
15,125,465
15,32,470
15,34,477
15,50,485
15,48,491
15,49,498
15,46,502
15,280,449
15,290,459
15,472,447
15,469,451
15,511,479
15,509,482
15,597,550
15,592,557
15,468,548
15,434,571
15,432,576
15,415,559
15,420,567
15,506,565
15,504,572
15,554,572
15,549,576
15,701,594
15,711,594
15,710,600
15,680,500
15,711,505
15,711,512
15,709,516
15,723,514
15,723,507
15,41,568
15,1088,187
15,1074,202
15,139,564
15,823,495
15,879,499
15,878,508
15,836,518
15,837,525
15,840,533
15,879,498
15,879,506
15,940,591
15,1107,537
15,838,617
15,972,613
15,1030,621
15,1271,536
15,1271,544
15,1273,549
15,1267,552
15,1150,513
15,1150,517
15,1418,546
15,1417,551
15,1416,552
15,1285,629
15,1431,638
15,1429,640
15,1684,605
15,1697,732
15,1782,785
15,1780,793
15,1780,804
15,1844,715
15,1848,712
15,1857,710
15,1805,674
15,1735,640
15,1731,647
15,1724,649
15,1609,466
15,1548,633
15,1704,610
15,1701,611
15,1698,616
15,1365,644
15,1369,648
15,20,565
16,112,433
16,113,439
16,112,448
16,110,447
16,134,438
16,136,444
16,139,451
16,122,451
16,121,460
16,122,464
16,30,470
16,33,476
16,47,484
16,45,489
16,46,497
16,43,501
16,278,449
16,286,459
16,469,447
16,466,451
16,505,480
16,509,482
16,600,551
16,596,558
16,472,547
16,436,571
16,434,576
16,410,560
16,413,570
16,500,564
16,499,572
16,549,572
16,546,575
16,697,594
16,707,594
16,705,600
16,676,498
16,707,504
16,707,512
16,706,517
16,720,514
16,720,507
16,44,568
16,1088,187
16,1074,202
16,147,564
16,817,495
16,876,499
16,875,507
16,832,517
16,834,524
16,837,532
16,876,497
16,874,506
16,945,591
16,1103,537
16,834,616
16,969,612
16,1026,621
16,1268,536
16,1268,542
16,1269,549
16,1263,552
16,1146,511
16,1147,515
16,1414,545
16,1413,551
16,1412,551
16,1282,630
16,1429,637
16,1426,639
16,1681,603
16,1698,733
16,1779,784
16,1776,791
16,1778,804
16,1841,714
16,1844,710
16,1853,708
16,1802,672
16,1732,638
16,1727,644
16,1720,646
16,1609,454
16,1543,629
16,1701,608
16,1697,608
16,1695,613
16,1368,644
16,1371,648
16,21,564
17,108,432
17,110,439
17,108,448
17,108,447
17,130,438
17,134,444
17,138,451
17,120,451
17,118,460
17,118,464
17,28,469
17,31,476
17,45,482
17,42,487
17,44,495
17,40,500
17,274,448
17,284,457
17,464,446
17,462,451
17,502,479
17,503,483
17,602,552
17,600,559
17,476,546
17,438,572
17,436,577
17,406,559
17,409,570
17,495,564
17,494,571
17,544,572
17,543,575
17,694,593
17,704,594
17,702,600
17,674,497
17,704,504
17,704,512
17,702,516
17,47,568
17,1088,187
17,1074,202
17,153,564
17,812,492
17,874,500
17,870,507
17,829,516
17,830,524
17,833,532
17,872,497
17,869,506
17,949,591
17,1100,537
17,830,616
17,966,610
17,1021,621
17,1265,536
17,1265,541
17,1265,548
17,1260,551
17,1142,510
17,1144,515
17,1411,545
17,1410,550
17,1409,550
17,1280,631
17,1424,636
17,1423,640
17,1681,602
17,1699,734
17,1780,784
17,1775,791
17,1776,796
17,1836,714
17,1841,708
17,1849,707
17,1802,671
17,1728,635
17,1722,644
17,1718,648
17,1607,444
17,1539,629
17,1698,607
17,1696,607
17,1694,613
17,1372,644
17,1374,648
17,23,564
18,104,432
18,107,439
18,104,449
18,106,446
18,127,438
18,132,444
18,136,451
18,117,451
18,115,460
18,115,463
18,26,469
18,29,476
18,43,481
18,39,486
18,41,494
18,37,499
18,267,447
18,284,456
18,459,444
18,456,451
18,501,477
18,495,482
18,605,552
18,604,560
18,479,546
18,440,572
18,438,577
18,402,558
18,408,569
18,490,564
18,489,568
18,539,572
18,540,575
18,690,593
18,701,594
18,698,600
18,671,497
18,702,505
18,702,512
18,698,515
18,35,566
18,1088,187
18,1074,202
18,158,565
18,808,492
18,871,499
18,865,507
18,826,515
18,826,524
18,829,532
18,868,497
18,866,505
18,954,591
18,1096,537
18,826,616
18,963,609
18,1017,621
18,1263,536
18,1261,539
18,1261,546
18,1258,551
18,1139,510
18,1141,515
18,1407,545
18,1406,550
18,1405,550
18,1276,630
18,1421,634
18,1420,638
18,1677,600
18,1702,735
18,1777,782
18,1772,789
18,1773,794
18,1832,712
18,1837,706
18,1845,705
18,1798,669
18,1724,633
18,1718,641
18,1714,646
18,1608,432
18,1536,628
18,1694,603
18,1692,605
18,1690,612
18,1376,644
18,1376,648
18,25,564
19,104,432
19,105,438
19,101,449
19,104,445
19,125,437
19,129,444
19,130,449
19,114,451
19,113,458
19,112,463
19,22,465
19,26,474
19,41,479
19,36,485
19,37,494
19,34,497
19,261,446
19,278,453
19,454,443
19,451,451
19,497,478
19,492,482
19,610,553
19,608,561
19,482,547
19,444,573
19,442,578
19,399,559
19,399,569
19,488,564
19,483,568
19,536,573
19,536,575
19,687,592
19,697,594
19,695,600
19,667,497
19,698,504
19,696,512
19,695,515
19,710,510
19,710,504
19,44,565
19,1088,187
19,1074,202
19,163,566
19,804,492
19,869,499
19,860,506
19,822,515
19,823,524
19,826,532
19,866,497
19,865,504
19,959,591
19,1092,538
19,823,616
19,960,609
19,1012,621
19,1259,534
19,1257,539
19,1257,546
19,1255,549
19,1136,510
19,1139,515
19,1404,545
19,1404,550
19,1402,550
19,1272,630
19,1418,632
19,1417,637
19,1674,599
19,1705,737
19,1775,780
19,1770,787
19,1770,792
19,1829,710
19,1834,704
19,1842,703
19,1795,667
19,1721,631
19,1715,639
19,1711,644
19,1610,421
19,1533,628
19,1691,600
19,1688,604
19,1687,611
19,1380,644
19,1379,648
19,27,564
20,104,432
20,103,438
20,98,449
20,103,445
20,123,436
20,127,444
20,125,447
20,111,451
20,109,457
20,109,463
20,18,463
20,22,472
20,40,478
20,33,485
20,36,491
20,31,494
20,255,446
20,273,451
20,451,443
20,448,450
20,493,477
20,488,481
20,614,554
20,612,561
20,486,547
20,449,573
20,445,578
20,395,559
20,392,568
20,484,563
20,479,567
20,532,573
20,533,575
20,685,591
20,694,594
20,691,600
20,666,495
20,694,502
20,691,511
20,691,514
20,706,510
20,706,503
20,58,565
20,1088,187
20,1074,202
20,167,567
20,800,492
20,866,498
20,855,506
20,819,515
20,819,524
20,823,532
20,863,497
20,864,503
20,964,591
20,1088,538
20,819,616
20,956,609
20,1007,620
20,1256,534
20,1253,539
20,1254,546
20,1251,549
20,1132,510
20,1135,515
20,1401,545
20,1402,550
20,1399,550
20,1269,630
20,1416,632
20,1414,637
20,1671,598
20,1708,739
20,1772,779
20,1768,786
20,1768,791
20,1826,708
20,1831,703
20,1839,701
20,1792,665
20,1718,629
20,1711,637
20,1707,642
20,1611,412
20,1530,627
20,1688,599
20,1686,603
20,1684,610
20,1384,644
20,1383,648
20,33,565
21,103,432
21,102,437
21,96,448
21,101,444
21,122,435
21,125,443
21,121,446
21,109,450
21,106,456
21,106,462
21,14,461
21,18,471
21,37,476
21,32,484
21,34,488
21,28,491
21,248,445
21,267,450
21,446,445
21,445,448
21,489,474
21,484,480
21,619,555
21,616,561
21,491,547
21,453,573
21,449,579
21,390,557
21,389,567
21,480,561
21,475,565
21,529,572
21,529,574
21,682,590
21,690,593
21,688,599
21,664,493
21,688,500
21,686,508
21,685,514
21,700,509
21,702,502
21,59,566
21,1088,187
21,1074,202
21,172,568
21,796,492
21,858,499
21,851,505
21,815,515
21,816,524
21,819,532
21,860,497
21,863,502
21,969,591
21,1085,538
21,816,616
21,952,609
21,1003,620
21,1252,534
21,1251,539
21,1251,546
21,1248,549
21,1129,510
21,1132,515
21,1397,544
21,1400,550
21,1396,550
21,1266,631
21,1413,632
21,1411,637
21,1667,598
21,1711,741
21,1770,777
21,1766,784
21,1765,789
21,1822,707
21,1828,701
21,1836,699
21,1789,664
21,1714,627
21,1708,635
21,1704,640
21,1612,404
21,1527,627
21,1684,597
21,1683,601
21,1681,608
21,1387,644
21,1387,648
21,39,566
22,102,432
22,100,436
22,93,447
22,99,443
22,120,434
22,123,442
22,120,445
22,107,449
22,104,455
22,104,462
22,12,460
22,16,470
22,34,473
22,32,481
22,32,486
22,25,488
22,245,445
22,265,450
22,443,444
22,440,447
22,489,474
22,483,479
22,622,555
22,620,561
22,497,547
22,455,573
22,453,579
22,385,556
22,385,566
22,475,560
22,471,564
22,527,570
22,526,573
22,677,589
22,686,593
22,685,598
22,663,493
22,686,500
22,685,508
22,683,514
22,698,508
22,700,502
22,61,568
22,1088,187
22,1074,202
22,177,569
22,791,492
22,849,500
22,847,504
22,811,515
22,812,523
22,816,531
22,857,497
22,861,501
22,974,592
22,1081,537
22,812,616
22,948,609
22,999,620
22,1249,535
22,1249,540
22,1248,546
22,1245,550
22,1126,509
22,1129,514
22,1394,544
22,1398,550
22,1393,550
22,1261,631
22,1411,632
22,1408,637
22,1664,597
22,1714,743
22,1768,776
22,1764,783
22,1762,788
22,1819,705
22,1825,700
22,1833,697
22,1786,662
22,1711,625
22,1705,632
22,1701,638
22,1613,395
22,1525,626
22,1681,596
22,1681,600
22,1678,606
22,1391,644
22,1391,648
22,42,565
23,101,432
23,98,436
23,91,446
23,96,443
23,118,433
23,121,441
23,120,444
23,105,449
23,102,455
23,102,462
23,11,459
23,15,470
23,31,471
23,32,479
23,29,484
23,23,485
23,242,445
23,263,449
23,439,442
23,435,446
23,489,474
23,481,478
23,626,555
23,623,562
23,502,547
23,458,573
23,456,579
23,380,556
23,381,565
23,471,559
23,468,563
23,524,569
23,522,573
23,672,588
23,681,593
23,681,597
23,662,492
23,683,500
23,683,508
23,681,514
23,695,506
23,697,502
23,46,566
23,1088,187
23,1074,202
23,182,569
23,786,492
23,846,500
23,843,504
23,809,515
23,808,522
23,812,530
23,856,497
23,858,501
23,980,592
23,1077,536
23,809,616
23,944,609
23,994,619
23,1246,535
23,1247,540
23,1245,546
23,1241,550
23,1122,508
23,1125,513
23,1391,543
23,1393,550
23,1390,550
23,1257,631
23,1408,631
23,1405,637
23,1661,596
23,1717,745
23,1765,774
23,1762,781
23,1760,786
23,1816,703
23,1822,698
23,1830,695
23,1783,660
23,1708,623
23,1701,630
23,1697,636
23,1614,387
23,1522,626
23,1678,594
23,1678,598
23,1675,605
23,1395,644
23,1395,649
23,45,564
24,96,432
24,94,436
24,88,446
24,93,442
24,115,433
24,119,441
24,118,444
24,102,450
24,97,455
24,97,462
24,11,460
24,15,469
24,29,471
24,29,478
24,26,484
24,20,485
24,240,446
24,261,449
24,436,442
24,431,446
24,481,473
24,476,478
24,629,555
24,627,562
24,507,547
24,460,573
24,460,579
24,376,557
24,378,565
24,465,557
24,466,563
24,522,567
24,519,572
24,667,586
24,676,593
24,676,597
24,662,492
24,682,500
24,682,507
24,679,511
24,694,506
24,694,502
24,61,567
24,1088,187
24,1074,202
24,187,570
24,782,492
24,839,497
24,839,503
24,807,515
24,804,521
24,807,529
24,855,498
24,854,503
24,985,593
24,1074,536
24,805,616
24,940,609
24,990,619
24,1242,535
24,1245,540
24,1242,546
24,1238,550
24,1119,508
24,1122,513
24,1388,542
24,1386,550
24,1388,550
24,1253,631
24,1406,631
24,1402,637
24,1658,595
24,1721,746
24,1763,773
24,1760,780
24,1757,785
24,1813,701
24,1818,697
24,1826,694
24,1779,658
24,1705,622
24,1698,628
24,1694,635
24,1615,378
24,1519,626
24,1675,593
24,1676,597
24,1672,603
24,1398,644
24,1399,649
24,48,563
25,93,432
25,91,436
25,86,446
25,90,442
25,112,434
25,114,440
25,117,444
25,99,451
25,94,457
25,92,463
25,11,461
25,12,469
25,27,472
25,26,477
25,24,484
25,18,486
25,235,447
25,259,450
25,431,443
25,428,447
25,478,473
25,473,478
25,632,556
25,630,563
25,511,549
25,463,573
25,462,579
25,372,558
25,374,565
25,463,557
25,459,564
25,519,568
25,518,573
25,664,586
25,672,594
25,672,598
25,661,493
25,678,500
25,678,506
25,674,510
25,689,506
25,689,501
25,62,569
25,1088,187
25,1074,202
25,192,571
25,777,491
25,853,499
25,836,502
25,801,515
25,802,521
25,804,529
25,845,498
25,852,501
25,990,593
25,1070,536
25,801,616
25,936,609
25,986,619
25,1239,536
25,1242,541
25,1239,546
25,1234,551
25,1114,509
25,1119,513
25,1385,542
25,1383,550
25,1385,550
25,1250,631
25,1403,631
25,1399,637
25,1654,594
25,1724,748
25,1761,771
25,1758,778
25,1754,783
25,1809,700
25,1815,695
25,1823,692
25,1776,657
25,1701,620
25,1695,626
25,1691,633
25,1616,370
25,1516,625
25,1671,591
25,1673,595
25,1669,601
25,1402,644
25,1403,649
25,50,563
26,91,432
26,87,436
26,84,447
26,86,442
26,108,435
26,111,440
26,117,445
26,96,452
26,91,458
26,88,463
26,9,462
26,8,469
26,25,472
26,23,477
26,22,484
26,16,486
26,230,447
26,257,451
26,428,445
26,426,448
26,475,474
26,470,479
26,635,557
26,633,563
26,516,550
26,465,573
26,465,579
26,369,558
26,370,567
26,460,558
26,454,565
26,514,567
26,516,574
26,659,586
26,667,594
26,668,598
26,660,493
26,674,500
26,675,505
26,671,510
26,686,506
26,685,500
26,63,571
26,1088,187
26,1074,202
26,197,572
26,773,491
26,847,499
26,833,502
26,795,515
26,801,522
26,800,529
26,834,498
26,851,498
26,995,593
26,1065,538
26,799,617
26,932,609
26,982,621
26,1236,536
26,1238,543
26,1236,548
26,1231,551
26,1109,511
26,1117,514
26,1381,541
26,1380,549
26,1382,550
26,1247,631
26,1401,631
26,1396,637
26,1651,593
26,1727,750
26,1758,770
26,1756,777
26,1752,782
26,1806,698
26,1812,694
26,1820,690
26,1773,655
26,1698,618
26,1691,623
26,1687,631
26,1617,361
26,1514,625
26,1668,590
26,1671,594
26,1666,600
26,1406,644
26,1406,649
26,53,564
27,88,432
27,84,436
27,81,447
27,83,442
27,105,436
27,108,441
27,114,446
27,90,453
27,86,458
27,85,463
27,18,471
27,20,477
27,19,483
27,14,486
27,225,448
27,254,452
27,424,448
27,423,450
27,472,474
27,468,480
27,638,558
27,636,564
27,520,552
27,468,574
27,468,579
27,365,559
27,365,568
27,455,559
27,451,566
27,513,567
27,512,575
27,655,585
27,663,594
27,664,598
27,659,494
27,669,500
27,670,505
27,666,510
27,682,505
27,681,500
27,64,573
27,1088,187
27,1074,202
27,203,572
27,769,490
27,845,499
27,828,501
27,793,515
27,795,521
27,794,528
27,829,498
27,847,498
27,1000,594
27,1061,539
27,798,617
27,929,610
27,977,620
27,1233,535
27,1235,543
27,1232,549
27,1227,551
27,1107,510
27,1113,515
27,1378,541
27,1378,549
27,1379,550
27,1244,631
27,1398,632
27,1394,636
27,1648,592
27,1730,751
27,1757,768
27,1754,776
27,1749,779
27,1804,696
27,1810,692
27,1817,687
27,1772,652
27,1695,616
27,1688,621
27,1684,628
27,1620,353
27,1510,624
27,1668,590
27,1667,593
27,1664,598
27,1409,644
27,1410,650
27,56,565
28,86,432
28,79,447
28,80,442
28,101,437
28,106,442
28,104,445
28,80,453
28,82,458
28,83,463
28,18,468
28,18,477
28,16,483
28,12,484
28,220,448
28,248,452
28,420,448
28,420,450
28,469,474
28,466,480
28,641,559
28,639,564
28,524,553
28,470,574
28,471,579
28,361,561
28,360,568
28,450,559
28,448,566
28,511,567
28,509,575
28,650,585
28,659,594
28,660,598
28,657,495
28,665,500
28,665,505
28,662,510
28,678,505
28,678,500
28,65,575
28,1088,187
28,1074,202
28,208,573
28,765,490
28,843,499
28,823,500
28,792,515
28,790,521
28,789,527
28,825,498
28,844,498
28,1006,595
28,1058,538
28,797,617
28,927,610
28,969,618
28,1231,534
28,1233,543
28,1228,549
28,1222,551
28,1102,510
28,1108,515
28,1375,540
28,1375,552
28,1376,550
28,1241,631
28,1393,632
28,1391,636
28,1644,590
28,1730,751
28,1754,765
28,1751,773
28,1748,776
28,1800,691
28,1808,690
28,1814,683
28,1770,650
28,1688,615
28,1685,619
28,1680,626
28,1618,341
28,1506,622
28,1665,591
28,1664,591
28,1661,598
28,1413,646
28,1414,650
28,59,565
29,83,432
29,79,436
29,76,446
29,99,436
29,103,441
29,100,445
29,76,451
29,79,457
29,79,464
29,13,468
29,17,475
29,14,481
29,10,483
29,215,446
29,245,451
29,414,447
29,416,451
29,465,473
29,465,481
29,645,560
29,643,565
29,528,554
29,473,575
29,474,579
29,356,559
29,356,568
29,444,559
29,442,566
29,508,567
29,503,572
29,647,584
29,653,592
29,656,596
29,656,495
29,661,501
29,663,504
29,657,509
29,674,500
29,672,503
29,63,577
29,1088,187
29,1074,202
29,209,574
29,761,490
29,842,499
29,818,500
29,787,515
29,787,521
29,786,527
29,820,497
29,840,498
29,1011,596
29,1055,538
29,786,615
29,923,611
29,968,619
29,1227,533
29,1229,542
29,1226,547
29,1219,550
29,1100,509
29,1104,516
29,1372,540
29,1371,552
29,1373,550
29,1237,631
29,1390,630
29,1388,636
29,1641,590
29,1732,750
29,1753,763
29,1750,771
29,1746,775
29,1796,689
29,1805,686
29,1814,682
29,1766,646
29,1683,613
29,1681,618
29,1676,623
29,1616,333
29,1503,620
29,1660,588
29,1661,589
29,1658,597
29,1415,644
29,1417,650
29,61,566
30,77,431
30,77,434
30,75,446
30,77,441
30,99,435
30,100,441
30,98,445
30,75,449
30,77,456
30,75,462
30,11,468
30,16,474
30,14,479
30,9,482
30,210,446
30,243,450
30,408,446
30,412,453
30,462,472
30,463,481
30,649,560
30,647,565
30,532,556
30,477,575
30,476,579
30,350,557
30,352,568
30,439,559
30,437,565
30,506,568
30,501,569
30,643,583
30,649,590
30,652,594
30,659,496
30,656,504
30,659,502
30,653,507
30,670,496
30,672,496
30,62,579
30,1088,187
30,1074,202
30,218,569
30,756,488
30,837,499
30,816,498
30,783,515
30,785,521
30,782,526
30,815,495
30,837,498
30,1015,597
30,1053,536
30,780,615
30,922,610
30,961,620
30,1223,533
30,1225,541
30,1224,546
30,1218,549
30,1103,514
30,1098,507
30,1368,539
30,1369,548
30,1370,550
30,1234,630
30,1386,629
30,1385,636
30,1638,587
30,1735,749
30,1746,758
30,1746,767
30,1741,774
30,1794,685
30,1801,684
30,1806,675
30,1764,642
30,1681,609
30,1678,615
30,1673,619
30,1617,328
30,1500,619
30,1657,583
30,1656,588
30,1654,593
30,1417,643
30,1419,649
30,64,567
