1,817,273
1,803,192
1,862,197
1,768,116
1,771,106
1,778,116
1,849,154
1,852,148
1,856,142
1,590,60
1,587,48
1,713,43
1,321,77
1,64,8
1,808,165
1,911,236
1,920,232
1,941,226
1,955,223
1,964,217
1,1029,178
1,1045,159
1,1057,158
1,1247,23
1,1395,74
1,1383,101
1,1382,112
1,1389,101
1,1397,100
1,1347,140
1,1358,126
1,1363,130
1,1325,162
1,1324,157
1,1321,146
1,1320,247
1,1291,267
1,1327,277
1,1213,306
1,1222,313
1,1091,296
1,1079,314
1,1295,352
1,1274,332
1,1139,379
1,1073,354
1,1074,352
1,1256,413
1,1033,372
1,997,390
1,1085,473
1,1035,458
1,934,420
1,986,551
1,1092,581
1,1089,574
1,1087,557
1,1095,556
1,1083,527
1,1094,527
1,771,845
1,755,870
1,738,855
1,691,847
1,705,839
1,728,306
1,718,353
1,760,361
1,800,290
1,774,265
1,776,307
1,824,303
1,801,347
1,808,363
1,825,388
1,845,409
1,885,415
1,1017,650
1,1071,902
1,1070,883
1,1083,896
1,192,979
1,688,1076
1,756,1024
1,593,829
1,1205,867
1,1228,873
1,1762,193
1,1774,195
1,1749,399
1,1739,503
1,1733,506
1,1858,584
1,1606,555
1,802,273
1,797,281
1,777,270
1,843,398
1,882,400
1,892,412
1,819,393
1,259,232
1,749,876
1,1079,551
2,817,271
2,807,190
2,864,200
2,763,117
2,769,108
2,776,116
2,845,155
2,850,147
2,853,141
2,587,62
2,584,50
2,709,41
2,315,82
2,63,6
2,815,169
2,913,238
2,926,239
2,942,223
2,953,221
2,961,216
2,1032,185
2,1048,163
2,1056,163
2,1251,20
2,1398,70
2,1384,97
2,1383,109
2,1391,99
2,1398,96
2,1350,140
2,1360,125
2,1367,130
2,1328,162
2,1326,156
2,1319,151
2,1317,244
2,1296,263
2,1332,280
2,1218,304
2,1225,308
2,1088,295
2,1082,311
2,1290,353
2,1268,331
2,1140,377
2,1077,358
2,1078,357
2,1256,411
2,1032,373
2,1001,392
2,1086,473
2,1032,457
2,940,423
2,985,547
2,1093,580
2,1089,573
2,1086,555
2,1094,555
2,1083,526
2,1094,526
2,771,844
2,753,867
2,736,851
2,696,851
2,708,843
2,731,309
2,723,350
2,758,366
2,802,289
2,777,267
2,772,307
2,824,307
2,804,347
2,810,362
2,827,388
2,842,408
2,889,418
2,1017,654
2,1068,899
2,1069,881
2,1081,893
2,196,977
2,690,1075
2,758,1022
2,588,828
2,1209,867
2,1230,874
2,1762,190
2,1774,192
2,1745,400
2,1741,503
2,1737,508
2,1853,581
2,1606,552
2,804,271
2,799,279
2,778,267
2,841,397
2,888,403
2,893,413
2,824,396
2,263,235
2,747,874
2,1079,549
3,820,271
3,806,185
3,866,204
3,761,117
3,766,109
3,774,116
3,842,150
3,848,147
3,851,141
3,584,64
3,583,51
3,705,40
3,312,80
3,61,3
3,816,173
3,916,241
3,929,241
3,937,220
3,952,220
3,958,216
3,1033,188
3,1046,169
3,1056,169
3,1255,18
3,1397,67
3,1386,94
3,1384,106
3,1394,98
3,1399,93
3,1354,141
3,1362,124
3,1372,130
3,1332,162
3,1329,156
3,1317,157
3,1314,242
3,1296,259
3,1268,241
3,1337,279
3,1218,298
3,1228,304
3,1089,293
3,1086,308
3,1286,357
3,1262,331
3,1142,375
3,1082,363
3,1082,362
3,1256,410
3,1031,375
3,1005,394
3,1087,474
3,1030,457
3,946,427
3,984,543
3,1094,579
3,1090,572
3,1086,554
3,1093,554
3,1083,525
3,1095,525
3,771,843
3,751,864
3,735,847
3,702,856
3,711,847
3,734,312
3,728,347
3,756,371
3,805,288
3,780,265
3,769,307
3,825,312
3,808,348
3,812,362
3,830,389
3,839,407
3,894,421
3,1017,659
3,1065,897
3,1068,879
3,1079,890
3,201,975
3,693,1074
3,761,1021
3,583,828
3,1213,868
3,1232,875
3,1762,187
3,1775,190
3,1742,401
3,1744,504
3,1742,510
3,1850,580
3,1606,550
3,806,270
3,801,278
3,779,265
3,839,396
3,894,406
3,895,414
3,830,399
3,268,238
3,746,872
3,1080,547
4,821,269
4,807,181
4,871,205
4,757,114
4,762,111
4,771,118
4,842,151
4,846,146
4,846,140
4,579,66
4,576,52
4,700,38
4,307,80
4,63,4
4,818,176
4,922,244
4,932,244
4,934,215
4,948,216
4,954,214
4,1034,191
4,1047,174
4,1056,172
4,1105,55
4,1258,15
4,1397,65
4,1388,91
4,1386,104
4,1395,91
4,1401,90
4,1358,140
4,1365,124
4,1374,127
4,1333,160
4,1329,153
4,1316,159
4,1312,239
4,1297,256
4,1269,237
4,1343,280
4,1219,298
4,1231,302
4,1090,291
4,1084,305
4,1282,361
4,1260,331
4,1144,371
4,1083,367
4,1086,367
4,1256,409
4,1031,377
4,1010,396
4,1088,474
4,1028,456
4,951,427
4,984,540
4,1095,578
4,1091,571
4,1085,551
4,1092,553
4,1084,524
4,1094,522
4,771,842
4,748,864
4,734,844
4,703,860
4,714,852
4,737,313
4,729,343
4,755,376
4,808,287
4,783,264
4,766,307
4,826,317
4,812,349
4,815,361
4,833,390
4,837,407
4,899,421
4,1017,664
4,1062,895
4,1067,877
4,1077,888
4,206,973
4,696,1073
4,761,1017
4,579,828
4,1218,869
4,1235,877
4,1762,184
4,1775,187
4,1739,403
4,1747,504
4,1747,512
4,1847,580
4,1607,548
4,808,268
4,803,277
4,781,263
4,837,395
4,900,410
4,897,416
4,836,401
4,272,241
4,744,870
4,1080,545
5,824,266
5,807,176
5,874,211
5,755,113
5,761,109
5,768,119
5,837,147
5,841,145
5,842,138
5,573,67
5,574,54
5,699,37
5,301,82
5,821,180
5,925,250
5,933,245
5,934,211
5,944,213
5,951,207
5,1034,195
5,1047,179
5,1056,176
5,1108,56
5,1262,12
5,1398,63
5,1390,91
5,1387,99
5,1395,88
5,1401,88
5,1362,139
5,1368,123
5,1377,125
5,1335,158
5,1330,150
5,1315,160
5,1310,237
5,1298,251
5,1270,234
5,1349,281
5,1280,295
5,1221,299
5,1234,300
5,1088,285
5,1083,303
5,1279,361
5,1259,331
5,1147,367
5,1084,372
5,1089,369
5,1257,408
5,1032,377
5,1014,397
5,1089,475
5,1026,456
5,957,427
5,985,537
5,1097,577
5,1092,571
5,1084,548
5,1093,549
5,1083,522
5,1094,519
5,771,841
5,746,864
5,733,840
5,705,865
5,718,856
5,741,314
5,730,339
5,755,381
5,811,286
5,787,263
5,763,307
5,825,319
5,814,350
5,817,361
5,836,391
5,833,405
5,904,422
5,1018,669
5,1060,893
5,1066,876
5,1074,885
5,211,972
5,699,1073
5,761,1013
5,575,828
5,1220,869
5,1236,877
5,1762,181
5,1775,184
5,1732,402
5,1750,505
5,1750,514
5,1844,579
5,1606,547
5,810,266
5,805,275
5,782,261
5,836,395
5,906,413
5,898,417
5,841,403
5,742,868
5,1081,544
6,825,265
6,805,172
6,877,213
6,749,114
6,757,107
6,763,118
6,834,147
6,839,144
6,840,133
6,569,69
6,571,58
6,691,32
6,297,83
6,823,183
6,928,251
6,935,247
6,929,208
6,940,210
6,948,205
6,1035,199
6,1048,184
6,1056,181
6,1111,57
6,1264,11
6,1387,85
6,1389,95
6,1395,86
6,1402,87
6,1366,136
6,1372,122
6,1381,121
6,1335,157
6,1331,149
6,1315,162
6,1307,239
6,1299,246
6,1271,231
6,1351,280
6,1287,297
6,1223,295
6,1236,297
6,1091,282
6,1083,298
6,1277,362
6,1254,331
6,1148,363
6,1085,377
6,1093,372
6,1256,405
6,1033,378
6,1018,399
6,1090,476
6,1023,456
6,961,429
6,984,534
6,1096,576
6,1091,568
6,1085,546
6,1094,546
6,1083,521
6,1093,517
6,771,840
6,751,856
6,733,836
6,708,868
6,722,861
6,746,317
6,731,337
6,814,285
6,790,262
6,758,306
6,824,322
6,817,351
6,819,360
6,839,392
6,830,403
6,908,424
6,1017,671
6,1058,892
6,1062,873
6,1071,882
6,212,967
6,702,1072
6,762,1010
6,572,829
6,1222,869
6,1238,878
6,1763,179
6,1776,181
6,1726,402
6,1754,507
6,1754,516
6,1842,579
6,1605,547
6,812,264
6,807,273
6,784,259
6,834,394
6,912,416
6,899,418
6,842,403
6,740,863
6,1081,541
7,827,263
7,805,163
7,879,215
7,747,114
7,754,109
7,758,119
7,828,149
7,834,141
7,836,131
7,564,69
7,565,58
7,692,33
7,294,84
7,826,186
7,929,254
7,939,251
7,925,207
7,937,209
7,942,207
7,1033,203
7,1048,188
7,1112,56
7,1266,10
7,1387,81
7,1390,92
7,1395,84
7,1402,83
7,1370,135
7,1376,121
7,1383,118
7,1335,156
7,1332,148
7,1314,163
7,1304,237
7,1299,245
7,1268,225
7,1354,279
7,1289,297
7,1225,291
7,1238,295
7,1090,278
7,1084,293
7,1271,364
7,1250,331
7,1149,359
7,1089,378
7,1096,375
7,1255,402
7,1034,379
7,1022,401
7,1090,470
7,1020,456
7,966,431
7,984,532
7,1095,575
7,1091,566
7,1086,544
7,1092,542
7,1083,517
7,1092,515
7,770,839
7,746,854
7,730,835
7,712,871
7,724,863
7,751,321
7,733,335
7,814,281
7,793,261
7,753,305
7,823,325
7,820,352
7,822,360
7,843,394
7,827,402
7,912,426
7,1017,674
7,1056,891
7,1058,870
7,1068,880
7,213,963
7,713,1071
7,762,1006
7,567,830
7,1224,869
7,1240,879
7,1764,174
7,1777,177
7,1721,402
7,1758,509
7,1756,515
7,1835,576
7,1605,546
7,814,262
7,808,269
7,785,257
7,832,393
7,919,420
7,901,420
7,844,402
7,739,859
7,1081,538
8,826,258
8,804,161
8,783,152
8,882,217
8,744,111
8,750,107
8,754,115
8,827,146
8,831,139
8,834,130
8,561,71
8,560,60
8,685,30
8,652,6
8,290,84
8,828,188
8,931,258
8,944,256
8,924,202
8,933,206
8,937,201
8,1031,207
8,1048,193
8,1114,55
8,1266,9
8,1253,6
8,1388,77
8,1391,90
8,1394,78
8,1401,77
8,1375,134
8,1374,118
8,1385,115
8,1336,154
8,1334,145
8,1314,165
8,1301,235
8,1299,244
8,1274,224
8,1357,279
8,1291,298
8,1229,289
8,1240,293
8,1090,275
8,1084,290
8,1267,364
8,1246,332
8,1150,356
8,1093,379
8,1100,378
8,1254,399
8,1034,378
8,1027,403
8,1090,470
8,1018,457
8,970,431
8,983,527
8,1094,572
8,1090,564
8,1085,540
8,1091,539
8,1083,514
8,1091,510
8,770,839
8,742,852
8,728,835
8,715,872
8,727,866
8,752,322
8,736,330
8,815,278
8,797,260
8,748,304
8,822,331
8,823,353
8,825,359
8,847,395
8,824,400
8,916,428
8,1017,677
8,1054,888
8,1054,869
8,1064,877
8,213,959
8,716,1069
8,757,1049
8,763,1003
8,562,831
8,1226,870
8,1242,880
8,1766,170
8,1778,173
8,1716,402
8,1762,511
8,1758,514
8,1829,573
8,1604,546
8,815,260
8,809,265
8,786,255
8,830,392
8,915,421
8,907,421
8,845,401
8,738,855
8,1081,535
9,828,256
9,800,157
9,779,148
9,883,220
9,738,111
9,745,106
9,753,115
9,823,143
9,829,139
9,827,128
9,557,73
9,555,60
9,682,26
9,652,8
9,285,88
9,830,191
9,934,259
9,947,257
9,920,198
9,931,204
9,935,201
9,1030,212
9,1047,196
9,1117,54
9,1266,8
9,1256,11
9,1389,73
9,1391,87
9,1394,73
9,1400,75
9,1375,132
9,1373,116
9,1386,111
9,1337,152
9,1336,143
9,1314,167
9,1296,234
9,1299,243
9,1274,220
9,1360,281
9,1294,297
9,1232,285
9,1244,290
9,1089,272
9,1084,287
9,1263,365
9,1242,334
9,1151,354
9,1097,380
9,1101,380
9,1253,397
9,1034,377
9,1031,405
9,1091,470
9,1014,454
9,974,431
9,982,523
9,1094,569
9,1089,562
9,1084,536
9,1090,536
9,1081,511
9,1090,505
9,769,838
9,742,848
9,726,831
9,718,873
9,729,868
9,753,323
9,739,325
9,816,275
9,797,256
9,743,303
9,821,338
9,826,354
9,828,359
9,851,397
9,821,398
9,920,430
9,1017,680
9,1052,886
9,1051,868
9,1060,874
9,214,956
9,719,1067
9,763,1000
9,558,832
9,1227,870
9,1242,879
9,1767,166
9,1778,169
9,1711,402
9,1763,511
9,1761,514
9,1826,572
9,1603,546
9,817,258
9,810,261
9,788,253
9,828,392
9,911,422
9,914,423
9,847,401
9,566,109
9,718,326
9,736,851
9,1081,533
10,831,255
10,798,152
10,777,145
10,885,223
10,739,109
10,739,103
10,748,113
10,821,140
10,823,135
10,826,127
10,678,26
10,652,11
10,282,88
10,831,192
10,937,260
10,951,259
10,915,194
10,927,202
10,931,198
10,1030,214
10,1120,54
10,1267,5
10,1256,11
10,1390,70
10,1391,82
10,1395,73
10,1401,70
10,1375,129
10,1375,113
10,1387,108
10,1338,150
10,1339,140
10,1309,170
10,1346,208
10,1292,233
10,1299,235
10,1363,283
10,1297,296
10,1234,281
10,1088,270
10,1085,285
10,1259,366
10,1233,332
10,1150,348
10,1102,382
10,1102,383
10,1252,394
10,1299,479
10,1034,376
10,1035,407
10,1092,470
10,1011,452
10,978,431
10,982,519
10,1093,568
10,1089,561
10,1084,533
10,1090,533
10,1080,508
10,1087,502
10,769,838
10,742,845
10,724,828
10,722,875
10,732,871
10,755,325
10,741,322
10,817,272
10,797,253
10,739,302
10,819,340
10,829,353
10,831,359
10,853,398
10,818,396
10,922,431
10,1017,683
10,1050,884
10,1048,867
10,1057,872
10,215,953
10,722,1066
10,763,997
10,554,828
10,1229,871
10,1243,878
10,1769,162
10,1779,166
10,1706,402
10,1764,512
10,1764,515
10,1824,571
10,1603,545
10,819,256
10,811,257
10,789,251
10,826,391
10,908,424
10,921,424
10,850,403
10,571,108
10,723,324
10,734,848
10,1080,531
11,831,251
11,795,146
11,772,146
11,888,226
11,735,105
11,739,104
11,744,111
11,815,136
11,822,133
11,825,126
11,677,23
11,652,14
11,275,87
11,833,193
11,940,262
11,953,261
11,913,191
11,921,201
11,926,195
11,1031,216
11,1122,51
11,1266,4
11,1256,12
11,1394,67
11,1392,77
11,1403,67
11,1379,126
11,1378,110
11,1387,105
11,1340,148
11,1343,137
11,1310,172
11,1339,204
11,1290,232
11,1299,232
11,1368,284
11,1302,296
11,1236,278
11,1089,268
11,1085,282
11,1256,367
11,1229,333
11,1149,343
11,1098,389
11,1104,386
11,1252,392
11,1300,475
11,1034,376
11,1039,408
11,1093,471
11,1006,452
11,982,432
11,983,516
11,1093,568
11,1089,559
11,1084,530
11,1090,530
11,1079,505
11,1085,499
11,768,837
11,739,841
11,721,823
11,725,877
11,734,872
11,756,326
11,743,319
11,818,269
11,798,250
11,735,301
11,818,342
11,833,352
11,834,359
11,856,399
11,814,395
11,924,432
11,1017,685
11,1046,882
11,1045,867
11,1054,871
11,218,951
11,725,1064
11,763,994
11,550,825
11,1230,871
11,1244,877
11,1769,157
11,1780,161
11,1701,403
11,1765,512
11,1767,516
11,1822,571
11,1907,443
11,1602,545
11,821,254
11,812,253
11,790,249
11,824,390
11,909,425
11,928,426
11,852,406
11,576,107
11,727,322
11,732,845
11,1079,529
12,832,247
12,790,142
12,767,138
12,891,229
12,729,103
12,734,102
12,739,108
12,813,134
12,819,131
12,819,118
12,673,18
12,653,18
12,272,92
12,835,195
12,943,264
12,955,263
12,909,189
12,918,198
12,922,192
12,1032,218
12,1124,49
12,1264,4
12,1256,12
12,1391,74
12,1404,67
12,1382,122
12,1378,105
12,1387,102
12,1343,145
12,1345,134
12,1311,175
12,1338,204
12,1289,231
12,1299,230
12,1374,285
12,1308,296
12,1237,272
12,1090,266
12,1086,279
12,1251,367
12,1226,335
12,1149,340
12,1103,390
12,1108,388
12,1252,390
12,1301,471
12,1034,375
12,1044,409
12,1094,471
12,1002,452
12,985,433
12,984,513
12,1093,564
12,1090,557
12,1083,528
12,1090,528
12,1079,502
12,1082,495
12,768,837
12,737,837
12,718,818
12,729,880
12,736,874
12,758,328
12,745,315
12,819,266
12,799,245
12,732,300
12,817,345
12,735,321
12,837,352
12,836,358
12,858,400
12,811,394
12,926,433
12,1017,688
12,1043,880
12,1041,865
12,1051,870
12,221,950
12,728,1062
12,757,1034
12,764,991
12,545,826
12,1232,872
12,1246,878
12,1770,153
12,1781,156
12,1696,404
12,1766,513
12,1770,517
12,1816,568
12,1903,441
12,1602,545
12,823,252
12,814,250
12,792,247
12,820,388
12,913,426
12,933,427
12,855,408
12,580,106
12,730,321
12,730,842
12,1078,527
13,833,245
13,788,140
13,765,136
13,893,231
13,726,102
13,734,101
13,739,110
13,807,133
13,813,125
13,816,117
13,667,14
13,655,23
13,628,7
13,270,91
13,838,198
13,947,266
13,958,266
13,907,183
13,910,192
13,920,189
13,1033,220
13,1127,49
13,1262,4
13,1256,13
13,1393,70
13,1406,67
13,1380,117
13,1378,101
13,1389,100
13,1346,143
13,1347,132
13,1336,203
13,1284,228
13,1301,225
13,1377,285
13,1310,297
13,1240,270
13,1091,265
13,1087,277
13,1246,368
13,1222,334
13,1149,338
13,1108,391
13,1112,391
13,1252,388
13,1302,468
13,1034,374
13,1048,410
13,1095,471
13,1000,451
13,989,434
13,984,510
13,1094,560
13,1090,555
13,1083,527
13,1089,526
13,1076,496
13,1079,492
13,767,836
13,735,835
13,717,813
13,733,883
13,739,876
13,759,329
13,747,312
13,820,263
13,800,240
13,728,298
13,816,347
13,740,321
13,839,352
13,838,358
13,861,401
13,808,393
13,929,434
13,1018,690
13,1040,878
13,1037,864
13,1049,869
13,224,949
13,732,1061
13,764,988
13,540,827
13,1234,871
13,1248,879
13,1771,149
13,1782,151
13,1691,405
13,1769,513
13,1773,518
13,1811,566
13,1899,440
13,1602,545
13,823,249
13,815,246
13,792,244
13,817,386
13,916,427
13,936,428
13,857,411
13,733,321
13,727,839
13,1078,526
14,835,243
14,783,136
14,762,132
14,896,234
14,730,98
14,734,109
14,805,131
14,813,125
14,812,115
14,669,13
14,657,27
14,628,7
14,267,92
14,841,202
14,951,269
14,961,269
14,905,179
14,910,192
14,916,187
14,1034,223
14,1052,214
14,1058,214
14,1130,49
14,1260,4
14,1255,13
14,1405,67
14,1384,117
14,1379,100
14,1389,92
14,1348,142
14,1350,130
14,1322,170
14,1333,202
14,1284,230
14,1380,285
14,1313,298
14,1243,268
14,1091,262
14,1090,275
14,1243,370
14,1219,333
14,1152,332
14,1111,393
14,1115,393
14,1252,385
14,1303,466
14,1034,373
14,1052,412
14,1096,472
14,998,450
14,993,436
14,985,507
14,1092,558
14,1090,554
14,1083,526
14,1088,525
14,1073,491
14,1079,487
14,767,836
14,733,833
14,736,884
14,741,877
14,761,331
14,750,308
14,821,260
14,801,236
14,724,297
14,815,349
14,745,321
14,842,352
14,840,358
14,864,405
14,804,390
14,932,435
14,1018,693
14,1038,877
14,1034,863
14,1046,866
14,226,944
14,735,1060
14,764,985
14,535,829
14,1236,871
14,1250,880
14,1771,145
14,1783,147
14,1687,405
14,1773,514
14,1775,518
14,1810,565
14,1894,439
14,1603,545
14,824,246
14,816,243
14,793,241
14,814,385
14,920,427
14,939,429
14,860,413
14,736,321
14,725,836
14,1078,523
15,836,240
15,780,133
15,759,130
15,899,236
15,728,98
15,731,107
15,803,125
15,807,122
15,811,115
15,667,11
15,659,32
15,628,9
15,265,93
15,844,205
15,954,270
15,965,271
15,902,178
15,910,192
15,912,187
15,1036,226
15,1051,217
15,1062,218
15,1133,49
15,1260,6
15,1255,14
15,1404,67
15,1388,111
15,1380,99
15,1388,91
15,1350,142
15,1352,129
15,1324,168
15,1279,227
15,1385,286
15,1316,299
15,1092,259
15,1093,273
15,1241,373
15,1213,335
15,1156,327
15,1114,396
15,1119,395
15,1253,382
15,1304,465
15,1034,373
15,1057,414
15,1095,472
15,994,447
15,998,436
15,986,505
15,1090,557
15,1090,551
15,1083,523
15,1088,523
15,1071,488
15,1080,483
15,767,836
15,731,832
15,740,885
15,743,879
15,765,332
15,753,305
15,823,256
15,800,232
15,720,296
15,814,352
15,749,321
15,845,352
15,843,358
15,867,409
15,800,387
15,934,436
15,1019,696
15,1036,876
15,1030,860
15,1044,864
15,228,939
15,738,1059
15,765,983
15,533,828
15,1238,870
15,1772,141
15,1785,144
15,1684,406
15,1777,515
15,1778,518
15,1805,565
15,1604,545
15,719,341
15,825,243
15,817,240
15,794,238
15,811,383
15,924,428
15,943,430
15,862,415
15,740,321
15,723,834
15,1078,520
16,838,235
16,775,129
16,756,127
16,902,238
16,723,95
16,729,103
16,797,124
16,806,121
16,806,111
16,660,37
16,627,12
16,262,93
16,847,208
16,958,271
16,970,274
16,899,177
16,902,190
16,907,186
16,1037,229
16,1051,220
16,1061,220
16,1136,48
16,1261,8
16,1255,15
16,1404,68
16,1390,107
16,1377,95
16,1385,86
16,1353,142
16,1354,128
16,1326,166
16,1314,176
16,1330,198
16,1274,228
16,1390,287
16,1320,298
16,1092,257
16,1094,269
16,1237,374
16,1209,335
16,1155,323
16,1118,399
16,1123,397
16,1254,379
16,1305,464
16,1034,372
16,1060,415
16,1095,472
16,991,445
16,1003,436
16,987,502
16,1091,553
16,1090,548
16,1083,520
16,1088,521
16,1069,485
16,1077,480
16,766,837
16,732,829
16,744,889
16,746,881
16,770,333
16,756,302
16,825,252
16,799,229
16,714,294
16,812,354
16,752,321
16,754,317
16,848,352
16,846,359
16,870,413
16,797,386
16,937,437
16,1020,699
16,1034,876
16,1027,858
16,1042,862
16,231,935
16,741,1058
16,765,980
16,532,827
16,1240,870
16,1773,137
16,1787,138
16,1680,406
16,1780,516
16,1780,518
16,1799,559
16,1605,545
16,724,342
16,826,240
16,818,236
16,795,235
16,807,381
16,928,429
16,946,430
16,866,417
16,315,243
16,743,321
16,721,831
16,1078,518
17,839,231
17,773,127
17,754,125
17,904,240
17,727,104
17,796,123
17,804,119
17,805,109
17,662,42
17,624,13
17,259,94
17,41,5
17,849,210
17,961,274
17,972,276
17,892,166
17,901,187
17,904,181
17,1037,232
17,1051,223
17,1060,224
17,1140,47
17,1262,10
17,1253,16
17,1403,68
17,1391,105
17,1378,91
17,1387,84
17,1355,139
17,1357,127
17,1328,163
17,1314,174
17,1329,200
17,1270,225
17,1394,287
17,1324,297
17,1093,255
17,1095,265
17,1233,376
17,1205,335
17,1155,319
17,1118,403
17,1125,400
17,1255,376
17,1306,459
17,1034,371
17,1064,417
17,1095,472
17,987,442
17,1008,437
17,988,499
17,1092,550
17,1090,545
17,1083,518
17,1088,520
17,1067,481
17,1075,477
17,766,838
17,733,826
17,748,893
17,748,883
17,775,334
17,759,299
17,828,248
17,798,224
17,810,357
17,756,321
17,757,316
17,851,353
17,849,361
17,873,417
17,794,385
17,938,437
17,1022,702
17,1031,874
17,1023,858
17,1039,859
17,232,932
17,743,1056
17,766,977
17,530,826
17,1774,132
17,1789,133
17,1677,407
17,1783,517
17,1783,519
17,1796,557
17,1606,545
17,729,344
17,827,237
17,819,233
17,796,232
17,804,380
17,931,430
17,949,431
17,869,420
17,313,243
17,747,322
17,720,828
17,1078,515
18,841,231
18,770,123
18,750,123
18,906,243
18,790,122
18,803,117
18,801,101
18,663,48
18,621,14
18,255,95
18,49,10
18,851,212
18,964,277
18,975,278
18,892,166
18,894,181
18,903,177
18,1037,236
18,1051,227
18,1060,228
18,1143,48
18,1261,13
18,1251,18
18,1393,98
18,1376,86
18,1387,79
18,1358,136
18,1360,125
18,1328,162
18,1314,172
18,1266,223
18,1398,288
18,1326,297
18,1090,245
18,1097,261
18,1229,375
18,1200,335
18,1155,315
18,1118,407
18,1127,403
18,1254,374
18,1307,455
18,1034,370
18,1067,419
18,1094,472
18,984,439
18,1011,437
18,990,496
18,1093,547
18,1090,543
18,1083,516
18,1088,517
18,1066,478
18,1072,474
18,762,837
18,727,819
18,752,894
18,751,886
18,777,335
18,761,296
18,829,245
18,798,220
18,809,360
18,759,321
18,761,315
18,854,353
18,852,362
18,877,418
18,790,383
18,940,437
18,1023,705
18,1028,872
18,1019,858
18,1036,856
18,233,929
18,746,1054
18,766,974
18,529,826
18,1246,871
18,1775,128
18,1789,129
18,1675,408
18,1786,518
18,1781,529
18,1794,555
18,1607,545
18,734,345
18,828,234
18,820,230
18,796,229
18,801,378
18,935,431
18,952,432
18,873,422
18,311,243
18,751,320
18,719,826
18,1078,513
19,843,231
19,765,119
19,746,116
19,908,245
19,793,123
19,796,114
19,797,101
19,663,53
19,620,18
19,252,96
19,48,10
19,556,105
19,853,214
19,967,278
19,978,279
19,891,164
19,889,177
19,896,176
19,1037,239
19,1052,232
19,1062,233
19,1146,50
19,1261,16
19,1249,20
19,1395,95
19,1377,79
19,1384,77
19,1359,135
19,1363,123
19,1329,161
19,1314,171
19,1265,222
19,1402,289
19,1329,298
19,1093,245
19,1098,260
19,1226,374
19,1196,336
19,1156,311
19,1119,412
19,1129,407
19,1253,372
19,1308,451
19,1034,370
19,1071,421
19,1094,472
19,983,437
19,1015,438
19,994,494
19,1094,544
19,1090,541
19,1083,514
19,1089,515
19,1063,473
19,1070,471
19,758,836
19,721,813
19,756,896
19,753,889
19,780,337
19,763,293
19,831,243
19,799,217
19,807,363
19,762,321
19,764,314
19,857,354
19,855,364
19,881,420
19,786,381
19,948,436
19,1025,708
19,1026,870
19,1015,859
19,1033,854
19,235,926
19,749,1052
19,767,971
19,525,826
19,1249,869
19,1776,123
19,1790,125
19,1673,410
19,1789,519
19,1783,529
19,1788,555
19,1608,545
19,739,346
19,829,231
19,821,226
19,797,226
19,798,377
19,939,431
19,955,433
19,876,425
19,310,242
19,755,319
19,717,821
19,1078,510
20,845,227
20,763,118
20,744,115
20,910,248
20,788,120
20,794,113
20,793,102
20,664,58
20,619,22
20,244,97
20,48,10
20,565,107
20,857,217
20,970,280
20,982,281
20,889,162
20,886,174
20,894,175
20,1038,242
20,1053,236
20,1063,235
20,1151,48
20,1260,18
20,1247,22
20,1397,92
20,1380,73
20,1360,134
20,1368,117
20,1330,159
20,1317,166
20,1264,222
20,1406,290
20,1334,297
20,1097,245
20,1099,260
20,1223,375
20,1192,336
20,1156,307
20,1123,415
20,1133,410
20,1253,371
20,1309,447
20,1305,479
20,1034,369
20,1075,423
20,1094,472
20,983,436
20,1019,439
20,998,493
20,1095,542
20,1091,539
20,1083,512
20,1088,512
20,1061,469
20,1068,466
20,754,834
20,722,810
20,757,900
20,756,892
20,783,338
20,765,290
20,832,241
20,800,215
20,806,366
20,765,320
20,768,313
20,860,354
20,858,364
20,885,422
20,783,379
20,956,435
20,1027,711
20,1024,868
20,1012,857
20,1029,855
20,236,923
20,751,1050
20,768,969
20,521,827
20,1253,867
20,1777,119
20,1791,121
20,1671,412
20,1792,520
20,1785,529
20,1783,556
20,1609,545
20,744,348
20,830,228
20,822,223
20,798,222
20,795,375
20,942,432
20,959,434
20,879,427
20,308,242
20,759,318
20,1079,508
21,846,226
21,757,117
21,739,113
21,914,252
21,784,116
21,793,112
21,790,101
21,667,64
21,616,22
21,240,94
21,51,13
21,570,104
21,861,220
21,974,282
21,985,282
21,884,159
21,884,172
21,890,169
21,1039,246
21,1054,241
21,1064,238
21,1156,46
21,1259,20
21,1245,21
21,1398,88
21,1379,71
21,1362,134
21,1374,112
21,1333,156
21,1321,161
21,1260,219
21,1412,291
21,1340,297
21,1099,239
21,1100,259
21,1221,377
21,1189,336
21,1157,304
21,1128,419
21,1137,413
21,1252,369
21,1310,444
21,1304,478
21,1034,368
21,1079,425
21,1093,472
21,980,432
21,1024,439
21,1000,492
21,1095,541
21,1092,536
21,1082,510
21,1087,510
21,1060,466
21,1066,462
21,750,833
21,758,904
21,757,897
21,786,340
21,768,288
21,834,239
21,802,213
21,804,368
21,769,319
21,772,312
21,864,355
21,861,365
21,890,424
21,781,380
21,957,439
21,1029,712
21,1022,866
21,1009,856
21,1025,857
21,238,920
21,754,1048
21,768,965
21,517,828
21,1779,115
21,1792,118
21,1668,412
21,1795,521
21,1788,530
21,1784,554
21,1612,544
21,749,349
21,832,225
21,823,220
21,799,218
21,792,374
21,946,433
21,962,435
21,883,430
21,306,242
21,763,317
21,1078,506
22,847,221
22,753,118
22,736,112
22,918,256
22,782,113
22,789,109
22,788,101
22,668,67
22,614,23
22,239,99
22,55,17
22,574,106
22,864,221
22,978,285
22,989,284
22,876,150
22,883,171
22,889,168
22,1041,250
22,1055,245
22,1067,245
22,1158,46
22,1257,21
22,1244,20
22,1399,84
22,1379,70
22,1365,131
22,1378,112
22,1337,152
22,1321,158
22,1256,219
22,1418,292
22,1343,298
22,1102,234
22,1101,259
22,1216,378
22,1186,337
22,1158,301
22,1130,422
22,1141,416
22,1252,368
22,1307,442
22,1302,477
22,1034,368
22,1082,426
22,1093,472
22,977,429
22,1030,439
22,1002,492
22,1095,540
22,1093,534
22,1081,509
22,1087,508
22,1058,463
22,1064,457
22,746,831
22,760,909
22,758,902
22,789,340
22,773,285
22,836,236
22,802,210
22,802,370
22,772,318
22,776,311
22,867,355
22,864,365
22,894,426
22,779,381
22,959,444
22,1031,713
22,1020,864
22,1007,855
22,1021,855
22,240,918
22,757,1047
22,768,961
22,514,829
22,1781,112
22,1793,116
22,1665,413
22,1799,522
22,1792,531
22,1785,552
22,1611,545
22,1598,534
22,753,351
22,834,223
22,824,216
22,799,213
22,788,372
22,950,433
22,965,436
22,888,430
22,305,241
22,767,315
22,1077,504
23,849,219
23,747,113
23,732,108
23,920,258
23,780,111
23,784,108
23,783,98
23,669,71
23,614,29
23,232,100
23,59,24
23,578,103
23,868,223
23,981,287
23,993,286
23,879,152
23,879,168
23,886,166
23,1042,254
23,1057,250
23,1067,249
23,1160,46
23,1256,22
23,1243,20
23,1399,81
23,1379,69
23,1369,129
23,1382,113
23,1337,151
23,1321,154
23,1313,170
23,1253,220
23,1423,294
23,1346,299
23,1103,232
23,1101,253
23,1212,379
23,1183,338
23,1159,298
23,1132,426
23,1142,419
23,1252,364
23,1305,440
23,1300,475
23,1034,368
23,1086,427
23,1093,473
23,974,426
23,1034,439
23,1007,491
23,1095,539
23,1092,532
23,1081,508
23,1088,506
23,1056,461
23,1063,452
23,743,830
23,760,912
23,759,908
23,792,340
23,778,283
23,838,233
23,802,208
23,801,373
23,777,318
23,780,310
23,870,356
23,867,366
23,895,424
23,777,377
23,964,444
23,1034,714
23,1016,861
23,1003,853
23,1018,854
23,242,914
23,757,1042
23,768,958
23,511,828
23,1784,109
23,1795,111
23,1663,414
23,1803,524
23,1796,532
23,1782,551
23,1611,547
23,1600,533
23,758,351
23,836,220
23,825,213
23,800,209
23,786,371
23,953,434
23,968,436
23,892,431
23,303,241
23,771,314
23,1077,502
24,849,218
24,742,111
24,730,107
24,922,260
24,780,111
24,785,107
24,784,92
24,670,74
24,612,30
24,226,101
24,63,26
24,40,6
24,584,105
24,870,224
24,985,289
24,997,289
24,881,153
24,875,167
24,881,160
24,1043,258
24,1057,252
24,1067,254
24,1164,44
24,1254,23
24,1243,21
24,1399,78
24,1379,68
24,1372,127
24,1381,108
24,1338,149
24,1323,153
24,1315,168
24,1249,218
24,1428,296
24,1350,301
24,1104,230
24,1102,247
24,1210,380
24,1179,335
24,1162,294
24,1134,430
24,1143,422
24,1252,360
24,1306,436
24,1299,473
24,1034,368
24,1092,429
24,1091,473
24,971,424
24,1039,439
24,1012,490
24,1096,538
24,1092,531
24,1081,504
24,1086,502
24,1054,459
24,1060,452
24,740,826
24,761,915
24,759,909
24,795,340
24,783,280
24,840,231
24,805,200
24,794,376
24,783,318
24,784,310
24,874,357
24,869,368
24,899,424
24,775,373
24,969,445
24,1036,715
24,1012,859
24,999,851
24,1015,853
24,244,910
24,758,1037
24,768,954
24,509,828
24,1785,106
24,1797,106
24,1658,413
24,1807,526
24,1800,533
24,1779,550
24,1861,427
24,1612,545
24,1602,531
24,763,351
24,838,217
24,826,209
24,801,205
24,783,369
24,957,435
24,972,437
24,896,432
24,302,241
24,775,313
24,1076,500
25,852,215
25,739,111
25,725,104
25,924,262
25,778,109
25,782,101
25,780,90
25,670,76
25,610,31
25,224,102
25,67,29
25,42,7
25,872,225
25,989,290
25,1000,290
25,879,147
25,869,164
25,876,161
25,1044,260
25,1058,255
25,1068,257
25,1168,43
25,1253,24
25,1242,21
25,1401,74
25,1374,61
25,1375,125
25,1382,106
25,1338,147
25,1326,151
25,1318,165
25,1322,208
25,1249,218
25,1433,294
25,1354,300
25,1106,228
25,1103,245
25,1208,381
25,1174,335
25,1165,290
25,1136,434
25,1145,426
25,1253,356
25,1307,433
25,1298,470
25,1035,368
25,1100,430
25,1089,473
25,968,423
25,1043,438
25,1017,490
25,1096,536
25,1092,530
25,1081,501
25,1085,499
25,1053,454
25,1058,448
25,737,822
25,762,918
25,759,910
25,798,340
25,789,278
25,842,227
25,802,200
25,788,379
25,788,318
25,789,310
25,877,357
25,871,370
25,903,425
25,774,372
25,974,445
25,1038,716
25,1009,858
25,996,850
25,1012,851
25,247,907
25,759,1033
25,768,951
25,507,827
25,1787,103
25,1799,101
25,1654,412
25,1812,528
25,1804,534
25,1773,548
25,1859,425
25,1610,543
25,1604,529
25,768,351
25,840,214
25,827,205
25,801,202
25,781,368
25,960,435
25,975,438
25,900,433
25,300,240
25,779,312
25,1075,498
26,855,212
26,925,265
26,777,109
26,778,99
26,778,87
26,670,78
26,607,32
26,221,101
26,70,31
26,44,8
26,875,226
26,993,291
26,1004,291
26,875,144
26,870,159
26,874,156
26,1046,262
26,1060,259
26,1070,260
26,1171,42
26,1251,22
26,1242,22
26,1372,58
26,1378,122
26,1384,101
26,1339,145
26,1328,150
26,1321,163
26,1332,213
26,1438,293
26,1358,300
26,1108,227
26,1104,243
26,1205,381
26,1169,335
26,1165,286
26,1138,436
26,1148,428
26,1253,352
26,1307,430
26,1297,468
26,1035,368
26,1104,433
26,1088,474
26,965,423
26,1051,438
26,1019,488
26,1096,534
26,1093,527
26,1080,497
26,1084,493
26,1049,450
26,1056,445
26,737,817
26,761,923
26,759,912
26,802,341
26,791,275
26,844,223
26,804,190
26,788,379
26,793,319
26,795,310
26,880,358
26,873,372
26,907,426
26,773,372
26,979,446
26,1041,718
26,1006,857
26,993,846
26,1009,850
26,248,903
26,760,1028
26,768,948
26,505,827
26,1789,100
26,1800,98
26,1650,411
26,1814,525
26,1808,536
26,1767,547
26,1858,423
26,1611,542
26,1606,527
26,773,351
26,842,212
26,828,202
26,801,199
26,778,367
26,964,436
26,979,439
26,905,435
26,298,240
26,783,311
26,1075,496
27,855,211
27,926,268
27,769,103
27,772,95
27,776,85
27,603,33
27,219,100
27,73,33
27,48,8
27,879,228
27,996,292
27,1006,295
27,873,140
27,866,158
27,870,155
27,1051,267
27,1061,264
27,1071,264
27,1174,42
27,1250,22
27,1239,22
27,1371,55
27,1382,120
27,1385,96
27,1343,143
27,1331,148
27,1324,161
27,1336,214
27,1441,296
27,1362,299
27,1281,235
27,1110,226
27,1106,242
27,1203,382
27,1164,334
27,1166,282
27,1141,438
27,1151,431
27,1254,349
27,1307,427
27,1296,466
27,1035,368
27,1107,437
27,1086,474
27,959,418
27,1055,437
27,1021,487
27,1096,532
27,1094,524
27,1079,494
27,1084,488
27,1045,446
27,1052,439
27,738,813
27,761,928
27,759,913
27,805,343
27,793,273
27,846,220
27,804,188
27,789,380
27,797,318
27,800,309
27,883,358
27,876,374
27,911,427
27,772,372
27,981,446
27,1044,718
27,1004,856
27,991,843
27,1007,849
27,249,899
27,761,1024
27,770,943
27,500,827
27,1791,97
27,1801,95
27,1647,411
27,1816,523
27,1810,537
27,1764,546
27,1856,422
27,1611,543
27,1613,527
27,777,351
27,844,209
27,829,198
27,801,196
27,776,365
27,967,437
27,982,440
27,909,436
27,297,240
27,786,311
27,1074,494
28,856,207
28,928,271
28,769,101
28,771,94
28,772,79
28,603,34
28,217,103
28,77,35
28,53,9
28,884,231
28,999,293
28,1009,300
28,865,133
28,858,156
28,868,149
28,1050,271
28,1061,268
28,1072,269
28,1176,41
28,1248,21
28,1237,22
28,1370,51
28,1379,117
28,1386,93
28,1348,141
28,1334,146
28,1328,157
28,1341,215
28,1445,299
28,1283,234
28,1106,237
28,1201,382
28,1160,333
28,1167,278
28,1144,440
28,1154,434
28,1253,346
28,1308,424
28,1295,463
28,1036,368
28,1111,440
28,1085,475
28,957,414
28,1059,437
28,1024,486
28,1096,528
28,1094,522
28,1078,491
28,1083,487
28,1042,442
28,1050,437
28,734,809
28,761,932
28,759,915
28,808,345
28,795,271
28,847,218
28,805,186
28,790,381
28,802,317
28,806,308
28,887,359
28,883,376
28,914,428
28,768,369
28,984,447
28,1047,718
28,1001,854
28,989,840
28,1003,847
28,250,896
28,762,1021
28,772,938
28,495,827
28,1793,91
28,1802,93
28,1644,411
28,1819,523
28,1812,538
28,1762,545
28,1855,420
28,1609,541
28,1619,526
28,782,351
28,845,206
28,831,195
28,801,193
28,773,364
28,971,437
28,985,440
28,913,437
28,295,239
28,790,311
28,1074,493
29,857,204
29,930,275
29,769,100
29,771,93
29,769,75
29,602,35
29,212,104
29,82,38
29,58,13
29,886,234
29,1002,296
29,1012,301
29,857,126
29,854,151
29,864,147
29,1050,275
29,1061,273
29,1073,273
29,1178,40
29,1247,21
29,1236,22
29,1382,113
29,1387,90
29,1348,139
29,1334,143
29,1329,155
29,1345,216
29,1449,298
29,1284,233
29,1107,233
29,1200,383
29,1156,332
29,1168,274
29,1147,443
29,1157,437
29,1252,343
29,1308,421
29,1294,463
29,1036,368
29,1115,442
29,1085,474
29,956,411
29,1063,437
29,1028,486
29,1097,525
29,1094,520
29,1076,486
29,1083,482
29,1040,439
29,1048,435
29,730,805
29,761,936
29,759,920
29,812,348
29,797,269
29,849,216
29,805,184
29,786,383
29,807,316
29,812,307
29,888,360
29,890,378
29,917,430
29,765,367
29,987,447
29,1050,718
29,999,853
29,986,836
29,999,846
29,252,890
29,763,1019
29,770,935
29,491,827
29,1795,85
29,1804,89
29,1640,411
29,1822,523
29,1815,539
29,1759,544
29,1853,418
29,1614,543
29,1619,523
29,785,353
29,1601,520
29,845,204
29,833,192
29,800,189
29,771,362
29,975,438
29,989,441
29,917,439
29,294,239
29,794,311
29,1071,489
30,859,201
30,935,278
30,765,97
30,768,85
30,768,72
30,598,37
30,206,106
30,85,41
30,61,16
30,889,238
30,1005,299
30,1015,302
30,855,125
30,851,148
30,859,143
30,1052,278
30,1062,276
30,1074,277
30,1181,40
30,1245,21
30,1236,23
30,1385,109
30,1386,87
30,1349,136
30,1335,140
30,1331,153
30,1350,218
30,1454,298
30,1288,227
30,1108,233
30,1197,384
30,1153,331
30,1169,271
30,1151,445
30,1161,441
30,1251,341
30,1309,418
30,1303,474
30,1293,463
30,1036,368
30,1118,444
30,1085,474
30,953,411
30,1067,438
30,1032,487
30,1093,525
30,1092,518
30,1072,481
30,1081,480
30,1037,436
30,1046,433
30,731,799
30,762,940
30,759,925
30,814,350
30,799,266
30,851,215
30,806,182
30,782,385
30,811,315
30,815,306
30,890,362
30,891,379
30,919,432
30,762,365
30,990,448
30,1054,718
30,997,852
30,984,833
30,995,845
30,254,885
30,764,1017
30,769,933
30,485,825
30,1798,79
30,1807,85
30,1636,412
30,1825,523
30,1819,540
30,1757,543
30,1848,415
30,1611,543
30,1619,519
30,787,354
30,1603,520
30,846,202
30,835,189
30,800,186
30,768,360
30,979,439
30,992,442
30,918,439
30,292,239
30,797,311
30,1069,486
