1,244,222
1,156,194
1,163,196
1,165,161
1,78,37
1,75,27
1,641,57
1,691,37
1,808,118
1,791,162
1,824,159
1,812,166
1,808,173
1,836,176
1,829,178
1,948,267
1,943,274
1,822,260
1,827,268
1,1176,40
1,1169,29
1,1215,24
1,1115,30
1,1118,39
1,807,268
1,799,277
1,801,267
1,795,259
1,785,271
1,815,372
1,776,367
1,768,372
1,789,282
1,764,345
1,759,353
1,751,363
1,913,370
1,916,358
1,886,313
1,936,351
1,1001,399
1,1057,331
1,1091,291
1,915,528
1,1073,451
1,1045,480
1,1025,480
1,1047,488
1,1077,471
1,1074,461
1,974,531
1,966,527
1,1076,503
1,1066,506
1,1083,507
1,1077,512
1,1074,520
1,1089,527
1,1069,527
1,1079,529
1,1080,537
1,1086,547
1,1093,555
1,1067,565
1,1074,557
1,1068,550
1,1097,539
1,1144,484
1,1289,438
1,1286,452
1,1296,446
1,1391,346
1,1478,388
1,1492,342
1,1493,337
1,1478,327
1,1487,325
1,1714,338
1,1586,365
1,1569,366
1,1570,358
1,1565,361
1,1782,534
1,1780,527
1,954,680
1,961,665
1,956,753
1,947,769
1,934,764
1,1852,55
1,1848,48
1,1875,39
1,1873,34
1,1066,916
1,1059,918
1,1122,865
1,1108,857
1,995,847
1,315,921
1,308,917
1,298,915
1,735,844
1,1901,622
2,250,225
2,160,192
2,167,195
2,162,157
2,80,41
2,79,31
2,45,6
2,640,53
2,688,34
2,808,113
2,788,158
2,827,162
2,816,169
2,811,175
2,844,179
2,837,185
2,953,271
2,947,277
2,822,257
2,830,265
2,1179,41
2,1174,29
2,1219,23
2,1113,31
2,1116,40
2,802,271
2,797,280
2,801,272
2,796,265
2,787,267
2,818,371
2,778,364
2,770,368
2,787,284
2,763,351
2,757,357
2,750,368
2,909,370
2,912,357
2,888,311
2,939,353
2,1000,396
2,1061,330
2,1093,294
2,916,524
2,1073,451
2,1041,481
2,1023,478
2,1043,488
2,1076,470
2,1071,460
2,975,528
2,967,524
2,1075,498
2,1067,503
2,1082,505
2,1075,509
2,1073,517
2,1090,524
2,1070,529
2,1078,527
2,1080,535
2,1087,545
2,1093,556
2,1067,566
2,1075,558
2,1068,551
2,1097,539
2,1148,486
2,1289,438
2,1286,452
2,1296,446
2,1387,344
2,1474,386
2,1496,344
2,1497,338
2,1480,329
2,1490,327
2,1710,341
2,1589,367
2,1572,369
2,1574,360
2,1569,363
2,1785,534
2,1783,527
2,954,678
2,961,663
2,957,749
2,948,765
2,936,760
2,1856,55
2,1852,47
2,1870,40
2,1868,35
2,1064,914
2,1056,916
2,1125,865
2,1112,857
2,999,847
2,313,923
2,306,920
2,296,917
2,733,841
2,1906,624
3,257,229
3,165,190
3,172,194
3,159,154
3,83,46
3,83,35
3,49,8
3,640,49
3,685,31
3,808,108
3,786,154
3,830,166
3,820,173
3,814,178
3,846,183
3,838,188
3,958,275
3,952,280
3,822,255
3,833,263
3,1182,42
3,1180,29
3,1223,23
3,1112,32
3,1114,41
3,798,274
3,796,284
3,803,276
3,794,267
3,789,263
3,822,371
3,780,361
3,772,365
3,786,287
3,763,358
3,755,362
3,906,371
3,908,357
3,891,310
3,943,355
3,999,393
3,1065,330
3,1095,298
3,918,521
3,1073,451
3,1038,482
3,1022,477
3,1040,489
3,1076,470
3,1069,460
3,977,525
3,968,521
3,1075,494
3,1068,500
3,1081,504
3,1074,506
3,1072,515
3,1091,521
3,1071,532
3,1077,525
3,1080,534
3,1088,543
3,1094,557
3,1068,567
3,1076,560
3,1068,553
3,1097,539
3,1152,489
3,1290,438
3,1287,452
3,1297,446
3,1384,343
3,1471,385
3,1500,346
3,1502,340
3,1483,331
3,1493,329
3,1707,344
3,1593,369
3,1575,372
3,1578,362
3,1574,366
3,1789,534
3,1787,527
3,954,677
3,961,662
3,959,746
3,950,761
3,938,757
3,1860,55
3,1856,47
3,1866,42
3,1863,37
3,1062,912
3,1054,914
3,1128,866
3,1116,857
3,1003,847
3,312,926
3,305,923
3,295,920
3,731,838
3,1911,627
4,263,230
4,169,188
4,177,193
4,157,151
4,85,50
4,87,39
4,53,11
4,640,46
4,683,28
4,809,104
4,784,150
4,833,170
4,825,177
4,818,181
4,848,188
4,840,192
4,960,279
4,954,282
4,822,252
4,836,261
4,1186,43
4,1185,29
4,1227,23
4,1110,33
4,1112,42
4,796,278
4,795,288
4,806,281
4,793,270
4,791,259
4,826,371
4,783,359
4,774,362
4,785,290
4,762,363
4,753,367
4,902,371
4,904,357
4,894,309
4,947,357
4,999,390
4,1069,329
4,1097,302
4,919,517
4,1073,451
4,1034,483
4,1021,476
4,1036,490
4,1076,470
4,1067,459
4,978,522
4,970,518
4,1071,490
4,1066,497
4,1081,502
4,1072,504
4,1072,513
4,1092,519
4,1072,535
4,1077,524
4,1080,533
4,1089,541
4,1094,558
4,1068,568
4,1077,561
4,1068,555
4,1097,539
4,1156,492
4,1291,439
4,1288,452
4,1298,446
4,1380,341
4,1468,384
4,1504,348
4,1506,342
4,1486,334
4,1497,332
4,1704,348
4,1597,371
4,1578,375
4,1582,364
4,1579,368
4,1793,535
4,1791,527
4,955,676
4,962,661
4,960,743
4,951,757
4,940,754
4,1864,55
4,1861,47
4,1862,44
4,1858,38
4,1060,910
4,1052,912
4,1131,866
4,1120,857
4,1007,848
4,310,929
4,303,926
4,294,922
4,730,835
4,1912,627
5,269,232
5,174,187
5,182,193
5,154,148
5,129,213
5,120,205
5,314,219
5,91,43
5,57,13
5,121,211
5,639,42
5,681,24
5,809,99
5,782,146
5,835,174
5,827,180
5,821,183
5,850,191
5,843,194
5,963,283
5,957,285
5,822,250
5,839,259
5,1189,44
5,1191,29
5,1231,23
5,1109,34
5,1110,43
5,797,282
5,794,291
5,806,285
5,793,269
5,793,255
5,830,370
5,785,356
5,776,359
5,784,293
5,899,372
5,901,357
5,897,307
5,951,359
5,998,387
5,1074,329
5,1099,306
5,921,514
5,1073,451
5,1031,485
5,1020,475
5,1033,491
5,1076,470
5,1065,459
5,980,519
5,971,515
5,1068,486
5,1064,494
5,1080,501
5,1071,501
5,1071,511
5,1093,516
5,1073,538
5,1076,522
5,1081,532
5,1090,539
5,1095,559
5,1069,569
5,1078,563
5,1069,556
5,1097,540
5,1292,439
5,1288,453
5,1298,446
5,1377,340
5,1465,382
5,1509,351
5,1511,344
5,1489,336
5,1500,334
5,1700,351
5,1601,373
5,1581,378
5,1586,366
5,1584,371
5,1658,471
5,1797,535
5,1795,527
5,955,675
5,962,660
5,962,740
5,953,753
5,942,751
5,1868,55
5,1865,47
5,1858,46
5,1853,40
5,1058,908
5,1049,910
5,1134,867
5,1124,857
5,1011,848
5,309,932
5,302,929
5,293,925
5,728,832
5,1913,628
6,272,232
6,178,186
6,186,191
6,152,145
6,134,211
6,124,203
6,311,220
6,95,47
6,60,16
6,47,6
6,56,6
6,125,209
6,638,39
6,679,20
6,810,95
6,780,142
6,838,178
6,830,183
6,824,186
6,853,194
6,846,197
6,966,285
6,960,287
6,822,247
6,839,256
6,1193,45
6,1197,29
6,1232,22
6,1107,35
6,1108,44
6,798,286
6,793,294
6,806,290
6,790,274
6,796,251
6,834,370
6,788,354
6,778,356
6,783,296
6,895,372
6,897,357
6,900,306
6,955,361
6,997,384
6,1078,329
6,1101,310
6,922,510
6,1073,451
6,1028,485
6,1019,474
6,1028,490
6,1076,470
6,1062,459
6,982,517
6,973,512
6,1065,482
6,1062,491
6,1080,499
6,1070,499
6,1071,509
6,1094,513
6,1074,540
6,1075,520
6,1080,529
6,1091,537
6,1095,560
6,1070,570
6,1079,564
6,1069,558
6,1097,540
6,1292,439
6,1289,453
6,1299,446
6,1373,338
6,1462,381
6,1513,352
6,1515,345
6,1492,339
6,1504,337
6,1697,355
6,1604,375
6,1585,381
6,1590,368
6,1589,374
6,1660,469
6,1801,535
6,1799,528
6,955,673
6,963,659
6,964,737
6,955,750
6,944,748
6,1872,55
6,1869,46
6,1853,48
6,1848,41
6,1056,907
6,1047,908
6,1137,868
6,1129,857
6,1015,849
6,308,935
6,301,932
6,291,928
6,727,829
6,1914,629
7,182,185
7,190,190
7,211,159
7,149,142
7,139,209
7,129,201
7,308,221
7,312,214
7,312,226
7,98,50
7,64,19
7,50,8
7,59,8
7,130,208
7,637,36
7,678,16
7,810,91
7,777,139
7,841,182
7,833,186
7,827,189
7,856,197
7,849,200
7,969,287
7,963,290
7,822,244
7,840,253
7,1197,43
7,1205,29
7,1234,22
7,1106,36
7,797,290
7,791,296
7,804,293
7,787,280
7,796,246
7,837,370
7,790,351
7,780,353
7,781,298
7,892,373
7,893,357
7,903,305
7,959,364
7,997,382
7,1082,328
7,1103,314
7,924,507
7,1073,451
7,1026,485
7,1018,473
7,1023,490
7,1076,470
7,1060,458
7,983,513
7,974,510
7,1062,479
7,1060,489
7,1079,498
7,1068,495
7,1068,505
7,1095,511
7,1075,543
7,1075,519
7,1079,526
7,1092,535
7,1096,561
7,1070,571
7,1081,566
7,1069,560
7,1097,540
7,1293,440
7,1290,453
7,1300,446
7,1370,337
7,1459,380
7,1517,354
7,1519,346
7,1495,341
7,1506,339
7,1694,358
7,1608,377
7,1588,382
7,1593,369
7,1592,375
7,1663,467
7,1805,536
7,1803,528
7,956,672
7,963,658
7,964,735
7,955,747
7,944,745
7,1876,55
7,1874,46
7,1849,50
7,1843,43
7,1054,905
7,1045,906
7,1139,868
7,1130,858
7,1019,849
7,306,938
7,299,935
7,290,930
7,725,826
7,1915,631
8,186,184
8,194,189
8,144,208
8,134,200
8,303,221
8,307,214
8,307,226
8,67,22
8,53,12
8,63,12
8,135,207
8,211,81
8,636,33
8,676,12
8,810,87
8,775,135
8,844,184
8,836,188
8,830,192
8,858,200
8,851,203
8,973,290
8,966,292
8,823,242
8,840,250
8,1201,42
8,1213,29
8,1236,22
8,1104,36
8,796,294
8,789,298
8,802,297
8,785,282
8,796,241
8,841,369
8,793,349
8,783,350
8,779,301
8,889,374
8,890,357
8,906,303
8,962,366
8,996,379
8,1086,328
8,1104,317
8,925,504
8,1073,451
8,1023,486
8,1018,473
8,1018,490
8,1076,469
8,1058,458
8,984,510
8,976,507
8,1059,477
8,1057,486
8,1079,497
8,1066,491
8,1066,501
8,1094,508
8,1076,546
8,1073,516
8,1079,524
8,1093,533
8,1096,562
8,1071,572
8,1081,567
8,1070,562
8,1087,574
8,1093,578
8,1097,541
8,1294,440
8,1290,454
8,1300,446
8,1366,335
8,1455,378
8,1521,356
8,1523,347
8,1498,343
8,1509,341
8,1690,362
8,1612,379
8,1592,383
8,1596,371
8,1595,377
8,1665,465
8,1809,536
8,1807,528
8,956,671
8,964,657
8,964,734
8,956,745
8,944,743
8,1880,55
8,1878,46
8,1845,52
8,1838,44
8,1052,903
8,1042,904
8,1141,868
8,1132,859
8,1023,850
8,305,941
8,298,938
8,289,933
8,444,895
8,434,889
8,724,823
9,190,183
9,198,187
9,149,206
9,139,198
9,299,221
9,303,214
9,302,227
9,315,216
9,71,26
9,56,15
9,66,15
9,58,9
9,140,205
9,216,80
9,811,83
9,773,131
9,847,187
9,840,191
9,833,196
9,861,203
9,854,206
9,976,292
9,969,295
9,823,239
9,841,247
9,960,186
9,1206,41
9,1221,29
9,1238,22
9,1102,37
9,795,297
9,787,299
9,801,300
9,784,285
9,797,236
9,845,369
9,795,346
9,785,347
9,777,304
9,885,373
9,885,357
9,909,302
9,966,368
9,995,376
9,1091,328
9,1106,321
9,927,500
9,1073,451
9,1021,486
9,1017,472
9,1013,490
9,1076,469
9,1056,458
9,986,506
9,977,504
9,1056,475
9,1055,483
9,1076,494
9,1064,487
9,1063,497
9,1094,506
9,1077,549
9,1072,513
9,1077,523
9,1092,530
9,1097,563
9,1081,568
9,1070,563
9,1086,571
9,1092,575
9,1097,541
9,1295,441
9,1291,454
9,1301,446
9,1363,334
9,1452,377
9,1525,358
9,1528,348
9,1501,345
9,1512,343
9,1687,365
9,1616,382
9,1596,385
9,1599,373
9,1599,379
9,1668,463
9,1813,536
9,1811,528
9,956,670
9,964,656
9,965,733
9,957,742
9,945,741
9,1884,56
9,1883,46
9,1841,54
9,1833,46
9,1050,901
9,1040,902
9,1143,868
9,1134,860
9,1026,849
9,304,944
9,297,941
9,288,936
9,447,893
9,437,887
9,723,818
9,1073,851
10,194,183
10,202,186
10,154,204
10,144,196
10,295,222
10,299,214
10,298,228
10,315,221
10,73,29
10,59,19
10,70,18
10,62,12
10,145,204
10,221,80
10,811,79
10,771,127
10,850,190
10,843,193
10,836,200
10,864,206
10,857,210
10,980,295
10,973,298
10,824,237
10,842,245
10,962,189
10,1208,40
10,1226,27
10,1240,22
10,1100,37
10,794,300
10,785,301
10,800,304
10,783,287
10,797,231
10,849,369
10,797,343
10,787,345
10,775,306
10,882,373
10,881,357
10,912,301
10,970,371
10,995,373
10,1094,327
10,1108,324
10,928,497
10,1073,451
10,1019,487
10,1017,472
10,1009,490
10,1076,469
10,1053,456
10,987,503
10,979,501
10,1054,473
10,1053,480
10,1074,492
10,1062,483
10,1061,493
10,1094,503
10,1077,550
10,1071,510
10,1075,522
10,1092,528
10,1081,570
10,1071,565
10,1086,569
10,1092,572
10,1097,541
10,1294,441
10,1292,454
10,1302,447
10,1359,332
10,1449,376
10,1529,358
10,1531,348
10,1504,347
10,1515,345
10,1684,369
10,1619,383
10,1600,386
10,1603,375
10,1602,381
10,1671,462
10,1817,537
10,1815,529
10,957,669
10,965,655
10,965,731
10,957,740
10,945,739
10,1887,55
10,1886,45
10,1835,56
10,1828,49
10,1048,899
10,1038,900
10,1145,868
10,1135,861
10,1030,849
10,301,946
10,294,943
10,285,938
10,450,891
10,441,885
10,722,814
10,1067,853
11,197,181
11,206,185
11,159,203
11,149,195
11,290,222
11,295,214
11,293,228
11,309,220
11,75,32
11,62,22
11,73,21
11,66,15
11,57,6
11,150,203
11,226,79
11,811,75
11,769,123
11,853,193
11,847,196
11,839,204
11,866,209
11,859,213
11,982,297
11,975,300
11,824,234
11,840,241
11,965,193
11,1211,39
11,1232,26
11,1242,22
11,793,304
11,783,303
11,799,308
11,782,290
11,798,226
11,853,369
11,800,340
11,789,343
11,774,309
11,878,372
11,876,357
11,915,299
11,973,373
11,994,370
11,1098,326
11,1110,328
11,930,493
11,1073,451
11,1015,486
11,1015,472
11,1005,490
11,1076,469
11,1050,454
11,989,500
11,980,498
11,1051,470
11,1050,477
11,1072,489
11,1061,480
11,1059,489
11,1094,501
11,1077,552
11,1070,507
11,1074,521
11,1091,525
11,1081,571
11,1071,567
11,1086,567
11,1092,570
11,1097,542
11,1294,442
11,1293,455
11,1301,447
11,1356,331
11,1446,374
11,1533,358
11,1535,349
11,1507,350
11,1518,347
11,1679,369
11,1623,384
11,1604,387
11,1606,376
11,1605,383
11,1673,460
11,1814,536
11,1815,530
11,957,667
11,965,652
11,965,730
11,958,737
11,945,737
11,1891,54
11,1889,45
11,1830,59
11,1824,52
11,1047,898
11,1036,899
11,1147,868
11,1137,862
11,1033,849
11,299,948
11,292,945
11,282,941
11,454,890
11,444,883
11,267,1018
11,721,809
11,1062,855
12,201,179
12,211,183
12,163,201
12,153,193
12,286,222
12,290,214
12,289,229
12,304,219
12,77,34
12,65,25
12,77,24
12,70,19
12,60,8
12,102,196
12,154,201
12,231,79
12,766,120
12,855,195
12,850,198
12,842,206
12,868,212
12,862,217
12,985,299
12,978,302
12,824,231
12,839,238
12,967,197
12,1213,38
12,1238,25
12,1243,21
12,789,307
12,781,305
12,796,311
12,781,293
12,798,221
12,856,368
12,802,337
12,791,340
12,772,312
12,875,372
12,872,358
12,918,298
12,977,375
12,993,367
12,1101,325
12,1112,331
12,931,490
12,1073,451
12,1011,486
12,1014,472
12,1002,491
12,1076,469
12,1047,453
12,990,497
12,982,496
12,1049,468
12,1048,474
12,1070,487
12,1058,476
12,1056,486
12,1096,500
12,1077,553
12,1069,505
12,1073,519
12,1091,523
12,1072,568
12,1086,565
12,1092,567
12,1097,542
12,1294,442
12,1292,454
12,1301,447
12,1352,329
12,1443,373
12,1537,358
12,1538,349
12,1510,352
12,1521,348
12,1674,369
12,1626,385
12,1608,389
12,1609,378
12,1609,385
12,1676,458
12,1823,533
12,1822,529
12,958,666
12,965,650
12,966,729
12,959,735
12,946,735
12,1895,53
12,1892,44
12,1824,62
12,1820,56
12,1045,895
12,1033,897
12,1149,869
12,1139,863
12,1037,849
12,296,950
12,289,947
12,280,944
12,457,888
12,448,881
12,269,1014
12,720,805
12,1057,858
13,205,178
13,214,181
13,167,199
13,157,191
13,282,223
13,286,214
13,284,230
13,298,218
13,80,37
13,68,29
13,80,28
13,74,22
13,63,10
13,106,195
13,120,210
13,158,199
13,237,79
13,764,116
13,858,198
13,853,201
13,845,208
13,870,216
13,864,220
13,988,301
13,981,305
13,824,228
13,838,234
13,970,201
13,1216,37
13,1244,24
13,1245,20
13,786,311
13,780,308
13,794,315
13,780,296
13,799,217
13,860,367
13,804,334
13,793,338
13,771,315
13,871,371
13,867,358
13,920,297
13,981,378
13,993,365
13,1105,324
13,1114,335
13,933,487
13,1073,451
13,1007,487
13,1013,472
13,1000,492
13,1076,469
13,1044,451
13,991,494
13,984,493
13,1047,466
13,1046,472
13,1068,485
13,1056,473
13,1053,483
13,1099,500
13,1078,555
13,1068,503
13,1072,518
13,1091,521
13,1072,570
13,1086,563
13,1092,564
13,1097,542
13,1294,443
13,1292,454
13,1301,447
13,1349,328
13,1440,372
13,1541,358
13,1542,350
13,1513,354
13,1525,350
13,1670,369
13,1630,386
13,1612,390
13,1612,380
13,1612,387
13,1679,456
13,1675,448
13,1826,535
13,1826,530
13,959,664
13,965,647
13,966,726
13,959,733
13,946,733
13,1899,52
13,1895,44
13,1819,65
13,1816,59
13,1044,893
13,1030,896
13,1151,869
13,1141,864
13,1040,849
13,294,952
13,287,950
13,277,946
13,461,887
13,451,879
13,271,1011
13,720,802
13,1051,860
14,209,176
14,218,179
14,171,197
14,161,189
14,277,223
14,282,214
14,280,230
14,293,218
14,82,39
14,72,32
14,84,31
14,77,24
14,66,12
14,76,9
14,111,194
14,124,208
14,162,197
14,242,77
14,762,112
14,861,201
14,856,204
14,848,210
14,873,220
14,867,224
14,990,303
14,984,307
14,824,225
14,837,231
14,972,203
14,1218,36
14,1247,22
14,1246,19
14,786,314
14,778,311
14,792,318
14,779,299
14,800,213
14,863,366
14,807,332
14,795,336
14,769,319
14,867,370
14,863,358
14,923,296
14,985,379
14,992,362
14,1108,323
14,1116,339
14,934,483
14,1073,451
14,1003,488
14,1012,472
14,998,493
14,1076,468
14,1041,450
14,993,492
14,986,491
14,1044,462
14,1042,468
14,1066,483
14,1053,469
14,1050,481
14,1101,500
14,1078,556
14,1068,502
14,1071,516
14,1091,519
14,1073,572
14,1086,561
14,1092,562
14,1097,542
14,1294,442
14,1292,454
14,1301,447
14,1344,326
14,1436,370
14,1546,359
14,1546,351
14,1516,356
14,1529,352
14,1531,337
14,1665,369
14,1634,387
14,1616,392
14,1616,382
14,1616,389
14,1682,454
14,1677,447
14,1831,536
14,1830,530
14,959,663
14,965,645
14,967,724
14,959,731
14,947,731
14,1903,51
14,1898,43
14,1814,68
14,1812,63
14,1042,891
14,1028,895
14,1153,869
14,1144,862
14,1044,849
14,291,955
14,285,952
14,275,949
14,464,885
14,455,878
14,273,1008
14,1046,863
15,213,175
15,222,177
15,176,196
15,165,187
15,273,223
15,278,214
15,275,231
15,289,217
15,85,42
15,77,11
15,87,33
15,80,26
15,70,15
15,87,17
15,116,193
15,128,206
15,114,207
15,166,195
15,128,214
15,248,76
15,760,108
15,864,204
15,859,207
15,851,212
15,875,222
15,869,227
15,993,305
15,987,309
15,825,223
15,836,228
15,975,206
15,1026,123
15,1015,126
15,1220,35
15,1251,21
15,1248,18
15,786,318
15,777,315
15,790,321
15,778,302
15,800,208
15,867,365
15,808,328
15,797,332
15,769,325
15,864,369
15,858,358
15,926,294
15,989,381
15,991,359
15,1112,322
15,1118,342
15,936,480
15,1073,451
15,997,491
15,1010,472
15,996,494
15,1076,467
15,1036,448
15,995,490
15,988,489
15,1042,459
15,1039,465
15,1065,481
15,1051,466
15,1047,476
15,1104,500
15,1078,558
15,1068,500
15,1071,515
15,1091,517
15,1073,573
15,1086,559
15,1092,560
15,1097,543
15,1294,442
15,1292,454
15,1300,447
15,1340,324
15,1432,368
15,1550,360
15,1550,352
15,1519,358
15,1532,353
15,1535,339
15,1661,369
15,1637,387
15,1620,392
15,1619,382
15,1620,389
15,1685,452
15,1680,446
15,1834,536
15,1834,530
15,960,661
15,965,642
15,968,722
15,960,729
15,947,729
15,1811,71
15,1808,66
15,1041,888
15,1025,894
15,1155,869
15,1148,861
15,1047,849
15,289,957
15,282,954
15,272,952
15,467,883
15,458,876
15,275,1005
15,1041,865
16,217,173
16,226,176
16,191,142
16,180,194
16,169,185
16,269,224
16,274,214
16,271,232
16,285,217
16,87,44
16,79,19
16,90,36
16,83,29
16,75,18
16,98,25
16,121,192
16,133,204
16,119,206
16,119,206
16,171,194
16,134,213
16,253,74
16,331,52
16,758,104
16,867,207
16,863,210
16,854,214
16,878,225
16,872,230
16,996,308
16,990,312
16,824,219
16,835,223
16,977,209
16,1030,126
16,1020,131
16,1222,34
16,1255,19
16,1250,17
16,785,319
16,775,317
16,788,324
16,777,305
16,801,204
16,871,364
16,810,324
16,799,329
16,767,327
16,776,385
16,860,369
16,854,358
16,929,293
16,993,382
16,991,356
16,1115,321
16,1120,345
16,937,476
16,1073,451
16,992,494
16,1009,472
16,994,495
16,1076,467
16,1032,447
16,997,489
16,990,487
16,1040,456
16,1036,462
16,1064,480
16,1049,463
16,1044,472
16,1107,500
16,1079,560
16,1068,499
16,1070,512
16,1091,515
16,1074,574
16,1086,557
16,1092,558
16,1098,543
16,1294,442
16,1292,454
16,1300,447
16,1336,323
16,1429,366
16,1554,361
16,1554,353
16,1522,360
16,1536,355
16,1539,342
16,1656,369
16,1641,387
16,1624,393
16,1623,383
16,1624,390
16,1688,450
16,1682,445
16,1839,536
16,1837,531
16,961,660
16,965,640
16,969,720
16,960,727
16,948,727
16,1808,75
16,1804,70
16,1039,886
16,1023,893
16,1157,869
16,1152,859
16,1051,849
16,286,959
16,280,957
16,269,954
16,471,882
16,462,874
16,277,1001
16,1036,868
17,222,171
17,230,174
17,188,139
17,184,192
17,173,183
17,265,221
17,271,213
17,268,230
17,282,217
17,90,47
17,81,28
17,93,39
17,86,31
17,78,20
17,103,31
17,124,191
17,137,202
17,123,204
17,124,206
17,175,192
17,140,212
17,259,73
17,328,51
17,756,101
17,870,209
17,865,212
17,857,216
17,881,228
17,875,233
17,999,309
17,993,314
17,824,216
17,834,218
17,980,212
17,1034,130
17,1026,136
17,1225,34
17,1259,18
17,1252,16
17,784,321
17,773,319
17,786,328
17,777,309
17,802,200
17,874,363
17,811,320
17,802,325
17,765,330
17,777,381
17,856,368
17,850,358
17,932,292
17,998,384
17,990,353
17,1119,320
17,1122,348
17,939,473
17,1073,451
17,986,497
17,1008,472
17,992,496
17,1076,466
17,1028,446
17,999,488
17,993,485
17,1038,453
17,1033,459
17,1061,478
17,1046,458
17,1041,468
17,1109,502
17,1079,562
17,1064,496
17,1070,510
17,1091,513
17,1074,575
17,1086,555
17,1092,556
17,1098,543
17,1294,442
17,1292,454
17,1300,447
17,1332,321
17,1425,364
17,1558,362
17,1559,354
17,1525,362
17,1540,357
17,1543,345
17,1652,369
17,1645,387
17,1628,394
17,1627,384
17,1628,390
17,1691,448
17,1685,443
17,961,658
17,965,636
17,970,718
17,961,725
17,949,725
17,1806,79
17,1800,73
17,1038,884
17,1020,892
17,1159,870
17,1156,858
17,1055,849
17,284,961
17,277,959
17,267,957
17,474,880
17,465,872
17,279,998
17,1029,867
18,226,169
18,234,172
18,186,137
18,188,190
18,177,181
18,261,219
18,268,212
18,265,228
18,278,216
18,316,216
18,93,50
18,83,37
18,96,42
18,89,34
18,81,22
18,128,190
18,142,201
18,128,202
18,129,206
18,179,191
18,145,211
18,132,211
18,264,72
18,325,50
18,753,97
18,873,211
18,868,214
18,860,219
18,883,230
18,877,235
18,1002,311
18,996,316
18,824,213
18,833,213
18,983,215
18,1038,130
18,1029,137
18,1226,33
18,1260,15
18,1254,15
18,782,323
18,772,321
18,784,329
18,776,311
18,803,196
18,878,362
18,813,317
18,804,322
18,765,332
18,778,378
18,853,367
18,845,358
18,935,290
18,1002,386
18,990,351
18,1123,319
18,1124,352
18,940,470
18,1073,451
18,981,500
18,1007,472
18,990,497
18,1076,466
18,1024,445
18,1002,486
18,995,483
18,1035,451
18,1030,457
18,1058,476
18,1043,454
18,1040,463
18,1111,505
18,1080,564
18,1061,493
18,1069,508
18,1091,511
18,1086,553
18,1092,555
18,1098,544
18,1294,442
18,1292,453
18,1300,448
18,1328,319
18,1421,362
18,1562,363
18,1563,355
18,1529,363
18,1543,358
18,1548,348
18,1648,366
18,1649,387
18,1632,395
18,1631,385
18,1632,391
18,1693,446
18,1687,441
18,962,656
18,965,633
18,970,714
18,961,722
18,949,723
18,1803,82
18,1796,77
18,1037,882
18,1018,891
18,1161,870
18,1157,868
18,1059,850
18,281,963
18,275,961
18,264,960
18,478,879
18,469,870
18,281,995
18,1023,867
19,231,168
19,238,171
19,184,135
19,193,189
19,181,180
19,257,217
19,265,211
19,262,226
19,275,216
19,312,216
19,96,53
19,86,39
19,99,45
19,92,36
19,84,24
19,132,189
19,146,199
19,132,200
19,134,206
19,183,189
19,149,209
19,137,211
19,270,70
19,322,50
19,750,93
19,876,214
19,871,217
19,863,222
19,886,233
19,880,238
19,1005,313
19,1000,318
19,824,210
19,832,208
19,985,218
19,1043,131
19,1033,138
19,1228,32
19,1262,12
19,780,325
19,771,323
19,783,330
19,775,314
19,802,191
19,881,361
19,814,313
19,807,318
19,766,335
19,779,375
19,849,366
19,841,358
19,938,289
19,1006,387
19,990,347
19,1126,318
19,1126,355
19,942,466
19,1073,451
19,981,503
19,1005,469
19,990,502
19,1076,465
19,1020,443
19,1004,485
19,997,481
19,1032,449
19,1027,455
19,1056,475
19,1040,449
19,1039,459
19,1113,507
19,1080,566
19,1058,490
19,1069,506
19,1091,509
19,1086,551
19,1092,553
19,1098,544
19,1293,442
19,1293,453
19,1300,447
19,1324,318
19,1418,361
19,1566,364
19,1568,356
19,1533,364
19,1547,359
19,1551,349
19,1644,364
19,1653,388
19,1636,396
19,1635,386
19,1636,391
19,1695,444
19,1688,438
19,963,654
19,965,629
19,970,711
19,961,720
19,950,721
19,1800,86
19,1792,80
19,1034,880
19,1015,889
19,1163,870
19,1159,866
19,1063,851
19,279,966
19,273,964
19,262,963
19,481,877
19,472,868
19,283,992
19,1016,866
20,235,166
20,242,169
20,182,132
20,195,186
20,185,178
20,253,215
20,263,211
20,259,225
20,271,216
20,308,216
20,95,39
20,87,27
20,136,188
20,150,198
20,137,199
20,139,206
20,188,188
20,153,208
20,143,211
20,275,69
20,319,49
20,747,89
20,879,216
20,874,219
20,866,225
20,889,236
20,883,241
20,1008,315
20,1003,320
20,824,207
20,832,204
20,988,221
20,1047,132
20,1037,139
20,1230,32
20,778,327
20,770,326
20,782,332
20,774,317
20,802,186
20,885,360
20,816,309
20,809,315
20,764,337
20,781,372
20,772,377
20,752,370
20,846,366
20,837,359
20,941,288
20,1010,389
20,990,344
20,1130,318
20,1128,358
20,943,463
20,1073,451
20,982,506
20,1003,467
20,991,508
20,1076,464
20,1017,442
20,1006,484
20,999,479
20,1030,447
20,1024,453
20,1053,473
20,1038,444
20,1038,455
20,1115,510
20,1081,568
20,1055,488
20,1068,504
20,1093,506
20,1086,550
20,1092,551
20,1098,544
20,1293,442
20,1293,453
20,1300,446
20,1319,317
20,1415,359
20,1570,364
20,1572,357
20,1537,365
20,1550,361
20,1555,351
20,1641,362
20,1656,388
20,1640,397
20,1639,387
20,1640,392
20,1697,442
20,1690,436
20,964,652
20,965,626
20,970,708
20,961,718
20,951,719
20,1798,90
20,1788,84
20,1031,878
20,1013,888
20,1165,870
20,1161,865
20,1067,852
20,277,968
20,271,966
20,259,965
20,485,876
20,476,867
20,286,989
20,1010,866
21,239,164
21,246,168
21,180,130
21,201,185
21,189,176
21,249,212
21,259,208
21,255,222
21,268,216
21,304,216
21,98,41
21,90,29
21,140,187
21,154,197
21,141,198
21,144,206
21,192,186
21,157,206
21,149,211
21,127,211
21,281,67
21,316,49
21,744,85
21,883,219
21,877,222
21,870,228
21,892,239
21,885,244
21,1011,317
21,1006,322
21,823,204
21,831,201
21,991,224
21,1052,133
21,1041,140
21,1230,32
21,777,330
21,767,328
21,781,335
21,773,320
21,802,181
21,889,359
21,818,306
21,812,312
21,763,340
21,783,369
21,776,373
21,751,367
21,842,365
21,833,360
21,944,286
21,1015,391
21,990,340
21,1134,318
21,1130,362
21,945,459
21,1073,451
21,982,509
21,1002,465
21,991,514
21,1076,464
21,1013,440
21,1009,483
21,1002,477
21,1027,445
21,1021,451
21,1051,472
21,1036,439
21,1038,451
21,1117,513
21,1081,570
21,1052,486
21,1068,502
21,1095,504
21,1085,547
21,1093,550
21,1098,545
21,1293,442
21,1294,453
21,1300,445
21,1315,317
21,1412,357
21,1574,365
21,1577,358
21,1541,366
21,1554,362
21,1558,353
21,1637,359
21,1659,388
21,1643,397
21,1642,387
21,1643,392
21,1699,440
21,1692,433
21,965,650
21,965,622
21,970,704
21,962,716
21,951,717
21,1795,94
21,1786,89
21,1028,876
21,1011,886
21,1168,870
21,1163,864
21,1071,853
21,275,971
21,269,969
21,257,968
21,488,874
21,479,865
21,289,986
21,1003,865
22,243,162
22,250,166
22,178,128
22,204,183
22,194,175
22,245,210
22,255,205
22,252,219
22,264,211
22,301,216
22,102,43
22,93,31
22,143,186
22,158,196
22,145,197
22,148,204
22,196,184
22,161,205
22,155,212
22,130,208
22,132,212
22,286,66
22,311,51
22,741,81
22,886,221
22,880,224
22,873,230
22,895,242
22,887,247
22,1015,319
22,1010,324
22,822,201
22,830,198
22,993,227
22,1056,134
22,1046,141
22,1230,32
22,776,334
22,764,331
22,780,338
22,773,323
22,801,176
22,892,358
22,819,302
22,813,308
22,761,343
22,785,366
22,780,370
22,750,364
22,839,364
22,829,361
22,947,285
22,1019,392
22,990,337
22,1138,318
22,1131,366
22,946,456
22,1073,451
22,983,513
22,1002,463
22,992,520
22,1076,463
22,1010,439
22,1012,482
22,1005,476
22,1025,443
22,1018,449
22,1049,470
22,1033,436
22,1035,447
22,1117,517
22,1082,572
22,1049,484
22,1067,501
22,1097,501
22,1085,545
22,1092,548
22,1098,545
22,1293,442
22,1294,453
22,1300,444
22,1311,317
22,1409,355
22,1578,366
22,1581,359
22,1545,368
22,1558,364
22,1562,355
22,1633,357
22,1662,388
22,1647,397
22,1646,387
22,1647,392
22,1701,438
22,1694,431
22,966,649
22,966,619
22,970,701
22,962,714
22,952,715
22,1792,99
22,1784,94
22,1025,874
22,1009,885
22,1170,870
22,1165,862
22,1076,854
22,273,973
22,267,972
22,255,971
22,492,873
22,483,864
22,292,983
22,997,865
23,247,160
23,254,165
23,208,182
23,198,173
23,242,207
23,251,202
23,248,217
23,261,207
23,297,216
23,106,46
23,97,34
23,146,186
23,162,195
23,149,196
23,152,203
23,200,182
23,165,203
23,159,208
23,135,205
23,136,211
23,292,65
23,307,53
23,738,77
23,615,9
23,889,223
23,883,226
23,876,232
23,898,245
23,889,250
23,1017,322
23,1011,326
23,821,198
23,830,195
23,996,230
23,1060,135
23,1051,142
23,1234,29
23,775,338
23,762,334
23,780,342
23,772,326
23,801,171
23,896,358
23,820,298
23,814,305
23,760,346
23,788,363
23,784,367
23,750,361
23,836,363
23,825,362
23,950,284
23,1023,393
23,991,333
23,1142,317
23,1133,370
23,948,452
23,1073,451
23,983,517
23,1003,461
23,992,523
23,1076,463
23,1006,438
23,1015,482
23,1009,476
23,1022,441
23,1015,447
23,1047,468
23,1031,433
23,1032,444
23,1118,521
23,1047,483
23,1067,499
23,1099,499
23,1085,543
23,1092,546
23,1098,545
23,1293,441
23,1295,453
23,1300,444
23,1307,317
23,1406,354
23,1583,367
23,1586,361
23,1548,369
23,1561,365
23,1565,357
23,1630,355
23,1665,388
23,1651,397
23,1650,387
23,1651,393
23,1703,436
23,1696,428
23,966,646
23,965,616
23,970,698
23,962,712
23,953,713
23,1789,103
23,1782,99
23,1022,872
23,1007,883
23,1172,870
23,1167,861
23,1079,853
23,272,976
23,265,974
23,253,973
23,496,872
23,487,862
23,295,980
23,989,863
24,250,158
24,258,163
24,212,180
24,202,171
24,238,205
24,247,199
24,245,214
24,258,202
24,293,216
24,108,50
24,99,37
24,150,185
24,166,194
24,153,195
24,157,202
24,204,181
24,168,201
24,164,204
24,141,202
24,140,210
24,295,64
24,303,53
24,735,73
24,613,15
24,892,225
24,886,229
24,879,234
24,900,247
24,892,252
24,1020,325
24,1013,329
24,820,195
24,829,192
24,999,233
24,1064,136
24,1056,144
24,1238,27
24,773,341
24,761,337
24,778,345
24,771,329
24,801,166
24,899,358
24,821,294
24,815,301
24,759,349
24,791,361
24,786,363
24,749,357
24,833,362
24,821,363
24,952,283
24,1027,394
24,991,330
24,1146,317
24,1135,374
24,949,449
24,1073,451
24,984,522
24,1004,459
24,992,527
24,1076,462
24,1002,437
24,1018,482
24,1013,476
24,1020,439
24,1012,445
24,1046,467
24,1028,430
24,1029,440
24,1119,525
24,1043,481
24,1067,498
24,1101,496
24,1084,541
24,1092,545
24,1098,545
24,1293,441
24,1296,453
24,1300,444
24,1303,317
24,1403,352
24,1587,368
24,1589,361
24,1552,370
24,1565,367
24,1569,359
24,1625,352
24,1668,388
24,1654,397
24,1653,387
24,1654,393
24,1705,435
24,1699,426
24,966,643
24,965,614
24,971,695
24,963,710
24,954,711
24,1786,108
24,1780,104
24,1020,871
24,1005,882
24,1174,870
24,1169,860
24,1083,853
24,270,978
24,263,977
24,251,976
24,499,871
24,491,861
24,298,977
24,982,861
25,254,156
25,263,162
25,216,179
25,207,170
25,235,203
25,243,196
25,242,212
25,255,198
25,289,217
25,102,40
25,153,185
25,170,194
25,157,194
25,160,201
25,208,179
25,172,201
25,167,203
25,144,201
25,144,209
25,299,63
25,299,53
25,733,69
25,612,20
25,665,8
25,672,7
25,895,227
25,889,231
25,882,236
25,902,250
25,895,255
25,1023,328
25,1015,332
25,819,192
25,828,189
25,1001,236
25,1068,137
25,1059,145
25,1239,25
25,771,345
25,760,340
25,777,348
25,770,333
25,800,161
25,903,358
25,823,290
25,816,298
25,758,353
25,795,359
25,789,359
25,749,354
25,830,361
25,818,365
25,955,281
25,1031,395
25,991,327
25,1150,317
25,1136,378
25,951,446
25,1073,451
25,984,526
25,1005,456
25,993,531
25,1076,462
25,998,436
25,1021,482
25,1016,476
25,1017,437
25,1009,443
25,1044,465
25,1026,427
25,1026,437
25,1120,530
25,1039,480
25,1065,495
25,1103,494
25,1084,539
25,1091,543
25,1098,546
25,1294,440
25,1295,453
25,1300,445
25,1299,317
25,1400,350
25,1591,369
25,1593,362
25,1556,372
25,1569,368
25,1572,360
25,1620,350
25,1672,388
25,1658,397
25,1657,387
25,1658,393
25,1707,433
25,1702,424
25,966,640
25,965,611
25,970,691
25,963,707
25,954,708
25,1785,113
25,1779,109
25,1017,869
25,1003,879
25,1177,871
25,1172,859
25,1087,853
25,268,981
25,261,980
25,248,979
25,503,870
25,495,859
25,301,974
25,975,859
26,258,154
26,266,160
26,220,178
26,211,168
26,230,199
26,240,194
26,240,208
26,252,194
26,286,217
26,105,43
26,157,185
26,174,193
26,161,194
26,163,201
26,212,178
26,176,201
26,171,203
26,148,200
26,149,208
26,303,62
26,296,54
26,729,64
26,609,23
26,668,12
26,676,11
26,899,230
26,892,234
26,886,239
26,905,253
26,898,258
26,1026,331
26,1017,335
26,819,189
26,828,186
26,1004,239
26,1072,138
26,1063,146
26,1241,24
26,770,349
26,759,343
26,776,352
26,769,336
26,799,157
26,907,357
26,824,286
26,817,294
26,758,357
26,745,256
26,799,357
26,791,355
26,749,350
26,826,360
26,814,366
26,958,280
26,1035,397
26,991,323
26,1154,317
26,1138,382
26,952,442
26,992,523
26,1073,451
26,985,531
26,1007,454
26,993,535
26,1076,460
26,995,435
26,1024,482
26,1020,476
26,1015,436
26,1007,442
26,1043,464
26,1022,425
26,1023,434
26,1118,534
26,1035,479
26,1063,493
26,1105,496
26,1084,537
26,1091,541
26,1098,546
26,1294,440
26,1295,453
26,1301,445
26,1295,317
26,1397,349
26,1595,370
26,1596,363
26,1560,373
26,1572,370
26,1575,362
26,1616,348
26,1676,387
26,1662,398
26,1661,388
26,1662,394
26,1709,431
26,1704,422
26,966,638
26,964,609
26,970,688
26,963,704
26,954,706
26,1784,118
26,1778,114
26,1014,867
26,1001,876
26,1178,871
26,1172,860
26,1091,853
26,267,983
26,259,982
26,246,981
26,507,869
26,499,858
26,304,971
26,967,857
27,262,153
27,269,159
27,153,132
27,225,177
27,216,167
27,226,196
27,237,192
27,238,204
27,248,191
27,282,217
27,160,187
27,178,193
27,165,194
27,166,201
27,216,177
27,180,201
27,175,203
27,151,199
27,153,207
27,306,61
27,292,55
27,726,60
27,607,26
27,672,17
27,680,15
27,902,232
27,895,236
27,889,241
27,907,256
27,901,261
27,1029,334
27,1019,338
27,817,185
27,826,183
27,1007,242
27,1076,139
27,1067,147
27,1243,23
27,769,352
27,758,347
27,774,354
27,768,340
27,799,152
27,910,357
27,825,282
27,818,291
27,756,360
27,748,256
27,749,261
27,803,356
27,794,351
27,749,347
27,822,359
27,810,367
27,961,279
27,1039,398
27,992,320
27,1158,316
27,1140,386
27,954,439
27,988,521
27,1073,451
27,985,535
27,1008,452
27,993,539
27,1076,459
27,991,434
27,1027,482
27,1024,476
27,1010,436
27,1005,440
27,1040,461
27,1018,423
27,1019,432
27,1116,539
27,1032,477
27,1062,490
27,1107,498
27,1083,534
27,1091,540
27,1098,546
27,1295,440
27,1295,453
27,1301,446
27,1291,316
27,1393,347
27,1599,372
27,1600,364
27,1564,374
27,1576,371
27,1579,363
27,1611,346
27,1681,387
27,1665,398
27,1665,387
27,1666,394
27,1711,429
27,1707,420
27,966,635
27,964,606
27,970,685
27,963,701
27,954,703
27,1783,123
27,1777,119
27,1012,865
27,999,874
27,1180,872
27,1173,861
27,1094,853
27,265,986
27,257,985
27,244,984
27,511,868
27,503,857
27,306,968
27,960,855
28,265,151
28,273,157
28,155,138
28,230,174
28,220,165
28,222,193
28,235,190
28,237,201
28,244,188
28,278,217
28,163,190
28,182,193
28,170,194
28,169,201
28,221,176
28,185,201
28,179,203
28,155,199
28,158,206
28,310,60
28,288,56
28,723,55
28,605,27
28,676,21
28,684,19
28,905,235
28,898,239
28,892,243
28,910,259
28,904,264
28,1032,336
28,1022,340
28,816,182
28,824,180
28,1009,245
28,1081,141
28,1071,149
28,1244,22
28,768,355
28,758,352
28,773,357
28,766,343
28,798,148
28,914,357
28,827,279
28,819,288
28,754,363
28,752,256
28,754,261
28,805,352
28,795,348
28,751,343
28,819,358
28,806,368
28,964,277
28,1043,399
28,992,316
28,1162,316
28,1142,388
28,955,435
28,985,520
28,1073,451
28,986,540
28,1010,450
28,994,543
28,1076,458
28,987,433
28,1030,482
28,1026,476
28,1008,433
28,1001,438
28,1037,459
28,1015,422
28,1016,430
28,1114,543
28,1029,475
28,1060,488
28,1109,500
28,1083,532
28,1089,536
28,1098,547
28,1295,440
28,1295,454
28,1301,446
28,1287,316
28,1390,345
28,1603,372
28,1605,363
28,1568,376
28,1580,373
28,1582,365
28,1607,344
28,1685,386
28,1669,398
28,1669,387
28,1670,394
28,1713,428
28,1710,418
28,1871,540
28,1877,535
28,966,632
28,964,604
28,970,682
28,963,698
28,954,701
28,1783,128
28,1776,124
28,1009,863
28,997,871
28,1182,873
28,1174,863
28,1098,853
28,263,988
28,255,988
28,242,987
28,513,867
28,505,856
28,309,966
28,953,854
29,268,149
29,276,156
29,157,144
29,234,172
29,225,163
29,219,189
29,231,186
29,234,197
29,240,185
29,275,217
29,166,192
29,186,193
29,173,194
29,172,201
29,225,173
29,189,201
29,182,203
29,158,199
29,162,205
29,98,56
29,314,59
29,285,58
29,720,51
29,604,29
29,678,24
29,686,22
29,908,238
29,902,241
29,896,246
29,913,262
29,907,267
29,1035,338
29,1025,342
29,815,179
29,822,178
29,1012,248
29,1084,143
29,1074,150
29,1246,21
29,767,359
29,757,354
29,773,361
29,765,347
29,798,144
29,918,357
29,827,275
29,818,283
29,753,366
29,756,256
29,759,262
29,807,348
29,797,345
29,753,340
29,815,358
29,801,368
29,967,276
29,1047,400
29,992,313
29,1166,316
29,1145,391
29,957,432
29,982,519
29,1073,451
29,986,545
29,1011,448
29,995,546
29,1077,457
29,983,433
29,1033,482
29,1028,477
29,1007,431
29,998,436
29,1034,457
29,1011,420
29,1013,429
29,1113,548
29,1027,473
29,1059,486
29,1111,502
29,1083,530
29,1088,533
29,1098,547
29,1295,440
29,1295,454
29,1302,447
29,1283,316
29,1387,343
29,1607,372
29,1610,362
29,1571,376
29,1584,374
29,1586,366
29,1602,341
29,1690,386
29,1673,399
29,1673,387
29,1674,394
29,1716,426
29,1713,416
29,1873,544
29,1878,536
29,967,630
29,964,602
29,970,679
29,963,695
29,954,698
29,1781,132
29,1773,129
29,1006,861
29,995,868
29,1183,874
29,1174,864
29,1102,853
29,262,991
29,253,991
29,240,990
29,516,867
29,508,855
29,311,964
29,945,854
30,272,148
30,159,150
30,238,170
30,229,161
30,217,186
30,228,182
30,231,194
30,237,183
30,271,217
30,162,142
30,169,195
30,191,193
30,177,194
30,176,202
30,229,171
30,194,201
30,185,204
30,162,199
30,167,205
30,97,53
30,318,59
30,285,58
30,717,46
30,602,32
30,681,27
30,688,25
30,912,241
30,905,244
30,899,248
30,914,265
30,909,269
30,1038,340
30,1028,344
30,814,175
30,820,175
30,1015,251
30,1087,145
30,1077,152
30,1248,20
30,1062,53
30,1066,59
30,767,363
30,756,357
30,773,365
30,764,350
30,794,140
30,921,358
30,827,272
30,818,278
30,753,370
30,759,256
30,764,263
30,809,344
30,799,342
30,756,337
30,811,358
30,797,368
30,970,275
30,1051,401
30,992,310
30,1170,316
30,1147,394
30,958,429
30,979,518
30,1073,451
30,986,550
30,1013,446
30,996,549
30,1078,455
30,979,432
30,1036,483
30,1030,478
30,1007,427
30,1003,426
30,1031,455
30,1008,418
30,1010,425
30,1113,552
30,1024,471
30,1055,483
30,1113,505
30,1083,528
30,1087,530
30,1098,547
30,1123,576
30,1295,440
30,1295,454
30,1302,447
30,1280,316
30,1383,341
30,1612,372
30,1615,362
30,1575,377
30,1588,375
30,1589,368
30,1598,339
30,1693,386
30,1677,399
30,1677,387
30,1678,394
30,1718,424
30,1716,414
30,1878,545
30,1879,539
30,967,627
30,964,597
30,970,676
30,963,692
30,954,696
30,1780,137
30,1771,135
30,1004,859
30,993,866
30,1185,875
30,1175,865
30,1106,853
30,256,995
30,249,995
30,237,992
30,518,867
30,511,855
30,314,962
30,937,855
