1,276,463
1,358,463
1,802,489
1,988,522
1,1317,512
1,1035,526
1,301,511
1,703,521
1,699,493
1,596,579
1,777,504
1,503,564
1,460,574
1,1458,515
1,1441,603
1,111,469
1,1201,532
1,1279,529
1,1321,501
1,1085,506
1,676,474
1,637,468
1,123,458
1,1745,723
1,1554,644
1,1508,521
1,1697,566
1,1741,591
1,1877,804
1,1910,821
1,1892,720
1,1913,701
1,18,543
1,1835,701
1,1737,595
1,67,449
1,69,460
1,91,465
1,111,452
1,1431,512
1,1575,527
1,1285,502
1,1005,614
1,447,566
1,446,583
1,458,565
1,740,488
1,738,502
1,637,477
1,672,481
1,756,488
1,756,495
1,764,495
1,774,518
1,598,590
1,589,591
1,932,491
1,934,501
1,926,509
1,951,511
1,963,501
1,1080,493
1,1749,731
1,21,448
1,21,455
1,91,456
1,1074,511
1,697,485
1,963,507
1,1743,580
1,1743,585
1,702,511
1,1199,524
1,1838,688
1,1321,506
1,1426,521
1,731,480
1,738,493
1,291,507
1,1504,526
2,272,463
2,356,464
2,799,489
2,986,522
2,1062,616
2,1314,513
2,1032,526
2,296,508
2,699,519
2,695,492
2,592,579
2,776,505
2,499,565
2,458,576
2,1454,516
2,1445,604
2,109,468
2,1197,532
2,963,495
2,1275,530
2,1318,500
2,1084,508
2,674,474
2,635,467
2,120,458
2,1742,722
2,1550,644
2,1505,519
2,1695,564
2,1737,589
2,1874,803
2,1908,821
2,1888,718
2,1911,699
2,16,543
2,1832,698
2,1910,815
2,1734,594
2,64,449
2,66,460
2,88,465
2,107,452
2,1427,512
2,1572,527
2,1282,503
2,1002,614
2,443,567
2,442,583
2,454,564
2,735,487
2,734,501
2,634,477
2,669,481
2,753,488
2,752,495
2,761,495
2,771,518
2,594,589
2,585,591
2,929,491
2,931,501
2,924,509
2,948,511
2,959,502
2,1076,493
2,1747,729
2,19,449
2,18,454
2,87,456
2,1071,510
2,693,484
2,961,506
2,1738,578
2,1741,584
2,699,510
2,1196,525
2,1835,686
2,1317,506
2,1423,521
2,727,479
2,734,492
2,287,505
2,1500,525
3,268,464
3,354,465
3,797,489
3,983,521
3,1060,617
3,1311,514
3,1029,527
3,1070,508
3,292,506
3,696,518
3,693,492
3,589,580
3,775,506
3,496,567
3,456,578
3,1450,517
3,1449,606
3,107,467
3,1194,532
3,960,496
3,1272,531
3,1315,500
3,1083,511
3,672,474
3,633,467
3,118,458
3,1740,721
3,1546,645
3,1503,517
3,1693,563
3,1734,588
3,1872,802
3,1906,821
3,1885,717
3,1910,697
3,14,543
3,1830,696
3,1907,814
3,1732,594
3,62,450
3,63,461
3,85,465
3,104,453
3,1423,512
3,1569,527
3,1280,504
3,1000,614
3,440,568
3,439,583
3,450,564
3,731,487
3,731,501
3,632,477
3,666,481
3,750,488
3,749,496
3,758,495
3,768,518
3,590,589
3,582,591
3,926,491
3,929,502
3,922,510
3,946,511
3,956,503
3,1073,493
3,1745,728
3,18,450
3,15,454
3,82,455
3,1069,510
3,690,483
3,958,505
3,1734,577
3,1739,583
3,696,510
3,1194,526
3,1833,685
3,1314,506
3,1420,522
3,724,478
3,730,492
3,284,503
3,1497,525
4,265,465
4,352,466
4,795,489
4,981,521
4,1059,618
4,1308,516
4,1027,528
4,1068,510
4,287,503
4,693,517
4,690,491
4,586,581
4,774,507
4,492,566
4,454,580
4,1446,518
4,1453,608
4,105,468
4,1191,532
4,957,497
4,1269,533
4,1312,500
4,1079,509
4,671,474
4,631,467
4,116,458
4,1738,720
4,1542,646
4,1499,516
4,1692,562
4,1731,578
4,1870,801
4,1905,821
4,1882,716
4,1908,695
4,1916,736
4,1827,693
4,1905,813
4,1729,594
4,59,451
4,61,462
4,82,465
4,101,454
4,1419,512
4,1566,527
4,1278,505
4,998,614
4,437,569
4,436,584
4,447,564
4,726,486
4,727,500
4,629,477
4,663,481
4,747,489
4,746,496
4,755,495
4,766,518
4,586,588
4,578,592
4,924,492
4,927,503
4,920,510
4,944,512
4,952,504
4,1070,493
4,1743,727
4,11,446
4,11,451
4,81,455
4,1067,510
4,687,483
4,956,504
4,1731,576
4,1737,582
4,693,510
4,1192,527
4,1831,684
4,1311,507
4,1417,523
4,720,477
4,727,492
4,280,502
4,1494,524
5,261,465
5,350,467
5,793,490
5,978,521
5,1058,620
5,1013,607
5,1305,516
5,1024,528
5,1066,512
5,284,502
5,690,516
5,688,488
5,582,581
5,773,508
5,488,565
5,450,579
5,1443,517
5,1456,608
5,100,467
5,955,498
5,1266,533
5,1309,500
5,1075,507
5,668,474
5,629,467
5,115,458
5,1736,720
5,1538,647
5,1496,516
5,1690,560
5,1729,581
5,1868,800
5,1903,821
5,1878,714
5,1907,694
5,1914,735
5,1825,691
5,1903,812
5,1727,594
5,57,452
5,58,462
5,79,465
5,97,455
5,1416,512
5,1563,527
5,1275,507
5,996,614
5,434,570
5,433,584
5,443,563
5,722,486
5,724,500
5,627,478
5,660,481
5,744,489
5,743,497
5,752,495
5,763,518
5,582,588
5,575,592
5,921,492
5,924,503
5,918,511
5,942,512
5,949,505
5,1067,494
5,1741,726
5,10,445
5,10,451
5,80,456
5,1065,509
5,688,483
5,955,504
5,1730,575
5,1734,582
5,690,510
5,1188,527
5,1829,682
5,1307,507
5,1414,523
5,717,476
5,723,492
5,277,500
5,1491,524
6,257,465
6,347,466
6,790,491
6,976,522
6,1056,620
6,1010,608
6,1303,517
6,1021,529
6,1064,514
6,281,501
6,685,517
6,685,485
6,578,581
6,772,509
6,484,564
6,447,578
6,6,578
6,1440,517
6,1460,609
6,97,466
6,952,498
6,1264,533
6,1307,501
6,1072,507
6,665,474
6,627,467
6,111,458
6,1732,717
6,1534,648
6,1492,515
6,1688,559
6,1727,584
6,1865,798
6,1901,821
6,1875,713
6,1904,693
6,1913,735
6,1823,689
6,1900,811
6,1725,594
6,54,453
6,55,463
6,75,465
6,94,456
6,1412,512
6,1560,527
6,1273,508
6,994,615
6,431,571
6,430,584
6,440,563
6,717,485
6,720,499
6,624,478
6,657,481
6,741,490
6,740,497
6,749,495
6,761,518
6,578,588
6,572,592
6,918,493
6,922,504
6,917,511
6,940,513
6,945,507
6,1064,494
6,1738,724
6,77,455
6,1062,509
6,684,483
6,953,505
6,1728,574
6,1732,581
6,686,509
6,1185,527
6,1827,681
6,1304,508
6,1411,524
6,714,475
6,720,491
6,273,498
6,1488,523
7,254,465
7,345,466
7,788,491
7,973,521
7,1055,620
7,1007,609
7,1300,518
7,1017,526
7,1061,514
7,278,500
7,683,517
7,680,489
7,574,581
7,769,508
7,481,562
7,444,578
7,9,579
7,1437,517
7,1463,609
7,94,466
7,950,498
7,1262,533
7,1303,502
7,1069,507
7,6,574
7,662,473
7,625,467
7,108,459
7,1728,714
7,1529,648
7,1489,515
7,1687,558
7,1725,584
7,1862,797
7,1900,822
7,1872,712
7,1901,692
7,1912,734
7,1820,687
7,1898,811
7,1722,591
7,52,454
7,53,464
7,72,465
7,91,457
7,1408,513
7,1557,527
7,1270,509
7,991,615
7,428,572
7,427,585
7,436,563
7,713,485
7,717,499
7,622,478
7,654,481
7,738,490
7,737,498
7,746,495
7,758,519
7,574,587
7,568,593
7,916,493
7,920,505
7,915,512
7,935,513
7,942,508
7,1061,494
7,1735,722
7,75,455
7,1060,509
7,680,483
7,950,505
7,1726,573
7,1729,580
7,682,509
7,1182,527
7,1824,680
7,1301,508
7,1408,524
7,710,474
7,716,491
7,270,497
7,1485,523
8,250,465
8,342,466
8,785,490
8,970,521
8,1054,620
8,1005,611
8,1296,517
8,1014,527
8,1058,514
8,274,499
8,679,516
8,679,487
8,571,581
8,768,508
8,478,560
8,439,577
8,13,581
8,1433,516
8,1467,610
8,89,468
8,948,498
8,1257,533
8,1300,503
8,1067,508
8,9,574
8,659,472
8,622,466
8,102,460
8,1725,712
8,1524,648
8,1485,515
8,1682,555
8,1723,580
8,1860,796
8,1898,821
8,1869,711
8,1898,691
8,1911,734
8,1916,745
8,1817,685
8,1896,810
8,1718,587
8,49,455
8,49,465
8,69,464
8,87,458
8,1405,513
8,1554,527
8,1266,509
8,989,615
8,424,573
8,423,585
8,433,562
8,709,484
8,714,498
8,619,478
8,651,481
8,736,491
8,734,498
8,743,495
8,756,519
8,570,587
8,565,593
8,913,493
8,917,505
8,913,512
8,931,514
8,939,509
8,1058,495
8,1732,720
8,69,456
8,1058,508
8,678,483
8,947,505
8,1722,571
8,1727,578
8,677,508
8,1179,527
8,1822,678
8,1297,509
8,1404,523
8,706,474
8,713,491
8,266,495
8,1482,522
9,247,465
9,340,466
9,783,489
9,968,521
9,1051,620
9,1002,610
9,1293,517
9,1012,529
9,1056,514
9,270,498
9,675,515
9,675,488
9,567,580
9,767,508
9,475,558
9,434,576
9,16,582
9,1429,515
9,1470,609
9,87,466
9,946,498
9,1253,533
9,1297,504
9,1063,508
9,12,575
9,657,472
9,619,466
9,97,462
9,1722,710
9,1519,648
9,1482,516
9,1677,553
9,1720,576
9,1857,794
9,1896,820
9,1867,709
9,1896,691
9,1910,733
9,1914,744
9,1815,683
9,1893,809
9,1715,582
9,44,457
9,42,465
9,64,462
9,84,459
9,1401,513
9,1551,527
9,1263,509
9,987,615
9,421,574
9,420,585
9,429,562
9,704,484
9,710,498
9,616,478
9,648,480
9,733,491
9,731,499
9,740,495
9,753,519
9,567,587
9,562,594
9,912,494
9,916,506
9,910,514
9,927,514
9,935,511
9,1055,495
9,1729,719
9,63,457
9,1056,508
9,675,482
9,943,505
9,1718,569
9,1725,577
9,673,508
9,1176,527
9,1820,677
9,1294,509
9,1400,523
9,702,474
9,709,491
9,262,493
9,1479,522
10,243,464
10,338,466
10,780,488
10,963,520
10,1049,620
10,1000,609
10,1290,517
10,1005,525
10,1051,514
10,266,497
10,671,517
10,671,488
10,564,579
10,761,508
10,472,556
10,430,575
10,19,582
10,1426,514
10,1474,609
10,83,466
10,941,500
10,1249,533
10,1293,504
10,1059,508
10,16,575
10,653,472
10,617,466
10,93,460
10,1719,708
10,1514,648
10,1479,516
10,1672,551
10,1718,573
10,1854,793
10,1894,819
10,1865,708
10,1894,689
10,1909,733
10,1912,743
10,1813,682
10,1891,808
10,1712,578
10,40,457
10,38,465
10,59,461
10,80,459
10,1397,513
10,1549,527
10,1259,509
10,985,615
10,417,574
10,416,585
10,426,562
10,700,483
10,707,497
10,614,478
10,644,480
10,730,491
10,728,499
10,737,496
10,751,519
10,562,586
10,557,593
10,911,495
10,915,506
10,908,516
10,923,515
10,932,513
10,1052,495
10,1727,717
10,60,456
10,1053,508
10,672,482
10,940,505
10,1714,567
10,1722,575
10,669,508
10,1173,527
10,1818,676
10,1291,510
10,1397,523
10,698,474
10,706,491
10,259,492
10,1476,521
11,239,464
11,335,466
11,778,488
11,959,519
11,1046,620
11,995,609
11,1285,517
11,1002,526
11,1047,514
11,262,497
11,667,515
11,668,486
11,560,578
11,757,508
11,467,556
11,425,574
11,22,583
11,1421,514
11,1478,609
11,80,467
11,938,498
11,1245,533
11,1289,504
11,1056,509
11,20,576
11,649,472
11,614,466
11,89,458
11,1716,706
11,1509,648
11,1476,517
11,1670,549
11,1712,578
11,1852,792
11,1889,818
11,1863,707
11,1892,688
11,1908,733
11,1909,742
11,1811,682
11,1889,807
11,1714,587
11,36,456
11,35,465
11,56,461
11,76,459
11,1394,513
11,1546,527
11,1255,509
11,983,616
11,413,574
11,412,585
11,422,562
11,695,483
11,703,497
11,611,477
11,640,479
11,727,491
11,725,499
11,734,496
11,748,519
11,762,501
11,558,586
11,553,593
11,908,495
11,911,506
11,905,516
11,919,515
11,928,513
11,1049,496
11,1724,715
11,57,455
11,1051,507
11,668,481
11,936,505
11,1711,565
11,1720,573
11,666,508
11,1170,528
11,1816,674
11,1287,510
11,1393,523
11,693,474
11,702,490
11,255,490
11,1473,521
12,235,464
12,333,466
12,776,488
12,956,519
12,1044,621
12,991,609
12,1281,517
12,999,528
12,1044,514
12,258,495
12,663,514
12,665,485
12,557,577
12,756,509
12,463,556
12,421,573
12,25,583
12,1417,514
12,1480,609
12,77,468
12,935,497
12,1242,533
12,1285,505
12,1052,509
12,24,577
12,645,473
12,611,466
12,88,462
12,1713,704
12,1504,648
12,1473,518
12,1668,547
12,1710,576
12,1849,790
12,1884,817
12,1861,706
12,1890,687
12,1905,731
12,1911,823
12,1907,740
12,1809,681
12,1887,807
12,1711,585
12,32,456
12,32,464
12,53,460
12,72,459
12,1390,513
12,1543,527
12,1251,509
12,981,616
12,409,574
12,407,585
12,419,561
12,691,483
12,700,497
12,608,477
12,637,478
12,724,491
12,722,499
12,731,496
12,745,519
12,762,504
12,554,585
12,549,593
12,905,495
12,907,506
12,902,516
12,915,515
12,924,513
12,1046,496
12,1721,713
12,55,455
12,1049,507
12,665,481
12,933,506
12,1708,563
12,1717,572
12,662,508
12,1168,528
12,1814,673
12,1284,510
12,1390,523
12,689,474
12,699,490
12,251,488
12,1470,520
13,231,464
13,330,467
13,774,488
13,954,520
13,1041,621
13,987,610
13,1277,517
13,993,525
13,1041,515
13,255,493
13,659,514
13,663,484
13,551,577
13,754,510
13,459,556
13,416,572
13,29,584
13,1413,514
13,1483,609
13,75,469
13,932,496
13,1239,533
13,1282,505
13,1049,510
13,28,578
13,643,472
13,608,466
13,82,461
13,1711,703
13,1499,647
13,1469,516
13,1666,545
13,1708,574
13,1847,789
13,1880,814
13,1859,704
13,1888,686
13,1902,729
13,1907,822
13,1904,739
13,1808,681
13,1884,805
13,1707,584
13,28,455
13,29,464
13,49,460
13,69,459
13,1386,514
13,1540,527
13,1248,509
13,978,616
13,405,574
13,403,585
13,415,560
13,687,482
13,697,496
13,605,477
13,633,477
13,721,491
13,718,499
13,728,496
13,743,520
13,761,505
13,550,585
13,545,593
13,902,496
13,903,507
13,899,516
13,911,515
13,920,513
13,1043,496
13,1718,712
13,52,456
13,1046,506
13,662,480
13,930,507
13,1706,562
13,1714,570
13,659,507
13,1165,528
13,1811,672
13,1280,510
13,1386,523
13,685,473
13,695,490
13,247,487
13,1467,520
14,227,464
14,328,467
14,771,488
14,951,520
14,1039,621
14,984,608
14,1273,517
14,989,524
14,1038,516
14,252,491
14,654,515
14,660,483
14,546,577
14,752,511
14,455,556
14,412,572
14,33,584
14,1409,515
14,1486,609
14,73,470
14,930,495
14,1236,533
14,1279,505
14,1046,511
14,32,577
14,642,472
14,605,466
14,75,458
14,1708,701
14,1495,646
14,1465,514
14,1664,544
14,1707,572
14,1844,788
14,1877,812
14,1857,703
14,1886,685
14,1899,727
14,1903,821
14,1902,738
14,1806,678
14,1881,803
14,1917,747
14,1704,582
14,24,454
14,26,463
14,46,459
14,65,459
14,1383,514
14,1537,526
14,1244,510
14,976,616
14,401,574
14,399,585
14,412,559
14,684,481
14,693,496
14,602,476
14,630,476
14,718,491
14,715,499
14,725,496
14,740,520
14,760,506
14,546,585
14,541,592
14,899,496
14,899,507
14,896,516
14,907,515
14,916,513
14,1040,497
14,1715,710
14,49,457
14,1044,506
14,658,480
14,927,507
14,1704,561
14,1712,568
14,657,507
14,1162,528
14,1809,670
14,1277,510
14,1383,523
14,681,473
14,692,490
14,243,485
14,1464,520
15,222,464
15,325,467
15,768,488
15,949,521
15,1036,621
15,981,606
15,1270,517
15,988,528
15,1034,516
15,249,489
15,651,512
15,657,483
15,541,577
15,750,512
15,450,554
15,409,571
15,37,584
15,1405,515
15,1489,610
15,69,470
15,927,495
15,1233,533
15,1277,506
15,1042,510
15,36,577
15,637,471
15,602,466
15,74,461
15,1705,699
15,1491,645
15,1460,514
15,1662,542
15,1704,573
15,1842,786
15,1874,810
15,1855,702
15,1882,683
15,1896,726
15,1900,820
15,1900,737
15,1804,675
15,1879,802
15,1915,746
15,1701,581
15,20,453
15,23,463
15,42,459
15,61,459
15,1379,514
15,1533,526
15,1241,510
15,974,616
15,397,574
15,395,585
15,408,558
15,680,480
15,690,495
15,599,476
15,627,476
15,715,490
15,712,498
15,722,496
15,738,520
15,759,507
15,542,584
15,537,592
15,896,497
15,895,508
15,893,516
15,903,515
15,913,513
15,1037,497
15,1713,708
15,44,455
15,1041,506
15,655,479
15,925,507
15,1702,560
15,1709,566
15,652,505
15,1158,528
15,1806,669
15,1273,510
15,1379,523
15,677,473
15,688,490
15,239,483
15,1460,520
16,218,464
16,323,468
16,765,488
16,946,520
16,1034,621
16,978,604
16,1266,517
16,984,528
16,1031,516
16,243,487
16,647,512
16,654,484
16,536,577
16,748,513
16,446,552
16,406,571
16,42,584
16,1401,515
16,1493,611
16,65,470
16,924,495
16,1230,534
16,1273,505
16,1038,510
16,40,577
16,633,471
16,600,466
16,68,459
16,1703,698
16,1486,644
16,1455,513
16,1660,541
16,1702,573
16,1839,785
16,1871,808
16,1854,701
16,1878,681
16,1893,724
16,1896,819
16,1897,735
16,1801,673
16,1876,801
16,1913,745
16,1698,579
16,16,453
16,20,463
16,39,459
16,57,459
16,1375,514
16,1529,525
16,1237,510
16,971,616
16,393,574
16,391,585
16,405,557
16,676,479
16,687,495
16,597,476
16,623,476
16,712,490
16,709,498
16,719,496
16,735,520
16,758,508
16,538,584
16,533,592
16,893,497
16,891,508
16,890,516
16,899,515
16,908,512
16,1034,497
16,1710,707
16,40,454
16,1039,505
16,652,479
16,922,507
16,1698,558
16,1706,564
16,648,504
16,1155,527
16,1803,667
16,1270,511
16,1376,523
16,673,473
16,685,489
16,235,482
16,1456,520
17,214,465
17,320,468
17,762,488
17,943,520
17,1032,621
17,974,602
17,1263,517
17,980,528
17,1027,516
17,237,485
17,643,511
17,651,484
17,532,576
17,744,513
17,442,550
17,403,571
17,46,584
17,1397,515
17,1497,613
17,62,470
17,921,495
17,1226,533
17,1269,505
17,1035,510
17,45,577
17,629,471
17,598,467
17,63,458
17,1701,696
17,1482,643
17,1450,513
17,1657,541
17,1697,569
17,1837,784
17,1868,806
17,1851,699
17,1874,679
17,1890,722
17,1893,817
17,1895,734
17,1798,672
17,1874,800
17,1910,744
17,1698,577
17,36,459
17,54,459
17,1371,514
17,1526,525
17,1234,510
17,968,616
17,388,574
17,387,585
17,401,556
17,673,478
17,683,495
17,594,475
17,620,475
17,709,490
17,706,498
17,716,496
17,733,520
17,757,509
17,534,583
17,529,592
17,891,496
17,888,507
17,885,514
17,894,517
17,903,512
17,1031,497
17,1707,705
17,36,453
17,1037,505
17,648,478
17,919,507
17,1692,554
17,1703,562
17,644,503
17,1152,527
17,1800,666
17,1266,511
17,1372,523
17,668,473
17,681,489
17,231,480
17,1452,520
18,210,465
18,318,468
18,760,488
18,940,520
18,1030,621
18,971,601
18,1260,518
18,976,528
18,1024,516
18,231,483
18,639,511
18,648,485
18,529,575
18,741,513
18,438,548
18,400,571
18,50,584
18,1393,516
18,1501,614
18,55,468
18,918,495
18,1222,533
18,1265,505
18,1032,509
18,48,577
18,626,472
18,593,466
18,63,458
18,1699,694
18,1478,642
18,1446,512
18,1652,539
18,1692,564
18,1835,783
18,1866,804
18,1848,697
18,1870,677
18,1887,721
18,1889,816
18,1893,733
18,1796,671
18,1871,799
18,1908,743
18,1698,575
18,33,459
18,50,459
18,1367,515
18,1522,524
18,1230,511
18,966,616
18,384,574
18,383,585
18,398,555
18,669,477
18,680,494
18,591,475
18,617,475
18,705,490
18,703,498
18,713,496
18,730,520
18,756,510
18,529,583
18,525,591
18,889,495
18,885,505
18,880,513
18,889,518
18,900,513
18,1028,497
18,1704,703
18,34,455
18,1034,504
18,646,477
18,917,507
18,1690,553
18,1699,560
18,639,503
18,1148,527
18,1797,664
18,1263,511
18,1368,523
18,664,473
18,677,488
18,227,478
18,1448,520
19,206,465
19,316,468
19,757,488
19,936,520
19,1028,622
19,968,600
19,1256,518
19,970,522
19,1021,515
19,227,481
19,636,506
19,644,483
19,526,574
19,738,514
19,435,546
19,396,571
19,54,584
19,1389,516
19,1506,616
19,50,469
19,915,495
19,1218,533
19,1262,506
19,1029,509
19,52,577
19,623,470
19,589,465
19,59,458
19,1697,692
19,1474,642
19,1443,512
19,1647,538
19,1688,564
19,1832,781
19,1864,803
19,1846,695
19,1866,676
19,1884,719
19,1886,814
19,1890,732
19,1792,669
19,1869,798
19,1905,742
19,1693,575
19,29,459
19,47,459
19,1364,515
19,1518,524
19,1227,511
19,963,616
19,380,574
19,379,585
19,394,554
19,665,476
19,677,494
19,589,475
19,614,475
19,702,489
19,700,497
19,711,497
19,728,521
19,753,511
19,525,583
19,521,591
19,886,495
19,882,505
19,877,513
19,885,518
19,896,514
19,1025,497
19,1700,701
19,33,458
19,1031,504
19,645,477
19,914,507
19,1687,552
19,1696,559
19,635,502
19,1145,527
19,1794,663
19,1259,511
19,1364,523
19,660,472
19,673,488
19,223,477
19,1445,520
20,202,466
20,313,468
20,754,488
20,933,521
20,1026,622
20,965,599
20,1253,518
20,967,521
20,1018,515
20,224,479
20,629,510
20,640,483
20,523,573
20,736,514
20,432,545
20,392,571
20,58,584
20,1385,516
20,1509,616
20,46,470
20,912,496
20,1213,533
20,1259,505
20,1026,509
20,56,577
20,621,468
20,587,465
20,57,456
20,1694,689
20,1470,640
20,1440,511
20,1642,536
20,1685,566
20,1829,779
20,1862,801
20,1843,694
20,1863,674
20,1882,718
20,1883,813
20,1888,731
20,1788,668
20,1867,797
20,1903,741
20,1691,574
20,26,458
20,43,459
20,1910,859
20,1360,515
20,1515,523
20,1223,511
20,960,616
20,376,575
20,375,586
20,391,553
20,662,476
20,674,494
20,586,475
20,610,474
20,699,489
20,697,497
20,707,496
20,727,521
20,750,513
20,521,582
20,517,591
20,883,495
20,879,504
20,874,513
20,881,518
20,891,514
20,1021,497
20,1697,699
20,28,456
20,1027,504
20,641,477
20,911,506
20,1685,550
20,1694,559
20,631,502
20,1142,527
20,1791,661
20,1256,511
20,1360,523
20,657,471
20,670,487
20,219,475
20,1441,520
21,197,465
21,311,468
21,752,488
21,930,521
21,1024,623
21,962,598
21,1250,518
21,966,527
21,1015,514
21,220,477
21,626,511
21,637,483
21,520,572
21,734,514
21,429,544
21,388,571
21,61,583
21,1381,516
21,1512,616
21,46,471
21,909,496
21,1209,533
21,1257,505
21,1023,509
21,60,577
21,618,469
21,586,466
21,55,460
21,1691,686
21,1466,639
21,1437,511
21,1638,535
21,1681,566
21,1826,778
21,1860,800
21,1841,692
21,1860,673
21,1879,716
21,1880,811
21,1886,730
21,1784,666
21,1864,796
21,1901,740
21,1689,571
21,22,458
21,40,459
21,1907,857
21,1356,515
21,1511,523
21,1220,511
21,957,616
21,372,575
21,371,586
21,388,553
21,657,475
21,670,492
21,583,475
21,607,473
21,696,489
21,693,497
21,704,495
21,727,521
21,747,514
21,517,582
21,513,591
21,881,494
21,876,503
21,871,513
21,876,518
21,885,514
21,1018,497
21,1694,697
21,23,455
21,1024,504
21,638,477
21,908,506
21,1682,549
21,1691,558
21,627,502
21,1139,527
21,1787,660
21,1252,512
21,1356,523
21,653,471
21,666,486
21,215,473
21,1437,520
22,192,465
22,309,468
22,749,488
22,927,522
22,1022,624
22,958,597
22,1247,518
22,962,521
22,1012,514
22,217,476
22,622,511
22,634,484
22,515,572
22,732,514
22,422,544
22,384,572
22,65,583
22,1377,517
22,1516,617
22,39,470
22,907,497
22,1204,533
22,1253,505
22,1020,509
22,64,578
22,616,470
22,585,467
22,53,460
22,1689,683
22,1463,637
22,1433,511
22,1634,534
22,1679,562
22,1823,776
22,1858,799
22,1838,690
22,1857,671
22,1877,715
22,1878,810
22,1884,729
22,1780,665
22,1862,795
22,1898,739
22,1687,568
22,18,457
22,36,459
22,1904,855
22,1352,515
22,1508,523
22,1216,511
22,955,616
22,368,575
22,367,586
22,383,554
22,653,474
22,666,491
22,580,475
22,604,472
22,693,489
22,690,497
22,701,495
22,726,521
22,745,516
22,513,582
22,509,591
22,878,494
22,873,503
22,868,512
22,872,518
22,880,514
22,1015,497
22,1690,695
22,21,453
22,1021,504
22,634,477
22,905,506
22,1679,548
22,1688,556
22,623,502
22,1136,528
22,1784,658
22,1249,512
22,1353,523
22,649,470
22,662,486
22,211,472
22,1433,520
23,187,465
23,305,468
23,747,488
23,923,521
23,1019,623
23,954,596
23,1244,518
23,958,523
23,1008,514
23,212,474
23,618,511
23,631,483
23,510,572
23,730,515
23,416,542
23,381,572
23,68,582
23,1374,515
23,1519,617
23,33,470
23,903,496
23,1200,534
23,1249,505
23,1018,510
23,67,578
23,611,469
23,582,466
23,43,458
23,1686,681
23,1459,636
23,1430,511
23,1631,534
23,1679,560
23,1820,774
23,1855,797
23,1836,689
23,1854,670
23,1874,713
23,1875,809
23,1881,728
23,1776,663
23,1860,794
23,1896,738
23,1685,567
23,14,456
23,33,459
23,1902,853
23,1349,515
23,1504,522
23,1213,512
23,952,616
23,363,575
23,363,586
23,379,554
23,649,474
23,662,490
23,577,475
23,600,471
23,690,488
23,687,496
23,698,494
23,726,522
23,742,518
23,509,582
23,505,590
23,876,494
23,870,502
23,865,512
23,868,518
23,877,514
23,1012,497
23,1687,693
23,19,451
23,1017,504
23,632,478
23,901,506
23,1676,547
23,1685,554
23,619,502
23,1132,529
23,1781,657
23,1905,748
23,1908,739
23,1246,512
23,1349,523
23,645,469
23,658,485
23,207,470
23,1429,520
24,183,464
24,302,468
24,744,487
24,920,520
24,1016,623
24,950,595
24,1241,518
24,955,525
24,1004,514
24,207,472
24,614,511
24,629,483
24,506,572
24,729,515
24,414,539
24,378,572
24,72,582
24,1371,513
24,1523,618
24,29,469
24,900,496
24,1197,534
24,1245,505
24,1014,509
24,71,578
24,606,469
24,580,465
24,42,456
24,1684,680
24,1456,635
24,1426,511
24,1627,534
24,1674,561
24,1818,773
24,1853,796
24,1832,686
24,1852,669
24,1872,712
24,1872,807
24,1878,727
24,1772,662
24,1857,792
24,1894,736
24,1684,566
24,10,456
24,28,459
24,1899,851
24,1345,516
24,1500,522
24,1209,512
24,949,616
24,359,576
24,359,586
24,375,553
24,644,473
24,658,489
24,575,475
24,597,470
24,686,487
24,684,496
24,695,494
24,725,522
24,740,519
24,505,582
24,500,590
24,873,493
24,867,502
24,862,512
24,864,518
24,873,513
24,1009,497
24,1684,691
24,15,452
24,1014,504
24,628,477
24,898,505
24,1673,547
24,1681,554
24,615,503
24,1129,529
24,1778,655
24,1902,747
24,1905,738
24,1242,512
24,1345,522
24,642,468
24,655,485
24,202,469
24,1425,520
25,178,464
25,298,469
25,741,487
25,916,519
25,1013,622
25,946,594
25,1237,518
25,952,528
25,1000,514
25,203,471
25,610,510
25,627,483
25,501,572
25,729,515
25,410,537
25,375,572
25,75,582
25,1367,512
25,1526,618
25,34,467
25,897,496
25,1194,534
25,1242,505
25,1010,508
25,74,579
25,604,469
25,575,464
25,39,456
25,1681,678
25,1451,634
25,1423,512
25,1624,534
25,1669,561
25,1814,771
25,1851,795
25,1829,684
25,1849,666
25,1869,710
25,1870,806
25,1875,726
25,1768,661
25,1854,790
25,1891,735
25,1680,564
25,8,456
25,28,456
25,1896,849
25,1342,518
25,1497,521
25,1206,512
25,946,616
25,356,576
25,356,586
25,371,552
25,640,473
25,655,488
25,572,475
25,594,470
25,683,487
25,680,496
25,691,493
25,725,522
25,739,519
25,500,582
25,496,590
25,870,493
25,864,501
25,860,512
25,859,518
25,870,513
25,1006,497
25,1680,689
25,1011,504
25,624,477
25,895,505
25,1670,546
25,1676,553
25,612,502
25,1126,529
25,1775,654
25,1899,746
25,1903,738
25,1239,512
25,1341,522
25,638,468
25,651,484
25,198,469
25,1421,520
26,173,464
26,295,469
26,738,487
26,913,519
26,1010,622
26,942,594
26,1234,518
26,948,527
26,996,514
26,198,471
26,607,510
26,624,479
26,497,573
26,729,516
26,407,535
26,372,572
26,79,583
26,1362,517
26,1529,619
26,25,466
26,894,496
26,1191,534
26,1239,505
26,1007,508
26,78,579
26,603,470
26,571,463
26,35,456
26,1679,677
26,1447,633
26,1420,513
26,1621,534
26,1665,558
26,1811,769
26,1849,794
26,1826,682
26,1847,664
26,1866,708
26,1867,804
26,1872,725
26,1766,659
26,1851,788
26,1889,734
26,1677,564
26,24,456
26,1894,847
26,1339,518
26,1493,521
26,1202,512
26,944,616
26,352,576
26,352,586
26,368,551
26,636,472
26,651,487
26,569,475
26,590,470
26,679,486
26,677,495
26,688,492
26,725,522
26,738,519
26,496,582
26,492,590
26,868,493
26,861,501
26,856,512
26,855,518
26,866,514
26,1002,497
26,1678,687
26,1008,504
26,620,475
26,892,505
26,1669,545
26,1673,552
26,609,501
26,1122,529
26,1772,652
26,1896,745
26,1900,737
26,1235,512
26,1338,522
26,634,467
26,647,483
26,193,468
26,1417,520
27,169,464
27,292,470
27,735,487
27,910,518
27,1008,622
27,938,594
27,1230,518
27,944,527
27,993,514
27,194,471
27,604,509
27,621,481
27,493,573
27,727,515
27,404,534
27,367,571
27,82,583
27,1359,516
27,1532,620
27,25,466
27,892,497
27,1189,535
27,1237,505
27,1003,509
27,82,580
27,598,470
27,567,462
27,33,454
27,1675,673
27,1442,632
27,1415,513
27,1617,534
27,1661,558
27,1807,767
27,1847,793
27,1822,680
27,1845,662
27,1863,707
27,1865,803
27,1869,723
27,1764,657
27,1848,787
27,1887,732
27,1670,564
27,19,454
27,1891,846
27,1335,517
27,1489,520
27,1199,512
27,941,616
27,348,576
27,349,586
27,364,550
27,631,471
27,647,486
27,567,475
27,587,470
27,676,485
27,673,495
27,685,492
27,724,523
27,735,518
27,492,582
27,487,590
27,865,494
27,857,502
27,852,512
27,850,518
27,862,514
27,999,497
27,1675,685
27,1004,504
27,616,475
27,889,505
27,1665,546
27,1670,552
27,604,501
27,1119,530
27,1769,650
27,1893,744
27,1898,736
27,1232,512
27,1334,522
27,630,466
27,643,483
27,189,468
27,1414,520
28,164,463
28,288,469
28,733,487
28,908,517
28,1006,622
28,934,594
28,1226,518
28,940,527
28,989,513
28,190,471
28,600,506
28,617,482
28,489,573
28,726,514
28,400,530
28,362,570
28,86,584
28,1357,515
28,1536,621
28,25,467
28,890,498
28,1185,535
28,1232,505
28,1000,510
28,85,579
28,593,470
28,563,462
28,29,457
28,1672,669
28,1438,631
28,1411,513
28,1614,533
28,1657,556
28,1804,765
28,1844,792
28,1819,678
28,1843,660
28,1860,705
28,1862,801
28,1865,722
28,1763,656
28,1844,785
28,1885,730
28,1666,564
28,15,453
28,1888,844
28,1332,515
28,1485,518
28,1196,512
28,939,617
28,344,577
28,345,586
28,360,549
28,627,471
28,643,485
28,564,476
28,583,471
28,672,485
28,670,495
28,682,491
28,724,523
28,735,517
28,488,582
28,483,590
28,862,494
28,854,504
28,847,512
28,847,518
28,859,514
28,996,497
28,1672,683
28,1001,504
28,613,476
28,885,505
28,1659,545
28,1667,549
28,599,501
28,1116,529
28,1766,648
28,1890,743
28,1895,736
28,1228,511
28,1330,522
28,626,466
28,639,482
28,184,468
28,1410,520
29,160,463
29,285,468
29,729,486
29,906,517
29,1004,623
29,930,594
29,1223,519
29,936,527
29,985,512
29,185,470
29,595,506
29,611,480
29,485,573
29,725,513
29,396,526
29,357,570
29,90,583
29,1353,515
29,1538,622
29,14,464
29,886,497
29,1182,535
29,1228,506
29,997,511
29,89,579
29,591,467
29,560,461
29,17,455
29,1669,665
29,1433,630
29,1406,513
29,1612,531
29,1655,554
29,1801,764
29,1841,791
29,1816,676
29,1841,658
29,1858,704
29,1859,800
29,1862,721
29,1761,654
29,1841,784
29,1883,729
29,1663,563
29,12,451
29,1886,842
29,1328,515
29,1481,517
29,1194,511
29,936,617
29,341,577
29,341,586
29,357,548
29,623,470
29,639,484
29,561,476
29,579,471
29,668,484
29,666,494
29,679,491
29,723,523
29,735,517
29,483,582
29,479,590
29,859,495
29,851,505
29,843,512
29,844,517
29,855,514
29,993,497
29,1669,682
29,998,504
29,609,476
29,881,505
29,1656,543
29,1662,547
29,595,501
29,1114,528
29,1763,647
29,1887,742
29,1892,735
29,1225,511
29,1326,522
29,623,465
29,636,482
29,180,467
29,1406,520
30,156,463
30,282,468
30,726,485
30,904,516
30,1002,623
30,927,594
30,1220,516
30,932,524
30,982,511
30,181,470
30,590,505
30,606,478
30,481,573
30,723,513
30,393,523
30,353,570
30,94,582
30,1349,515
30,1541,623
30,13,462
30,883,497
30,1179,536
30,1224,507
30,992,509
30,93,579
30,589,465
30,558,461
30,17,462
30,1666,661
30,1429,629
30,1402,514
30,1607,530
30,1653,553
30,1804,767
30,1838,791
30,1813,674
30,1835,657
30,1855,702
30,1857,799
30,1859,719
30,1759,653
30,1838,783
30,1881,727
30,1660,564
30,10,450
30,1883,840
30,1324,515
30,1477,516
30,1191,509
30,934,617
30,337,577
30,338,586
30,353,547
30,619,470
30,636,483
30,559,476
30,576,471
30,665,483
30,663,494
30,675,490
30,723,523
30,733,516
30,479,582
30,474,590
30,856,496
30,847,506
30,838,512
30,837,517
30,850,515
30,988,496
30,1666,680
30,994,504
30,607,475
30,878,505
30,1651,543
30,1658,547
30,590,501
30,1112,529
30,1759,645
30,1884,741
30,1889,734
30,1222,510
30,1321,523
30,619,464
30,632,481
30,176,467
30,1402,520
