1,375,545
1,711,478
1,707,482
1,714,488
1,714,494
1,710,500
1,777,495
1,876,495
1,874,502
1,761,497
1,757,505
1,678,505
1,676,513
1,610,491
1,607,499
1,608,494
1,684,608
1,685,613
1,665,592
1,664,597
1,1557,546
1,1556,553
1,1553,562
1,1519,526
1,1519,531
1,1521,538
1,1516,540
1,1469,516
1,1475,520
1,1475,526
1,1478,519
1,1559,615
1,1559,621
1,1558,627
1,1557,633
1,1547,613
1,1545,622
1,1615,677
1,1603,664
1,1600,672
1,1592,676
1,1601,681
1,1472,603
1,1469,609
1,1456,591
1,1458,600
1,1459,605
1,1460,612
1,1457,618
1,1397,613
1,1317,506
1,1378,509
1,1377,515
1,1285,504
1,1286,510
1,1287,515
1,1287,521
1,1144,570
1,1135,572
1,1137,585
1,802,568
1,1846,691
1,1845,702
1,1728,757
1,1838,704
1,1103,498
1,1110,504
1,1104,507
1,1105,514
1,1102,522
1,1094,507
1,1091,512
1,977,506
1,506,450
1,506,456
1,507,463
1,507,469
1,495,467
1,459,473
1,423,477
1,422,484
1,429,457
1,433,462
1,425,467
1,417,458
1,413,463
1,413,469
1,546,572
1,546,581
1,441,583
1,347,451
1,349,459
1,333,477
1,327,484
1,322,489
1,223,462
1,223,453
1,179,445
1,178,454
1,174,462
1,182,475
1,179,468
1,160,444
1,156,449
1,157,455
1,160,468
1,162,472
1,161,480
1,1477,18
2,371,545
2,707,477
2,704,482
2,710,488
2,710,494
2,707,499
2,775,497
2,873,496
2,873,504
2,755,497
2,753,505
2,674,504
2,672,512
2,607,490
2,604,498
2,605,493
2,688,608
2,689,613
2,662,592
2,662,597
2,1554,545
2,1553,552
2,1550,561
2,1516,525
2,1516,530
2,1518,537
2,1513,540
2,1466,516
2,1470,520
2,1472,525
2,1475,519
2,1556,615
2,1556,621
2,1555,627
2,1554,633
2,1543,613
2,1541,621
2,1610,676
2,1599,663
2,1595,670
2,1588,674
2,1597,680
2,1468,603
2,1466,609
2,1453,591
2,1454,599
2,1455,604
2,1456,611
2,1453,617
2,1393,611
2,1313,507
2,1374,509
2,1374,515
2,1281,505
2,1282,510
2,1283,515
2,1283,521
2,1141,571
2,1132,572
2,1134,585
2,797,566
2,1842,689
2,1841,700
2,1724,755
2,1834,702
2,1100,499
2,1107,505
2,1101,508
2,1103,515
2,1100,523
2,1089,506
2,1088,513
2,973,507
2,502,450
2,502,456
2,503,463
2,504,468
2,492,467
2,456,472
2,418,477
2,417,484
2,426,457
2,429,463
2,424,467
2,413,458
2,411,464
2,410,469
2,544,572
2,544,580
2,446,583
2,344,451
2,346,458
2,329,478
2,324,484
2,319,489
2,218,462
2,218,452
2,175,445
2,174,453
2,171,461
2,178,475
2,175,468
2,157,443
2,154,449
2,154,455
2,156,467
2,158,471
2,156,479
2,1479,21
3,367,545
3,704,477
3,702,482
3,707,488
3,707,494
3,704,499
3,771,496
3,869,495
3,869,503
3,751,496
3,748,504
3,671,504
3,669,511
3,604,490
3,601,498
3,602,493
3,692,608
3,694,613
3,660,592
3,660,597
3,1551,545
3,1551,552
3,1548,560
3,1514,525
3,1513,530
3,1515,536
3,1511,540
3,1463,516
3,1466,521
3,1470,525
3,1472,519
3,1553,615
3,1553,621
3,1553,627
3,1551,633
3,1540,613
3,1538,621
3,1606,675
3,1595,662
3,1591,668
3,1585,673
3,1594,679
3,1465,603
3,1463,610
3,1450,591
3,1450,599
3,1451,604
3,1453,610
3,1450,616
3,1389,609
3,1310,508
3,1371,509
3,1371,515
3,1278,506
3,1279,511
3,1279,516
3,1279,522
3,1138,572
3,1129,573
3,1131,586
3,793,564
3,1839,688
3,1837,699
3,1721,753
3,1831,701
3,1098,500
3,1105,506
3,1099,510
3,1102,516
3,1099,524
3,1085,506
3,1085,514
3,970,508
3,498,450
3,499,456
3,500,463
3,501,468
3,489,468
3,453,472
3,414,478
3,413,485
3,424,457
3,425,465
3,423,468
3,410,459
3,410,465
3,408,470
3,542,572
3,543,580
3,451,583
3,342,451
3,343,458
3,326,479
3,321,484
3,316,489
3,214,462
3,214,452
3,172,445
3,170,453
3,168,461
3,174,475
3,171,468
3,154,442
3,152,449
3,151,455
3,152,466
3,154,471
3,151,478
3,1482,25
4,363,545
4,701,476
4,699,482
4,704,488
4,704,494
4,701,499
4,767,495
4,865,494
4,865,502
4,747,495
4,743,503
4,667,503
4,666,510
4,601,490
4,598,498
4,599,493
4,696,608
4,698,614
4,658,592
4,658,597
4,1548,544
4,1548,552
4,1545,559
4,1512,524
4,1511,530
4,1513,536
4,1508,540
4,1460,516
4,1462,522
4,1468,524
4,1469,519
4,1550,615
4,1551,622
4,1551,628
4,1549,634
4,1537,613
4,1535,621
4,1602,675
4,1592,662
4,1587,667
4,1582,672
4,1591,678
4,1462,603
4,1460,610
4,1447,591
4,1446,598
4,1447,603
4,1449,609
4,1446,615
4,1386,607
4,1307,509
4,1368,510
4,1368,516
4,1275,507
4,1276,512
4,1275,516
4,1275,522
4,1135,573
4,1126,573
4,1128,586
4,789,562
4,1836,686
4,1833,697
4,1718,751
4,1828,700
4,1093,499
4,1101,505
4,1095,510
4,1097,515
4,1094,525
4,1082,506
4,1082,514
4,966,507
4,494,450
4,495,456
4,496,463
4,498,468
4,486,469
4,449,471
4,410,477
4,410,484
4,421,456
4,421,464
4,419,467
4,406,458
4,406,464
4,404,469
4,540,572
4,541,579
4,456,583
4,340,451
4,340,458
4,323,480
4,319,485
4,313,490
4,242,572
4,249,566
4,210,462
4,210,452
4,169,445
4,166,453
4,165,460
4,170,475
4,167,468
4,151,441
4,151,449
4,149,456
4,149,465
4,150,471
4,147,478
4,1485,29
5,359,545
5,698,476
5,697,482
5,701,488
5,701,494
5,698,499
5,763,494
5,862,494
5,861,502
5,743,495
5,739,503
5,664,503
5,663,510
5,598,490
5,596,498
5,596,493
5,700,608
5,703,614
5,656,592
5,656,597
5,1545,544
5,1546,551
5,1543,559
5,1510,524
5,1508,530
5,1510,535
5,1506,540
5,1457,517
5,1458,523
5,1466,524
5,1466,518
5,1547,614
5,1547,621
5,1547,627
5,1544,632
5,1533,611
5,1531,619
5,1597,672
5,1587,659
5,1582,665
5,1577,670
5,1587,676
5,1459,604
5,1458,611
5,1444,591
5,1443,598
5,1444,603
5,1446,609
5,1443,614
5,1382,605
5,1302,508
5,1365,510
5,1365,515
5,1272,508
5,1273,513
5,1272,517
5,1272,523
5,1132,574
5,1124,574
5,1125,587
5,785,560
5,1833,685
5,1830,696
5,1714,750
5,1824,699
5,1088,498
5,1097,505
5,1092,510
5,1093,515
5,1089,526
5,1079,506
5,1079,514
5,963,507
5,490,451
5,492,457
5,493,463
5,495,468
5,483,470
5,445,471
5,407,476
5,407,483
5,418,455
5,418,463
5,416,467
5,403,457
5,403,464
5,401,469
5,538,572
5,540,579
5,461,584
5,338,452
5,337,458
5,319,479
5,315,484
5,309,489
5,244,572
5,251,566
5,206,463
5,206,452
5,99,478
5,101,469
5,166,446
5,163,453
5,163,460
5,166,476
5,163,468
5,147,442
5,147,449
5,145,456
5,144,464
5,145,471
5,144,479
5,1487,32
6,355,545
6,694,475
6,694,481
6,697,487
6,697,493
6,694,498
6,759,493
6,858,494
6,857,502
6,739,494
6,735,502
6,661,502
6,660,509
6,595,489
6,592,497
6,593,493
6,705,608
6,708,615
6,654,592
6,654,598
6,1542,543
6,1543,551
6,1540,558
6,1508,524
6,1506,530
6,1508,535
6,1504,540
6,1453,516
6,1454,522
6,1463,523
6,1463,517
6,1544,613
6,1544,620
6,1543,626
6,1540,631
6,1530,610
6,1528,618
6,1593,670
6,1582,657
6,1578,663
6,1573,669
6,1583,674
6,1456,604
6,1455,611
6,1441,591
6,1440,598
6,1441,603
6,1442,608
6,1439,613
6,1379,603
6,1298,508
6,1363,510
6,1363,515
6,1268,507
6,1269,512
6,1268,517
6,1268,523
6,1128,574
6,1120,574
6,1122,587
6,781,559
6,1830,683
6,1826,694
6,1711,748
6,1821,697
6,1084,497
6,1093,504
6,1088,509
6,1089,515
6,1085,525
6,1075,505
6,1074,513
6,959,506
6,487,451
6,488,457
6,490,463
6,492,468
6,480,470
6,441,470
6,403,475
6,404,482
6,415,454
6,415,462
6,413,466
6,400,456
6,400,463
6,398,469
6,535,571
6,537,579
6,465,584
6,336,451
6,335,457
6,316,479
6,311,484
6,305,489
6,247,572
6,254,566
6,201,463
6,201,452
6,95,478
6,97,469
6,162,446
6,160,453
6,160,460
6,162,476
6,159,468
6,144,441
6,144,449
6,143,456
6,141,463
6,141,470
6,140,478
6,1490,36
7,351,546
7,691,475
7,691,480
7,694,486
7,694,492
7,690,497
7,756,492
7,855,494
7,853,502
7,735,494
7,732,502
7,659,501
7,657,509
7,592,488
7,589,497
7,590,493
7,709,608
7,712,615
7,651,592
7,651,598
7,1539,543
7,1541,551
7,1538,557
7,1504,523
7,1503,529
7,1505,534
7,1501,539
7,1450,516
7,1451,522
7,1461,522
7,1460,516
7,1541,612
7,1540,619
7,1539,625
7,1536,630
7,1527,609
7,1524,616
7,1588,667
7,1577,655
7,1573,661
7,1569,667
7,1579,672
7,1453,604
7,1452,611
7,1438,591
7,1437,598
7,1438,603
7,1438,608
7,1436,613
7,1376,601
7,1294,507
7,1360,510
7,1360,515
7,1264,507
7,1266,512
7,1265,517
7,1265,523
7,1125,574
7,1116,574
7,1119,587
7,777,558
7,1827,681
7,1822,692
7,1707,746
7,1817,696
7,1081,497
7,1089,504
7,1085,509
7,1086,515
7,1081,524
7,1072,505
7,1070,512
7,955,505
7,484,451
7,485,457
7,487,463
7,489,468
7,477,470
7,437,470
7,400,475
7,401,482
7,413,454
7,412,462
7,410,466
7,397,456
7,397,463
7,395,469
7,532,571
7,534,579
7,470,585
7,334,451
7,333,457
7,312,478
7,307,483
7,301,488
7,250,572
7,257,566
7,197,463
7,197,452
7,92,478
7,93,469
7,159,446
7,157,453
7,158,460
7,158,476
7,155,468
7,141,441
7,141,449
7,141,456
7,138,463
7,138,469
7,136,478
7,1493,40
8,347,545
8,687,474
8,688,479
8,691,485
8,691,491
8,686,496
8,752,492
8,851,494
8,850,502
8,731,494
8,728,501
8,657,501
8,655,509
8,589,488
8,586,497
8,587,493
8,713,609
8,716,615
8,648,592
8,648,598
8,1537,543
8,1539,551
8,1536,557
8,1501,522
8,1501,528
8,1502,534
8,1498,539
8,1447,516
8,1448,521
8,1458,521
8,1457,516
8,1538,611
8,1537,619
8,1536,624
8,1532,629
8,1524,608
8,1521,615
8,1584,665
8,1572,653
8,1569,659
8,1565,666
8,1575,670
8,1450,604
8,1449,611
8,1435,591
8,1434,598
8,1435,603
8,1434,607
8,1433,613
8,1373,599
8,1290,507
8,1358,510
8,1358,515
8,1261,507
8,1262,512
8,1262,517
8,1261,523
8,1121,574
8,1112,574
8,1116,587
8,773,557
8,1824,680
8,1819,691
8,1704,745
8,1814,694
8,1078,497
8,1086,504
8,1082,509
8,1083,515
8,1077,524
8,1069,505
8,1066,512
8,951,505
8,481,451
8,482,457
8,484,463
8,486,469
8,474,470
8,434,469
8,396,475
8,397,481
8,410,454
8,410,461
8,408,466
8,395,456
8,394,463
8,391,469
8,529,571
8,531,579
8,474,585
8,332,451
8,331,457
8,309,478
8,303,483
8,297,488
8,253,572
8,260,566
8,193,464
8,193,452
8,88,478
8,90,469
8,156,446
8,155,453
8,156,460
8,154,476
8,152,468
8,138,441
8,139,449
8,139,457
8,135,463
8,135,469
8,133,478
8,1494,43
9,343,544
9,684,474
9,685,479
9,688,485
9,688,491
9,682,495
9,749,491
9,848,494
9,846,502
9,727,494
9,725,501
9,653,500
9,651,508
9,585,487
9,582,496
9,583,492
9,717,609
9,720,616
9,646,592
9,646,598
9,1533,542
9,1535,550
9,1532,556
9,1498,522
9,1498,528
9,1499,534
9,1495,539
9,1444,516
9,1445,521
9,1456,521
9,1454,516
9,1535,610
9,1534,618
9,1533,623
9,1529,628
9,1520,606
9,1518,614
9,1579,663
9,1567,652
9,1563,657
9,1560,664
9,1570,668
9,1448,605
9,1447,612
9,1433,592
9,1432,599
9,1433,603
9,1431,607
9,1430,613
9,1369,597
9,1286,507
9,1354,510
9,1354,515
9,1257,507
9,1259,512
9,1258,517
9,1258,523
9,1118,575
9,1109,574
9,1113,588
9,769,557
9,1821,678
9,1816,689
9,1700,742
9,1810,693
9,1074,497
9,1081,504
9,1079,509
9,1078,515
9,1073,524
9,1065,505
9,1062,511
9,947,505
9,478,451
9,479,457
9,481,463
9,483,469
9,471,470
9,431,468
9,393,475
9,393,481
9,408,454
9,408,461
9,406,466
9,393,457
9,392,464
9,388,469
9,526,571
9,528,579
9,479,586
9,330,451
9,329,457
9,305,477
9,299,483
9,294,488
9,257,573
9,262,566
9,188,464
9,188,452
9,85,478
9,86,469
9,153,446
9,152,453
9,154,460
9,150,476
9,148,468
9,135,441
9,136,449
9,136,456
9,130,463
9,130,468
9,129,477
9,1496,47
10,339,544
10,681,473
10,681,478
10,684,484
10,684,490
10,679,494
10,746,491
10,845,494
10,843,503
10,724,494
10,722,501
10,650,500
10,647,508
10,581,486
10,579,496
10,579,492
10,721,610
10,724,616
10,643,592
10,643,598
10,1530,542
10,1532,549
10,1529,556
10,1495,521
10,1496,527
10,1496,534
10,1492,539
10,1440,516
10,1441,521
10,1452,521
10,1451,516
10,1532,610
10,1532,617
10,1530,622
10,1526,627
10,1517,605
10,1515,613
10,1574,661
10,1562,651
10,1558,656
10,1555,663
10,1566,667
10,1444,605
10,1442,611
10,1430,591
10,1429,598
10,1429,603
10,1427,607
10,1426,613
10,1366,595
10,1283,507
10,1350,510
10,1350,515
10,1254,507
10,1255,512
10,1255,517
10,1254,523
10,1114,574
10,1105,574
10,1109,588
10,764,557
10,1818,677
10,1813,687
10,1697,740
10,1807,692
10,1910,705
10,1915,717
10,1070,498
10,1077,504
10,1076,509
10,1074,515
10,1070,524
10,1061,505
10,1059,511
10,943,505
10,476,451
10,476,457
10,479,463
10,480,470
10,468,470
10,429,468
10,390,475
10,390,481
10,406,454
10,407,461
10,405,467
10,391,458
10,390,465
10,385,470
10,524,571
10,526,579
10,484,587
10,328,451
10,327,457
10,302,477
10,296,483
10,291,488
10,261,574
10,265,566
10,184,464
10,184,452
10,81,478
10,82,469
10,150,447
10,150,453
10,152,460
10,146,476
10,145,468
10,132,441
10,133,449
10,133,456
10,126,463
10,126,468
10,126,476
10,1497,50
11,335,543
11,678,472
11,677,478
11,680,484
11,681,489
11,676,493
11,742,490
11,841,494
11,839,502
11,720,493
11,718,500
11,646,500
11,644,507
11,577,486
11,575,495
11,575,491
11,726,611
11,728,617
11,641,592
11,641,598
11,1527,541
11,1529,549
11,1526,556
11,1492,521
11,1494,527
11,1493,534
11,1489,539
11,1437,516
11,1437,521
11,1449,521
11,1448,516
11,1529,609
11,1529,616
11,1527,621
11,1523,626
11,1514,604
11,1512,612
11,1569,660
11,1557,651
11,1553,655
11,1550,662
11,1562,666
11,1440,605
11,1437,611
11,1428,591
11,1426,598
11,1425,603
11,1423,608
11,1423,614
11,1363,593
11,1280,507
11,1347,510
11,1346,515
11,1250,507
11,1252,512
11,1252,517
11,1251,523
11,1110,574
11,1101,574
11,1105,588
11,759,557
11,1815,675
11,1810,685
11,1694,738
11,1803,690
11,1907,704
11,1910,715
11,1067,499
11,1073,505
11,1074,510
11,1070,515
11,1067,524
11,1057,505
11,1056,511
11,940,506
11,472,451
11,472,457
11,475,463
11,476,470
11,464,470
11,425,468
11,384,475
11,385,481
11,402,453
11,405,461
11,403,467
11,388,457
11,387,464
11,381,469
11,521,570
11,523,578
11,488,587
11,325,450
11,324,457
11,298,477
11,293,483
11,288,489
11,265,575
11,267,567
11,180,465
11,180,453
11,78,479
11,79,469
11,147,446
11,146,453
11,148,460
11,142,475
11,140,467
11,129,441
11,131,449
11,131,456
11,122,463
11,122,468
11,123,476
11,1499,54
12,332,543
12,675,472
12,674,478
12,677,484
12,678,489
12,673,492
12,738,490
12,837,494
12,835,502
12,717,493
12,714,500
12,643,500
12,640,507
12,573,485
12,572,495
12,571,491
12,730,611
12,732,617
12,638,591
12,638,597
12,1524,541
12,1526,548
12,1523,555
12,1489,520
12,1491,526
12,1490,533
12,1486,538
12,1433,516
12,1433,521
12,1445,521
12,1445,516
12,1526,609
12,1527,616
12,1525,621
12,1521,626
12,1511,603
12,1509,611
12,1564,658
12,1552,649
12,1548,654
12,1544,661
12,1558,665
12,1436,604
12,1433,611
12,1424,591
12,1422,597
12,1421,602
12,1419,608
12,1418,613
12,1360,591
12,1277,507
12,1343,510
12,1342,515
12,1247,507
12,1249,512
12,1249,518
12,1248,524
12,1106,574
12,1097,574
12,1101,588
12,754,557
12,1812,674
12,1807,683
12,1691,736
12,1800,688
12,1904,703
12,1906,714
12,1063,498
12,1069,504
12,1070,509
12,1066,515
12,1063,524
12,1053,504
12,1052,511
12,936,506
12,469,451
12,469,457
12,472,463
12,472,470
12,461,470
12,422,469
12,379,475
12,381,482
12,398,453
12,403,461
12,401,467
12,385,457
12,384,464
12,378,469
12,518,570
12,520,578
12,492,587
12,322,450
12,322,457
12,295,477
12,290,483
12,285,489
12,269,576
12,270,567
12,175,464
12,175,453
12,74,478
12,75,469
12,145,446
12,142,453
12,145,460
12,138,475
12,136,467
12,126,441
12,128,448
12,128,455
12,118,462
12,118,467
12,119,475
12,1500,58
13,327,542
13,671,471
13,671,477
13,673,483
13,673,488
13,669,491
13,735,490
13,833,494
13,832,502
13,713,492
13,711,499
13,640,500
13,637,507
13,569,485
13,569,495
13,568,491
13,734,611
13,736,617
13,636,591
13,636,597
13,1521,540
13,1522,548
13,1520,555
13,1486,519
13,1488,525
13,1487,532
13,1483,537
13,1430,516
13,1430,522
13,1442,522
13,1441,515
13,1523,608
13,1523,615
13,1521,620
13,1518,625
13,1508,602
13,1505,610
13,1559,657
13,1548,648
13,1543,653
13,1538,660
13,1554,665
13,1432,604
13,1430,611
13,1420,591
13,1419,597
13,1417,602
13,1415,608
13,1414,613
13,1357,590
13,1274,507
13,1340,510
13,1339,515
13,1244,507
13,1245,512
13,1245,518
13,1244,524
13,1102,574
13,1094,575
13,1097,589
13,750,557
13,1809,672
13,1804,682
13,1688,734
13,1797,686
13,1901,701
13,1901,712
13,1059,498
13,1065,504
13,1066,509
13,1063,515
13,1059,524
13,1050,504
13,1049,511
13,932,506
13,465,451
13,466,457
13,469,463
13,469,470
13,457,470
13,419,470
13,374,476
13,377,483
13,395,453
13,401,461
13,399,467
13,382,457
13,381,464
13,375,469
13,515,570
13,518,577
13,496,587
13,320,450
13,319,457
13,292,477
13,287,483
13,282,490
13,274,578
13,273,568
13,170,464
13,171,453
13,70,478
13,71,469
13,143,446
13,138,453
13,141,460
13,134,475
13,131,467
13,123,441
13,126,447
13,125,454
13,114,462
13,114,466
13,115,475
13,1502,61
14,323,542
14,668,471
14,668,476
14,669,482
14,669,487
14,665,491
14,731,490
14,829,494
14,828,502
14,710,492
14,707,499
14,635,499
14,633,506
14,565,484
14,565,495
14,564,490
14,738,611
14,740,617
14,633,590
14,633,597
14,1518,540
14,1519,547
14,1517,555
14,1484,518
14,1485,524
14,1484,531
14,1480,536
14,1426,515
14,1427,521
14,1439,521
14,1438,515
14,1520,608
14,1519,614
14,1518,620
14,1515,625
14,1505,602
14,1502,610
14,1555,656
14,1544,647
14,1538,653
14,1533,659
14,1550,665
14,1429,604
14,1427,611
14,1417,591
14,1416,597
14,1414,602
14,1411,608
14,1410,613
14,1354,587
14,1270,507
14,1336,510
14,1335,515
14,1241,507
14,1242,512
14,1242,518
14,1240,524
14,1098,574
14,1090,575
14,1093,588
14,745,557
14,1806,671
14,1801,680
14,1684,732
14,1794,684
14,1899,700
14,1896,710
14,1055,498
14,1062,503
14,1062,509
14,1060,515
14,1056,524
14,1046,504
14,1046,511
14,929,506
14,462,451
14,463,458
14,466,463
14,465,470
14,454,470
14,415,469
14,368,475
14,370,482
14,392,453
14,398,460
14,395,467
14,379,457
14,377,463
14,372,469
14,513,570
14,515,577
14,500,588
14,317,449
14,317,457
14,288,477
14,284,483
14,278,491
14,269,573
14,275,568
14,166,464
14,167,453
14,66,478
14,68,470
14,141,446
14,135,454
14,138,460
14,131,475
14,127,467
14,121,441
14,124,447
14,123,453
14,111,462
14,110,466
14,111,475
14,1503,65
15,319,542
15,665,471
15,665,475
15,665,481
15,664,486
15,661,490
15,728,490
15,826,495
15,825,502
15,707,492
15,704,499
15,630,498
15,629,506
15,562,484
15,561,495
15,561,490
15,742,611
15,744,617
15,631,590
15,631,597
15,1515,539
15,1516,547
15,1514,554
15,1481,517
15,1482,523
15,1481,530
15,1477,535
15,1423,515
15,1424,521
15,1436,521
15,1435,514
15,1517,608
15,1515,613
15,1514,619
15,1512,624
15,1502,602
15,1499,610
15,1550,655
15,1538,645
15,1533,652
15,1529,658
15,1546,663
15,1425,603
15,1424,610
15,1413,590
15,1412,597
15,1411,602
15,1408,608
15,1407,613
15,1351,585
15,1266,508
15,1333,511
15,1332,516
15,1238,507
15,1238,512
15,1238,518
15,1236,524
15,1094,575
15,1086,576
15,1089,588
15,741,557
15,1803,669
15,1798,678
15,1681,730
15,1791,682
15,1897,698
15,1893,708
15,1051,498
15,1058,503
15,1058,509
15,1057,515
15,1052,524
15,1043,504
15,1043,511
15,925,506
15,458,451
15,460,458
15,463,463
15,462,470
15,450,470
15,412,469
15,363,474
15,363,481
15,389,453
15,395,459
15,392,467
15,376,457
15,374,463
15,369,469
15,510,570
15,513,576
15,504,588
15,315,449
15,314,457
15,284,477
15,281,482
15,274,490
15,272,573
15,278,568
15,161,464
15,163,453
15,62,478
15,64,470
15,137,446
15,132,454
15,135,460
15,126,474
15,123,466
15,116,441
15,120,447
15,119,452
15,107,460
15,106,465
15,105,474
15,1505,69
16,315,542
16,662,471
16,662,475
16,661,481
16,660,486
16,658,490
16,724,490
16,822,494
16,821,502
16,703,491
16,700,498
16,626,498
16,626,506
16,559,484
16,557,495
16,557,490
16,746,612
16,748,618
16,629,590
16,629,597
16,1512,539
16,1513,546
16,1511,554
16,1478,516
16,1479,522
16,1478,529
16,1474,534
16,1420,514
16,1421,520
16,1433,521
16,1432,514
16,1514,608
16,1511,613
16,1511,619
16,1510,624
16,1500,602
16,1496,610
16,1546,654
16,1533,644
16,1529,651
16,1525,658
16,1543,662
16,1422,603
16,1421,610
16,1410,590
16,1409,597
16,1409,602
16,1406,608
16,1404,613
16,1348,583
16,1263,509
16,1330,512
16,1329,517
16,1235,508
16,1235,513
16,1235,518
16,1233,525
16,1091,575
16,1082,577
16,1086,587
16,736,557
16,1800,668
16,1795,676
16,1678,728
16,1789,681
16,1895,697
16,1890,707
16,1047,498
16,1055,503
16,1054,509
16,1054,516
16,1049,525
16,1040,504
16,1040,512
16,922,507
16,455,451
16,457,458
16,460,463
16,458,470
16,447,470
16,408,469
16,356,472
16,355,478
16,386,453
16,389,460
16,389,467
16,371,457
16,370,464
16,365,469
16,507,570
16,510,576
16,508,588
16,312,449
16,312,457
16,281,477
16,278,482
16,271,490
16,275,573
16,281,568
16,156,464
16,159,453
16,58,478
16,60,470
16,133,446
16,129,454
16,132,461
16,121,474
16,120,466
16,111,442
16,117,447
16,116,452
16,103,459
16,102,465
16,99,473
16,1506,72
17,310,541
17,658,470
17,658,475
17,657,480
17,656,485
17,654,489
17,721,490
17,818,494
17,817,502
17,699,491
17,696,497
17,622,497
17,622,505
17,555,483
17,553,495
17,554,490
17,749,612
17,751,618
17,626,589
17,626,596
17,1509,539
17,1510,546
17,1508,554
17,1476,516
17,1477,522
17,1476,528
17,1471,533
17,1417,514
17,1418,520
17,1430,521
17,1428,514
17,1510,607
17,1508,613
17,1507,618
17,1506,623
17,1496,601
17,1492,609
17,1542,653
17,1528,643
17,1525,650
17,1521,658
17,1540,661
17,1419,603
17,1418,609
17,1406,590
17,1406,597
17,1406,602
17,1403,608
17,1401,613
17,1345,580
17,1259,509
17,1326,511
17,1325,517
17,1230,508
17,1231,513
17,1231,518
17,1229,524
17,1087,576
17,1078,578
17,1082,587
17,732,557
17,1797,666
17,1792,674
17,1675,726
17,1787,679
17,1893,695
17,1887,706
17,1043,497
17,1051,503
17,1050,509
17,1051,516
17,1045,524
17,1037,504
17,1036,512
17,918,507
17,452,451
17,454,459
17,457,463
17,455,470
17,444,470
17,404,469
17,350,470
17,347,475
17,383,454
17,383,461
17,386,467
17,367,458
17,367,466
17,362,470
17,505,570
17,508,576
17,513,589
17,310,449
17,310,458
17,277,477
17,275,482
17,268,489
17,278,573
17,284,568
17,152,464
17,155,453
17,55,478
17,57,471
17,129,446
17,126,454
17,129,461
17,116,474
17,117,465
17,109,442
17,114,447
17,114,452
17,98,459
17,98,465
17,95,473
17,1508,76
18,306,541
18,655,470
18,655,475
18,654,480
18,652,485
18,650,489
18,717,490
18,815,494
18,814,502
18,695,490
18,692,496
18,619,497
18,618,504
18,552,483
18,549,495
18,550,490
18,753,613
18,755,619
18,624,589
18,624,596
18,1506,538
18,1507,545
18,1505,553
18,1473,515
18,1474,521
18,1473,527
18,1469,532
18,1414,514
18,1415,520
18,1427,521
18,1425,514
18,1507,606
18,1506,613
18,1504,618
18,1503,623
18,1492,600
18,1489,608
18,1537,652
18,1523,642
18,1520,649
18,1517,657
18,1536,660
18,1416,603
18,1415,609
18,1403,590
18,1403,597
18,1404,603
18,1401,608
18,1398,613
18,1342,578
18,1255,509
18,1323,511
18,1322,517
18,1226,508
18,1228,513
18,1228,518
18,1225,524
18,1084,577
18,1075,579
18,1079,587
18,728,558
18,1795,665
18,1790,673
18,1672,724
18,1785,678
18,1891,694
18,1884,705
18,1040,497
18,1048,503
18,1047,509
18,1048,516
18,1042,524
18,1034,504
18,1033,512
18,914,507
18,448,450
18,450,458
18,453,462
18,451,469
18,440,469
18,401,468
18,346,468
18,342,474
18,381,454
18,379,461
18,381,467
18,364,458
18,364,465
18,358,470
18,503,569
18,504,576
18,517,589
18,307,449
18,307,458
18,274,477
18,272,482
18,265,489
18,282,574
18,286,568
18,148,464
18,151,452
18,51,478
18,53,471
18,126,447
18,123,454
18,127,462
18,112,474
18,114,465
18,107,442
18,111,448
18,112,453
18,94,459
18,94,465
18,92,474
18,1510,80
19,302,541
19,651,469
19,652,475
19,650,480
19,648,485
19,646,488
19,714,490
19,811,494
19,810,502
19,691,490
19,688,495
19,616,496
19,615,504
19,548,483
19,546,495
19,547,490
19,757,614
19,759,619
19,622,589
19,621,596
19,1503,537
19,1504,545
19,1502,552
19,1471,515
19,1472,521
19,1471,527
19,1467,532
19,1410,513
19,1411,519
19,1424,520
19,1422,514
19,1504,605
19,1503,613
19,1501,617
19,1499,623
19,1488,599
19,1486,607
19,1532,651
19,1518,641
19,1516,649
19,1513,657
19,1532,660
19,1413,602
19,1412,608
19,1399,589
19,1399,596
19,1400,602
19,1398,607
19,1395,612
19,1339,576
19,1252,509
19,1319,511
19,1318,517
19,1222,508
19,1225,513
19,1224,518
19,1221,524
19,1081,577
19,1072,579
19,1076,587
19,723,559
19,1792,663
19,1787,671
19,1669,722
19,1783,677
19,1889,693
19,1882,704
19,1037,497
19,1045,503
19,1044,509
19,1045,516
19,1039,524
19,1031,504
19,1030,512
19,911,507
19,445,450
19,447,458
19,450,462
19,448,469
19,437,469
19,398,467
19,342,467
19,338,473
19,379,454
19,376,462
19,376,467
19,362,458
19,361,464
19,355,470
19,501,568
19,501,576
19,521,590
19,304,449
19,304,458
19,271,477
19,269,482
19,261,489
19,285,574
19,289,568
19,144,464
19,147,452
19,48,478
19,50,471
19,123,447
19,120,454
19,124,462
19,108,473
19,109,464
19,104,442
19,109,448
19,108,453
19,92,459
19,90,465
19,89,475
19,1512,83
20,298,541
20,648,469
20,649,475
20,647,480
20,645,485
20,642,488
20,711,491
20,808,494
20,807,503
20,687,490
20,685,495
20,613,496
20,611,503
20,545,483
20,542,495
20,543,489
20,761,614
20,763,620
20,619,589
20,619,595
20,1500,536
20,1502,544
20,1499,552
20,1468,515
20,1469,520
20,1468,526
20,1465,531
20,1407,513
20,1408,519
20,1421,520
20,1419,514
20,1501,605
20,1501,613
20,1498,617
20,1496,623
20,1485,599
20,1483,607
20,1527,650
20,1513,640
20,1512,649
20,1509,657
20,1528,660
20,1410,602
20,1409,608
20,1396,589
20,1396,596
20,1397,602
20,1395,607
20,1392,612
20,1336,574
20,1248,510
20,1316,510
20,1315,517
20,1218,508
20,1222,513
20,1221,518
20,1218,524
20,1078,578
20,1069,580
20,1073,588
20,718,560
20,1790,662
20,1785,669
20,1666,720
20,1780,674
20,1885,691
20,1878,701
20,1912,714
20,1033,496
20,1042,503
20,1040,509
20,1042,516
20,1035,524
20,1028,504
20,1026,512
20,907,507
20,441,450
20,443,457
20,446,462
20,444,468
20,433,469
20,395,467
20,338,466
20,334,472
20,377,455
20,373,463
20,372,467
20,360,458
20,358,464
20,352,470
20,499,568
20,498,576
20,526,591
20,301,450
20,301,458
20,267,477
20,266,482
20,258,488
20,288,574
20,292,568
20,140,464
20,143,452
20,44,478
20,46,471
20,121,447
20,117,454
20,121,462
20,104,472
20,105,464
20,101,441
20,106,447
20,105,453
20,87,458
20,85,464
20,85,474
20,1514,86
21,293,540
21,645,469
21,645,474
21,643,479
21,641,484
21,638,487
21,706,491
21,804,493
21,803,503
21,683,489
21,680,495
21,610,496
21,608,503
21,542,483
21,539,495
21,539,489
21,765,615
21,767,620
21,617,589
21,616,595
21,1497,536
21,1499,544
21,1497,551
21,1466,514
21,1467,520
21,1466,526
21,1463,531
21,1404,512
21,1405,518
21,1418,520
21,1416,513
21,1497,604
21,1497,612
21,1495,616
21,1493,622
21,1482,598
21,1480,606
21,1523,650
21,1509,640
21,1508,649
21,1505,657
21,1525,660
21,1407,601
21,1406,607
21,1393,589
21,1393,596
21,1394,602
21,1392,607
21,1389,611
21,1333,572
21,1245,510
21,1312,510
21,1311,517
21,1214,507
21,1219,512
21,1218,517
21,1214,523
21,1075,579
21,1066,580
21,1070,589
21,713,561
21,1787,660
21,1783,667
21,1663,718
21,1777,672
21,1882,690
21,1875,699
21,1909,712
21,1914,752
21,1913,756
21,1907,761
21,1030,496
21,1039,503
21,1037,509
21,1039,516
21,1032,524
21,1025,504
21,1023,512
21,903,507
21,438,450
21,440,457
21,443,462
21,441,468
21,430,469
21,392,468
21,332,462
21,329,469
21,373,455
21,368,462
21,367,468
21,357,458
21,354,464
21,347,470
21,496,568
21,495,576
21,530,591
21,298,450
21,298,457
21,264,477
21,263,482
21,255,488
21,291,574
21,295,568
21,136,464
21,139,452
21,41,478
21,43,471
21,119,447
21,114,454
21,118,462
21,100,471
21,101,463
21,99,441
21,104,447
21,103,453
21,83,458
21,81,463
21,82,474
21,1517,89
22,289,539
22,642,469
22,642,474
22,639,478
22,637,483
22,634,487
22,701,491
22,800,493
22,799,503
22,679,489
22,676,495
22,606,495
22,604,502
22,538,482
22,535,494
22,536,489
22,769,616
22,771,621
22,615,589
22,614,595
22,1494,535
22,1496,543
22,1494,550
22,1463,514
22,1464,519
22,1463,525
22,1461,530
22,1401,512
22,1402,518
22,1415,520
22,1413,513
22,1494,603
22,1494,611
22,1492,616
22,1490,622
22,1480,597
22,1477,605
22,1519,648
22,1504,639
22,1503,648
22,1501,656
22,1521,659
22,1404,601
22,1403,607
22,1390,589
22,1390,596
22,1391,602
22,1389,607
22,1386,611
22,1330,570
22,1241,510
22,1309,510
22,1308,517
22,1211,507
22,1216,512
22,1215,517
22,1211,523
22,1073,580
22,1063,581
22,1067,590
22,709,562
22,1785,659
22,1781,665
22,1660,717
22,1774,670
22,1879,689
22,1872,697
22,1906,710
22,1914,752
22,1911,756
22,1905,760
22,1027,496
22,1036,503
22,1034,509
22,1036,516
22,1029,524
22,1022,505
22,1020,512
22,900,507
22,435,450
22,437,457
22,440,462
22,438,468
22,427,468
22,389,467
22,327,460
22,324,468
22,370,454
22,367,461
22,366,468
22,354,458
22,352,464
22,344,470
22,493,568
22,493,576
22,534,591
22,296,450
22,295,457
22,261,477
22,260,482
22,252,488
22,295,575
22,298,568
22,132,464
22,135,452
22,37,478
22,39,471
22,117,448
22,111,454
22,116,462
22,96,471
22,97,463
22,97,442
22,101,447
22,100,453
22,80,457
22,79,462
22,78,474
22,1519,92
23,285,538
23,639,469
23,639,474
23,635,477
23,633,482
23,630,487
23,697,492
23,797,493
23,796,503
23,675,489
23,672,495
23,602,494
23,600,501
23,534,482
23,532,494
23,532,489
23,772,615
23,775,620
23,612,588
23,611,595
23,1491,534
23,1494,543
23,1491,550
23,1461,514
23,1462,519
23,1461,525
23,1459,530
23,1398,511
23,1399,517
23,1411,519
23,1410,513
23,1491,603
23,1491,610
23,1489,615
23,1487,621
23,1477,596
23,1474,604
23,1515,647
23,1499,638
23,1498,647
23,1497,655
23,1518,658
23,1401,601
23,1400,607
23,1386,589
23,1386,596
23,1387,601
23,1386,606
23,1383,611
23,1328,568
23,1238,511
23,1306,510
23,1305,517
23,1208,507
23,1213,512
23,1212,517
23,1208,523
23,1069,580
23,1059,581
23,1063,590
23,705,561
23,1781,657
23,1778,663
23,1657,714
23,1771,668
23,1876,688
23,1868,694
23,1903,709
23,1913,752
23,1909,756
23,1902,759
23,1023,496
23,1033,503
23,1030,508
23,1032,515
23,1025,523
23,1018,505
23,1017,511
23,896,507
23,431,450
23,433,456
23,436,462
23,434,467
23,423,468
23,387,466
23,322,459
23,320,467
23,367,454
23,366,461
23,365,468
23,351,458
23,350,464
23,342,470
23,490,568
23,491,576
23,538,591
23,294,450
23,292,457
23,258,476
23,256,481
23,249,488
23,297,575
23,300,568
23,128,464
23,131,452
23,34,478
23,36,471
23,113,448
23,108,454
23,111,461
23,92,471
23,93,463
23,96,443
23,99,448
23,97,453
23,77,456
23,77,462
23,74,474
23,1521,95
24,281,537
24,636,469
24,636,474
24,631,477
24,630,482
24,627,487
24,693,491
24,793,492
24,792,502
24,671,488
24,668,494
24,598,494
24,597,501
24,531,481
24,528,494
24,529,489
24,776,615
24,779,620
24,609,587
24,609,595
24,1488,533
24,1491,542
24,1488,549
24,1458,513
24,1459,518
24,1458,524
24,1456,529
24,1396,511
24,1396,517
24,1408,519
24,1407,513
24,1487,602
24,1488,609
24,1486,615
24,1484,621
24,1475,595
24,1471,603
24,1512,646
24,1494,637
24,1494,647
24,1493,654
24,1515,658
24,1398,600
24,1397,606
24,1383,589
24,1383,596
24,1384,601
24,1383,606
24,1380,610
24,1324,565
24,1234,511
24,1302,509
24,1301,516
24,1205,507
24,1210,512
24,1209,517
24,1205,523
24,1065,580
24,1055,581
24,1059,590
24,701,560
24,1778,655
24,1776,661
24,1654,712
24,1768,667
24,1873,687
24,1865,691
24,1900,707
24,1912,752
24,1907,756
24,1900,758
24,1020,496
24,1030,503
24,1026,508
24,1029,515
24,1022,523
24,1015,505
24,1014,511
24,892,507
24,428,450
24,430,456
24,433,462
24,431,467
24,420,468
24,385,466
24,318,458
24,316,466
24,365,454
24,366,461
24,364,469
24,349,459
24,348,465
24,340,471
24,488,568
24,488,576
24,542,591
24,291,450
24,290,457
24,255,476
24,252,481
24,246,488
24,300,575
24,303,568
24,124,465
24,127,452
24,31,478
24,33,472
24,110,449
24,106,455
24,107,461
24,89,472
24,90,463
24,92,442
24,96,447
24,93,451
24,73,455
24,72,461
24,70,473
24,1524,99
25,276,536
25,632,468
25,632,473
25,626,476
25,626,481
25,623,486
25,689,490
25,790,492
25,788,502
25,668,487
25,664,493
25,594,493
25,593,500
25,527,481
25,525,494
25,525,488
25,780,615
25,784,620
25,607,587
25,607,595
25,1486,533
25,1489,542
25,1486,549
25,1455,512
25,1456,517
25,1456,523
25,1454,528
25,1393,511
25,1393,517
25,1405,518
25,1404,513
25,1484,601
25,1485,608
25,1483,614
25,1481,620
25,1472,594
25,1468,602
25,1507,645
25,1489,636
25,1489,646
25,1488,653
25,1511,656
25,1395,600
25,1394,606
25,1380,589
25,1380,596
25,1381,601
25,1380,606
25,1377,610
25,1321,562
25,1230,511
25,1298,509
25,1298,516
25,1202,507
25,1207,512
25,1206,517
25,1202,523
25,1061,580
25,1051,581
25,1056,590
25,697,560
25,1774,653
25,1773,659
25,1651,710
25,1765,666
25,1870,686
25,1862,688
25,1897,705
25,1912,752
25,1905,756
25,1897,757
25,1016,496
25,1027,503
25,1023,508
25,1026,515
25,1018,523
25,1011,505
25,1011,511
25,888,507
25,425,450
25,427,456
25,430,462
25,428,467
25,417,468
25,381,464
25,314,457
25,312,465
25,362,453
25,363,461
25,360,468
25,345,458
25,343,464
25,336,470
25,485,568
25,486,576
25,546,591
25,289,450
25,287,457
25,252,475
25,249,481
25,243,488
25,302,576
25,306,569
25,120,465
25,124,452
25,27,478
25,29,471
25,107,449
25,104,455
25,105,462
25,85,470
25,85,462
25,89,441
25,94,447
25,89,450
25,69,454
25,68,460
25,66,472
25,1526,102
26,272,535
26,629,467
26,629,472
26,622,475
26,622,480
26,619,485
26,685,489
26,786,492
26,784,502
26,664,486
26,660,492
26,591,493
26,590,500
26,524,481
26,522,494
26,522,488
26,784,615
26,787,620
26,604,586
26,604,594
26,1482,531
26,1486,541
26,1482,548
26,1452,511
26,1453,517
26,1453,522
26,1451,528
26,1391,511
26,1390,517
26,1402,518
26,1402,513
26,1481,601
26,1482,608
26,1481,614
26,1479,620
26,1470,593
26,1465,602
26,1502,645
26,1485,636
26,1485,645
26,1484,652
26,1507,655
26,1393,600
26,1392,606
26,1377,589
26,1377,596
26,1378,601
26,1378,606
26,1374,610
26,1318,560
26,1226,512
26,1295,509
26,1294,516
26,1199,507
26,1204,512
26,1203,517
26,1199,523
26,1057,580
26,1047,581
26,1052,590
26,693,559
26,1771,651
26,1771,658
26,1648,708
26,1763,665
26,1867,685
26,1859,685
26,1894,703
26,1912,753
26,1904,756
26,1895,757
26,1013,496
26,1024,503
26,1019,508
26,1023,515
26,1015,523
26,1008,505
26,1008,511
26,884,507
26,421,450
26,423,456
26,426,462
26,424,467
26,413,468
26,377,462
26,311,457
26,308,464
26,360,453
26,360,461
26,357,467
26,342,458
26,338,464
26,332,469
26,482,568
26,484,576
26,550,591
26,287,450
26,284,457
26,249,475
26,245,481
26,240,488
26,305,576
26,309,569
26,116,466
26,121,453
26,24,478
26,26,471
26,105,449
26,102,456
26,103,464
26,81,469
26,80,462
26,88,442
26,88,448
26,88,451
26,63,452
26,63,460
26,59,472
26,1528,105
27,268,534
27,626,466
27,625,471
27,618,474
27,619,480
27,615,485
27,682,489
27,783,492
27,781,502
27,661,485
27,656,491
27,587,493
27,586,499
27,520,481
27,518,494
27,518,488
27,788,615
27,791,621
27,602,585
27,602,593
27,1479,530
27,1483,540
27,1479,547
27,1449,510
27,1450,516
27,1451,521
27,1449,527
27,1389,511
27,1388,517
27,1399,518
27,1399,512
27,1477,600
27,1479,607
27,1477,615
27,1476,618
27,1466,592
27,1461,601
27,1498,645
27,1481,636
27,1481,644
27,1480,651
27,1503,654
27,1390,600
27,1388,606
27,1373,588
27,1373,595
27,1374,600
27,1374,605
27,1370,610
27,1315,557
27,1221,511
27,1291,509
27,1291,516
27,1196,507
27,1197,511
27,1199,517
27,1195,522
27,1053,580
27,1043,581
27,1048,590
27,689,558
27,1767,649
27,1768,656
27,1645,705
27,1761,663
27,1864,683
27,1854,682
27,1892,701
27,1905,742
27,1901,748
27,1890,756
27,1010,497
27,1021,503
27,1016,508
27,1020,515
27,1012,523
27,1005,505
27,1005,511
27,880,507
27,418,450
27,420,456
27,422,462
27,420,467
27,409,468
27,374,461
27,308,457
27,305,463
27,358,453
27,358,461
27,354,467
27,339,458
27,334,464
27,329,469
27,480,568
27,482,576
27,554,591
27,285,450
27,282,457
27,247,475
27,242,481
27,237,488
27,308,577
27,312,570
27,112,466
27,118,453
27,21,478
27,23,471
27,102,449
27,98,456
27,99,464
27,77,468
27,76,460
27,85,442
27,85,448
27,85,451
27,59,452
27,59,459
27,55,472
27,1530,108
28,264,534
28,623,465
28,622,470
28,614,473
28,615,479
28,611,484
28,678,488
28,779,492
28,776,502
28,656,484
28,651,490
28,584,493
28,582,499
28,516,481
28,515,494
28,515,488
28,792,615
28,795,621
28,599,585
28,599,593
28,1476,529
28,1480,539
28,1476,546
28,1446,510
28,1448,516
28,1449,521
28,1447,527
28,1385,511
28,1384,516
28,1396,518
28,1396,512
28,1474,600
28,1476,607
28,1474,616
28,1473,617
28,1463,592
28,1458,601
28,1492,644
28,1476,636
28,1476,644
28,1474,650
28,1499,653
28,1387,600
28,1384,606
28,1370,588
28,1370,595
28,1371,600
28,1371,605
28,1367,610
28,1312,555
28,1217,510
28,1288,509
28,1288,516
28,1194,508
28,1191,511
28,1196,517
28,1192,521
28,1049,581
28,1040,581
28,1045,590
28,685,558
28,1764,647
28,1766,654
28,1642,703
28,1759,661
28,1861,681
28,1850,679
28,1889,699
28,1904,741
28,1900,747
28,1889,755
28,1006,496
28,1017,502
28,1012,507
28,1016,515
28,1008,523
28,1001,504
28,1001,511
28,876,506
28,415,451
28,416,457
28,418,462
28,416,467
28,405,469
28,370,461
28,302,457
28,300,463
28,354,454
28,354,461
28,350,467
28,336,458
28,331,464
28,325,469
28,477,569
28,479,576
28,558,592
28,281,450
28,279,457
28,243,475
28,238,481
28,234,488
28,310,577
28,314,570
28,108,467
28,115,454
28,17,478
28,20,471
28,99,449
28,94,456
28,95,464
28,73,467
28,72,459
28,82,442
28,83,448
28,82,451
28,56,452
28,56,458
28,52,472
28,1532,111
29,259,532
29,620,464
29,619,470
29,610,473
29,612,479
29,608,484
29,674,488
29,775,492
29,772,502
29,652,484
29,647,490
29,580,493
29,578,499
29,512,481
29,511,494
29,511,488
29,796,615
29,799,622
29,597,584
29,597,592
29,1473,528
29,1477,538
29,1473,546
29,1443,510
29,1445,516
29,1446,521
29,1444,527
29,1382,511
29,1381,516
29,1393,518
29,1394,512
29,1471,599
29,1473,606
29,1471,617
29,1470,615
29,1459,591
29,1455,601
29,1486,643
29,1471,636
29,1471,644
29,1469,650
29,1495,652
29,1384,600
29,1380,606
29,1367,588
29,1367,594
29,1368,599
29,1368,605
29,1364,610
29,1309,552
29,1213,509
29,1284,509
29,1284,515
29,1189,507
29,1189,511
29,1191,517
29,1189,520
29,1045,580
29,1036,581
29,1041,589
29,679,557
29,1761,646
29,1764,653
29,1639,701
29,1757,660
29,1859,680
29,1846,677
29,1886,698
29,1900,739
29,1898,746
29,1887,753
29,1002,495
29,1013,502
29,1009,507
29,1012,515
29,1005,524
29,998,504
29,998,511
29,872,506
29,412,451
29,413,457
29,415,462
29,413,467
29,402,469
29,367,462
29,297,457
29,295,464
29,350,455
29,350,462
29,347,468
29,333,458
29,329,464
29,322,469
29,475,570
29,477,577
29,563,593
29,278,450
29,276,457
29,239,475
29,235,481
29,231,488
29,313,577
29,317,570
29,104,467
29,112,454
29,13,478
29,17,471
29,97,449
29,90,456
29,91,465
29,69,467
29,69,458
29,79,442
29,81,448
29,79,452
29,53,452
29,53,458
29,49,472
29,1534,114
30,255,530
30,615,464
30,615,470
30,606,471
30,607,477
30,604,483
30,670,488
30,771,492
30,768,502
30,648,484
30,643,490
30,577,493
30,575,499
30,509,481
30,508,494
30,508,488
30,801,615
30,803,622
30,595,584
30,595,592
30,1470,527
30,1474,537
30,1469,545
30,1441,510
30,1443,516
30,1443,521
30,1441,527
30,1379,511
30,1378,516
30,1391,518
30,1391,512
30,1468,599
30,1470,606
30,1468,619
30,1467,614
30,1456,591
30,1452,601
30,1481,643
30,1467,636
30,1467,644
30,1464,650
30,1491,651
30,1381,600
30,1377,606
30,1364,588
30,1363,594
30,1364,599
30,1364,605
30,1360,610
30,1307,550
30,1210,509
30,1280,509
30,1281,515
30,1185,506
30,1187,512
30,1187,517
30,1186,520
30,1042,579
30,1033,581
30,1037,589
30,673,556
30,1758,643
30,1759,652
30,1636,700
30,1753,656
30,1883,697
30,1897,737
30,1896,744
30,1885,751
30,998,495
30,1010,502
30,1006,507
30,1008,515
30,1002,525
30,995,504
30,995,511
30,868,506
30,408,451
30,410,457
30,411,462
30,409,467
30,398,469
30,364,463
30,292,458
30,290,465
30,347,456
30,346,463
30,344,469
30,331,458
30,327,465
30,319,469
30,472,570
30,475,577
30,567,594
30,274,450
30,272,457
30,235,475
30,232,481
30,229,488
30,316,577
30,320,570
30,101,468
30,109,455
30,10,478
30,14,471
30,92,449
30,85,456
30,85,462
30,63,465
30,65,457
30,76,442
30,78,449
30,76,453
30,46,452
30,47,458
30,42,472
30,1536,118
