1,467,920
1,582,1006
1,760,1005
1,535,796
1,527,798
1,634,972
1,608,937
1,577,993
1,584,990
1,232,827
1,229,812
1,210,785
1,476,875
1,555,782
1,547,761
1,554,763
1,571,702
1,487,720
1,570,676
1,368,751
1,584,602
1,594,604
1,320,766
1,211,766
1,225,757
1,471,876
1,557,614
1,603,587
1,901,571
1,903,559
1,238,112
1,162,88
1,328,134
1,214,25
1,207,102
1,319,324
1,249,279
1,312,273
1,385,214
1,355,341
1,477,365
1,479,376
1,477,382
1,217,384
1,195,334
1,205,334
1,224,409
1,230,405
1,236,402
1,285,391
1,184,494
1,218,548
1,227,581
1,290,371
1,284,381
1,265,381
1,216,590
1,221,589
1,205,505
1,202,496
1,212,474
1,222,485
1,227,465
1,221,475
1,216,469
1,210,483
1,82,726
1,88,732
1,167,717
1,201,701
1,194,697
1,137,711
1,147,710
1,168,677
1,162,672
1,199,643
1,206,645
1,271,683
1,153,661
1,153,695
1,159,697
1,171,688
1,207,633
1,199,621
1,203,626
1,192,749
1,195,760
1,275,674
1,207,755
1,200,756
1,198,748
1,290,673
1,281,677
1,287,663
1,238,19
1,262,622
1,270,618
1,267,620
1,540,379
1,542,369
1,609,427
1,612,422
1,640,442
1,616,447
1,623,472
1,630,469
1,645,501
1,650,496
1,656,490
1,987,489
1,594,560
1,988,495
1,656,480
1,640,468
1,631,462
1,638,460
1,631,452
1,668,515
1,696,519
1,694,511
1,778,523
1,775,516
1,779,495
1,620,412
1,555,372
1,575,375
1,564,372
1,567,367
1,675,511
1,673,522
1,685,530
1,676,516
1,923,481
1,851,495
1,883,485
1,856,482
1,859,489
1,841,489
1,839,497
1,772,500
1,773,508
1,1111,510
1,1108,505
1,1099,495
1,1098,503
1,732,505
1,730,513
1,866,495
1,683,513
1,712,511
1,716,517
1,708,520
1,685,522
1,186,68
1,211,66
1,203,58
1,195,73
1,232,28
1,242,29
1,217,72
1,429,296
1,433,311
1,442,295
1,448,301
1,357,240
1,392,220
1,77,979
1,1437,516
1,1456,513
1,1444,504
1,1446,510
1,1482,502
1,1487,509
1,1658,478
1,1498,741
1,1505,737
1,1098,84
1,1189,73
1,1184,24
1,1190,64
1,1177,69
1,788,241
1,677,312
2,471,920
2,580,1005
2,756,1002
2,535,794
2,527,795
2,638,973
2,606,936
2,577,991
2,585,991
2,234,825
2,229,809
2,206,780
2,478,871
2,556,778
2,549,755
2,555,758
2,571,698
2,484,717
2,571,672
2,369,747
2,585,599
2,595,601
2,320,763
2,208,763
2,221,757
2,473,872
2,559,610
2,604,585
2,898,568
2,901,557
2,240,110
2,164,86
2,331,134
2,216,21
2,208,99
2,322,320
2,249,276
2,314,271
2,387,211
2,358,339
2,473,365
2,475,375
2,474,381
2,217,380
2,195,332
2,205,331
2,224,404
2,230,400
2,236,398
2,289,389
2,184,490
2,218,543
2,227,577
2,295,369
2,290,381
2,269,378
2,216,586
2,222,587
2,205,504
2,202,494
2,215,474
2,225,483
2,231,465
2,226,474
2,220,466
2,216,484
2,85,724
2,91,730
2,171,712
2,208,696
2,196,692
2,139,707
2,152,704
2,170,673
2,165,667
2,199,638
2,207,640
2,270,681
2,156,661
2,158,690
2,166,692
2,177,686
2,207,632
2,201,619
2,205,623
2,192,742
2,193,757
2,274,671
2,206,752
2,198,753
2,199,745
2,290,672
2,281,675
2,288,660
2,239,17
2,262,619
2,271,616
2,269,616
2,536,380
2,540,373
2,607,423
2,611,418
2,641,439
2,617,444
2,623,469
2,629,467
2,644,493
2,649,490
2,655,486
2,983,487
2,616,562
2,982,496
2,654,476
2,638,467
2,630,459
2,636,458
2,631,449
2,666,514
2,693,519
2,690,513
2,774,523
2,771,516
2,774,498
2,614,407
2,551,374
2,575,376
2,561,374
2,563,369
2,669,509
2,671,521
2,680,528
2,675,517
2,918,482
2,847,496
2,881,485
2,855,483
2,854,490
2,838,490
2,837,498
2,766,503
2,769,511
2,1106,511
2,1107,504
2,1094,494
2,1092,502
2,727,507
2,725,514
2,862,495
2,679,513
2,709,512
2,714,518
2,708,520
2,683,524
2,188,65
2,213,65
2,206,56
2,196,71
2,234,25
2,245,27
2,222,69
2,433,294
2,435,309
2,446,293
2,452,300
2,359,236
2,397,215
2,76,981
2,1433,516
2,1451,514
2,1440,504
2,1443,510
2,1478,501
2,1482,509
2,1655,478
2,1498,737
2,1505,734
2,1101,83
2,1185,74
2,1184,22
2,1184,65
2,1172,70
2,790,239
2,679,309
3,476,920
3,579,1005
3,752,1000
3,535,792
3,528,793
3,642,974
3,603,936
3,578,990
3,587,992
3,235,824
3,229,806
3,202,775
3,481,868
3,557,774
3,551,750
3,557,754
3,572,695
3,482,714
3,572,669
3,587,597
3,597,598
3,321,760
3,206,761
3,217,757
3,476,869
3,562,607
3,605,583
3,895,566
3,899,556
3,243,108
3,167,84
3,335,134
3,218,18
3,209,96
3,325,317
3,249,274
3,317,270
3,390,208
3,362,337
3,470,365
3,472,374
3,471,381
3,218,376
3,196,331
3,206,329
3,224,400
3,230,396
3,236,394
3,292,387
3,184,486
3,218,539
3,228,573
3,300,367
3,296,376
3,273,375
3,217,582
3,223,582
3,204,500
3,203,492
3,218,473
3,227,480
3,233,460
3,228,471
3,222,464
3,220,480
3,89,722
3,95,728
3,174,709
3,206,693
3,199,687
3,142,703
3,158,699
3,174,669
3,168,662
3,200,633
3,210,635
3,268,676
3,159,657
3,162,689
3,170,691
3,179,684
3,208,628
3,204,614
3,210,618
3,194,741
3,190,755
3,274,669
3,205,750
3,197,751
3,202,742
3,286,667
3,282,673
3,286,658
3,240,15
3,260,615
3,270,612
3,267,614
3,532,380
3,534,371
3,606,420
3,611,415
3,638,430
3,616,440
3,620,464
3,626,461
3,643,489
3,648,487
3,650,478
3,978,487
3,639,560
3,978,495
3,651,468
3,635,462
3,628,453
3,635,456
3,630,444
3,660,510
3,691,523
3,688,515
3,771,524
3,768,517
3,771,498
3,612,403
3,546,372
3,570,374
3,557,373
3,559,367
3,666,506
3,669,521
3,676,529
3,674,518
3,914,482
3,677,514
3,544,382
3,842,496
3,876,484
3,851,484
3,851,491
3,834,490
3,832,499
3,763,504
3,767,512
3,1103,510
3,1104,503
3,1089,492
3,1087,499
3,723,509
3,721,514
3,859,496
3,679,513
3,706,513
3,713,519
3,708,520
3,679,524
3,191,63
3,216,64
3,209,55
3,197,70
3,235,21
3,247,24
3,225,68
3,437,292
3,437,307
3,450,292
3,456,300
3,362,232
3,403,211
3,75,983
3,38,1002
3,1429,516
3,1447,515
3,1436,504
3,1440,511
3,1475,501
3,1478,509
3,1652,478
3,1498,733
3,1505,731
3,1106,82
3,1182,72
3,1184,20
3,1181,63
3,1168,69
3,793,238
3,681,307
4,480,920
4,578,1004
4,748,998
4,535,790
4,528,790
4,646,976
4,600,934
4,579,989
4,588,993
4,232,818
4,225,800
4,197,771
4,484,865
4,558,771
4,551,745
4,558,749
4,573,692
4,480,712
4,573,666
4,589,595
4,598,595
4,322,758
4,204,759
4,213,757
4,478,866
4,565,604
4,607,579
4,892,564
4,897,554
4,246,106
4,170,83
4,339,135
4,221,15
4,211,93
4,328,313
4,249,271
4,320,269
4,393,205
4,366,336
4,466,365
4,469,374
4,468,381
4,219,372
4,196,329
4,206,326
4,224,395
4,230,392
4,236,390
4,294,383
4,184,483
4,218,535
4,229,570
4,304,366
4,303,373
4,277,373
4,216,579
4,224,577
4,204,496
4,205,488
4,222,469
4,230,477
4,237,456
4,229,466
4,224,460
4,223,478
4,93,720
4,99,726
4,176,705
4,212,687
4,202,684
4,146,700
4,163,692
4,179,667
4,172,660
4,203,630
4,215,631
4,266,671
4,164,652
4,169,684
4,175,687
4,184,678
4,209,623
4,208,608
4,215,613
4,193,735
4,190,749
4,272,667
4,206,748
4,198,749
4,202,736
4,285,664
4,279,668
4,285,653
4,259,611
4,269,607
4,265,610
4,528,379
4,529,371
4,605,417
4,610,412
4,639,430
4,614,437
4,619,462
4,626,459
4,644,491
4,650,489
4,650,477
4,973,486
4,664,557
4,975,494
4,652,470
4,632,459
4,628,452
4,634,455
4,628,441
4,661,506
4,686,522
4,683,516
4,768,525
4,765,518
4,767,497
4,611,399
4,542,372
4,565,374
4,553,372
4,555,365
4,665,501
4,664,517
4,673,526
4,671,515
4,910,482
4,673,513
4,544,383
4,838,496
4,871,485
4,848,484
4,848,491
4,829,490
4,827,499
4,760,504
4,763,512
4,1099,509
4,1100,503
4,1086,491
4,1084,498
4,720,509
4,718,514
4,855,497
4,679,513
4,702,514
4,712,521
4,705,520
4,676,521
4,194,60
4,218,60
4,209,52
4,200,67
4,238,19
4,248,21
4,227,63
4,439,291
4,441,305
4,454,290
4,460,298
4,364,229
4,369,241
4,404,207
4,75,985
4,38,998
4,1425,517
4,1442,517
4,1433,505
4,1437,511
4,1472,501
4,1474,510
4,1649,479
4,1498,730
4,1505,728
4,1110,82
4,1181,72
4,1183,18
4,1180,63
4,999,116
4,796,236
4,683,305
5,484,921
5,577,1004
5,745,996
5,536,787
5,529,787
5,650,977
5,597,932
5,579,988
5,590,994
5,228,812
5,222,795
5,193,764
5,486,861
5,560,767
5,552,741
5,560,744
5,575,688
5,478,709
5,574,663
5,590,593
5,600,592
5,323,755
5,201,756
5,210,756
5,481,863
5,568,601
5,609,575
5,890,561
5,894,552
5,248,105
5,172,81
5,343,135
5,223,12
5,212,91
5,330,309
5,249,267
5,322,268
5,395,202
5,369,334
5,463,365
5,466,373
5,465,380
5,219,367
5,197,328
5,206,324
5,224,391
5,230,388
5,236,385
5,296,380
5,185,476
5,214,531
5,228,566
5,307,363
5,313,370
5,280,371
5,215,574
5,224,574
5,206,494
5,205,484
5,224,468
5,232,473
5,240,455
5,231,462
5,226,457
5,226,475
5,97,718
5,103,723
5,178,702
5,212,683
5,205,681
5,150,698
5,167,687
5,184,665
5,177,659
5,204,627
5,212,630
5,265,667
5,166,651
5,174,679
5,180,685
5,188,675
5,209,619
5,209,602
5,219,608
5,195,731
5,189,744
5,269,662
5,203,745
5,197,746
5,204,733
5,284,660
5,278,664
5,284,649
5,259,607
5,269,604
5,264,606
5,525,379
5,528,371
5,604,413
5,608,407
5,638,428
5,613,434
5,619,457
5,626,455
5,644,489
5,650,486
5,648,474
5,970,486
5,682,555
5,971,495
5,651,465
5,632,458
5,628,449
5,634,452
5,627,438
5,658,501
5,684,524
5,683,518
5,765,526
5,762,519
5,764,497
5,608,396
5,540,372
5,563,374
5,550,372
5,550,364
5,663,497
5,664,515
5,670,525
5,669,511
5,905,483
5,675,507
5,543,383
5,833,496
5,868,485
5,844,485
5,845,493
5,825,491
5,824,499
5,756,504
5,758,512
5,1096,509
5,1096,503
5,1082,492
5,1081,500
5,717,509
5,713,515
5,852,499
5,679,513
5,698,514
5,711,522
5,702,520
5,672,520
5,196,56
5,221,59
5,209,49
5,202,64
5,239,15
5,250,17
5,228,60
5,441,289
5,445,303
5,458,287
5,464,296
5,366,229
5,372,240
5,405,203
5,74,987
5,38,994
5,1421,517
5,1438,518
5,1429,505
5,1434,512
5,1468,501
5,1469,510
5,1646,479
5,1498,726
5,1505,725
5,1112,82
5,1009,115
5,799,235
5,686,303
6,488,922
6,575,1003
6,741,993
6,536,783
6,530,783
6,654,979
6,593,930
6,578,988
6,591,995
6,225,807
6,220,793
6,190,758
6,487,857
6,561,763
6,553,736
6,561,739
6,576,685
6,476,706
6,575,659
6,592,591
6,601,589
6,323,754
6,200,753
6,206,756
6,483,860
6,570,598
6,610,571
6,888,559
6,891,549
6,175,80
6,347,136
6,223,11
6,213,88
6,333,305
6,248,262
6,325,266
6,400,196
6,371,333
6,460,363
6,463,371
6,461,379
6,219,363
6,197,328
6,206,323
6,224,387
6,229,384
6,236,380
6,298,377
6,186,472
6,213,527
6,228,562
6,310,360
6,323,366
6,284,369
6,214,569
6,223,571
6,207,491
6,205,482
6,227,466
6,235,471
6,243,453
6,234,460
6,228,453
6,230,475
6,102,715
6,106,718
6,180,698
6,214,679
6,207,676
6,152,693
6,171,683
6,184,662
6,179,655
6,205,623
6,212,626
6,263,662
6,170,648
6,179,675
6,186,683
6,192,673
6,210,617
6,207,598
6,216,602
6,195,728
6,189,740
6,266,658
6,200,742
6,195,740
6,203,728
6,281,656
6,274,660
6,284,646
6,255,604
6,269,601
6,262,602
6,518,380
6,523,370
6,602,409
6,606,404
6,636,423
6,611,431
6,617,453
6,625,451
6,642,485
6,648,483
6,646,471
6,967,485
6,700,553
6,967,494
6,648,460
6,631,456
6,628,447
6,632,452
6,625,435
6,656,498
6,680,521
6,678,514
6,761,526
6,758,520
6,761,499
6,605,393
6,536,374
6,561,376
6,546,371
6,547,365
6,662,494
6,662,511
6,666,522
6,667,508
6,899,482
6,672,506
6,540,383
6,579,378
6,829,496
6,863,485
6,841,486
6,841,493
6,820,492
6,819,500
6,752,505
6,755,512
6,1092,508
6,1092,502
6,1079,492
6,1077,500
6,713,510
6,710,516
6,846,500
6,679,513
6,695,515
6,711,522
6,698,522
6,668,518
6,198,55
6,222,56
6,211,46
6,204,62
6,229,58
6,445,286
6,449,300
6,367,227
6,374,238
6,406,200
6,73,989
6,38,990
6,1417,518
6,1434,520
6,1426,506
6,1431,513
6,1465,501
6,1465,510
6,1643,479
6,1498,722
6,1505,722
6,1116,77
6,803,233
6,688,301
6,678,308
7,491,922
7,572,1001
7,737,991
7,536,779
7,530,779
7,657,980
7,591,929
7,577,987
7,592,995
7,222,803
7,219,788
7,188,753
7,489,853
7,562,760
7,555,733
7,564,736
7,577,682
7,474,703
7,577,655
7,594,587
7,603,586
7,324,749
7,199,749
7,201,756
7,485,857
7,572,594
7,611,567
7,886,556
7,889,546
7,178,77
7,350,137
7,214,84
7,335,301
7,248,258
7,327,265
7,402,194
7,374,331
7,457,361
7,460,370
7,457,378
7,218,358
7,197,328
7,205,322
7,224,383
7,229,380
7,234,374
7,302,373
7,187,469
7,214,524
7,229,558
7,314,358
7,333,362
7,286,368
7,214,564
7,221,566
7,208,489
7,207,479
7,230,463
7,237,468
7,245,450
7,235,457
7,229,451
7,235,475
7,106,713
7,111,716
7,180,696
7,216,676
7,210,672
7,153,691
7,175,674
7,189,658
7,182,652
7,206,620
7,215,620
7,259,658
7,175,644
7,185,674
7,191,678
7,194,668
7,211,611
7,210,592
7,218,597
7,196,724
7,191,734
7,264,654
7,203,734
7,197,733
7,205,725
7,280,653
7,273,656
7,282,643
7,251,601
7,260,598
7,261,598
7,271,850
7,516,380
7,521,370
7,600,407
7,605,401
7,635,419
7,611,428
7,617,448
7,625,444
7,641,481
7,647,480
7,645,466
7,963,485
7,720,551
7,964,493
7,646,456
7,625,451
7,629,442
7,630,451
7,623,431
7,654,494
7,677,519
7,674,512
7,758,527
7,754,521
7,757,499
7,602,392
7,532,373
7,556,373
7,543,369
7,543,365
7,660,489
7,657,508
7,661,520
7,664,505
7,893,481
7,671,503
7,536,381
7,575,378
7,825,495
7,858,486
7,837,487
7,838,493
7,816,492
7,815,501
7,749,506
7,752,512
7,1088,507
7,1089,501
7,1075,492
7,1073,499
7,710,512
7,708,516
7,840,499
7,679,513
7,692,516
7,712,521
7,695,524
7,665,516
7,199,54
7,222,52
7,214,43
7,207,60
7,233,55
7,450,283
7,448,298
7,369,225
7,375,236
7,73,991
7,39,986
7,1413,518
7,1429,520
7,1423,506
7,1427,513
7,1461,501
7,1461,511
7,1640,480
7,1498,719
7,1505,719
7,1118,77
7,1221,60
7,808,231
7,692,299
7,682,307
8,495,923
8,568,999
8,734,989
8,537,775
8,531,776
8,661,982
8,587,928
8,577,987
8,588,995
8,221,799
8,217,783
8,187,748
8,491,849
8,563,756
8,556,728
8,565,731
8,579,679
8,472,700
8,578,651
8,596,583
8,605,584
8,324,745
8,198,746
8,199,754
8,485,853
8,574,590
8,612,565
8,882,552
8,888,543
8,182,74
8,353,137
8,214,81
8,337,298
8,247,254
8,329,264
8,376,329
8,455,359
8,457,369
8,454,377
8,218,354
8,197,328
8,205,320
8,223,379
8,228,375
8,234,370
8,304,369
8,188,467
8,213,520
8,228,556
8,318,356
8,347,356
8,289,368
8,213,560
8,220,561
8,210,486
8,208,477
8,234,460
8,240,465
8,248,447
8,237,454
8,232,448
8,238,473
8,110,710
8,115,714
8,183,692
8,218,672
8,212,668
8,157,686
8,180,670
8,191,656
8,187,650
8,206,616
8,215,617
8,257,654
8,179,642
8,188,673
8,194,675
8,199,664
8,211,607
8,211,588
8,220,590
8,199,723
8,191,729
8,263,650
8,206,733
8,199,731
8,207,723
8,279,651
8,272,652
8,281,639
8,250,597
8,265,594
8,260,595
8,232,795
8,277,850
8,515,380
8,517,370
8,599,404
8,604,399
8,634,415
8,611,424
8,614,444
8,624,439
8,640,478
8,647,476
8,641,461
8,959,485
8,737,549
8,959,493
8,644,452
8,620,446
8,629,440
8,627,448
8,622,430
8,654,489
8,672,519
8,670,510
8,755,528
8,750,521
8,755,501
8,530,373
8,552,375
8,539,369
8,538,363
8,657,486
8,656,505
8,657,518
8,663,502
8,888,483
8,669,500
8,532,382
8,572,377
8,548,378
8,821,496
8,855,486
8,833,487
8,835,493
8,812,492
8,811,501
8,744,506
8,747,512
8,1084,507
8,1086,501
8,1072,492
8,1069,498
8,708,513
8,703,519
8,837,498
8,679,513
8,691,517
8,713,521
8,690,524
8,661,514
8,201,52
8,224,49
8,215,40
8,210,57
8,235,52
8,452,281
8,453,296
8,370,222
8,377,233
8,39,979
8,72,985
8,1410,518
8,1425,521
8,1420,507
8,1423,514
8,1457,502
8,1457,511
8,1637,481
8,1497,715
8,1506,715
8,1120,78
8,1218,58
8,812,229
8,695,297
8,685,307
9,497,924
9,567,999
9,731,987
9,537,770
9,531,772
9,664,983
9,582,926
9,576,985
9,585,994
9,218,796
9,215,778
9,187,742
9,492,846
9,564,753
9,557,724
9,567,727
9,581,674
9,470,697
9,578,646
9,599,579
9,606,581
9,324,745
9,198,742
9,197,751
9,485,849
9,576,586
9,613,562
9,880,550
9,886,540
9,185,71
9,358,138
9,215,77
9,338,295
9,247,250
9,332,261
9,380,328
9,451,357
9,453,366
9,451,375
9,217,349
9,197,328
9,205,320
9,223,374
9,228,369
9,234,367
9,306,365
9,188,464
9,212,516
9,226,552
9,323,354
9,359,351
9,293,368
9,212,556
9,219,556
9,213,483
9,209,474
9,237,458
9,243,462
9,251,445
9,240,451
9,233,444
9,241,470
9,114,708
9,119,712
9,186,689
9,225,668
9,216,666
9,160,684
9,184,667
9,195,654
9,190,649
9,208,612
9,215,612
9,256,650
9,183,641
9,191,669
9,198,672
9,203,662
9,210,604
9,211,584
9,220,582
9,201,717
9,193,725
9,262,646
9,206,732
9,200,727
9,208,718
9,276,648
9,269,649
9,280,636
9,249,593
9,260,591
9,257,593
9,232,794
9,281,847
9,511,379
9,513,370
9,600,402
9,603,398
9,632,412
9,609,421
9,612,441
9,624,438
9,638,474
9,647,472
9,637,459
9,955,484
9,755,548
9,955,493
9,642,448
9,618,442
9,629,438
9,623,445
9,621,427
9,651,485
9,669,518
9,671,508
9,752,528
9,747,522
9,752,501
9,526,371
9,548,374
9,534,369
9,534,363
9,656,480
9,654,502
9,654,516
9,659,498
9,884,484
9,666,495
9,529,382
9,569,372
9,544,379
9,817,496
9,852,485
9,829,488
9,831,495
9,808,492
9,806,501
9,741,506
9,743,513
9,1080,506
9,1082,500
9,1068,491
9,1065,497
9,704,513
9,701,519
9,834,501
9,679,513
9,688,517
9,713,521
9,687,524
9,659,512
9,202,51
9,225,46
9,217,37
9,212,54
9,236,49
9,456,293
9,371,220
9,379,231
9,39,973
9,49,999
9,72,986
9,1407,518
9,1421,521
9,1417,507
9,1419,514
9,1453,502
9,1453,512
9,1634,482
9,1497,712
9,1506,711
9,1123,77
9,1216,56
9,815,227
10,500,925
10,569,999
10,728,985
10,538,766
10,532,767
10,668,985
10,575,983
10,582,993
10,217,793
10,212,775
10,189,734
10,493,843
10,565,750
10,558,719
10,568,722
10,582,671
10,466,693
10,578,642
10,601,575
10,608,577
10,323,743
10,199,736
10,195,747
10,934,1075
10,487,846
10,577,581
10,613,558
10,878,548
10,883,538
10,187,68
10,363,139
10,217,75
10,339,292
10,246,247
10,335,259
10,383,326
10,448,356
10,450,364
10,448,373
10,216,344
10,197,328
10,205,320
10,222,369
10,227,364
10,234,363
10,307,361
10,189,462
10,212,514
10,227,549
10,328,353
10,373,345
10,297,368
10,212,553
10,218,551
10,216,480
10,210,471
10,239,456
10,246,460
10,254,442
10,243,449
10,235,442
10,246,467
10,117,705
10,123,710
10,189,687
10,229,664
10,218,661
10,164,683
10,189,662
10,198,649
10,192,645
10,208,609
10,215,609
10,256,648
10,189,640
10,197,664
10,202,669
10,205,659
10,211,601
10,211,579
10,220,576
10,204,712
10,194,719
10,262,644
10,205,728
10,201,723
10,211,716
10,276,645
10,268,644
10,280,635
10,248,590
10,260,586
10,257,589
10,231,792
10,232,806
10,284,844
10,506,379
10,509,370
10,630,408
10,607,418
10,610,438
10,621,435
10,638,471
10,647,468
10,638,454
10,951,484
10,773,547
10,951,493
10,641,445
10,616,438
10,627,434
10,621,442
10,618,424
10,650,482
10,668,513
10,669,505
10,749,529
10,743,522
10,748,504
10,521,371
10,544,373
10,529,367
10,530,363
10,655,477
10,652,497
10,652,512
10,658,495
10,880,485
10,664,493
10,526,382
10,561,374
10,540,379
10,813,497
10,848,488
10,825,488
10,827,496
10,804,493
10,803,502
10,739,506
10,739,513
10,1076,505
10,1078,499
10,1063,491
10,1060,497
10,701,514
10,699,521
10,829,503
10,679,513
10,685,518
10,713,521
10,683,524
10,656,509
10,204,50
10,226,45
10,217,35
10,215,51
10,238,46
10,459,290
10,372,218
10,380,229
10,39,967
10,56,992
10,72,987
10,1404,518
10,1417,522
10,1414,508
10,1416,515
10,1449,503
10,1449,512
10,1631,483
10,1497,708
10,1506,707
10,1127,76
10,1214,54
10,817,225
11,503,926
11,567,992
11,724,983
11,538,763
11,532,763
11,671,988
11,572,980
11,579,992
11,216,790
11,210,772
11,189,728
11,495,838
11,566,746
11,559,714
11,569,718
11,583,668
11,463,689
11,579,637
11,603,572
11,610,574
11,321,740
11,199,732
11,193,743
11,932,1075
11,488,841
11,578,577
11,614,555
11,876,546
11,880,536
11,190,66
11,367,140
11,218,72
11,246,244
11,338,257
11,386,324
11,446,355
11,447,362
11,445,370
11,215,340
11,197,328
11,205,320
11,221,365
11,226,359
11,234,360
11,312,359
11,191,458
11,212,509
11,226,545
11,332,351
11,388,337
11,300,368
11,210,549
11,217,547
11,218,478
11,212,468
11,243,453
11,249,457
11,256,438
11,245,445
11,237,439
11,249,465
11,120,703
11,127,708
11,191,681
11,229,661
11,219,658
11,167,682
11,193,657
11,200,647
11,196,642
11,208,607
11,215,605
11,253,642
11,192,636
11,201,661
11,207,663
11,208,654
11,213,596
11,213,575
11,220,568
11,202,708
11,195,715
11,260,640
11,211,726
11,205,721
11,209,708
11,274,640
11,268,639
11,275,627
11,247,587
11,260,582
11,255,585
11,229,790
11,231,804
11,292,841
11,503,376
11,505,369
11,628,406
11,606,415
11,609,435
11,620,433
11,638,468
11,647,465
11,637,450
11,946,484
11,792,547
11,947,493
11,640,441
11,615,434
11,625,429
11,621,439
11,616,421
11,649,480
11,664,510
11,667,500
11,744,530
11,740,523
11,746,503
11,518,372
11,538,377
11,526,367
11,526,363
11,653,473
11,649,494
11,649,509
11,656,491
11,876,484
11,663,490
11,523,382
11,558,375
11,542,372
11,809,497
11,845,489
11,822,488
11,823,495
11,800,494
11,799,503
11,735,507
11,736,514
11,1072,505
11,1074,499
11,1059,490
11,1056,496
11,698,515
11,696,522
11,825,503
11,680,514
11,682,519
11,713,521
11,681,522
11,654,507
11,206,48
11,227,42
11,219,31
11,218,50
11,238,44
11,375,215
11,383,226
11,45,958
11,62,985
11,72,988
11,1401,518
11,1413,522
11,1410,508
11,1413,515
11,1445,504
11,1445,513
11,1628,483
11,1497,705
11,1506,702
11,1130,75
11,1211,52
11,819,223
11,700,290
12,506,927
12,563,990
12,720,981
12,538,759
12,532,759
12,674,995
12,570,979
12,575,990
12,213,786
12,206,768
12,189,721
12,566,741
12,560,709
12,570,713
12,584,665
12,459,686
12,580,633
12,604,568
12,611,569
12,321,737
12,199,729
12,193,738
12,930,1074
12,581,572
12,615,551
12,874,544
12,877,534
12,193,63
12,219,69
12,246,239
12,341,253
12,389,322
12,443,352
12,444,360
12,442,368
12,214,336
12,197,328
12,204,320
12,220,360
12,226,354
12,234,355
12,313,354
12,192,453
12,211,504
12,229,542
12,336,349
12,401,331
12,303,366
12,208,545
12,216,543
12,219,475
12,213,464
12,245,450
12,253,457
12,259,435
12,247,441
12,239,437
12,259,461
12,124,700
12,130,706
12,193,679
12,230,656
12,220,653
12,168,678
12,196,653
12,203,640
12,198,636
12,210,602
12,216,602
12,253,637
12,192,631
12,204,656
12,209,661
12,210,651
12,214,592
12,212,571
12,213,561
12,206,706
12,195,712
12,260,636
12,208,719
12,202,712
12,212,706
12,273,637
12,268,636
12,273,624
12,245,583
12,258,578
12,254,582
12,225,786
12,227,800
12,300,837
12,498,378
12,501,371
12,626,403
12,606,412
12,608,432
12,620,433
12,638,464
12,646,462
12,634,446
12,942,484
12,810,547
12,943,493
12,637,437
12,615,431
12,622,426
12,621,434
12,615,418
12,647,476
12,662,508
12,664,497
12,739,530
12,736,524
12,743,503
12,514,371
12,534,380
12,522,367
12,522,362
12,651,469
12,649,492
12,647,506
12,655,488
12,869,484
12,661,486
12,518,382
12,555,375
12,538,372
12,804,497
12,841,489
12,819,488
12,819,493
12,795,495
12,794,501
12,730,507
12,732,514
12,1068,504
12,1070,498
12,1055,490
12,1052,496
12,695,515
12,691,521
12,821,501
12,681,514
12,678,519
12,713,519
12,679,520
12,650,505
12,210,46
12,229,38
12,220,27
12,220,51
12,239,42
12,378,212
12,387,222
12,47,950
12,71,978
12,72,988
12,1398,518
12,1408,523
12,1406,508
12,1410,516
12,1441,504
12,1441,513
12,1625,484
12,1497,701
12,1506,698
12,1133,74
12,1209,50
12,823,222
12,703,288
12,804,239
13,560,989
13,717,979
13,539,756
13,532,755
13,678,994
13,567,978
13,572,990
13,212,782
13,206,766
13,190,716
13,567,738
13,561,704
13,571,709
13,585,662
13,457,683
13,582,629
13,605,564
13,613,565
13,322,735
13,198,724
13,190,732
13,928,1073
13,583,568
13,617,546
13,872,542
13,874,532
13,196,61
13,221,66
13,246,235
13,345,250
13,391,320
13,441,350
13,442,359
13,439,365
13,214,331
13,197,327
13,204,320
13,219,355
13,225,349
13,233,350
13,315,349
13,191,450
13,209,500
13,225,538
13,340,347
13,410,325
13,306,365
13,208,540
13,214,539
13,222,472
13,215,461
13,248,447
13,254,451
13,260,432
13,250,438
13,242,433
13,262,457
13,127,698
13,134,704
13,195,677
13,234,652
13,225,650
13,170,675
13,200,650
13,205,635
13,199,631
13,210,597
13,216,598
13,250,632
13,192,626
13,206,653
13,212,658
13,214,646
13,213,589
13,212,565
13,209,553
13,207,700
13,195,706
13,262,632
13,209,716
13,204,708
13,213,703
13,272,633
13,267,633
13,271,621
13,242,580
13,257,575
13,252,579
13,224,786
13,225,797
13,309,833
13,495,378
13,497,372
13,624,399
13,606,409
13,608,429
13,620,433
13,637,459
13,644,458
13,632,443
13,938,484
13,826,549
13,940,493
13,635,434
13,615,428
13,620,423
13,621,430
13,615,415
13,646,473
13,661,505
13,663,494
13,736,532
13,731,525
13,738,504
13,509,372
13,530,379
13,519,368
13,518,362
13,650,467
13,647,489
13,644,503
13,653,484
13,865,484
13,659,482
13,513,383
13,553,375
13,534,372
13,800,498
13,836,490
13,815,489
13,816,494
13,791,496
13,790,502
13,725,508
13,729,513
13,1064,504
13,1066,497
13,1051,490
13,1048,495
13,691,515
13,687,521
13,816,501
13,681,509
13,674,519
13,713,519
13,674,513
13,649,500
13,211,42
13,230,37
13,222,24
13,220,49
13,241,39
13,381,209
13,390,220
13,72,989
13,1395,519
13,1404,523
13,1403,509
13,1407,516
13,1437,505
13,1437,514
13,1623,485
13,1497,698
13,1506,694
13,1136,73
13,1207,47
13,827,221
13,706,286
13,809,238
14,557,988
14,713,977
14,539,752
14,532,751
14,682,992
14,564,977
14,568,988
14,209,777
14,203,760
14,190,712
14,568,735
14,562,699
14,572,706
14,586,659
14,455,680
14,583,624
14,606,560
14,614,561
14,323,731
14,198,720
14,190,727
14,925,1073
14,586,564
14,618,542
14,869,542
14,871,530
14,199,59
14,222,63
14,246,231
14,349,247
14,393,317
14,439,348
14,439,357
14,436,362
14,215,326
14,198,327
14,205,318
14,219,350
14,224,344
14,233,345
14,318,345
14,191,446
14,209,495
14,223,533
14,345,344
14,420,321
14,309,362
14,207,537
14,214,535
14,223,468
14,217,459
14,251,445
14,257,449
14,263,429
14,253,436
14,244,430
14,267,451
14,131,695
14,138,702
14,200,675
14,239,646
14,226,645
14,175,671
14,204,645
14,206,632
14,200,628
14,209,595
14,215,593
14,249,628
14,193,622
14,209,649
14,215,653
14,217,641
14,211,584
14,213,561
14,211,548
14,209,698
14,199,701
14,257,626
14,211,711
14,205,706
14,217,700
14,271,626
14,264,627
14,272,617
14,240,578
14,256,572
14,250,575
14,219,784
14,223,793
14,315,829
14,491,377
14,496,370
14,622,396
14,605,406
14,608,425
14,620,432
14,637,458
14,643,455
14,629,439
14,934,484
14,838,550
14,935,491
14,632,429
14,614,424
14,621,419
14,620,428
14,614,413
14,646,471
14,658,501
14,661,490
14,732,533
14,727,525
14,734,505
14,508,371
14,525,378
14,516,370
14,515,362
14,649,462
14,644,485
14,643,500
14,649,480
14,861,484
14,657,478
14,512,382
14,550,374
14,530,372
14,796,499
14,832,491
14,812,490
14,813,496
14,787,498
14,786,504
14,722,507
14,727,512
14,1060,503
14,1062,497
14,1046,489
14,1043,495
14,687,515
14,682,521
14,811,501
14,681,509
14,671,517
14,712,518
14,674,511
14,646,496
14,212,39
14,231,35
14,222,22
14,221,46
14,243,36
14,384,206
14,393,218
14,54,993
14,72,989
14,1392,519
14,1400,524
14,1399,509
14,1404,517
14,1433,505
14,1434,514
14,1620,486
14,1497,694
14,1506,690
14,1138,72
14,1205,44
14,710,285
14,814,236
15,553,987
15,708,977
15,540,748
15,533,747
15,685,994
15,562,976
15,565,985
15,208,773
15,202,755
15,190,706
15,569,731
15,562,695
15,573,697
15,587,656
15,454,677
15,583,619
15,607,556
15,616,556
15,322,728
15,197,716
15,189,722
15,923,1072
15,588,559
15,620,538
15,867,542
15,868,529
15,202,57
15,223,59
15,246,227
15,352,243
15,396,316
15,436,346
15,436,355
15,434,360
15,216,321
15,199,326
15,206,317
15,219,344
15,223,339
15,233,339
15,318,341
15,193,442
15,209,491
15,222,531
15,349,343
15,427,315
15,312,359
15,207,533
15,214,531
15,225,466
15,218,456
15,254,443
15,260,448
15,266,425
15,255,432
15,246,429
15,271,449
15,135,693
15,141,700
15,198,670
15,240,640
15,228,640
15,177,668
15,207,643
15,208,629
15,201,626
15,210,592
15,215,590
15,247,624
15,195,619
15,212,646
15,219,649
15,219,637
15,210,584
15,212,556
15,204,540
15,210,694
15,200,697
15,256,624
15,212,708
15,207,701
15,217,695
15,270,626
15,264,623
15,272,616
15,238,575
15,254,569
15,248,572
15,217,782
15,221,790
15,321,825
15,487,377
15,492,370
15,620,393
15,605,404
15,606,423
15,620,432
15,635,451
15,643,451
15,629,436
15,930,486
15,850,551
15,931,492
15,631,426
15,612,420
15,622,417
15,617,424
15,614,411
15,643,466
15,657,498
15,661,486
15,730,534
15,724,526
15,731,505
15,503,370
15,520,379
15,512,370
15,510,362
15,647,457
15,642,481
15,641,495
15,649,477
15,856,485
15,656,475
15,511,382
15,546,374
15,526,373
15,791,500
15,826,492
15,809,490
15,808,496
15,782,497
15,781,504
15,717,508
15,722,513
15,1057,503
15,1058,496
15,1042,489
15,1039,494
15,683,516
15,680,521
15,805,503
15,681,509
15,668,515
15,711,518
15,671,508
15,645,492
15,213,36
15,231,31
15,222,20
15,223,42
15,243,33
15,386,202
15,395,216
15,55,987
15,70,992
15,103,975
15,1389,519
15,1396,524
15,1395,509
15,1401,517
15,1429,506
15,1430,514
15,1617,486
15,1497,691
15,1506,686
15,1203,42
15,713,282
15,819,234
16,549,985
16,702,977
16,541,744
16,534,743
16,686,1000
16,559,975
16,562,983
16,208,768
16,202,751
16,190,700
16,570,728
16,563,690
16,573,695
16,587,653
16,451,674
16,584,615
16,608,552
16,617,552
16,322,725
16,197,713
16,189,717
16,921,1072
16,591,556
16,620,534
16,865,542
16,865,527
16,204,54
16,224,56
16,246,223
16,356,240
16,399,315
16,434,344
16,434,352
16,431,358
16,216,317
16,200,325
16,206,317
16,220,339
16,223,334
16,233,334
16,321,336
16,195,437
16,210,488
16,220,527
16,353,342
16,433,308
16,315,357
16,207,528
16,213,527
16,226,463
16,220,452
16,257,440
16,263,444
16,269,422
16,257,429
16,249,425
16,275,444
16,139,690
16,145,698
16,199,665
16,243,635
16,232,638
16,180,665
16,210,637
16,209,625
16,203,621
16,209,585
16,215,587
16,247,617
16,198,614
16,216,642
16,223,643
16,222,633
16,210,579
16,212,550
16,201,531
16,213,689
16,202,694
16,255,619
16,215,704
16,209,698
16,220,693
16,268,621
16,261,621
16,270,610
16,236,569
16,251,565
16,247,569
16,214,778
16,219,785
16,327,824
16,484,375
16,489,368
16,603,401
16,617,389
16,608,404
16,606,419
16,620,432
16,635,449
16,643,448
16,628,432
16,927,486
16,862,552
16,928,493
16,629,423
16,612,418
16,622,416
16,616,424
16,615,411
16,643,464
16,655,493
16,658,482
16,727,534
16,720,528
16,729,506
16,499,369
16,517,379
16,510,369
16,508,362
16,647,454
16,642,477
16,640,491
16,649,474
16,850,486
16,656,470
16,507,380
16,542,373
16,521,371
16,787,500
16,821,492
16,806,490
16,804,496
16,778,496
16,777,504
16,713,509
16,719,515
16,1053,502
16,1054,495
16,1038,488
16,1035,494
16,681,515
16,676,520
16,801,504
16,681,509
16,667,513
16,711,518
16,670,505
16,643,488
16,214,33
16,232,27
16,221,17
16,225,39
16,244,31
16,389,199
16,398,212
16,57,981
16,69,994
16,111,970
16,1386,519
16,1392,524
16,1392,510
16,1398,517
16,1426,506
16,1426,515
16,1614,487
16,1497,687
16,1505,682
16,1202,39
16,716,280
17,546,982
17,699,974
17,542,740
17,536,739
17,691,998
17,556,974
17,560,981
17,206,763
17,202,747
17,193,694
17,572,726
17,565,685
17,575,690
17,588,650
17,449,671
17,584,610
17,610,548
17,618,548
17,322,723
17,199,711
17,189,711
17,919,1071
17,593,552
17,621,530
17,864,542
17,862,526
17,207,52
17,224,52
17,246,220
17,358,238
17,402,314
17,431,342
17,431,350
17,429,356
17,215,312
17,201,324
17,206,317
17,220,335
17,223,329
17,233,329
17,324,331
17,195,433
17,213,485
17,219,523
17,359,339
17,438,300
17,318,354
17,206,522
17,212,523
17,230,461
17,222,449
17,261,437
17,266,442
17,273,420
17,260,426
17,252,421
17,280,439
17,142,688
17,149,695
17,201,662
17,244,632
17,233,630
17,183,661
17,213,634
17,210,618
17,204,615
17,209,582
17,216,583
17,247,614
17,198,610
17,220,635
17,226,638
17,224,628
17,212,575
17,212,545
17,201,523
17,215,686
17,202,687
17,254,615
17,215,700
17,210,692
17,222,686
17,268,614
17,261,614
17,270,607
17,236,566
17,251,561
17,245,566
17,212,774
17,217,783
17,337,815
17,480,374
17,487,367
17,614,390
17,610,404
17,605,414
17,620,432
17,635,448
17,640,442
17,626,428
17,924,486
17,872,553
17,926,493
17,628,419
17,611,412
17,623,416
17,615,418
17,616,410
17,642,460
17,654,490
17,656,478
17,722,534
17,716,528
17,729,506
17,495,368
17,514,376
17,506,369
17,504,362
17,646,449
17,640,474
17,637,487
17,648,471
17,845,486
17,655,469
17,504,379
17,538,372
17,518,371
17,553,377
17,575,374
17,783,500
17,818,492
17,802,492
17,802,497
17,774,498
17,774,504
17,711,509
17,719,516
17,1049,501
17,1050,495
17,1034,488
17,1031,493
17,678,515
17,672,518
17,798,504
17,681,509
17,665,509
17,710,518
17,670,500
17,639,484
17,215,30
17,233,23
17,221,14
17,227,36
17,247,28
17,392,195
17,400,207
17,54,974
17,69,994
17,1381,519
17,1388,524
17,1389,510
17,1394,517
17,1422,507
17,1423,515
17,1611,488
17,1498,684
17,1505,679
17,1201,35
17,720,278
18,544,979
18,697,970
18,543,736
18,536,734
18,695,997
18,553,972
18,558,979
18,205,759
18,201,744
18,193,690
18,573,722
18,567,681
18,576,685
18,592,647
18,447,668
18,585,607
18,611,544
18,619,544
18,322,719
18,199,708
18,189,707
18,917,1070
18,595,548
18,622,526
18,861,541
18,858,525
18,210,50
18,225,48
18,246,217
18,361,235
18,406,313
18,429,340
18,429,348
18,427,354
18,213,308
18,203,324
18,206,317
18,221,331
18,223,324
18,233,326
18,326,328
18,195,429
18,216,482
18,221,520
18,366,337
18,444,293
18,322,352
18,206,518
18,214,518
18,231,457
18,225,446
18,263,433
18,269,439
18,276,417
18,262,423
18,254,417
18,283,435
18,146,685
18,154,692
18,203,659
18,244,628
18,234,624
18,185,657
18,214,629
18,210,613
18,204,609
18,209,577
18,217,581
18,246,610
18,197,605
18,222,631
18,229,634
18,224,622
18,214,575
18,211,540
18,200,513
18,216,682
18,204,684
18,253,610
18,217,695
18,211,688
18,223,680
18,267,611
18,260,609
18,270,604
18,234,562
18,249,557
18,244,562
18,210,771
18,215,779
18,477,374
18,482,366
18,611,386
18,607,402
18,602,411
18,634,441
18,640,438
18,620,425
18,921,486
18,881,554
18,921,494
18,627,417
18,609,411
18,623,416
18,614,415
18,614,407
18,639,456
18,652,485
18,654,475
18,720,534
18,713,528
18,726,508
18,491,367
18,510,376
18,501,369
18,501,362
18,646,446
18,637,469
18,635,481
18,646,467
18,841,486
18,653,464
18,502,379
18,534,371
18,515,370
18,549,378
18,573,376
18,780,498
18,815,492
18,799,492
18,799,498
18,771,499
18,770,505
18,709,511
18,719,517
18,1045,501
18,1046,494
18,1030,487
18,1027,493
18,676,514
18,670,515
18,794,503
18,679,508
18,663,505
18,710,518
18,668,496
18,639,481
18,217,27
18,234,20
18,222,11
18,229,33
18,246,24
18,56,967
18,68,994
18,173,784
18,1377,519
18,1385,524
18,1385,510
18,1390,517
18,1418,508
18,1419,515
18,1607,489
18,1498,680
18,1505,675
18,1200,32
18,723,276
19,543,978
19,694,966
19,544,732
19,536,730
19,700,996
19,550,970
19,555,977
19,204,755
19,202,738
19,194,685
19,574,718
19,569,677
19,578,680
19,596,643
19,444,666
19,586,603
19,612,542
19,621,542
19,322,715
19,199,705
19,191,703
19,914,1069
19,596,545
19,624,522
19,858,540
19,855,525
19,212,48
19,225,45
19,246,214
19,363,232
19,410,311
19,426,337
19,426,345
19,424,352
19,212,304
19,204,323
19,207,317
19,221,328
19,223,319
19,234,323
19,328,326
19,195,425
19,218,478
19,224,516
19,368,335
19,449,288
19,324,351
19,207,514
19,216,513
19,234,454
19,227,445
19,267,432
19,272,437
19,279,414
19,264,421
19,257,415
19,288,433
19,149,683
19,158,690
19,204,655
19,245,623
19,235,621
19,187,654
19,215,625
19,211,609
19,205,605
19,203,575
19,218,577
19,244,606
19,197,602
19,224,627
19,230,630
19,225,618
19,211,573
19,211,536
19,200,506
19,220,677
19,206,681
19,253,606
19,216,691
19,211,684
19,225,679
19,265,608
19,260,605
19,270,601
19,232,558
19,247,554
19,242,558
19,210,769
19,212,775
19,474,373
19,478,366
19,607,386
19,605,400
19,602,409
19,633,439
19,640,435
19,620,423
19,917,486
19,889,555
19,916,494
19,627,415
19,609,408
19,622,411
19,610,415
19,614,405
19,640,452
19,649,482
19,654,471
19,717,535
19,710,527
19,722,509
19,488,366
19,507,376
19,495,367
19,500,363
19,647,443
19,637,466
19,633,478
19,646,464
19,837,485
19,653,461
19,498,379
19,531,372
19,511,371
19,547,379
19,569,376
19,776,499
19,812,490
19,795,492
19,797,499
19,766,499
19,765,505
19,706,512
19,717,518
19,1041,500
19,1042,493
19,1025,487
19,1022,492
19,675,512
19,668,512
19,790,503
19,678,507
19,661,502
19,708,518
19,667,493
19,638,477
19,219,26
19,235,17
19,227,9
19,228,29
19,248,22
19,54,960
19,181,784
19,1373,519
19,1381,524
19,1382,510
19,1386,517
19,1414,508
19,1415,516
19,1604,490
19,1499,677
19,1504,671
19,1199,28
19,726,275
19,1006,118
20,542,976
20,687,972
20,545,729
20,537,726
20,702,1005
20,547,969
20,552,975
20,202,755
20,203,732
20,195,681
20,574,714
20,571,673
20,579,674
20,600,640
20,441,663
20,587,600
20,614,539
20,622,539
20,321,712
20,202,702
20,191,696
20,912,1068
20,598,541
20,626,518
20,855,539
20,853,524
20,215,45
20,227,43
20,245,211
20,365,230
20,415,309
20,423,335
20,423,343
20,420,350
20,211,299
20,204,322
20,208,317
20,220,323
20,222,314
20,233,317
20,329,322
20,196,422
20,221,475
20,224,514
20,369,333
20,454,283
20,327,350
20,208,512
20,217,511
20,237,452
20,228,441
20,270,429
20,276,435
20,282,412
20,266,417
20,260,412
20,292,430
20,153,680
20,163,687
20,206,652
20,248,618
20,237,618
20,189,650
20,216,620
20,214,604
20,207,602
20,206,572
20,217,575
20,243,602
20,198,599
20,226,622
20,231,625
20,227,614
20,212,569
20,211,532
20,201,499
20,221,674
20,207,676
20,252,602
20,219,689
20,215,681
20,227,676
20,264,604
20,259,602
20,270,598
20,230,555
20,244,552
20,240,554
20,205,768
20,211,776
20,471,373
20,474,366
20,603,382
20,605,399
20,601,404
20,632,437
20,638,430
20,619,422
20,913,486
20,897,557
20,911,493
20,625,412
20,608,405
20,621,412
20,608,412
20,615,402
20,639,449
20,648,477
20,652,469
20,712,535
20,705,526
20,717,511
20,485,366
20,503,376
20,491,364
20,498,366
20,646,442
20,636,464
20,633,475
20,644,461
20,833,485
20,651,458
20,495,378
20,526,372
20,507,372
20,548,381
20,565,374
20,771,502
20,810,488
20,792,493
20,794,499
20,761,502
20,762,508
20,701,510
20,715,518
20,1037,500
20,1038,493
20,1021,487
20,1018,492
20,672,507
20,665,509
20,785,503
20,677,505
20,658,499
20,703,518
20,666,492
20,636,472
20,223,24
20,235,14
20,249,20
20,54,955
20,189,785
20,1369,519
20,1378,524
20,1379,511
20,1383,517
20,1410,509
20,1412,516
20,1600,491
20,1500,674
20,1504,668
20,1197,25
20,727,272
20,1011,117
21,537,973
21,683,971
21,546,725
21,537,723
21,705,1006
21,545,968
21,549,974
21,202,752
21,205,728
21,198,677
21,575,711
21,571,668
21,580,669
21,601,638
21,438,661
21,589,598
21,615,536
21,624,536
21,320,709
21,204,699
21,193,692
21,909,1066
21,599,538
21,627,514
21,852,538
21,850,524
21,217,43
21,229,38
21,244,207
21,366,228
21,415,307
21,420,333
21,420,341
21,417,348
21,211,294
21,204,319
21,208,317
21,217,317
21,220,309
21,230,312
21,331,317
21,196,419
21,223,472
21,224,512
21,378,331
21,462,280
21,329,348
21,208,507
21,217,509
21,237,448
21,230,439
21,273,426
21,278,434
21,285,410
21,269,415
21,263,410
21,292,428
21,156,678
21,167,684
21,208,649
21,250,615
21,239,612
21,191,647
21,219,617
21,213,601
21,206,599
21,206,565
21,222,567
21,243,599
21,197,597
21,228,619
21,233,621
21,228,608
21,211,566
21,213,527
21,202,492
21,222,670
21,211,674
21,251,599
21,219,684
21,216,681
21,227,673
21,264,599
21,258,600
21,270,595
21,228,553
21,241,550
21,238,550
21,204,765
21,208,773
21,467,372
21,472,365
21,600,380
21,631,431
21,637,428
21,615,417
21,908,487
21,904,558
21,908,493
21,619,407
21,602,403
21,614,404
21,607,409
21,609,401
21,637,446
21,647,475
21,650,464
21,708,535
21,701,530
21,715,512
21,481,365
21,499,376
21,490,364
21,490,369
21,642,437
21,633,456
21,630,472
21,641,457
21,826,488
21,650,455
21,493,377
21,522,371
21,503,371
21,536,379
21,561,372
21,768,502
21,803,491
21,788,493
21,790,499
21,757,502
21,758,508
21,696,511
21,715,519
21,1033,499
21,1034,492
21,1017,486
21,1014,491
21,667,504
21,663,504
21,781,504
21,673,504
21,657,494
21,698,519
21,663,487
21,634,468
21,226,21
21,236,10
21,250,18
21,198,786
21,1365,519
21,1373,524
21,1374,511
21,1378,517
21,1406,509
21,1408,516
21,1597,491
21,1501,670
21,1504,664
21,1196,21
21,729,270
21,1016,117
22,535,969
22,682,963
22,547,722
22,538,719
22,710,1000
22,542,964
22,546,973
22,200,745
22,204,722
22,200,672
22,576,707
22,571,663
22,580,663
22,601,635
22,434,657
22,590,593
22,616,532
22,624,533
22,320,707
22,204,694
22,194,688
22,906,1065
22,600,534
22,627,510
22,849,537
22,847,524
22,219,41
22,229,34
22,243,203
22,367,226
22,420,305
22,419,332
22,418,339
22,415,345
22,209,290
22,204,317
22,209,317
22,217,313
22,219,304
22,229,308
22,332,313
22,197,416
22,223,468
22,224,509
22,379,326
22,332,346
22,208,502
22,217,507
22,238,446
22,232,437
22,277,424
22,280,431
22,288,408
22,272,414
22,267,409
22,294,424
22,161,675
22,169,682
22,209,645
22,253,611
22,240,607
22,195,644
22,220,615
22,211,597
22,205,597
22,204,562
22,219,564
22,239,592
22,196,593
22,229,615
22,235,618
22,229,603
22,212,563
22,212,522
22,205,482
22,223,669
22,211,668
22,249,595
22,220,680
22,218,673
22,230,670
22,262,595
22,256,595
22,268,591
22,225,549
22,241,547
22,235,547
22,204,761
22,203,769
22,462,370
22,467,364
22,596,378
22,629,426
22,636,424
22,616,414
22,903,488
22,913,559
22,905,493
22,618,408
22,606,406
22,617,402
22,609,411
22,610,395
22,634,443
22,646,470
22,649,461
22,704,537
22,697,530
22,713,513
22,478,363
22,496,374
22,487,363
22,486,368
22,640,434
22,631,454
22,629,467
22,639,453
22,820,491
22,649,451
22,488,375
22,519,372
22,498,370
22,532,379
22,557,372
22,764,503
22,797,493
22,785,495
22,786,500
22,752,503
22,753,509
22,693,514
22,715,520
22,1029,498
22,1030,492
22,1013,486
22,1010,491
22,667,502
22,662,501
22,776,504
22,672,500
22,657,493
22,695,519
22,662,484
22,633,465
22,228,20
22,237,9
22,250,13
22,208,786
22,1362,519
22,1369,525
22,1370,512
22,1374,517
22,1403,510
22,1404,517
22,1594,492
22,1501,667
22,1503,661
22,1194,18
22,731,267
22,1021,117
23,532,966
23,548,719
23,539,716
23,713,1007
23,539,961
23,542,971
23,199,742
23,203,717
23,201,669
23,577,703
23,571,658
23,581,659
23,602,631
23,590,588
23,617,527
23,624,529
23,317,704
23,204,690
23,194,684
23,904,1064
23,601,530
23,627,505
23,845,536
23,844,523
23,219,38
23,230,31
23,243,199
23,368,224
23,423,304
23,417,330
23,415,337
23,411,342
23,206,285
23,204,316
23,209,317
23,216,309
23,217,300
23,227,304
23,333,309
23,199,412
23,223,462
23,224,505
23,385,326
23,336,343
23,208,499
23,216,503
23,239,443
23,233,434
23,279,422
23,282,427
23,290,406
23,274,411
23,268,407
23,298,420
23,167,671
23,168,681
23,209,642
23,249,606
23,241,605
23,198,642
23,221,607
23,215,594
23,207,591
23,203,559
23,218,561
23,236,586
23,197,590
23,230,611
23,235,612
23,229,599
23,211,559
23,212,516
23,208,477
23,223,663
23,212,665
23,248,592
23,221,676
23,218,668
23,230,664
23,260,591
23,255,591
23,266,587
23,223,546
23,242,544
23,233,544
23,201,757
23,200,767
23,458,370
23,462,362
23,591,376
23,628,422
23,636,422
23,899,488
23,926,559
23,901,493
23,620,403
23,607,407
23,614,398
23,608,393
23,633,440
23,643,469
23,646,458
23,701,535
23,691,529
23,710,515
23,473,363
23,494,373
23,481,362
23,480,368
23,639,431
23,629,451
23,628,462
23,638,450
23,816,492
23,646,446
23,484,375
23,515,373
23,495,368
23,528,378
23,554,372
23,555,377
23,759,504
23,794,496
23,781,497
23,783,502
23,748,505
23,748,512
23,689,513
23,714,521
23,1026,498
23,1026,491
23,1008,485
23,1005,491
23,665,499
23,660,499
23,772,504
23,670,497
23,655,489
23,691,520
23,659,480
23,631,460
23,228,17
23,216,786
23,1359,520
23,1365,526
23,1366,513
23,1370,518
23,1399,510
23,1400,517
23,1590,493
23,1500,664
23,1502,657
23,1192,15
23,733,265
24,531,968
24,548,715
24,539,712
24,715,1012
24,535,960
24,539,968
24,199,737
24,203,714
24,201,662
24,578,699
24,572,654
24,581,656
24,602,627
24,590,582
24,618,523
24,624,526
24,314,703
24,205,685
24,193,680
24,901,1063
24,602,526
24,627,501
24,842,535
24,841,523
24,220,35
24,231,28
24,242,196
24,370,222
24,424,304
24,414,328
24,411,334
24,407,340
24,204,281
24,204,314
24,209,317
24,214,304
24,216,295
24,225,299
24,334,305
24,199,408
24,225,459
24,221,503
24,386,325
24,339,342
24,207,495
24,214,502
24,240,439
24,235,431
24,280,419
24,285,424
24,293,403
24,277,408
24,271,403
24,299,417
24,167,671
24,171,678
24,211,639
24,249,600
24,241,599
24,196,637
24,219,604
24,214,590
24,207,586
24,204,555
24,216,556
24,235,583
24,197,585
24,230,605
24,235,606
24,227,593
24,210,556
24,212,512
24,211,468
24,225,659
24,212,661
24,246,586
24,220,672
24,219,663
24,230,660
24,258,587
24,252,586
24,265,587
24,222,541
24,239,538
24,231,542
24,201,754
24,197,763
24,455,367
24,460,360
24,586,376
24,628,419
24,636,416
24,895,488
24,939,559
24,897,494
24,620,405
24,606,405
24,614,396
24,633,437
24,641,463
24,646,454
24,697,535
24,688,529
24,707,515
24,469,363
24,489,372
24,476,359
24,465,368
24,637,429
24,628,449
24,622,459
24,638,448
24,812,492
24,645,443
24,481,374
24,511,372
24,490,368
24,523,376
24,550,371
24,551,379
24,754,504
24,790,497
24,776,497
24,779,503
24,744,504
24,745,512
24,685,513
24,713,521
24,1022,497
24,1022,490
24,1004,485
24,1001,490
24,662,493
24,657,496
24,768,505
24,668,491
24,652,484
24,687,522
24,657,477
24,629,456
24,231,14
24,222,787
24,1356,520
24,1361,526
24,1362,513
24,1365,518
24,1396,510
24,1397,518
24,1587,494
24,1499,661
24,1500,654
24,1191,12
24,735,263
25,527,966
25,548,712
25,539,709
25,717,1014
25,531,960
25,537,965
25,200,735
25,205,710
25,203,658
25,579,695
25,573,649
25,581,652
25,602,623
25,591,577
25,620,520
25,626,523
25,315,701
25,206,683
25,195,676
25,899,1062
25,605,524
25,627,498
25,838,534
25,837,522
25,223,31
25,231,24
25,240,192
25,373,219
25,429,300
25,411,326
25,408,332
25,403,337
25,202,278
25,204,312
25,209,315
25,213,299
25,215,290
25,224,294
25,335,301
25,199,404
25,227,455
25,220,496
25,389,324
25,341,340
25,208,489
25,217,494
25,241,437
25,236,429
25,282,416
25,287,423
25,295,401
25,280,406
25,276,402
25,302,415
25,169,669
25,175,675
25,213,636
25,250,596
25,240,595
25,197,633
25,219,601
25,211,586
25,205,582
25,202,550
25,215,552
25,234,580
25,197,581
25,229,599
25,234,601
25,227,589
25,208,551
25,212,508
25,213,459
25,225,657
25,212,657
25,245,585
25,221,669
25,219,661
25,230,658
25,256,585
25,250,583
25,263,584
25,220,538
25,234,535
25,229,538
25,201,750
25,195,760
25,452,365
25,458,358
25,583,376
25,626,417
25,634,413
25,891,487
25,951,559
25,892,495
25,621,408
25,605,403
25,613,390
25,630,434
25,640,459
25,645,452
25,694,535
25,686,529
25,704,515
25,465,362
25,480,375
25,473,363
25,461,370
25,636,425
25,627,443
25,624,457
25,636,443
25,807,492
25,643,441
25,485,366
25,509,373
25,472,369
25,518,377
25,547,371
25,548,378
25,747,504
25,785,497
25,772,496
25,774,503
25,740,505
25,741,511
25,682,513
25,713,521
25,1018,497
25,1018,490
25,1000,485
25,997,490
25,660,490
25,657,489
25,763,505
25,666,489
25,652,480
25,684,522
25,656,474
25,627,453
25,230,11
25,229,789
25,1352,521
25,1357,527
25,1358,513
25,1361,519
25,1393,511
25,1393,518
25,1583,495
25,1498,658
25,1499,651
25,1189,9
25,737,261
26,526,964
26,548,708
26,539,705
26,718,1016
26,529,958
26,535,962
26,200,732
26,203,705
26,203,655
26,580,692
26,574,645
26,582,647
26,604,620
26,592,574
26,621,517
26,628,520
26,316,697
26,208,678
26,194,673
26,896,1061
26,607,522
26,627,495
26,834,533
26,833,521
26,225,28
26,231,21
26,239,189
26,375,217
26,431,299
26,408,324
26,405,330
26,400,335
26,200,275
26,204,309
26,210,312
26,211,294
26,213,285
26,223,288
26,336,297
26,200,401
26,229,453
26,216,496
26,393,321
26,344,339
26,211,486
26,221,489
26,242,434
26,238,426
26,285,413
26,290,420
26,298,399
26,282,406
26,279,400
26,305,413
26,172,666
26,178,673
26,215,633
26,249,593
26,240,592
26,199,630
26,219,598
26,210,582
26,202,579
26,202,547
26,217,548
26,233,575
26,196,578
26,228,596
26,233,596
26,226,587
26,208,548
26,213,507
26,216,453
26,228,653
26,215,655
26,245,581
26,223,664
26,221,656
26,233,655
26,253,582
26,246,576
26,260,580
26,218,534
26,232,533
26,228,534
26,200,747
26,193,758
26,449,365
26,453,358
26,578,373
26,624,414
26,632,411
26,887,487
26,973,558
26,888,495
26,621,410
26,604,400
26,610,387
26,628,430
26,636,455
26,641,448
26,691,530
26,683,525
26,697,515
26,462,359
26,477,374
26,470,362
26,465,368
26,632,421
26,625,441
26,621,451
26,634,441
26,801,493
26,641,437
26,483,366
26,502,372
26,470,369
26,514,374
26,541,368
26,541,378
26,745,504
26,783,500
26,768,497
26,770,503
26,735,506
26,734,512
26,680,513
26,713,519
26,1014,496
26,1014,489
26,995,482
26,994,490
26,657,488
26,653,491
26,757,506
26,663,488
26,650,479
26,679,517
26,654,471
26,625,448
26,231,10
26,236,789
26,1347,521
26,1354,527
26,1353,513
26,1357,519
26,1389,511
26,1389,519
26,1580,496
26,1496,655
26,1498,647
27,526,962
27,548,705
27,539,702
27,722,1019
27,527,956
27,534,959
27,200,726
27,205,702
27,204,652
27,581,688
27,576,640
27,584,643
27,606,618
27,594,570
27,622,514
27,631,516
27,315,693
27,209,673
27,197,665
27,894,1059
27,610,521
27,628,491
27,829,531
27,830,521
27,226,26
27,231,17
27,238,185
27,377,215
27,433,300
27,405,323
27,402,328
27,397,332
27,200,272
27,204,307
27,212,308
27,210,289
27,212,280
27,223,282
27,337,293
27,201,398
27,232,451
27,214,493
27,398,317
27,345,341
27,212,482
27,225,484
27,246,432
27,240,424
27,287,411
27,294,420
27,301,398
27,286,404
27,283,398
27,309,412
27,176,664
27,182,672
27,217,630
27,249,589
27,241,590
27,202,627
27,220,594
27,210,578
27,202,576
27,202,543
27,217,543
27,231,573
27,194,576
27,227,594
27,233,592
27,226,583
27,209,545
27,216,502
27,218,445
27,230,648
27,215,651
27,245,577
27,222,661
27,222,652
27,235,649
27,251,574
27,238,576
27,258,578
27,218,531
27,233,531
27,226,530
27,198,743
27,192,754
27,445,363
27,448,357
27,574,373
27,625,410
27,631,408
27,884,487
27,989,558
27,884,495
27,621,411
27,603,398
27,607,384
27,629,429
27,633,451
27,639,444
27,686,529
27,677,525
27,695,517
27,458,358
27,477,372
27,467,361
27,463,367
27,631,418
27,624,438
27,621,446
27,632,437
27,796,493
27,641,434
27,481,365
27,499,372
27,469,371
27,509,373
27,534,367
27,538,378
27,741,507
27,780,500
27,765,497
27,765,504
27,732,507
27,731,512
27,678,512
27,713,520
27,1010,496
27,1009,489
27,991,482
27,992,491
27,656,484
27,652,488
27,754,508
27,660,482
27,648,474
27,676,518
27,651,468
27,623,445
27,245,789
27,579,1067
27,1343,522
27,1350,528
27,1349,512
27,1353,520
27,1386,511
27,1385,519
27,1576,497
27,1495,652
27,1496,644
27,374,236
28,527,960
28,549,701
28,539,697
28,728,1023
28,524,955
28,532,957
28,203,722
28,205,697
28,207,647
28,582,684
28,577,636
28,585,638
28,607,615
28,595,566
28,623,511
28,633,513
28,313,691
28,210,667
28,198,663
28,891,1058
28,612,519
28,628,488
28,825,530
28,826,520
28,228,24
28,232,14
28,237,182
28,379,211
28,437,301
28,403,321
28,399,326
28,394,329
28,200,269
28,203,304
28,212,305
28,208,286
28,212,275
28,222,278
28,338,290
28,203,395
28,235,447
28,215,488
28,402,315
28,355,339
28,215,478
28,228,480
28,253,432
28,242,422
28,289,410
28,296,418
28,305,395
28,289,402
28,287,395
28,311,412
28,178,662
28,184,669
28,218,627
28,249,585
28,240,585
28,202,625
28,220,590
28,210,574
28,202,572
28,202,540
28,217,539
28,229,568
28,195,571
28,227,590
28,233,588
28,226,577
28,208,542
28,217,497
28,223,436
28,231,643
28,218,646
28,241,574
28,225,657
28,224,649
28,235,647
28,248,571
28,236,572
28,253,573
28,216,527
28,235,527
28,223,527
28,203,742
28,193,749
28,441,362
28,447,356
28,570,372
28,587,379
28,622,405
28,630,405
28,879,487
28,1009,558
28,880,495
28,620,408
28,604,393
28,604,381
28,596,379
28,626,423
28,632,447
28,638,441
28,685,528
28,674,523
28,692,517
28,455,355
28,478,372
28,464,359
28,457,366
28,629,415
28,622,435
28,618,443
28,630,433
28,792,496
28,638,429
28,476,365
28,493,371
28,469,371
28,505,372
28,532,367
28,534,377
28,737,509
28,777,504
28,761,498
28,761,505
28,728,508
28,726,513
28,676,512
28,713,520
28,1006,496
28,1005,488
28,989,480
28,988,490
28,654,482
28,652,484
28,750,507
28,659,479
28,646,471
28,675,518
28,650,465
28,626,442
28,256,788
28,577,1065
28,1338,522
28,1346,528
28,1344,512
28,1349,520
28,1382,511
28,1381,519
28,1572,498
28,1493,649
28,1495,640
28,377,236
28,384,239
29,526,957
29,550,697
29,540,693
29,726,1025
29,521,952
29,531,954
29,205,703
29,204,713
29,209,641
29,583,680
29,578,631
29,586,633
29,609,613
29,596,562
29,625,508
29,635,510
29,311,688
29,211,664
29,200,657
29,889,1057
29,615,517
29,629,483
29,821,529
29,822,520
29,229,21
29,234,13
29,237,179
29,381,207
29,441,300
29,401,317
29,397,323
29,392,327
29,199,265
29,200,303
29,209,302
29,208,282
29,212,269
29,222,274
29,339,288
29,204,391
29,238,441
29,217,488
29,406,312
29,357,337
29,219,474
29,229,478
29,255,428
29,245,420
29,292,406
29,298,416
29,308,392
29,293,399
29,291,393
29,313,409
29,181,660
29,187,667
29,219,626
29,249,582
29,240,579
29,206,622
29,220,585
29,211,570
29,203,569
29,200,535
29,215,536
29,228,563
29,196,567
29,227,585
29,234,585
29,225,571
29,208,538
29,221,494
29,226,430
29,230,637
29,219,644
29,241,570
29,226,651
29,226,644
29,235,643
29,247,566
29,235,568
29,248,572
29,215,522
29,230,523
29,224,524
29,203,736
29,193,745
29,437,359
29,443,354
29,566,372
29,584,377
29,620,400
29,630,402
29,874,487
29,1030,559
29,877,496
29,621,404
29,601,378
29,594,379
29,624,422
29,631,444
29,637,436
29,681,523
29,670,520
29,688,516
29,452,353
29,475,369
29,459,358
29,455,364
29,627,411
29,621,433
29,617,440
29,628,429
29,787,495
29,636,427
29,473,364
29,491,370
29,467,369
29,502,371
29,529,366
29,530,375
29,732,509
29,773,505
29,756,499
29,758,506
29,723,509
29,721,514
29,672,507
29,713,521
29,1001,495
29,1000,487
29,986,480
29,984,489
29,652,479
29,650,480
29,745,507
29,658,476
29,644,466
29,672,514
29,650,462
29,624,438
29,108,785
29,118,790
29,575,1063
29,1335,522
29,1342,528
29,1341,513
29,1344,520
29,1377,511
29,1378,519
29,1569,498
29,1492,645
29,1494,636
29,377,232
29,386,236
30,526,954
30,551,692
30,541,689
30,730,1027
30,520,949
30,530,951
30,208,690
30,205,715
30,210,638
30,584,676
30,579,627
30,587,629
30,610,610
30,597,558
30,628,505
30,636,507
30,310,682
30,212,658
30,201,654
30,885,1056
30,617,512
30,629,479
30,817,529
30,819,520
30,230,18
30,236,175
30,384,202
30,445,300
30,399,314
30,395,320
30,390,325
30,199,262
30,198,300
30,207,300
30,208,278
30,211,264
30,222,270
30,340,285
30,203,388
30,238,438
30,219,485
30,411,312
30,362,338
30,222,470
30,234,474
30,253,426
30,247,418
30,295,404
30,301,413
30,310,390
30,298,399
30,292,392
30,317,407
30,184,658
30,189,665
30,222,620
30,249,578
30,239,576
30,194,640
30,220,580
30,211,567
30,203,565
30,199,531
30,215,532
30,226,559
30,196,564
30,227,580
30,235,580
30,222,569
30,207,533
30,226,491
30,230,423
30,231,633
30,220,639
30,240,566
30,226,648
30,226,639
30,235,639
30,246,560
30,233,565
30,251,570
30,213,518
30,225,519
30,224,521
30,207,731
30,196,741
30,434,357
30,439,352
30,562,371
30,581,375
30,620,397
30,629,398
30,870,487
30,1045,561
30,872,495
30,623,403
30,597,374
30,592,379
30,623,420
30,630,439
30,637,430
30,678,520
30,667,516
30,686,514
30,449,350
30,480,365
30,456,357
30,453,362
30,628,410
30,620,433
30,613,435
30,626,425
30,782,495
30,634,422
30,467,361
30,486,369
30,462,367
30,500,369
30,525,366
30,527,374
30,728,510
30,767,506
30,754,500
30,754,506
30,719,510
30,717,515
30,672,503
30,712,522
30,997,495
30,996,487
30,977,480
30,981,488
30,651,476
30,649,478
30,740,508
30,658,473
30,644,463
30,670,512
30,650,459
30,621,430
30,111,782
30,122,788
30,573,1061
30,1331,522
30,1338,528
30,1337,513
30,1339,520
30,1373,510
30,1375,518
30,1565,499
30,1490,644
30,1494,634
30,754,250
30,757,262
30,377,228
30,388,233
