1,201,192
1,204,186
1,178,211
1,223,210
1,225,222
1,243,225
1,1729,296
1,1663,485
1,1414,291
1,1363,143
1,1353,139
1,1351,130
1,781,873
1,783,881
1,784,887
1,799,883
1,794,877
1,882,877
1,882,884
1,1155,871
1,1162,877
1,1438,1032
1,1167,880
1,1171,876
1,1207,885
1,1695,886
1,1698,870
1,1875,577
1,1696,567
1,1621,515
1,1674,530
1,1877,559
1,1880,551
1,1831,505
1,1606,496
1,1309,165
1,1277,475
1,1243,424
1,1233,461
1,1185,407
1,1182,414
1,1167,410
1,761,315
1,846,284
1,866,395
1,895,478
1,835,376
1,864,420
1,856,350
1,900,314
1,910,322
1,910,277
1,1037,207
1,1068,280
1,1084,283
1,1086,270
1,1105,265
1,1041,240
1,1044,221
1,994,456
1,991,488
1,1076,534
1,1063,433
1,1060,513
1,1086,524
1,1080,452
1,1093,445
1,1102,437
1,1246,313
1,1254,464
1,1264,483
1,1046,481
1,1049,488
1,749,1035
1,721,140
1,800,147
1,774,78
1,1084,332
1,1084,339
1,1087,343
1,1114,54
1,1106,64
1,1104,56
1,1099,60
1,1588,507
2,198,190
2,202,184
2,184,216
2,221,206
2,222,219
2,241,226
2,1731,301
2,1669,487
2,1420,295
2,1367,144
2,1355,139
2,1355,131
2,786,873
2,786,880
2,789,886
2,808,885
2,802,878
2,889,877
2,891,887
2,1159,874
2,1165,879
2,1435,1034
2,1172,885
2,1173,876
2,1209,884
2,1696,884
2,1703,871
2,1875,577
2,1696,566
2,1622,519
2,1668,531
2,1876,558
2,1879,551
2,1832,508
2,1608,494
2,1309,169
2,1276,475
2,1245,423
2,1237,464
2,1183,406
2,1181,413
2,1166,408
2,758,315
2,845,283
2,865,392
2,894,473
2,840,381
2,870,426
2,861,350
2,904,312
2,914,320
2,914,277
2,1036,212
2,1068,279
2,1081,281
2,1084,269
2,1103,263
2,1046,240
2,1054,224
2,1001,456
2,988,490
2,1075,532
2,1064,437
2,1060,514
2,1086,521
2,1080,448
2,1095,443
2,1103,434
2,1246,313
2,1256,465
2,1264,483
2,1046,481
2,1049,488
2,749,1031
2,721,140
2,798,144
2,770,78
2,1080,333
2,1081,341
2,1082,342
2,1117,58
2,1110,63
2,1106,55
2,1099,61
2,1588,506
3,197,187
3,199,180
3,188,213
3,218,204
3,221,215
3,240,223
3,1731,308
3,1672,483
3,1424,297
3,1367,142
3,1358,140
3,1360,133
3,792,873
3,791,880
3,793,886
3,813,884
3,806,876
3,892,878
3,893,885
3,1161,873
3,1165,879
3,1432,1034
3,1174,885
3,1171,875
3,1212,883
3,1698,882
3,1704,871
3,1875,577
3,1688,562
3,1621,520
3,1665,532
3,1874,556
3,1834,512
3,1610,493
3,1309,173
3,1294,486
3,1276,475
3,1247,422
3,1241,468
3,1181,406
3,1180,413
3,1166,406
3,756,316
3,844,283
3,864,389
3,893,468
3,845,386
3,877,432
3,866,351
3,908,311
3,919,318
3,918,277
3,1035,218
3,1068,279
3,1079,279
3,1082,268
3,1102,262
3,1051,240
3,1004,453
3,985,493
3,1074,530
3,1065,441
3,1061,516
3,1086,519
3,1081,444
3,1097,441
3,1105,432
3,1246,313
3,1258,467
3,1265,483
3,1047,481
3,1049,488
3,750,1027
3,722,141
3,796,141
3,767,78
3,1076,334
3,1078,343
3,1077,342
3,1121,56
3,1110,63
3,1109,55
3,1100,62
3,1589,505
4,195,182
4,200,177
4,195,213
4,216,201
4,218,212
4,237,219
4,1726,312
4,1676,478
4,1429,298
4,1368,140
4,1359,139
4,1360,133
4,797,870
4,797,878
4,799,885
4,817,884
4,812,876
4,898,876
4,900,885
4,1166,873
4,1167,879
4,1428,1033
4,1175,885
4,1175,875
4,1213,884
4,1699,880
4,1704,870
4,1875,577
4,1687,561
4,1618,524
4,1663,531
4,1868,553
4,1835,512
4,1612,492
4,1308,179
4,1295,482
4,1276,475
4,1250,422
4,1243,468
4,1178,403
4,1176,410
4,1163,406
4,754,316
4,840,282
4,866,384
4,893,464
4,848,389
4,880,433
4,873,350
4,912,310
4,924,316
4,922,277
4,1036,224
4,1065,276
4,1077,277
4,1081,267
4,1101,260
4,1056,241
4,1008,450
4,983,496
4,1074,528
4,1067,446
4,1062,518
4,1086,516
4,1081,440
4,1099,439
4,1107,429
4,1246,313
4,1260,468
4,1266,483
4,1047,482
4,1049,488
4,750,1023
4,722,141
4,794,139
4,764,78
4,1072,336
4,1075,346
4,1073,342
4,1122,55
4,1115,61
4,1112,53
4,1109,58
4,1593,502
5,193,178
5,198,174
5,202,216
5,213,197
5,217,209
5,233,216
5,1727,317
5,1680,474
5,1433,299
5,1369,140
5,1360,139
5,1362,133
5,799,870
5,801,878
5,803,884
5,821,883
5,814,875
5,902,878
5,903,885
5,1164,874
5,1170,880
5,1424,1033
5,1177,885
5,1176,876
5,1215,884
5,1695,879
5,1704,870
5,1875,577
5,1685,558
5,1616,524
5,1664,532
5,1868,549
5,1837,513
5,1612,488
5,1295,476
5,1276,475
5,1250,420
5,1246,468
5,1176,400
5,1173,408
5,1160,406
5,753,317
5,836,282
5,864,375
5,891,462
5,852,392
5,884,434
5,876,349
5,915,308
5,926,313
5,926,278
5,1037,230
5,1062,274
5,1075,275
5,1079,266
5,1100,259
5,1059,241
5,1011,447
5,980,499
5,1073,526
5,1066,450
5,1062,520
5,1086,514
5,1082,437
5,1101,437
5,1109,427
5,1246,313
5,1262,470
5,1267,483
5,1048,482
5,1049,488
5,1077,582
5,1088,585
5,751,1020
5,723,142
5,792,136
5,760,78
5,1069,336
5,1071,346
5,1069,341
5,1123,55
5,1117,61
5,1115,51
5,1110,57
6,192,175
6,198,171
6,208,217
6,210,194
6,214,205
6,231,213
6,1724,323
6,1684,473
6,1436,300
6,1373,140
6,1363,138
6,1363,133
6,805,871
6,804,878
6,807,885
6,825,881
6,819,875
6,905,876
6,907,885
6,1167,873
6,1171,880
6,1421,1033
6,1175,885
6,1177,876
6,1216,884
6,1697,879
6,1704,870
6,1875,577
6,1681,554
6,1617,526
6,1660,534
6,1838,514
6,1613,485
6,1296,471
6,1276,475
6,1250,418
6,1248,468
6,1173,396
6,1170,407
6,1158,403
6,749,317
6,833,282
6,860,371
6,890,460
6,855,392
6,888,434
6,879,348
6,919,306
6,929,310
6,930,278
6,1035,234
6,1060,272
6,1073,273
6,1078,265
6,1097,257
6,1062,241
6,1015,444
6,977,502
6,1073,525
6,1065,454
6,1063,522
6,1086,511
6,1082,434
6,1103,435
6,1111,424
6,1246,313
6,1264,471
6,1267,483
6,1049,483
6,1049,488
6,1077,580
6,1088,582
6,751,1016
6,98,54
6,724,142
6,790,134
6,757,78
6,1066,336
6,1068,346
6,1066,341
6,1125,55
6,1119,62
6,1118,50
6,1112,57
7,190,174
7,195,169
7,211,216
7,210,192
7,212,201
7,227,210
7,1720,328
7,1687,470
7,1440,302
7,1373,137
7,1366,136
7,1364,130
7,812,872
7,810,878
7,812,884
7,831,882
7,826,872
7,910,877
7,912,885
7,1170,873
7,1173,880
7,1419,1035
7,1178,885
7,1179,876
7,1219,885
7,1696,878
7,1703,868
7,1875,577
7,1676,553
7,1614,529
7,1663,533
7,1840,515
7,1614,482
7,1295,469
7,1290,481
7,1276,475
7,1250,416
7,1250,469
7,1171,393
7,1168,406
7,1156,400
7,745,317
7,830,283
7,861,371
7,887,457
7,858,393
7,892,435
7,882,348
7,923,305
7,932,307
7,934,278
7,1034,239
7,1059,269
7,1072,272
7,1078,265
7,1095,255
7,1066,241
7,1019,441
7,975,505
7,1073,523
7,1065,459
7,1064,523
7,1087,509
7,1083,432
7,1106,433
7,1113,422
7,1246,313
7,1266,473
7,1268,483
7,1049,483
7,1049,488
7,1078,579
7,1088,580
7,752,1012
7,97,52
7,724,143
7,789,132
7,754,78
7,1063,337
7,1065,347
7,1063,341
7,1129,54
7,1120,61
7,1120,50
7,1114,56
7,1240,241
7,1237,230
8,190,170
8,195,165
8,218,220
8,207,188
8,210,197
8,226,206
8,1721,331
8,1690,467
8,1444,302
8,1374,136
8,1366,135
8,1365,131
8,816,871
8,814,878
8,816,884
8,834,883
8,832,872
8,915,876
8,917,885
8,1171,874
8,1174,880
8,1416,1032
8,1180,886
8,1182,877
8,1220,883
8,1700,875
8,1704,867
8,1875,577
8,1674,549
8,1611,530
8,1662,533
8,1841,514
8,1615,480
8,1294,467
8,1289,477
8,1276,475
8,1252,414
8,1252,470
8,1171,390
8,1166,404
8,1154,398
8,743,316
8,826,285
8,861,366
8,884,454
8,861,396
8,896,435
8,885,348
8,925,302
8,934,304
8,938,278
8,1035,241
8,1058,266
8,1071,271
8,1079,266
8,1093,253
8,1072,239
8,1022,438
8,972,508
8,1074,522
8,1066,463
8,1064,525
8,1091,507
8,1083,429
8,1107,430
8,1115,419
8,1246,313
8,1266,472
8,1269,483
8,1050,483
8,1049,488
8,1078,577
8,1088,577
8,753,1008
8,95,50
8,725,143
8,788,130
8,751,79
8,808,78
8,1058,337
8,1061,347
8,1059,340
8,1134,54
8,1122,60
8,1123,51
8,1117,56
8,1248,239
8,1241,229
9,188,168
9,195,162
9,222,218
9,205,184
9,210,194
9,224,202
9,1720,337
9,1694,465
9,1448,303
9,1377,134
9,1368,135
9,1367,128
9,822,870
9,820,878
9,823,884
9,839,882
9,837,872
9,920,876
9,922,885
9,1172,875
9,1177,880
9,1414,1034
9,1181,885
9,1185,877
9,1223,884
9,1701,876
9,1705,868
9,1875,577
9,1671,545
9,1610,529
9,1661,533
9,1842,514
9,1614,477
9,1296,465
9,1289,473
9,1275,475
9,1254,413
9,1254,472
9,1171,388
9,1165,402
9,1152,396
9,741,315
9,823,287
9,861,360
9,881,449
9,865,400
9,901,435
9,888,349
9,927,299
9,937,301
9,943,278
9,1036,244
9,1057,264
9,1070,270
9,1079,266
9,1091,250
9,1078,237
9,1026,435
9,970,511
9,1074,520
9,1067,467
9,1065,527
9,1096,506
9,1084,427
9,1108,427
9,1118,417
9,1246,313
9,1267,471
9,1270,483
9,1050,484
9,1049,488
9,1079,576
9,1088,575
9,1086,588
9,754,1005
9,94,47
9,726,144
9,787,128
9,748,81
9,800,80
9,1054,337
9,1057,347
9,1055,340
9,1136,54
9,1128,58
9,1126,50
9,1119,55
9,1256,237
9,1246,228
10,186,165
10,190,158
10,232,224
10,205,183
10,207,192
10,223,199
10,1720,341
10,1697,461
10,1453,305
10,1379,134
10,1371,135
10,1369,128
10,827,872
10,825,879
10,828,885
10,843,882
10,839,875
10,925,876
10,926,884
10,1174,874
10,1178,879
10,1411,1033
10,1183,886
10,1186,876
10,1225,884
10,1702,877
10,1706,869
10,1875,577
10,1673,544
10,1610,534
10,1658,533
10,1842,513
10,1613,475
10,1298,463
10,1289,471
10,1275,475
10,1257,412
10,1257,471
10,1169,386
10,1162,398
10,1149,393
10,738,313
10,820,285
10,859,356
10,879,445
10,869,404
10,903,436
10,894,347
10,930,297
10,940,299
10,946,277
10,1038,247
10,1055,261
10,1069,270
10,1080,267
10,1090,248
10,1030,432
10,968,512
10,1075,519
10,1068,471
10,1066,529
10,1101,505
10,1084,422
10,1110,424
10,1121,414
10,1246,313
10,1268,471
10,1271,484
10,1051,484
10,1049,488
10,1080,575
10,1089,573
10,1087,587
10,1077,587
10,754,1000
10,92,45
10,726,144
10,786,126
10,746,83
10,792,83
10,1050,337
10,1053,347
10,1052,340
10,1139,54
10,1131,58
10,1130,49
10,1122,55
10,1259,236
10,1250,227
11,184,161
11,189,156
11,237,223
11,202,178
11,205,187
11,221,194
11,1719,346
11,1703,457
11,1459,307
11,1382,131
11,1373,135
11,1371,128
11,832,871
11,830,879
11,832,884
11,848,880
11,844,873
11,929,876
11,931,884
11,1177,875
11,1182,880
11,1408,1032
11,1185,887
11,1188,876
11,1227,883
11,1701,877
11,1707,870
11,1875,577
11,1669,539
11,1606,534
11,1656,533
11,1842,513
11,1613,473
11,1299,459
11,1289,469
11,1275,475
11,1259,409
11,1260,471
11,1168,385
11,1160,394
11,1147,391
11,736,312
11,818,284
11,860,353
11,876,440
11,873,408
11,906,437
11,901,346
11,933,295
11,943,297
11,950,276
11,1038,251
11,1054,258
11,1067,267
11,1067,251
11,1089,246
11,1033,430
11,966,514
11,1077,516
11,1068,474
11,1067,531
11,1106,507
11,1085,418
11,1111,421
11,1124,411
11,1246,313
11,1268,470
11,1270,483
11,1052,485
11,1049,488
11,1079,573
11,1089,571
11,1088,586
11,1078,586
11,755,995
11,91,43
11,727,145
11,785,124
11,743,85
11,785,86
11,1046,337
11,1049,347
11,1048,340
11,108,158
11,1142,53
11,1134,59
11,1133,49
11,1125,56
11,1262,236
11,1255,226
12,181,161
12,187,155
12,242,225
12,202,178
12,206,187
12,220,192
12,1714,351
12,1705,454
12,1465,307
12,1382,130
12,1374,133
12,1371,127
12,838,871
12,835,878
12,837,884
12,850,880
12,850,873
12,935,876
12,937,885
12,1178,876
12,1184,880
12,1189,884
12,1192,876
12,1229,886
12,1702,878
12,1709,872
12,1875,577
12,1669,536
12,1605,536
12,1657,535
12,1842,513
12,1614,471
12,1300,455
12,1289,464
12,1275,475
12,1261,407
12,1261,471
12,1165,383
12,1157,391
12,1144,387
12,733,310
12,815,285
12,861,350
12,873,436
12,874,410
12,910,439
12,904,346
12,936,291
12,948,295
12,953,276
12,1038,255
12,1052,255
12,1065,265
12,1064,249
12,1088,244
12,1037,427
12,965,516
12,1080,514
12,1069,478
12,1067,532
12,1112,509
12,1085,413
12,1113,418
12,1128,408
12,1246,313
12,1269,470
12,1270,482
12,1051,484
12,1049,488
12,1079,571
12,1089,570
12,1089,584
12,1079,585
12,738,382
12,728,374
12,756,991
12,89,40
12,728,146
12,782,121
12,740,87
12,776,88
12,1042,338
12,1046,347
12,1045,340
12,100,166
12,111,162
12,1145,53
12,1138,60
12,1136,49
12,1128,55
12,1265,234
12,1258,223
13,179,158
13,187,152
13,247,227
13,198,172
13,202,183
13,217,188
13,1713,355
13,1707,450
13,1465,305
13,1384,127
13,1376,134
13,1374,128
13,838,868
13,839,877
13,840,882
13,853,879
13,853,872
13,938,873
13,940,884
13,1179,875
13,1182,879
13,1188,884
13,1193,876
13,1230,884
13,1701,875
13,1707,867
13,1875,577
13,1668,534
13,1603,538
13,1654,533
13,1843,512
13,1610,468
13,1286,228
13,1298,452
13,1288,461
13,1275,475
13,1261,407
13,1262,472
13,1163,381
13,1155,388
13,1142,384
13,730,309
13,812,286
13,858,347
13,873,434
13,876,413
13,914,442
13,907,346
13,939,288
13,953,294
13,957,275
13,1039,258
13,1051,253
13,1063,263
13,1062,248
13,1084,240
13,1041,424
13,963,518
13,1083,512
13,1070,481
13,1067,534
13,1115,512
13,1086,409
13,1114,415
13,1129,405
13,1246,313
13,1270,469
13,1270,482
13,1050,484
13,1049,488
13,1079,569
13,1089,568
13,1089,580
13,1080,583
13,740,379
13,730,371
13,757,986
13,87,37
13,727,145
13,779,118
13,767,90
13,1038,337
13,1041,346
13,1041,340
13,103,172
13,115,167
13,1148,53
13,1142,62
13,1139,49
13,1132,55
13,1268,233
13,1261,221
14,175,158
14,185,151
14,248,226
14,197,170
14,200,181
14,215,186
14,1708,358
14,1709,446
14,1470,308
14,1387,123
14,1377,131
14,1373,125
14,844,870
14,843,877
14,845,882
14,855,880
14,856,871
14,942,876
14,945,883
14,1181,875
14,1185,880
14,1188,885
14,1194,876
14,1231,882
14,1701,873
14,1706,866
14,1875,577
14,1665,530
14,1598,540
14,1652,533
14,1843,512
14,1607,465
14,1344,219
14,1285,241
14,1297,450
14,1286,458
14,1275,475
14,1262,408
14,1260,471
14,1159,377
14,1151,385
14,1140,381
14,725,306
14,806,285
14,855,345
14,874,432
14,880,417
14,917,441
14,911,346
14,941,286
14,953,292
14,961,275
14,1040,261
14,1048,250
14,1061,261
14,1059,247
14,1081,236
14,1045,422
14,961,520
14,1081,508
14,1071,485
14,1067,536
14,1118,515
14,1085,405
14,1115,412
14,1130,403
14,1246,313
14,1271,469
14,1270,481
14,1050,484
14,1049,488
14,1079,567
14,1089,567
14,1090,579
14,1080,581
14,742,377
14,733,369
14,758,982
14,84,34
14,727,145
14,776,116
14,759,93
14,1035,337
14,1037,345
14,1037,340
14,106,178
14,118,170
14,1149,53
14,1143,61
14,1140,48
14,1135,55
14,1096,55
14,1271,232
14,1265,219
15,171,154
15,181,150
15,249,225
15,192,168
15,194,183
15,211,180
15,1707,364
15,1713,441
15,1474,309
15,1388,123
15,1379,128
15,1377,122
15,848,868
15,847,876
15,849,882
15,859,878
15,860,870
15,946,874
15,948,883
15,1182,874
15,1184,879
15,1191,884
15,1195,876
15,1233,883
15,1703,874
15,1705,866
15,1875,577
15,1660,526
15,1594,541
15,1649,534
15,1843,512
15,1604,462
15,1340,217
15,1280,246
15,1298,446
15,1284,455
15,1275,475
15,1263,409
15,1259,471
15,1155,374
15,1148,383
15,1138,378
15,721,304
15,801,285
15,852,341
15,871,429
15,885,421
15,921,441
15,913,344
15,944,284
15,953,291
15,964,274
15,1039,265
15,1045,247
15,1058,259
15,1057,246
15,1078,233
15,1048,418
15,960,521
15,1080,504
15,1071,489
15,1067,538
15,1121,516
15,1084,401
15,1116,409
15,1131,401
15,1246,313
15,1270,469
15,1270,481
15,1049,483
15,1049,488
15,1079,565
15,1089,564
15,1089,577
15,1080,578
15,744,375
15,736,367
15,758,977
15,82,31
15,727,145
15,773,113
15,747,95
15,1031,336
15,1033,344
15,1033,340
15,124,207
15,131,200
15,111,179
15,122,174
15,1151,54
15,1144,60
15,1142,48
15,1139,55
15,1098,54
15,1098,56
15,1273,230
15,1266,216
16,169,153
16,178,148
16,259,227
16,190,165
16,193,176
16,207,177
16,1703,366
16,1716,438
16,1477,312
16,1388,118
16,1379,126
16,1376,121
16,852,867
16,849,875
16,853,881
16,862,877
16,863,871
16,950,873
16,952,883
16,1184,874
16,1186,880
16,1193,885
16,1196,876
16,1234,882
16,1701,875
16,1706,863
16,1875,577
16,1656,525
16,1594,541
16,1645,536
16,1844,521
16,1602,460
16,1338,216
16,1299,443
16,1282,452
16,1275,475
16,1266,400
16,1259,471
16,1152,372
16,1145,381
16,1132,371
16,719,301
16,797,286
16,850,334
16,869,427
16,887,422
16,924,441
16,915,342
16,946,281
16,956,288
16,967,273
16,1038,270
16,1043,244
16,1056,257
16,1054,242
16,1077,229
16,1051,415
16,957,524
16,1008,501
16,1079,501
16,1071,493
16,1067,540
16,1124,517
16,1083,397
16,1117,406
16,1132,399
16,1246,313
16,1269,469
16,1269,480
16,1049,483
16,1049,488
16,1079,563
16,1089,562
16,1089,576
16,1081,575
16,747,373
16,739,365
16,758,972
16,80,28
16,727,144
16,771,111
16,736,98
16,1028,336
16,1029,344
16,1029,341
16,128,211
16,135,204
16,116,181
16,106,176
16,125,177
16,1152,53
16,1146,59
16,1143,47
16,1141,55
16,1099,54
16,1102,58
16,1275,229
16,1268,213
17,164,149
17,173,144
17,263,227
17,186,161
17,189,172
17,205,173
17,1704,370
17,1719,436
17,1481,313
17,1387,118
17,1379,125
17,1376,120
17,857,865
17,853,875
17,855,882
17,866,879
17,867,872
17,955,872
17,956,884
17,1184,872
17,1188,880
17,1195,884
17,1198,876
17,1235,882
17,1701,874
17,1703,860
17,1875,577
17,1654,522
17,1590,542
17,1641,538
17,1835,525
17,1838,518
17,1603,455
17,1336,215
17,1300,438
17,1282,450
17,1275,472
17,1265,396
17,1259,471
17,1149,370
17,1143,379
17,1130,369
17,718,299
17,793,287
17,848,327
17,867,421
17,890,423
17,927,442
17,917,342
17,949,278
17,960,285
17,970,272
17,1038,275
17,1041,242
17,1054,256
17,1052,239
17,1054,411
17,951,530
17,1008,496
17,1077,496
17,1071,497
17,1068,542
17,1128,522
17,1082,394
17,1118,403
17,1134,398
17,1246,313
17,1268,470
17,1269,479
17,1048,483
17,1049,488
17,1079,561
17,1089,560
17,1090,574
17,1082,574
17,748,369
17,741,362
17,758,968
17,77,25
17,727,144
17,768,109
17,727,101
17,715,124
17,1024,335
17,1025,343
17,1024,340
17,133,216
17,139,208
17,152,201
17,119,183
17,110,179
17,128,180
17,1153,52
17,1148,58
17,1145,46
17,1143,55
17,1101,54
17,1107,60
17,1276,225
17,1269,213
18,162,155
18,162,148
18,266,225
18,185,159
18,187,170
18,203,169
18,1697,376
18,1721,431
18,1485,314
18,1388,115
18,1382,123
18,1375,116
18,860,866
18,857,873
18,859,880
18,870,876
18,868,869
18,958,871
18,960,882
18,1185,872
18,1189,876
18,1199,884
18,1201,875
18,1234,881
18,1701,873
18,1703,860
18,1875,577
18,1651,520
18,1591,541
18,1636,537
18,1832,522
18,1837,517
18,1605,450
18,1331,214
18,1301,434
18,1282,447
18,1275,469
18,1265,393
18,1258,472
18,1146,368
18,1140,376
18,1123,364
18,715,295
18,791,287
18,848,325
18,865,415
18,893,423
18,929,442
18,920,342
18,954,276
18,963,282
18,973,271
18,1038,280
18,1039,240
18,1052,254
18,1049,235
18,1075,220
18,1058,408
18,946,536
18,1008,492
18,1075,491
18,1071,501
18,1068,543
18,1130,522
18,1081,389
18,1120,401
18,1136,397
18,1246,313
18,1267,469
18,1269,479
18,1048,483
18,1049,488
18,1079,559
18,1089,557
18,1091,571
18,1083,572
18,750,366
18,744,360
18,758,963
18,75,22
18,727,144
18,766,108
18,718,125
18,1020,334
18,1021,342
18,1020,339
18,136,216
18,143,210
18,156,202
18,122,185
18,114,182
18,146,178
18,110,172
18,132,181
18,1154,51
18,1151,57
18,1147,45
18,1145,55
18,1103,53
18,1109,59
19,159,153
19,160,143
19,270,223
19,182,154
19,186,164
19,200,166
19,1698,380
19,1725,429
19,1488,315
19,1390,114
19,1383,120
19,1377,115
19,864,866
19,860,872
19,864,879
19,874,874
19,873,869
19,964,871
19,965,881
19,1186,872
19,1192,877
19,1202,884
19,1203,874
19,1235,880
19,1702,872
19,1703,857
19,1875,577
19,1650,518
19,1590,543
19,1635,536
19,1827,520
19,1603,446
19,1299,432
19,1280,443
19,1273,469
19,1267,391
19,1257,473
19,1144,366
19,1137,373
19,1124,361
19,712,292
19,789,287
19,848,324
19,865,412
19,896,423
19,931,443
19,925,340
19,959,275
19,966,280
19,977,271
19,1036,283
19,1038,239
19,1050,252
19,1047,232
19,1061,405
19,944,538
19,1008,487
19,1074,487
19,1071,505
19,1068,545
19,1080,384
19,1122,398
19,1142,395
19,1246,313
19,1267,469
19,1269,478
19,1047,482
19,1049,488
19,1079,557
19,1089,555
19,1091,568
19,1083,571
19,1087,586
19,751,363
19,747,357
19,758,959
19,72,19
19,726,143
19,764,107
19,722,126
19,1016,333
19,1017,341
19,1016,339
19,139,217
19,148,212
19,160,203
19,143,202
19,122,183
19,120,182
19,147,174
19,110,172
19,135,180
19,1156,53
19,1160,52
19,1148,44
19,1150,52
19,1105,52
19,1111,58
19,1186,254
20,160,153
20,161,140
20,278,225
20,178,151
20,180,160
20,196,161
20,1693,383
20,1727,424
20,1492,316
20,1390,110
20,1384,118
20,1377,114
20,868,865
20,865,872
20,869,878
20,875,875
20,878,867
20,967,870
20,968,880
20,1188,872
20,1195,878
20,1206,883
20,1205,874
20,1236,880
20,1701,870
20,1705,854
20,1875,577
20,1647,514
20,1589,543
20,1635,536
20,1823,518
20,1601,443
20,1299,427
20,1277,438
20,1272,469
20,1269,389
20,1258,472
20,1141,362
20,1134,370
20,1122,359
20,786,287
20,844,317
20,866,410
20,899,424
20,934,444
20,930,339
20,960,271
20,968,275
20,980,270
20,1035,286
20,1033,236
20,1048,250
20,1045,229
20,1064,401
20,942,540
20,1009,483
20,1072,484
20,1070,508
20,1068,547
20,1127,528
20,1079,379
20,1124,395
20,1141,393
20,1246,313
20,1266,468
20,1269,478
20,1047,482
20,1049,488
20,1079,555
20,1089,553
20,1091,565
20,1083,569
20,1087,584
20,753,360
20,750,355
20,758,953
20,69,15
20,726,143
20,761,106
20,656,6
20,725,127
20,1011,332
20,1012,341
20,1012,338
20,144,215
20,151,211
20,164,204
20,146,202
20,123,181
20,121,182
20,149,171
20,110,173
20,136,176
20,1159,56
20,1170,48
20,1150,44
20,1156,49
20,1107,49
20,1113,56
20,1184,257
21,162,153
21,153,136
21,278,222
21,175,147
21,174,156
21,193,159
21,1690,389
21,1731,421
21,1496,317
21,1390,107
21,1382,116
21,1375,112
21,871,865
21,869,873
21,873,878
21,879,875
21,881,869
21,971,870
21,971,880
21,1189,872
21,1196,877
21,1207,882
21,1207,874
21,1236,879
21,1700,867
21,1703,850
21,1875,577
21,1638,513
21,1632,538
21,1818,515
21,1598,438
21,1298,423
21,1276,436
21,1272,467
21,1270,389
21,1259,472
21,1138,359
21,1132,367
21,1120,358
21,784,287
21,844,314
21,864,405
21,903,425
21,938,445
21,933,338
21,962,268
21,970,271
21,983,269
21,1034,290
21,1029,234
21,1047,248
21,1043,227
21,1068,398
21,940,543
21,1009,480
21,1070,481
21,1069,512
21,1068,549
21,1125,526
21,1079,374
21,1126,392
21,1140,391
21,1246,313
21,1266,468
21,1268,477
21,1046,482
21,1049,488
21,1078,553
21,1088,550
21,1091,564
21,1083,566
21,1087,581
21,755,356
21,751,352
21,758,948
21,67,12
21,726,143
21,759,105
21,658,9
21,729,128
21,1007,332
21,1008,342
21,1008,337
21,149,214
21,155,211
21,168,204
21,150,203
21,123,179
21,121,182
21,149,171
21,110,173
21,135,170
21,1162,53
21,1173,47
21,1151,43
21,1158,48
21,1109,47
21,1115,54
21,1182,261
21,128,203
22,159,150
22,151,136
22,279,221
22,176,148
22,168,153
22,191,156
22,1684,392
22,1734,418
22,1500,317
22,1391,104
22,1383,115
22,1374,108
22,875,866
22,872,873
22,876,878
22,884,875
22,884,867
22,977,870
22,976,879
22,1190,870
22,1197,876
22,1209,881
22,1208,873
22,1236,880
22,1700,864
22,1704,849
22,1875,577
22,1636,509
22,1629,539
22,1814,513
22,1596,434
22,1300,419
22,1276,433
22,1272,465
22,1272,390
22,1257,472
22,1134,356
22,1130,364
22,1116,353
22,781,286
22,844,306
22,863,401
22,908,426
22,942,446
22,936,337
22,964,264
22,973,270
22,986,268
22,1032,291
22,1025,232
22,1043,247
22,1042,225
22,1071,394
22,938,545
22,1009,477
22,1069,478
22,1069,516
22,1068,551
22,1123,524
22,1077,370
22,1128,389
22,1139,390
22,1246,313
22,1265,467
22,1267,477
22,1046,482
22,1049,488
22,1078,551
22,1088,548
22,1091,563
22,1082,563
22,1087,579
22,757,353
22,753,349
22,758,943
22,64,9
22,726,142
22,757,104
22,660,12
22,667,8
22,733,129
22,1003,332
22,1003,342
22,1004,336
22,152,214
22,158,209
22,172,205
22,153,204
22,124,179
22,121,182
22,151,167
22,110,174
22,132,162
22,1166,50
22,1176,47
22,1153,43
22,1160,47
22,1112,45
22,1118,53
22,1105,58
22,1175,262
22,126,205
23,156,147
23,146,137
23,284,222
23,168,143
23,163,150
23,186,152
23,1683,396
23,1735,413
23,1502,318
23,1390,104
23,1383,113
23,1376,105
23,880,865
23,875,871
23,880,877
23,887,874
23,889,868
23,979,869
23,980,879
23,1193,870
23,1201,874
23,1211,883
23,1209,873
23,1237,880
23,1698,863
23,1703,848
23,1875,577
23,1636,503
23,1627,539
23,1812,513
23,1594,431
23,1301,417
23,1276,430
23,1271,466
23,1273,389
23,1256,472
23,1130,353
23,1128,362
23,1112,351
23,779,286
23,842,304
23,861,398
23,913,427
23,946,448
23,940,336
23,967,260
23,977,269
23,989,267
23,1030,293
23,1022,229
23,1040,246
23,1040,223
23,1074,391
23,936,548
23,1009,475
23,1066,474
23,1067,518
23,1069,553
23,1120,521
23,1076,367
23,1130,387
23,1138,388
23,1246,313
23,1265,467
23,1266,477
23,1045,481
23,1049,488
23,1078,549
23,1087,545
23,1090,562
23,1081,561
23,1087,576
23,759,350
23,754,346
23,758,938
23,62,8
23,726,142
23,754,102
23,662,15
23,668,13
23,737,130
23,999,332
23,999,343
23,1000,336
23,156,215
23,161,207
23,176,205
23,156,205
23,125,179
23,122,182
23,154,166
23,109,174
23,126,160
23,143,166
23,1169,48
23,1181,47
23,1154,42
23,1162,46
23,1113,45
23,1118,52
23,1108,57
23,1169,263
23,122,204
23,138,159
23,132,169
23,1577,451
23,1567,445
24,151,141
24,289,224
24,168,140
24,162,150
24,182,150
24,1677,403
24,1740,412
24,1504,321
24,1390,101
24,1385,112
24,1375,107
24,880,865
24,879,872
24,882,877
24,890,874
24,891,866
24,983,870
24,983,878
24,1195,870
24,1202,874
24,1213,881
24,1209,872
24,1238,880
24,1700,864
24,1701,847
24,1875,577
24,1633,505
24,1624,540
24,1810,513
24,1592,429
24,1299,412
24,1276,427
24,1271,467
24,1274,389
24,1255,470
24,1127,351
24,1124,359
24,1109,349
24,774,286
24,841,302
24,859,395
24,915,427
24,949,448
24,940,333
24,969,257
24,978,265
24,993,266
24,1028,295
24,1020,226
24,1037,245
24,1039,221
24,1078,388
24,934,550
24,1009,472
24,1063,470
24,1066,521
24,1068,554
24,1118,519
24,1075,364
24,1131,384
24,1138,386
24,1246,313
24,1264,466
24,1265,477
24,1045,481
24,1049,488
24,1078,547
24,1087,543
24,1089,560
24,1081,559
24,1086,574
24,761,347
24,756,343
24,758,933
24,59,6
24,726,142
24,751,101
24,664,18
24,670,17
24,741,132
24,994,332
24,994,342
24,995,336
24,159,214
24,164,205
24,180,206
24,160,205
24,126,179
24,122,182
24,158,167
24,109,174
24,121,159
24,142,156
24,1173,47
24,1186,48
24,1155,41
24,1164,46
24,1114,45
24,1118,52
24,1112,57
24,1163,265
24,118,202
24,134,153
24,135,165
24,141,203
24,130,170
24,1574,455
24,1567,442
25,146,135
25,291,224
25,163,137
25,160,146
25,179,146
25,1668,405
25,1744,413
25,1510,320
25,1391,98
25,1382,109
25,1373,105
25,885,865
25,883,871
25,887,876
25,893,873
25,894,865
25,986,870
25,986,877
25,1198,870
25,1204,875
25,1213,881
25,1213,872
25,1237,881
25,1700,862
25,1701,843
25,1875,577
25,1629,503
25,1621,542
25,1590,426
25,1299,408
25,1274,423
25,1269,468
25,1274,389
25,1255,469
25,1124,349
25,1120,357
25,1104,346
25,769,287
25,837,296
25,857,392
25,917,428
25,952,449
25,940,330
25,972,255
25,980,261
25,996,265
25,1025,308
25,1018,223
25,1033,242
25,1037,219
25,1080,385
25,932,553
25,1010,469
25,1060,467
25,1065,523
25,1068,555
25,1116,517
25,1074,361
25,1132,382
25,1138,383
25,1246,313
25,1264,466
25,1264,476
25,1044,481
25,1049,488
25,1078,545
25,1086,540
25,1089,558
25,1081,557
25,1084,572
25,762,344
25,757,340
25,757,928
25,102,48
25,726,142
25,749,100
25,665,21
25,672,22
25,745,133
25,989,333
25,990,342
25,990,336
25,162,214
25,167,204
25,182,205
25,163,202
25,127,179
25,123,182
25,155,167
25,109,174
25,113,164
25,144,149
25,1176,46
25,1190,48
25,1157,40
25,1166,45
25,1115,45
25,1119,51
25,1113,56
25,1160,266
25,114,199
25,131,148
25,141,155
25,145,205
25,141,166
25,134,169
25,1571,458
25,1566,438
26,294,223
26,160,135
26,160,145
26,173,139
26,1670,410
26,1746,410
26,1513,322
26,1391,95
26,1382,106
26,1368,102
26,888,864
26,886,870
26,888,876
26,896,871
26,898,865
26,989,870
26,990,877
26,1201,869
26,1207,874
26,1215,881
26,1214,873
26,1236,881
26,1701,861
26,1700,844
26,1875,577
26,1624,498
26,1618,545
26,1588,423
26,1296,405
26,1273,419
26,1267,469
26,1275,390
26,1254,469
26,1122,348
26,1117,354
26,1100,344
26,763,288
26,833,290
26,855,388
26,920,429
26,955,450
26,941,330
26,976,254
26,983,258
26,999,265
26,1025,307
26,1014,222
26,1030,239
26,1036,217
26,1083,383
26,929,555
26,1010,467
26,1056,462
26,1064,526
26,1068,556
26,1113,514
26,1072,356
26,1133,380
26,1140,380
26,1246,313
26,1263,465
26,1263,476
26,1044,481
26,1049,488
26,1078,543
26,1086,538
26,1089,556
26,1082,554
26,1083,570
26,764,341
26,758,338
26,757,923
26,102,47
26,726,142
26,746,99
26,666,25
26,674,26
26,749,135
26,985,334
26,986,342
26,985,337
26,165,213
26,170,202
26,185,204
26,166,201
26,129,179
26,123,182
26,160,170
26,111,172
26,114,163
26,139,143
26,1180,46
26,1194,48
26,1159,40
26,1168,45
26,1117,45
26,1121,50
26,1115,55
26,1157,267
26,106,196
26,131,146
26,141,151
26,148,207
26,148,169
26,137,169
26,1569,459
26,1566,435
27,298,221
27,156,129
27,157,147
27,170,138
27,1668,415
27,1752,409
27,1517,322
27,1391,93
27,1382,102
27,1367,100
27,891,864
27,890,869
27,893,874
27,900,870
27,902,862
27,994,870
27,995,878
27,1202,869
27,1208,876
27,1217,881
27,1216,873
27,1237,880
27,1699,861
27,1701,842
27,1875,577
27,1621,494
27,1616,542
27,1586,421
27,1298,403
27,1273,416
27,1268,469
27,1275,391
27,1254,470
27,1120,344
27,1114,351
27,1097,341
27,758,289
27,832,287
27,854,382
27,923,430
27,957,451
27,943,330
27,980,253
27,987,255
27,1002,264
27,1025,309
27,1011,221
27,1027,237
27,1032,216
27,1086,381
27,927,558
27,1010,464
27,1052,457
27,1064,528
27,1068,557
27,1111,513
27,1071,352
27,1134,377
27,1142,378
27,1246,313
27,1263,465
27,1262,476
27,1043,480
27,1049,488
27,1077,541
27,1085,536
27,1089,554
27,1082,551
27,1081,567
27,765,339
27,760,335
27,756,918
27,100,45
27,726,142
27,743,98
27,667,29
27,674,31
27,754,136
27,980,336
27,981,343
27,980,336
27,169,213
27,173,201
27,188,203
27,169,200
27,130,179
27,124,182
27,163,171
27,113,169
27,115,161
27,139,140
27,128,163
27,120,163
27,1183,45
27,1198,48
27,1161,40
27,1170,45
27,1118,45
27,1123,49
27,1117,54
27,1155,269
27,105,194
27,130,141
27,143,151
27,154,205
27,157,169
27,146,169
27,125,166
27,138,168
27,1567,460
27,1559,437
28,300,221
28,160,141
28,168,133
28,1665,418
28,1755,411
28,1519,324
28,1392,89
28,1383,102
28,1371,97
28,893,864
28,894,870
28,900,877
28,904,869
28,905,863
28,998,870
28,1000,877
28,1203,870
28,1210,876
28,1219,882
28,1217,872
28,1238,880
28,1699,860
28,1702,840
28,1875,577
28,1620,495
28,1617,544
28,1584,419
28,1297,400
28,1272,412
28,1270,469
28,1276,392
28,1254,470
28,1119,341
28,1112,349
28,1095,338
28,754,288
28,832,284
28,852,378
28,928,431
28,960,452
28,945,331
28,983,248
28,990,253
28,1005,264
28,1024,313
28,1008,220
28,1025,235
28,1029,215
28,1089,378
28,925,560
28,1010,461
28,1048,453
28,1064,530
28,1068,558
28,1109,511
28,1070,348
28,1135,375
28,1145,377
28,1246,313
28,1262,464
28,1264,478
28,1043,480
28,1049,488
28,1076,539
28,1084,534
28,1089,553
28,1081,550
28,1081,565
28,767,336
28,761,333
28,756,914
28,98,43
28,726,142
28,741,97
28,669,33
28,675,36
28,759,137
28,976,338
28,977,344
28,975,335
28,176,214
28,176,201
28,194,204
28,176,202
28,131,179
28,124,182
28,166,172
28,115,166
28,117,159
28,129,162
28,122,161
28,1187,45
28,1202,48
28,1163,40
28,1172,45
28,1119,46
28,1126,49
28,1120,53
28,1150,272
28,145,144
28,160,203
28,160,169
28,151,172
28,125,166
28,138,168
28,1567,460
28,1554,435
29,303,223
29,160,145
29,163,138
29,1664,422
29,1760,409
29,1524,326
29,1391,86
29,1383,97
29,1376,98
29,900,864
29,901,871
29,902,877
29,908,868
29,908,863
29,1002,871
29,1004,878
29,1211,876
29,1222,881
29,1218,872
29,1237,880
29,1700,860
29,1703,837
29,1875,577
29,1615,492
29,1612,545
29,1583,417
29,1243,293
29,1297,394
29,1271,410
29,1269,467
29,1276,393
29,1254,471
29,1115,340
29,1110,348
29,1093,336
29,751,288
29,831,280
29,852,377
29,933,433
29,963,453
29,948,329
29,986,244
29,993,251
29,1008,264
29,1024,318
29,1005,217
29,1023,233
29,1026,215
29,1091,376
29,923,563
29,1011,459
29,1045,450
29,1064,532
29,1068,559
29,1107,509
29,1069,344
29,1136,373
29,1148,374
29,1246,313
29,1262,464
29,1266,480
29,1042,480
29,1049,488
29,1076,538
29,1083,533
29,1088,551
29,1080,549
29,1080,563
29,768,333
29,762,330
29,754,910
29,96,41
29,726,142
29,736,98
29,667,38
29,676,41
29,1259,8
29,1251,6
29,764,139
29,972,341
29,973,346
29,970,335
29,183,216
29,180,202
29,200,206
29,177,201
29,132,179
29,124,182
29,169,173
29,117,165
29,119,158
29,131,161
29,124,159
29,1190,44
29,1206,48
29,1165,40
29,1174,45
29,1120,47
29,1129,49
29,1123,53
29,1145,276
29,145,144
29,164,202
29,164,169
29,155,174
29,125,166
29,138,168
29,1557,433
30,307,225
30,155,134
30,162,131
30,1661,427
30,1764,409
30,1526,326
30,1389,83
30,1381,97
30,1370,94
30,904,865
30,903,871
30,907,876
30,912,868
30,912,864
30,1006,869
30,1008,878
30,1213,876
30,1223,882
30,1218,872
30,1235,880
30,1700,856
30,1703,837
30,1875,577
30,1612,488
30,1610,547
30,1789,493
30,1582,415
30,1241,297
30,1298,393
30,1270,408
30,1268,466
30,1277,394
30,1254,471
30,1112,339
30,1106,344
30,1091,335
30,747,289
30,831,277
30,853,376
30,936,434
30,966,454
30,951,328
30,988,244
30,995,251
30,1010,265
30,1023,322
30,1002,215
30,1021,231
30,1022,214
30,1094,374
30,921,565
30,1015,456
30,1043,448
30,1064,534
30,1068,560
30,1101,507
30,1067,341
30,1135,370
30,1151,372
30,1246,313
30,1262,462
30,1268,482
30,1042,480
30,1049,488
30,1075,536
30,1082,531
30,1087,550
30,1079,548
30,1080,562
30,770,331
30,764,328
30,753,906
30,94,39
30,726,142
30,732,99
30,666,44
30,677,46
30,657,8
30,1260,12
30,1255,9
30,1249,7
30,767,139
30,968,342
30,968,348
30,966,337
30,187,217
30,183,201
30,202,205
30,183,201
30,128,179
30,123,182
30,173,174
30,120,165
30,121,156
30,133,161
30,126,157
30,312,227
30,1194,44
30,1211,48
30,1168,40
30,1176,45
30,1122,45
30,1129,50
30,1124,53
30,1143,272
30,100,179
30,145,144
30,168,201
30,167,172
30,159,176
30,125,166
30,139,168
30,1553,431
