1,1270,862
1,1034,867
1,912,783
1,722,843
1,695,747
1,730,712
1,917,767
1,224,460
1,874,733
1,1354,788
1,1269,705
1,1057,712
1,805,712
1,741,787
1,728,795
1,1348,1030
1,1342,1042
1,1369,871
1,1374,888
1,1266,818
1,1142,1008
1,1112,849
1,1555,954
1,1517,907
1,1516,889
1,1066,900
1,1100,811
1,1095,830
1,1507,1012
1,743,250
1,1442,859
1,818,741
1,806,752
1,769,904
1,757,908
1,1472,880
1,1438,875
2,1282,866
2,1051,876
2,924,789
2,729,862
2,705,762
2,742,723
2,929,773
2,218,458
2,889,735
2,1340,786
2,1278,714
2,1043,712
2,820,717
2,744,802
2,730,809
2,1361,1031
2,1354,1044
2,1383,874
2,1386,889
2,1284,823
2,1154,1013
2,1122,849
2,1562,967
2,1527,917
2,1528,899
2,1083,904
2,1111,813
2,1107,831
2,1507,1012
2,751,252
2,1457,860
2,829,743
2,818,755
2,780,911
2,766,915
2,1485,884
2,1451,879
3,1296,870
3,1068,882
3,936,793
3,735,878
3,711,776
3,753,733
3,942,778
3,213,456
3,904,738
3,1326,784
3,1288,723
3,1029,712
3,835,722
3,747,818
3,732,824
3,1374,1033
3,1366,1046
3,1398,877
3,1399,891
3,1302,828
3,1167,1018
3,1132,849
3,1537,928
3,1541,909
3,1100,909
3,1122,815
3,1119,833
3,1507,1012
3,759,254
3,1472,862
3,840,746
3,831,759
3,791,918
3,776,922
3,1498,889
3,1465,883
4,1311,872
4,1083,886
4,946,796
4,741,892
4,715,790
4,763,742
4,957,783
4,207,454
4,919,740
4,1312,782
4,1298,732
4,1016,712
4,850,728
4,750,834
4,734,839
4,1387,1035
4,1378,1048
4,1412,880
4,1412,892
4,1321,833
4,1180,1018
4,1142,849
4,1547,936
4,1550,918
4,1118,914
4,1133,817
4,1131,834
4,1507,1012
4,767,256
4,1482,867
4,852,749
4,844,762
4,803,925
4,786,930
4,1512,894
4,1479,887
5,1324,876
5,1098,890
5,967,801
5,746,906
5,717,801
5,772,750
5,970,785
5,202,452
5,935,743
5,1296,778
5,1305,739
5,1001,711
5,865,730
5,753,847
5,736,852
5,1400,1037
5,1391,1051
5,1427,883
5,1425,894
5,1337,838
5,1193,1019
5,1153,849
5,1557,944
5,1560,927
5,1132,915
5,1144,819
5,1144,836
5,1507,1012
5,775,258
5,1492,873
5,863,752
5,857,766
5,815,926
5,799,933
5,1523,903
5,1487,891
5,1577,827
5,1578,862
6,1336,877
6,1114,894
6,979,802
6,754,916
6,719,810
6,782,758
6,982,785
6,197,450
6,950,745
6,1280,774
6,1312,746
6,986,710
6,880,733
6,757,860
6,738,865
6,1412,1039
6,1403,1053
6,1439,883
6,1435,893
6,1353,843
6,1206,1020
6,1163,849
6,1568,953
6,1570,936
6,1146,917
6,1155,819
6,1155,835
6,1507,1012
6,783,260
6,1503,879
6,874,755
6,870,769
6,827,928
6,812,936
6,1535,912
6,1495,896
6,1569,822
6,1567,856
6,1584,837
7,1347,877
7,1130,898
7,992,805
7,722,822
7,792,765
7,994,787
7,191,448
7,965,747
7,1264,771
7,1320,753
7,972,710
7,895,736
7,760,873
7,740,878
7,1424,1042
7,1416,1055
7,1451,883
7,1446,893
7,1369,849
7,1219,1021
7,1173,849
7,1160,919
7,1167,819
7,1166,834
7,1507,1012
7,792,263
7,1513,884
7,886,758
7,883,773
7,840,930
7,825,939
7,1547,922
7,1504,901
7,1562,817
7,1557,851
7,1576,837
8,1359,877
8,1148,900
8,1003,810
8,728,837
8,804,772
8,1007,790
8,186,446
8,981,750
8,1248,769
8,1327,761
8,957,709
8,910,739
8,764,887
8,743,892
8,1436,1044
8,1429,1057
8,1463,883
8,1457,892
8,1385,854
8,1232,1022
8,1184,849
8,1174,921
8,1178,819
8,1178,833
8,1507,1012
8,799,265
8,1523,890
8,896,760
8,894,774
8,851,931
8,838,942
8,1556,930
8,1515,908
8,1554,810
8,1548,844
8,1565,828
9,1372,877
9,1164,901
9,1017,813
9,731,849
9,815,781
9,1021,794
9,181,445
9,997,752
9,1232,768
9,1335,770
9,943,709
9,923,743
9,770,897
9,749,902
9,1448,1047
9,1442,1059
9,1475,883
9,1468,892
9,1402,860
9,1246,1023
9,1194,849
9,1188,923
9,1190,819
9,1189,832
9,1507,1012
9,807,268
9,907,762
9,905,775
9,862,932
9,852,945
9,1526,916
9,1546,804
9,1539,838
9,1554,820
10,1386,877
10,1180,903
10,1031,815
10,733,860
10,825,787
10,1034,797
10,178,444
10,1014,755
10,1217,767
10,1343,779
10,927,708
10,937,748
10,776,907
10,756,913
10,1460,1050
10,1453,1062
10,1487,883
10,1479,892
10,1419,864
10,1260,1024
10,1204,849
10,1202,923
10,1202,819
10,1201,832
10,1507,1012
10,815,271
10,918,764
10,916,777
10,873,934
10,866,948
10,1532,923
10,1538,798
10,1530,832
10,1562,843
10,1561,876
10,1543,815
11,1399,874
11,1195,904
11,1045,817
11,738,872
11,838,790
11,1044,801
11,176,444
11,1031,758
11,1203,763
11,1351,787
11,911,707
11,951,752
11,783,918
11,763,924
11,1472,1053
11,1465,1065
11,1497,887
11,1488,896
11,1436,869
11,1274,1026
11,1272,1043
11,1215,849
11,1216,924
11,1212,818
11,1211,831
11,1507,1012
11,823,274
11,929,766
11,927,778
11,885,937
11,879,950
11,1538,930
11,1530,792
11,1521,826
11,1552,836
11,1562,832
11,1547,870
11,1532,810
12,1411,876
12,1210,905
12,1056,820
12,743,883
12,847,795
12,1058,799
12,174,444
12,1046,760
12,1189,759
12,1359,795
12,896,706
12,965,757
12,793,921
12,779,929
12,1485,1056
12,1476,1068
12,1507,892
12,1498,901
12,1453,873
12,1285,1025
12,1285,1042
12,1225,849
12,1230,924
12,1223,817
12,1221,831
12,1507,1012
12,831,277
12,940,768
12,938,780
12,898,940
12,892,953
12,1542,941
12,1520,783
12,1511,820
12,1541,830
12,1552,825
12,1534,864
12,1521,802
13,1424,877
13,1225,906
13,1068,823
13,749,895
13,858,800
13,1072,800
13,172,444
13,1061,763
13,1176,755
13,1368,803
13,880,705
13,979,762
13,804,925
13,795,934
13,1497,1059
13,1488,1071
13,1517,897
13,1508,906
13,1470,878
13,1297,1024
13,1299,1041
13,1235,849
13,1244,925
13,1234,817
13,1232,831
13,1507,1012
13,839,280
13,951,770
13,949,781
13,911,944
13,905,956
13,1547,952
13,1510,775
13,1502,815
13,1531,824
13,849,941
13,1542,818
13,1522,858
13,1510,795
14,1437,876
14,1240,908
14,1080,823
14,753,905
14,872,806
14,1084,810
14,170,444
14,1076,766
14,1159,753
14,1375,810
14,864,704
14,992,766
14,814,928
14,808,937
14,1510,1062
14,1500,1074
14,1528,902
14,1518,911
14,1483,885
14,1309,1024
14,1313,1040
14,1245,849
14,1258,926
14,1245,816
14,1242,831
14,1507,1012
14,846,281
14,962,773
14,960,783
14,924,947
14,918,959
14,1552,963
14,1500,767
14,1493,810
14,1566,810
14,1531,800
14,1504,854
14,1520,817
14,864,945
14,1531,810
14,1509,852
14,1500,788
15,1450,875
15,1255,909
15,1090,813
15,764,911
15,884,809
15,1092,823
15,168,444
15,1092,769
15,1142,751
15,1383,817
15,849,703
15,1006,770
15,825,931
15,1521,1065
15,1511,1075
15,1536,912
15,1526,918
15,1496,892
15,1323,1024
15,1325,1040
15,1255,850
15,1271,924
15,1256,816
15,1253,831
15,1507,1012
15,853,282
15,973,773
15,970,783
15,937,950
15,931,962
15,1559,973
15,1495,760
15,1483,801
15,1558,804
15,1523,793
15,1490,853
15,1510,811
15,1546,817
15,1558,842
15,879,948
15,1521,803
15,1494,845
15,1491,782
16,1464,875
16,1270,909
16,1106,813
16,775,915
16,894,816
16,1104,827
16,166,444
16,1107,772
16,1126,749
16,1393,824
16,833,700
16,1020,774
16,838,936
16,1533,1068
16,1522,1076
16,1544,922
16,1534,925
16,1509,899
16,1338,1025
16,1337,1041
16,1265,850
16,1284,922
16,1267,816
16,1263,832
16,1507,1012
16,860,284
16,985,773
16,981,783
16,950,954
16,944,965
16,1491,754
16,1473,792
16,1551,908
16,1546,884
16,1551,872
16,1556,860
16,1551,797
16,1516,787
16,1474,843
16,1499,804
16,1536,811
16,1545,836
16,1563,900
16,895,951
16,1511,796
16,1480,837
16,1483,773
17,1478,879
17,1284,907
17,1124,813
17,786,919
17,903,824
17,1116,829
17,165,443
17,1122,775
17,1110,747
17,1404,831
17,818,698
17,1034,779
17,641,679
17,657,672
17,851,941
17,1544,1071
17,1533,1077
17,1551,931
17,1542,935
17,1522,907
17,1353,1026
17,1349,1041
17,1275,850
17,1298,920
17,1278,817
17,1274,833
17,1507,1012
17,867,285
17,997,774
17,992,784
17,962,957
17,957,968
17,1482,745
17,1463,783
17,1540,899
17,1542,881
17,1545,865
17,1557,851
17,1543,790
17,1509,780
17,1460,835
17,1489,797
17,1526,804
17,1531,829
17,1553,895
17,910,955
17,1501,789
17,1466,829
17,1476,764
18,1491,885
18,1299,906
18,1139,815
18,798,923
18,914,830
18,1130,831
18,164,443
18,1137,778
18,1095,745
18,1415,838
18,802,695
18,1047,784
18,650,684
18,666,676
18,865,946
18,1558,941
18,1550,945
18,1538,914
18,1368,1027
18,1361,1042
18,1284,853
18,1311,918
18,1289,817
18,1285,834
18,1507,1012
18,1009,774
18,1003,784
18,975,960
18,970,971
18,1473,737
18,1453,774
18,1528,891
18,1537,877
18,1540,858
18,1552,838
18,1531,780
18,1501,770
18,1447,829
18,1480,789
18,1519,795
18,1521,821
18,1544,890
18,924,958
18,1491,780
18,1452,822
18,1468,757
19,1504,889
19,1315,903
19,1154,818
19,810,926
19,925,837
19,1145,832
19,163,443
19,1153,781
19,1078,741
19,1424,844
19,787,693
19,1061,789
19,659,690
19,674,681
19,879,950
19,1554,922
19,1380,1028
19,1373,1043
19,1294,858
19,1325,917
19,1300,818
19,1296,835
19,1507,1012
19,1021,774
19,1014,784
19,988,963
19,983,974
19,1465,729
19,1444,765
19,1577,805
19,1574,818
19,1572,834
19,1560,846
19,1515,881
19,1527,867
19,1534,846
19,1540,830
19,1519,770
19,1493,761
19,1433,823
19,1471,781
19,1510,790
19,1506,812
19,1535,885
19,939,961
19,1481,771
19,1437,815
19,1460,751
20,1517,898
20,1330,899
20,1168,821
20,823,929
20,936,844
20,1159,833
20,162,443
20,1170,785
20,1062,738
20,1433,851
20,1075,794
20,668,695
20,682,685
20,894,954
20,1571,930
20,1392,1029
20,1386,1045
20,1303,862
20,1339,915
20,1310,820
20,1306,837
20,1507,1012
20,1033,775
20,1025,785
20,1001,966
20,996,977
20,1459,721
20,1434,757
20,1571,796
20,1567,812
20,1564,826
20,1552,836
20,1501,872
20,1517,857
20,1527,833
20,1530,822
20,1507,760
20,1485,752
20,1420,818
20,1462,772
20,1502,782
20,1489,802
20,1526,880
20,953,964
20,1472,763
20,1421,809
20,1454,741
21,1531,908
21,1345,897
21,1181,823
21,836,933
21,948,851
21,1173,834
21,161,443
21,1187,789
21,1047,736
21,1444,857
21,1088,798
21,677,700
21,691,690
21,907,956
21,1405,1030
21,1399,1046
21,1313,866
21,1353,913
21,1320,822
21,1317,839
21,1507,1012
21,1044,778
21,1035,787
21,1014,968
21,1009,979
21,1453,713
21,1424,750
21,1565,787
21,1560,806
21,1557,819
21,1545,827
21,1482,866
21,1508,847
21,1521,820
21,1523,815
21,1499,751
21,1477,743
21,1407,812
21,1453,762
21,1494,774
21,1474,792
21,1514,870
21,967,967
21,1462,754
21,1407,803
21,1448,732
22,1544,918
22,1360,893
22,1191,823
22,849,937
22,961,854
22,1186,836
22,160,442
22,1204,793
22,1032,734
22,1455,864
22,1101,803
22,687,706
22,699,694
22,920,959
22,1556,989
22,1417,1031
22,1412,1048
22,1323,866
22,1367,911
22,1330,824
22,1328,841
22,1507,1012
22,1056,781
22,1046,790
22,1027,970
22,1023,981
22,1448,706
22,1415,743
22,1555,779
22,1550,798
22,1547,811
22,1535,819
22,1471,856
22,1501,837
22,1513,809
22,1515,803
22,1492,744
22,1464,732
22,1395,807
22,1443,754
22,1485,768
22,1466,784
22,1502,861
22,981,970
22,1243,1031
22,1455,746
22,1394,798
22,1438,725
23,1556,930
23,1373,890
23,1201,823
23,862,941
23,974,857
23,1198,837
23,159,442
23,1222,797
23,1017,732
23,1466,871
23,1114,807
23,697,712
23,707,699
23,935,961
23,1549,977
23,1429,1032
23,1425,1049
23,1333,866
23,1381,909
23,1341,827
23,1339,844
23,1507,1012
23,1068,784
23,1056,792
23,1040,973
23,1036,983
23,1439,697
23,1405,734
23,1546,772
23,1541,790
23,1538,802
23,1526,811
23,1457,848
23,1494,827
23,1501,809
23,1506,793
23,1485,737
23,1454,724
23,1382,801
23,1434,746
23,1472,758
23,1457,777
23,1485,852
23,995,974
23,1262,1034
23,1447,739
23,1382,793
23,1429,719
24,1385,887
24,1211,823
24,876,945
24,987,861
24,1211,839
24,158,442
24,1237,801
24,1003,730
24,1476,875
24,1126,812
24,707,717
24,717,706
24,950,963
24,1542,966
24,1442,1034
24,1438,1051
24,1344,866
24,1394,904
24,1352,830
24,1349,845
24,1507,1012
24,1080,787
24,1067,795
24,1053,975
24,1050,985
24,1431,688
24,1396,725
24,1536,764
24,1532,782
24,1529,794
24,1517,803
24,1444,840
24,1487,817
24,1490,804
24,1498,790
24,1477,730
24,1445,717
24,1368,797
24,1425,737
24,1464,748
24,1447,767
24,1469,843
24,1009,976
24,1281,1037
24,1440,731
24,1366,788
24,1418,709
25,1399,886
25,1222,826
25,888,949
25,1000,864
25,1226,842
25,157,442
25,1253,806
25,989,729
25,1487,879
25,1139,817
25,716,723
25,726,713
25,965,968
25,1535,954
25,1453,1039
25,1449,1054
25,1354,866
25,1407,900
25,1364,834
25,1359,847
25,1507,1012
25,1092,791
25,1078,798
25,1067,978
25,1064,988
25,1423,677
25,1390,714
25,1527,757
25,1523,774
25,1519,786
25,1507,795
25,1431,834
25,1480,807
25,1481,795
25,1487,787
25,1469,723
25,1436,711
25,1354,794
25,1416,727
25,1456,739
25,1435,756
25,1453,834
25,1021,978
25,1301,1040
25,1433,723
25,1350,783
25,1407,699
26,1412,883
26,1237,833
26,901,954
26,1013,868
26,1243,844
26,157,442
26,1269,810
26,975,728
26,1498,883
26,1152,822
26,725,729
26,734,717
26,981,973
26,1528,941
26,1465,1044
26,1461,1057
26,1365,867
26,1420,895
26,1375,838
26,1369,849
26,1507,1012
26,1102,793
26,1088,801
26,1079,981
26,1075,991
26,1385,703
26,1517,749
26,1514,767
26,1510,778
26,1498,788
26,1421,824
26,1470,804
26,1471,788
26,1476,779
26,1461,716
26,1431,704
26,1340,791
26,1408,718
26,1448,730
26,1425,748
26,1437,825
26,1034,980
26,1318,1042
26,1425,716
26,1336,780
26,1400,687
27,1427,877
27,1248,831
27,914,956
27,1026,871
27,1252,847
27,155,441
27,1285,815
27,960,724
27,1508,887
27,1165,827
27,734,735
27,741,721
27,991,973
27,1522,928
27,1476,1049
27,1472,1060
27,1377,867
27,1434,891
27,1387,842
27,1379,851
27,1507,1012
27,1112,795
27,1099,804
27,1091,984
27,1087,994
27,1378,693
27,1508,742
27,1505,759
27,1501,770
27,1489,780
27,1407,817
27,1460,800
27,1461,782
27,1469,775
27,1451,709
27,1424,697
27,1325,787
27,1400,710
27,1440,721
27,1415,740
27,1421,812
27,1046,981
27,1334,1045
27,1417,708
27,1322,777
27,1394,676
28,1440,872
28,1261,833
28,928,958
28,1040,875
28,1260,846
28,154,440
28,1301,820
28,945,720
28,1518,891
28,1179,832
28,743,741
28,749,726
28,1002,973
28,1515,915
28,1488,1054
28,1484,1064
28,1389,867
28,1445,888
28,1397,842
28,1389,852
28,1507,1012
28,1122,797
28,1110,807
28,1104,987
28,1099,997
28,1371,683
28,1498,735
28,1495,751
28,1493,763
28,1480,772
28,1389,810
28,1450,794
28,1450,777
28,1451,761
28,1444,699
28,1416,687
28,1309,784
28,1392,701
28,1433,714
28,1401,726
28,1406,799
28,1059,983
28,1351,1047
28,1409,700
28,1308,774
29,1449,868
29,1273,834
29,941,960
29,1051,878
29,1271,847
29,153,440
29,1315,822
29,930,716
29,1528,895
29,1192,837
29,751,747
29,756,731
29,1016,974
29,1509,901
29,1499,1054
29,1495,1067
29,1401,865
29,1456,885
29,1407,843
29,1400,853
29,1507,1012
29,1132,799
29,1121,810
29,1116,990
29,1111,1000
29,1363,674
29,1489,727
29,1485,744
29,1485,757
29,1471,765
29,1371,803
29,1441,782
29,1440,771
29,1445,756
29,1439,687
29,1407,676
29,1293,780
29,1384,693
29,1425,706
29,1394,721
29,1570,899
29,1389,789
29,1071,985
29,1368,1049
29,1401,691
29,1293,769
30,1460,865
30,1256,833
30,954,962
30,1063,881
30,1256,845
30,152,439
30,1330,825
30,913,714
30,1538,902
30,1206,842
30,760,751
30,765,737
30,1030,975
30,1505,887
30,1510,1055
30,1506,1071
30,1410,868
30,1467,882
30,1417,843
30,1410,854
30,1507,1012
30,1143,802
30,1132,813
30,1129,993
30,1123,1004
30,1480,720
30,1475,736
30,1477,750
30,1462,757
30,1358,795
30,1431,780
30,1432,764
30,1431,752
30,1426,680
30,1401,665
30,1278,777
30,1377,684
30,1420,701
30,1380,709
30,1559,892
30,1372,783
30,1084,987
30,1384,1051
30,1395,677
30,1278,764
