1,157,428
1,271,378
1,284,377
1,283,383
1,405,84
1,399,81
1,442,151
1,433,149
1,508,241
1,525,258
1,491,322
1,492,316
1,508,318
1,503,325
1,491,331
1,501,328
1,672,430
1,714,528
1,708,529
1,640,417
1,637,424
1,654,424
1,648,424
1,643,427
1,646,437
1,653,453
1,651,458
1,675,459
1,672,464
1,669,467
1,780,637
1,776,641
1,782,651
1,753,645
1,747,649
1,732,599
1,739,604
1,743,598
1,749,602
1,736,591
1,742,589
1,776,796
1,781,794
1,728,567
1,782,739
1,767,737
1,773,737
1,771,717
1,776,715
1,795,732
1,789,729
1,795,721
1,788,720
1,769,708
1,975,935
1,953,933
1,954,938
1,954,943
1,931,925
1,928,928
1,861,890
1,863,884
1,1021,916
1,1014,910
1,1019,935
1,1040,950
1,1049,940
1,1044,938
1,1082,938
1,1070,930
1,1070,935
1,1067,937
1,1084,943
1,1049,924
1,1051,917
1,1074,909
1,1143,939
1,1143,934
1,1153,922
1,1114,916
1,1125,919
1,1119,915
1,1133,916
1,1119,907
1,1129,903
1,1284,920
1,1282,914
1,1248,917
1,1243,911
1,1246,906
1,1232,909
1,1234,915
1,1249,943
1,1249,933
1,1236,942
1,1235,936
1,1303,939
1,1331,937
1,1332,932
1,1303,944
1,1355,920
1,1360,928
1,1362,910
1,1363,915
1,1367,919
1,1386,938
1,1389,929
1,1447,938
1,1450,931
1,1435,921
1,1439,919
1,1249,937
1,1869,934
1,1867,939
1,1836,937
1,1839,943
1,1814,931
1,1816,939
1,1804,938
1,1801,932
1,1797,943
1,1791,937
1,1786,941
1,1779,935
1,1769,926
1,1761,941
1,1763,934
1,1759,931
1,1751,937
1,1749,932
1,1886,923
1,1764,923
1,1737,937
1,1729,924
1,1730,931
1,1729,936
1,1725,927
1,1724,933
1,1718,936
1,1686,914
1,1522,955
1,1513,949
1,1503,943
1,1503,939
1,1487,924
1,1486,933
1,1469,925
1,1466,929
1,1696,934
1,1687,934
1,1677,936
1,1669,929
1,1654,932
1,1601,916
1,1597,908
1,1522,949
1,1620,925
1,1612,922
1,1612,932
1,576,331
1,579,328
1,535,278
1,543,273
1,537,330
1,534,338
1,548,342
1,551,338
1,1032,943
1,1194,895
1,1116,923
1,1020,943
1,1041,927
1,1034,937
1,1032,933
2,145,433
2,277,383
2,289,377
2,291,383
2,405,87
2,399,84
2,443,153
2,434,151
2,506,242
2,525,259
2,493,323
2,494,316
2,510,319
2,505,325
2,493,331
2,502,328
2,670,427
2,715,531
2,709,532
2,642,420
2,638,426
2,654,427
2,648,428
2,643,430
2,646,440
2,654,455
2,652,460
2,676,462
2,673,467
2,669,469
2,779,634
2,775,638
2,780,648
2,753,649
2,747,652
2,732,602
2,739,608
2,743,602
2,749,605
2,736,594
2,742,592
2,776,799
2,781,797
2,729,570
2,782,743
2,767,740
2,773,740
2,771,721
2,776,719
2,795,735
2,789,732
2,794,724
2,788,723
2,769,712
2,978,936
2,955,933
2,956,938
2,956,943
2,933,925
2,931,928
2,862,891
2,864,886
2,1023,915
2,1015,910
2,1021,935
2,1041,949
2,1050,941
2,1045,938
2,1084,939
2,1071,930
2,1071,935
2,1069,938
2,1086,944
2,1045,924
2,1047,917
2,1076,910
2,1144,939
2,1144,934
2,1154,922
2,1113,918
2,1124,925
2,1121,917
2,1133,919
2,1118,908
2,1128,904
2,1286,921
2,1284,914
2,1251,918
2,1246,913
2,1249,908
2,1234,910
2,1237,916
2,1252,944
2,1251,934
2,1238,942
2,1237,937
2,1305,939
2,1333,938
2,1334,933
2,1304,943
2,1358,922
2,1362,929
2,1364,911
2,1365,916
2,1369,921
2,1386,938
2,1391,929
2,1449,939
2,1452,932
2,1437,922
2,1440,920
2,1252,938
2,1871,934
2,1869,940
2,1838,938
2,1841,944
2,1816,933
2,1819,941
2,1805,938
2,1801,934
2,1798,944
2,1792,938
2,1788,943
2,1781,937
2,1772,928
2,1762,941
2,1765,935
2,1760,932
2,1754,941
2,1750,933
2,1882,925
2,1767,926
2,1738,938
2,1733,925
2,1731,932
2,1731,938
2,1728,927
2,1726,934
2,1719,937
2,1682,918
2,1524,955
2,1516,950
2,1505,945
2,1505,941
2,1489,925
2,1486,933
2,1471,925
2,1469,930
2,1698,935
2,1690,935
2,1680,937
2,1671,931
2,1657,933
2,1604,919
2,1600,912
2,1523,950
2,1621,925
2,1614,922
2,1613,932
2,577,333
2,580,329
2,536,281
2,543,275
2,539,331
2,536,339
2,550,344
2,553,340
2,1034,944
2,1189,896
2,1112,922
2,1022,944
2,1044,929
2,1035,939
2,1035,933
3,133,438
3,281,382
3,292,377
3,296,384
3,406,90
3,400,88
3,445,155
3,435,153
3,505,243
3,525,261
3,495,324
3,496,317
3,512,320
3,507,326
3,495,331
3,504,329
3,668,425
3,716,534
3,710,535
3,644,423
3,639,429
3,654,430
3,649,432
3,644,434
3,647,444
3,656,458
3,653,463
3,678,465
3,674,470
3,670,472
3,779,632
3,774,636
3,779,646
3,754,653
3,747,655
3,733,606
3,740,612
3,744,606
3,750,609
3,736,598
3,743,596
3,776,803
3,781,801
3,731,574
3,783,747
3,768,743
3,773,743
3,771,725
3,777,724
3,795,738
3,789,735
3,794,727
3,788,726
3,770,717
3,981,938
3,957,934
3,958,939
3,959,944
3,936,925
3,934,929
3,863,893
3,866,888
3,1025,914
3,1016,911
3,1023,936
3,1042,949
3,1052,943
3,1047,938
3,1086,940
3,1073,931
3,1073,935
3,1071,939
3,1088,945
3,1041,925
3,1044,918
3,1079,911
3,1145,939
3,1146,934
3,1156,922
3,1113,920
3,1119,927
3,1121,918
3,1129,921
3,1117,909
3,1128,905
3,1288,922
3,1286,915
3,1254,920
3,1249,915
3,1252,910
3,1236,911
3,1240,917
3,1255,946
3,1253,935
3,1241,943
3,1240,938
3,1307,939
3,1335,939
3,1336,934
3,1306,943
3,1361,924
3,1365,930
3,1367,913
3,1367,918
3,1371,923
3,1387,939
3,1394,930
3,1452,941
3,1454,934
3,1439,924
3,1442,921
3,1255,940
3,1873,935
3,1871,941
3,1841,940
3,1843,946
3,1819,936
3,1822,943
3,1806,939
3,1802,936
3,1799,946
3,1793,940
3,1790,945
3,1783,939
3,1775,931
3,1763,942
3,1768,936
3,1761,934
3,1756,944
3,1752,935
3,1878,928
3,1771,930
3,1740,939
3,1737,926
3,1733,933
3,1733,941
3,1731,928
3,1728,936
3,1721,938
3,1679,921
3,1527,956
3,1519,951
3,1508,948
3,1508,943
3,1491,927
3,1487,933
3,1473,926
3,1472,931
3,1701,937
3,1693,936
3,1683,939
3,1674,933
3,1660,935
3,1607,922
3,1603,915
3,1527,952
3,1623,926
3,1616,923
3,1615,933
3,578,335
3,581,331
3,537,284
3,544,278
3,542,333
3,539,340
3,552,346
3,556,343
3,1037,945
3,1185,897
3,1108,922
3,1024,945
3,1048,931
3,1037,941
3,1038,934
4,121,443
4,281,383
4,295,376
4,299,384
4,407,94
4,401,92
4,446,157
4,437,155
4,504,244
4,525,263
4,497,325
4,498,318
4,515,322
4,510,327
4,497,332
4,506,330
4,666,423
4,717,537
4,712,538
4,646,427
4,640,432
4,655,434
4,650,436
4,645,438
4,648,447
4,658,461
4,655,466
4,680,469
4,675,474
4,671,475
4,778,630
4,773,633
4,778,644
4,754,658
4,747,659
4,733,610
4,740,616
4,745,610
4,750,613
4,736,602
4,744,599
4,776,806
4,781,805
4,733,578
4,783,751
4,768,746
4,774,747
4,771,729
4,777,728
4,795,741
4,789,738
4,793,731
4,788,729
4,771,721
4,985,940
4,959,935
4,960,940
4,961,945
4,939,925
4,937,929
4,864,895
4,867,891
4,1027,914
4,1017,912
4,1025,937
4,1044,948
4,1054,945
4,1050,936
4,1089,941
4,1075,932
4,1075,936
4,1074,940
4,1091,946
4,1037,925
4,1041,918
4,1082,912
4,1147,940
4,1148,935
4,1158,922
4,1112,921
4,1117,929
4,1120,919
4,1126,921
4,1115,910
4,1126,906
4,1290,923
4,1288,916
4,1258,921
4,1253,917
4,1255,912
4,1238,913
4,1244,919
4,1258,948
4,1255,936
4,1244,944
4,1243,940
4,1309,940
4,1337,941
4,1339,936
4,1307,943
4,1364,926
4,1368,932
4,1369,915
4,1370,919
4,1373,925
4,1390,941
4,1397,931
4,1455,943
4,1456,936
4,1441,925
4,1444,923
4,1258,942
4,1875,936
4,1873,942
4,1843,942
4,1845,947
4,1821,939
4,1825,946
4,1807,939
4,1803,939
4,1801,948
4,1795,941
4,1792,947
4,1786,941
4,1778,933
4,1764,943
4,1771,937
4,1763,935
4,1757,945
4,1753,936
4,1874,931
4,1776,932
4,1742,941
4,1741,928
4,1735,935
4,1735,944
4,1734,928
4,1730,938
4,1722,940
4,1676,921
4,1529,956
4,1522,952
4,1510,951
4,1511,945
4,1493,928
4,1488,933
4,1475,926
4,1475,932
4,1703,939
4,1696,937
4,1686,940
4,1677,936
4,1664,936
4,1608,924
4,1605,917
4,1529,954
4,1625,927
4,1618,923
4,1616,933
4,579,337
4,583,333
4,539,288
4,545,281
4,544,334
4,541,341
4,555,348
4,558,346
4,1040,947
4,1180,898
4,1104,922
4,1026,946
4,1051,933
4,1039,943
4,1041,935
5,107,449
5,285,381
5,296,377
5,302,384
5,407,97
5,402,96
5,448,159
5,438,157
5,502,245
5,525,265
5,499,326
5,500,318
5,517,323
5,512,327
5,499,332
5,508,330
5,665,420
5,719,541
5,713,542
5,648,430
5,641,435
5,655,437
5,651,440
5,645,442
5,649,451
5,660,463
5,656,468
5,682,472
5,676,477
5,671,478
5,778,628
5,772,631
5,777,642
5,755,662
5,747,662
5,734,614
5,741,620
5,746,614
5,751,617
5,737,605
5,745,603
5,776,810
5,782,809
5,735,581
5,784,755
5,769,750
5,774,750
5,771,734
5,778,733
5,796,744
5,789,741
5,793,734
5,788,733
5,772,726
5,988,942
5,961,935
5,962,941
5,964,945
5,942,925
5,940,930
5,865,897
5,869,893
5,1029,913
5,1018,913
5,1027,937
5,1045,948
5,1056,946
5,1051,936
5,1091,942
5,1077,932
5,1076,936
5,1076,941
5,1093,947
5,1035,925
5,1037,919
5,1085,913
5,1148,940
5,1149,935
5,1160,922
5,1111,921
5,1113,929
5,1119,919
5,1122,923
5,1111,910
5,1123,907
5,1292,924
5,1290,917
5,1261,923
5,1256,920
5,1258,914
5,1241,914
5,1247,920
5,1261,950
5,1258,937
5,1247,945
5,1246,941
5,1311,940
5,1339,942
5,1341,937
5,1309,943
5,1367,928
5,1371,933
5,1372,917
5,1372,921
5,1375,927
5,1392,943
5,1399,932
5,1457,945
5,1458,938
5,1443,927
5,1446,924
5,1262,944
5,1878,937
5,1876,943
5,1846,944
5,1847,949
5,1824,942
5,1828,948
5,1809,940
5,1803,941
5,1802,950
5,1796,943
5,1794,949
5,1788,943
5,1782,936
5,1766,944
5,1774,938
5,1764,937
5,1763,947
5,1758,939
5,1870,933
5,1778,934
5,1743,942
5,1745,929
5,1737,936
5,1738,946
5,1737,929
5,1733,939
5,1724,941
5,1673,922
5,1532,957
5,1525,953
5,1513,954
5,1514,948
5,1495,930
5,1489,933
5,1478,927
5,1478,933
5,1706,941
5,1699,938
5,1689,942
5,1680,938
5,1667,938
5,1608,925
5,1607,919
5,1534,954
5,1627,928
5,1620,924
5,1618,934
5,581,339
5,584,335
5,540,291
5,546,284
5,547,336
5,544,343
5,557,350
5,561,349
5,1041,947
5,1176,899
5,1100,922
5,1028,947
5,1054,933
5,1041,943
5,1042,935
6,93,450
6,289,380
6,299,377
6,305,384
6,408,100
6,403,100
6,449,162
6,439,159
6,501,246
6,525,266
6,501,327
6,503,319
6,519,325
6,514,328
6,502,333
6,510,331
6,663,418
6,720,544
6,715,545
6,651,433
6,643,437
6,656,440
6,652,443
6,646,445
6,650,453
6,662,466
6,657,471
6,683,475
6,677,480
6,673,481
6,777,626
6,772,628
6,776,640
6,756,666
6,747,666
6,734,618
6,741,624
6,746,618
6,752,621
6,738,608
6,746,606
6,776,813
6,782,812
6,737,585
6,785,759
6,769,753
6,775,754
6,772,738
6,779,738
6,796,748
6,789,744
6,793,737
6,788,736
6,772,731
6,991,944
6,963,936
6,964,942
6,966,946
6,945,925
6,943,930
6,866,899
6,870,895
6,1031,912
6,1020,914
6,1029,938
6,1047,948
6,1058,947
6,1054,937
6,1094,943
6,1080,933
6,1079,937
6,1079,942
6,1096,948
6,1030,924
6,1034,920
6,1087,913
6,1150,941
6,1151,936
6,1162,922
6,1110,921
6,1109,929
6,1118,920
6,1119,925
6,1107,910
6,1120,909
6,1294,925
6,1292,918
6,1264,924
6,1259,921
6,1260,915
6,1243,915
6,1250,921
6,1263,951
6,1260,938
6,1250,946
6,1248,942
6,1314,941
6,1342,943
6,1344,938
6,1311,943
6,1370,929
6,1374,934
6,1374,918
6,1375,922
6,1378,928
6,1394,945
6,1402,933
6,1460,946
6,1460,939
6,1445,928
6,1448,925
6,1263,945
6,1880,938
6,1878,944
6,1848,944
6,1848,949
6,1828,943
6,1831,949
6,1810,940
6,1804,943
6,1804,952
6,1798,945
6,1796,951
6,1790,945
6,1785,938
6,1767,945
6,1777,939
6,1766,939
6,1762,943
6,1757,939
6,1867,935
6,1780,936
6,1745,943
6,1749,930
6,1739,937
6,1740,949
6,1740,929
6,1735,941
6,1725,942
6,1670,922
6,1534,958
6,1526,952
6,1515,955
6,1515,949
6,1496,931
6,1490,933
6,1480,928
6,1480,933
6,1709,943
6,1703,939
6,1692,944
6,1683,941
6,1671,940
6,1609,927
6,1607,920
6,1533,954
6,1628,929
6,1622,925
6,1620,935
6,582,342
6,585,337
6,541,295
6,547,286
6,550,337
6,547,344
6,559,353
6,563,351
6,1043,948
6,1171,901
6,1096,922
6,1030,948
6,1056,933
6,1043,943
6,1044,936
7,79,452
7,292,380
7,302,377
7,307,383
7,409,104
7,404,104
7,451,164
7,441,161
7,525,268
7,503,328
7,505,320
7,522,326
7,517,329
7,504,333
7,512,332
7,661,416
7,721,547
7,716,548
7,653,435
7,645,439
7,658,443
7,653,446
7,648,448
7,650,453
7,664,468
7,659,473
7,685,479
7,679,482
7,675,485
7,777,624
7,771,626
7,775,637
7,756,671
7,747,669
7,735,622
7,742,628
7,747,622
7,752,625
7,739,611
7,747,610
7,776,817
7,782,816
7,739,589
7,785,764
7,770,756
7,775,757
7,772,742
7,779,742
7,796,751
7,789,747
7,792,741
7,788,739
7,773,735
7,995,946
7,965,937
7,966,943
7,969,947
7,948,925
7,946,931
7,867,901
7,872,898
7,1033,912
7,1021,915
7,1031,939
7,1049,949
7,1060,947
7,1057,938
7,1097,944
7,1083,934
7,1082,938
7,1082,943
7,1099,948
7,1026,923
7,1031,920
7,1088,913
7,1152,941
7,1153,936
7,1163,922
7,1109,921
7,1106,929
7,1117,921
7,1115,927
7,1104,910
7,1118,910
7,1296,925
7,1293,919
7,1266,924
7,1262,921
7,1262,915
7,1246,915
7,1251,921
7,1265,951
7,1262,939
7,1253,947
7,1250,942
7,1316,941
7,1346,943
7,1346,938
7,1315,944
7,1372,929
7,1376,934
7,1377,918
7,1378,922
7,1380,928
7,1396,945
7,1404,933
7,1462,948
7,1462,941
7,1449,929
7,1451,926
7,1264,945
7,1882,939
7,1880,945
7,1849,944
7,1849,949
7,1831,944
7,1833,950
7,1812,941
7,1806,945
7,1806,953
7,1799,947
7,1798,953
7,1794,946
7,1788,941
7,1769,946
7,1780,940
7,1769,940
7,1764,945
7,1760,940
7,1863,937
7,1782,938
7,1747,944
7,1754,932
7,1742,938
7,1742,950
7,1744,930
7,1737,942
7,1728,943
7,1667,923
7,1536,959
7,1528,952
7,1517,956
7,1516,950
7,1498,932
7,1492,933
7,1482,929
7,1482,934
7,1710,943
7,1704,942
7,1696,945
7,1691,942
7,1673,938
7,1610,929
7,1608,922
7,1533,954
7,1629,931
7,1624,926
7,1622,936
7,583,344
7,587,339
7,543,298
7,548,289
7,552,339
7,549,345
7,562,355
7,566,354
7,1044,948
7,1167,902
7,1093,922
7,1031,948
7,1058,933
7,1044,943
7,1045,936
8,65,454
8,296,379
8,305,377
8,310,383
8,410,107
8,406,107
8,452,166
8,442,163
8,525,270
8,10,13
8,506,329
8,507,321
8,525,328
8,520,331
8,507,334
8,513,334
8,659,414
8,723,550
8,717,551
8,656,437
8,648,441
8,659,446
8,654,448
8,649,451
8,650,454
8,666,471
8,660,475
8,687,482
8,681,485
8,677,488
8,775,622
8,769,623
8,773,634
8,757,675
8,748,673
8,735,626
8,742,632
8,748,626
8,753,629
8,740,613
8,748,613
8,776,820
8,782,820
8,741,593
8,786,768
8,770,760
8,776,760
8,772,747
8,780,747
8,796,754
8,789,750
8,792,744
8,788,743
8,774,740
8,999,946
8,968,937
8,969,943
8,971,947
8,951,926
8,946,931
8,869,902
8,874,899
8,1036,912
8,1024,916
8,1033,940
8,1051,949
8,1062,948
8,1060,938
8,1101,945
8,1087,934
8,1085,939
8,1085,943
8,1102,949
8,1021,922
8,1028,920
8,1090,913
8,1154,941
8,1155,936
8,1165,922
8,1108,921
8,1102,929
8,1116,921
8,1112,928
8,1100,910
8,1115,911
8,1297,926
8,1295,920
8,1268,924
8,1264,921
8,1264,915
8,1248,915
8,1253,922
8,1267,951
8,1265,941
8,1255,949
8,1252,943
8,1319,941
8,1349,944
8,1349,938
8,1319,946
8,1375,930
8,1378,934
8,1379,918
8,1380,922
8,1383,927
8,1398,946
8,1407,934
8,1465,949
8,1464,942
8,1453,931
8,1453,927
8,1266,945
8,1885,940
8,1883,946
8,1851,944
8,1851,950
8,1835,946
8,1836,951
8,1814,942
8,1808,947
8,1809,954
8,1800,949
8,1802,955
8,1798,948
8,1791,944
8,1773,948
8,1783,942
8,1773,942
8,1767,947
8,1762,940
8,1858,939
8,1784,940
8,1750,945
8,1759,933
8,1744,939
8,1744,951
8,1749,931
8,1740,942
8,1731,944
8,1664,924
8,1538,960
8,1530,951
8,1520,957
8,1518,951
8,1499,934
8,1494,933
8,1484,930
8,1484,934
8,1713,943
8,1707,943
8,1699,946
8,1694,942
8,1675,939
8,1611,930
8,1609,924
8,1539,956
8,1631,932
8,1627,927
8,1624,937
8,584,346
8,588,341
8,544,302
8,548,292
8,555,340
8,552,346
8,564,357
8,568,357
8,1047,949
8,1162,903
8,1089,922
8,1034,949
8,1061,934
8,1047,944
8,1048,937
8,9,522
9,51,455
9,299,378
9,309,376
9,314,382
9,412,111
9,407,111
9,454,168
9,444,166
9,525,272
9,13,12
9,513,329
9,510,322
9,529,331
9,523,334
9,511,334
9,511,340
9,658,411
9,724,554
9,719,555
9,659,439
9,651,443
9,661,450
9,656,451
9,651,454
9,651,454
9,668,473
9,661,477
9,688,486
9,682,487
9,679,492
9,773,619
9,767,620
9,770,629
9,758,678
9,750,676
9,736,630
9,743,636
9,749,630
9,754,633
9,743,617
9,749,617
9,777,823
9,783,823
9,743,596
9,787,772
9,771,763
9,776,764
9,772,751
9,781,751
9,797,757
9,789,753
9,792,747
9,789,746
9,775,744
9,1004,946
9,971,938
9,972,943
9,974,947
9,954,927
9,946,931
9,872,904
9,877,901
9,1040,912
9,1028,916
9,1035,940
9,1053,950
9,1064,948
9,1063,939
9,1104,945
9,1090,935
9,1088,939
9,1087,944
9,1105,949
9,1017,921
9,1025,920
9,1091,913
9,1156,941
9,1157,936
9,1166,922
9,1106,922
9,1099,930
9,1115,923
9,1109,930
9,1097,912
9,1111,915
9,1135,898
9,1299,927
9,1296,921
9,1270,925
9,1267,922
9,1266,916
9,1251,916
9,1255,923
9,1269,951
9,1267,942
9,1258,950
9,1254,943
9,1321,942
9,1352,945
9,1351,938
9,1322,947
9,1377,931
9,1380,935
9,1382,919
9,1383,923
9,1385,927
9,1400,947
9,1409,934
9,1467,951
9,1466,944
9,1457,932
9,1456,928
9,1267,946
9,1887,940
9,1886,946
9,1853,944
9,1852,950
9,1838,947
9,1839,952
9,1817,943
9,1811,949
9,1811,955
9,1801,952
9,1805,956
9,1802,950
9,1795,946
9,1777,950
9,1787,943
9,1777,943
9,1769,948
9,1765,941
9,1853,941
9,1787,942
9,1752,946
9,1764,935
9,1747,941
9,1747,951
9,1754,933
9,1742,942
9,1735,946
9,1662,924
9,1540,961
9,1535,951
9,1522,958
9,1519,952
9,1501,935
9,1496,933
9,1486,931
9,1486,935
9,1715,944
9,1709,943
9,1703,948
9,1697,943
9,1677,941
9,1612,932
9,1610,926
9,1541,956
9,1632,934
9,1629,928
9,1626,938
9,586,348
9,590,343
9,547,305
9,550,295
9,558,342
9,555,348
9,567,359
9,571,358
9,1050,949
9,1158,904
9,1085,922
9,1037,949
9,1065,935
9,1051,945
9,1052,938
9,13,522
10,37,457
10,302,378
10,314,376
10,318,381
10,414,114
10,409,115
10,456,170
10,445,168
10,525,273
10,528,257
10,535,260
10,527,248
10,16,11
10,519,329
10,514,324
10,532,333
10,526,336
10,516,335
10,512,338
10,656,409
10,725,557
10,720,558
10,661,441
10,653,445
10,662,453
10,657,454
10,652,456
10,651,455
10,670,476
10,663,479
10,690,489
10,684,490
10,681,495
10,773,616
10,767,617
10,769,626
10,758,682
10,751,680
10,737,633
10,743,639
10,749,633
10,754,636
10,743,621
10,751,620
10,778,826
10,784,826
10,745,600
10,787,776
10,771,766
10,776,767
10,772,755
10,781,755
10,798,760
10,790,757
10,793,750
10,789,749
10,777,749
10,1009,946
10,974,938
10,975,943
10,977,947
10,958,929
10,947,931
10,875,906
10,879,903
10,1044,913
10,1032,916
10,1037,941
10,1055,950
10,1066,948
10,1066,939
10,1107,946
10,1093,935
10,1091,940
10,1090,944
10,1108,949
10,1016,921
10,1024,921
10,1092,913
10,1159,940
10,1160,935
10,1169,921
10,1102,923
10,1095,931
10,1112,924
10,1108,932
10,1094,913
10,1107,917
10,1132,900
10,1302,927
10,1300,921
10,1274,926
10,1271,922
10,1270,916
10,1255,916
10,1259,923
10,1272,951
10,1271,942
10,1261,950
10,1258,943
10,1325,942
10,1356,946
10,1355,939
10,1327,947
10,1380,931
10,1383,935
10,1385,919
10,1386,923
10,1388,927
10,1403,947
10,1413,934
10,1471,952
10,1469,946
10,1461,932
10,1459,928
10,1271,946
10,1890,940
10,1889,946
10,1856,945
10,1855,950
10,1842,947
10,1842,952
10,1819,944
10,1813,950
10,1814,956
10,1802,954
10,1809,957
10,1806,952
10,1798,949
10,1781,951
10,1790,944
10,1781,944
10,1772,949
10,1767,941
10,1848,941
10,1789,945
10,1755,947
10,1769,937
10,1749,942
10,1749,952
10,1759,934
10,1745,943
10,1738,947
10,1659,925
10,1542,962
10,1538,953
10,1525,960
10,1521,953
10,1503,937
10,1498,933
10,1488,932
10,1488,936
10,1718,945
10,1712,944
10,1706,949
10,1700,944
10,1679,942
10,1613,934
10,1611,928
10,1544,956
10,1634,936
10,1632,929
10,1629,939
10,588,351
10,592,345
10,550,308
10,551,299
10,560,344
10,558,349
10,570,361
10,573,360
10,1053,950
10,1154,906
10,1082,922
10,1040,949
10,1068,936
10,1054,946
10,1055,939
10,18,522
11,23,460
11,306,378
11,318,375
11,321,380
11,415,118
11,411,118
11,457,172
11,447,170
11,527,275
11,530,260
11,537,261
11,529,251
11,546,246
11,19,10
11,525,329
11,517,325
11,534,334
11,528,339
11,520,335
11,514,336
11,654,406
11,727,560
11,722,561
11,664,443
11,656,447
11,663,456
11,658,456
11,653,459
11,651,455
11,671,478
11,665,481
11,693,492
11,687,494
11,682,499
11,773,613
11,767,614
11,769,624
11,759,686
11,752,684
11,738,637
11,744,642
11,750,636
11,755,640
11,744,624
11,753,623
11,779,829
11,786,829
11,747,603
11,788,780
11,772,770
11,778,770
11,774,759
11,782,759
11,799,763
11,791,760
11,794,753
11,789,752
11,779,753
11,1014,946
11,977,939
11,978,943
11,980,947
11,961,930
11,947,931
11,878,908
11,882,904
11,1048,913
11,1036,916
11,1040,942
11,1058,951
11,1069,949
11,1069,940
11,1110,946
11,1096,936
11,1094,941
11,1093,945
11,1111,950
11,1015,922
11,1022,922
11,1093,913
11,1162,940
11,1162,935
11,1171,920
11,1098,923
11,1090,930
11,1106,923
11,1107,933
11,1091,915
11,1105,918
11,1130,902
11,1305,927
11,1303,921
11,1278,927
11,1275,922
11,1273,917
11,1258,916
11,1263,923
11,1275,951
11,1274,942
11,1264,951
11,1261,943
11,1329,942
11,1359,947
11,1359,940
11,1331,948
11,1383,932
11,1386,936
11,1387,919
11,1389,924
11,1391,927
11,1406,948
11,1417,933
11,1474,954
11,1472,948
11,1464,932
11,1462,928
11,1274,947
11,1892,940
11,1891,946
11,1860,945
11,1859,950
11,1846,946
11,1846,951
11,1823,945
11,1815,951
11,1816,957
11,1804,955
11,1812,958
11,1808,953
11,1800,950
11,1784,952
11,1799,951
11,1783,945
11,1775,951
11,1770,943
11,1844,941
11,1793,947
11,1757,948
11,1772,937
11,1752,943
11,1751,953
11,1767,934
11,1747,943
11,1741,948
11,1656,925
11,1546,961
11,1543,948
11,1528,960
11,1525,952
11,1505,939
11,1502,934
11,1490,932
11,1490,937
11,1720,945
11,1714,945
11,1709,950
11,1703,944
11,1682,943
11,1615,934
11,1612,928
11,1544,955
11,1637,936
11,1635,930
11,1631,940
11,1568,925
11,590,353
11,593,348
11,553,312
11,553,303
11,563,345
11,561,351
11,573,363
11,576,361
11,1054,950
11,1150,908
11,1080,923
11,1042,949
11,1071,936
11,1055,946
11,1060,939
11,22,522
12,8,464
12,310,378
12,322,375
12,325,380
12,417,121
12,413,122
12,459,174
12,448,173
12,529,276
12,531,263
12,538,263
12,532,255
12,548,248
12,21,9
12,528,331
12,520,328
12,537,336
12,530,341
12,523,337
12,517,337
12,653,403
12,728,563
12,723,564
12,666,445
12,658,449
12,665,459
12,659,459
12,655,462
12,654,461
12,673,480
12,667,483
12,695,494
12,690,498
12,684,502
12,773,610
12,767,611
12,768,621
12,760,689
12,753,687
12,739,640
12,745,645
12,751,639
12,755,643
12,746,628
12,755,626
12,780,832
12,787,832
12,749,607
12,790,784
12,773,773
12,779,774
12,776,763
12,784,763
12,799,766
12,792,763
12,795,756
12,790,755
12,780,758
12,1018,946
12,980,940
12,981,944
12,983,948
12,965,931
12,948,932
12,881,910
12,884,906
12,1052,913
12,1039,916
12,1044,942
12,1060,951
12,1072,949
12,1073,941
12,1114,946
12,1100,936
12,1098,941
12,1097,945
12,1115,950
12,1015,922
12,1021,923
12,1098,915
12,1164,940
12,1165,934
12,1174,920
12,1094,924
12,1085,930
12,1100,921
12,1104,933
12,1088,916
12,1103,919
12,1127,904
12,1309,928
12,1306,921
12,1281,927
12,1278,923
12,1276,917
12,1262,917
12,1267,924
12,1277,952
12,1278,942
12,1267,951
12,1264,943
12,1332,943
12,1363,947
12,1363,941
12,1335,948
12,1386,933
12,1390,937
12,1390,919
12,1392,924
12,1393,928
12,1409,948
12,1422,932
12,1477,955
12,1475,949
12,1467,933
12,1466,928
12,1277,948
12,1895,940
12,1894,946
12,1863,945
12,1863,950
12,1849,945
12,1849,951
12,1828,947
12,1818,951
12,1817,957
12,1806,956
12,1815,958
12,1811,953
12,1802,951
12,1787,954
12,1802,951
12,1785,947
12,1778,953
12,1774,945
12,1842,942
12,1800,950
12,1760,949
12,1776,938
12,1755,944
12,1753,953
12,1775,935
12,1750,943
12,1745,949
12,1653,926
12,1550,961
12,1545,948
12,1532,960
12,1529,952
12,1507,941
12,1506,936
12,1493,933
12,1493,938
12,1723,946
12,1717,946
12,1712,951
12,1706,945
12,1684,944
12,1618,935
12,1614,929
12,1542,954
12,1641,937
12,1638,931
12,1634,941
12,1572,926
12,592,355
12,595,350
12,556,315
12,554,307
12,566,347
12,563,352
12,575,365
12,579,362
12,1057,950
12,1146,910
12,1077,923
12,1045,949
12,1074,936
12,1057,946
12,1065,940
12,26,522
13,314,379
13,326,375
13,329,380
13,419,125
13,415,126
13,461,176
13,450,175
13,531,277
13,533,265
13,540,264
13,534,258
13,550,250
13,528,252
13,23,8
13,531,332
13,523,329
13,540,337
13,532,343
13,525,338
13,521,338
13,651,400
13,729,566
13,725,567
13,669,447
13,661,451
13,666,462
13,660,462
13,656,465
13,661,475
13,674,483
13,668,485
13,697,497
13,692,502
13,685,505
13,773,607
13,767,608
13,767,618
13,761,693
13,755,691
13,740,644
13,746,649
13,752,642
13,756,647
13,748,631
13,757,629
13,781,834
13,788,834
13,752,611
13,791,788
13,774,777
13,781,777
13,778,768
13,786,767
13,800,768
13,793,766
13,796,758
13,790,758
13,782,763
13,1023,946
13,983,940
13,984,944
13,985,948
13,968,933
13,948,932
13,884,912
13,887,908
13,1055,913
13,1042,916
13,1047,943
13,1063,951
13,1075,950
13,1077,942
13,1118,945
13,1103,937
13,1101,941
13,1101,945
13,1118,950
13,1015,923
13,1021,924
13,1103,917
13,1167,940
13,1167,934
13,1177,919
13,1089,925
13,1081,930
13,1095,920
13,1101,934
13,1085,917
13,1102,921
13,1124,906
13,1312,928
13,1310,921
13,1285,928
13,1282,923
13,1280,918
13,1265,917
13,1271,924
13,1280,952
13,1281,942
13,1270,952
13,1268,943
13,1336,943
13,1366,948
13,1367,942
13,1339,949
13,1389,934
13,1393,938
13,1392,919
13,1395,925
13,1396,928
13,1412,949
13,1426,931
13,1481,957
13,1478,951
13,1471,933
13,1469,928
13,1281,949
13,1898,940
13,1897,946
13,1867,945
13,1867,950
13,1853,944
13,1853,950
13,1833,948
13,1820,952
13,1819,957
13,1809,957
13,1818,959
13,1813,953
13,1805,952
13,1790,955
13,1805,951
13,1788,948
13,1781,954
13,1778,946
13,1840,943
13,1802,951
13,1762,950
13,1779,939
13,1757,945
13,1755,954
13,1781,937
13,1752,943
13,1748,950
13,1650,926
13,1554,960
13,1550,948
13,1536,960
13,1533,951
13,1509,943
13,1510,938
13,1496,933
13,1495,939
13,1725,946
13,1719,946
13,1715,952
13,1709,945
13,1686,945
13,1621,936
13,1616,930
13,1547,956
13,1644,937
13,1641,932
13,1637,942
13,1576,927
13,593,357
13,597,352
13,559,318
13,556,310
13,569,349
13,566,354
13,578,367
13,582,363
13,1059,950
13,1142,912
13,1074,923
13,1048,949
13,1078,937
13,1060,946
13,1068,941
13,30,522
14,318,379
14,329,375
14,333,380
14,421,129
14,418,131
14,463,179
14,452,178
14,532,279
14,534,268
14,542,266
14,536,262
14,551,252
14,530,254
14,27,6
14,7,19
14,533,333
14,525,330
14,542,339
14,535,345
14,528,339
14,524,340
14,649,398
14,731,569
14,727,571
14,672,449
14,664,453
14,668,464
14,662,465
14,658,468
14,663,478
14,676,485
14,670,487
14,699,500
14,694,505
14,687,507
14,773,604
14,767,605
14,766,615
14,762,697
14,756,695
14,741,647
14,747,652
14,753,645
14,757,650
14,750,635
14,759,632
14,783,837
14,789,837
14,754,614
14,792,792
14,775,781
14,782,780
14,780,772
14,788,771
14,801,771
14,795,769
14,797,761
14,791,761
14,784,767
14,1028,946
14,986,941
14,987,944
14,988,948
14,972,934
14,949,932
14,887,914
14,889,910
14,1059,913
14,1046,915
14,1051,944
14,1065,951
14,1078,950
14,1081,942
14,1121,945
14,1107,937
14,1105,941
14,1104,945
14,1122,950
14,1015,924
14,1021,925
14,1106,919
14,1170,940
14,1169,933
14,1179,918
14,1085,925
14,1078,930
14,1089,919
14,1097,935
14,1080,918
14,1098,920
14,1315,928
14,1313,921
14,1289,929
14,1286,923
14,1283,918
14,1269,917
14,1275,924
14,1283,952
14,1285,942
14,1273,952
14,1271,943
14,1340,943
14,1370,949
14,1371,943
14,1344,949
14,1392,934
14,1396,938
14,1395,919
14,1398,925
14,1399,928
14,1415,949
14,1430,931
14,1484,958
14,1481,953
14,1474,933
14,1472,928
14,1284,949
14,1900,940
14,1900,946
14,1871,945
14,1871,950
14,1857,944
14,1857,949
14,1838,949
14,1823,952
14,1820,958
14,1811,957
14,1820,959
14,1816,953
14,1807,952
14,1793,956
14,1808,951
14,1790,949
14,1784,956
14,1781,948
14,1838,944
14,1804,952
14,1765,951
14,1782,939
14,1761,946
14,1759,955
14,1787,940
14,1756,944
14,1751,951
14,1647,926
14,1558,960
14,1556,948
14,1540,960
14,1538,951
14,1511,945
14,1514,940
14,1499,934
14,1498,940
14,1728,947
14,1722,947
14,1718,953
14,1712,946
14,1689,946
14,1624,937
14,1618,931
14,1552,952
14,1648,938
14,1645,934
14,1640,944
14,1578,927
14,595,360
14,598,354
14,562,322
14,558,314
14,571,350
14,569,356
14,581,369
14,584,364
14,1063,949
14,1138,913
14,1071,923
14,1051,950
14,1083,937
14,1064,946
14,1071,941
14,35,522
15,322,379
15,333,376
15,337,381
15,423,131
15,419,133
15,464,181
15,453,179
15,534,280
15,536,271
15,543,267
15,538,265
15,553,254
15,532,256
15,31,6
15,11,17
15,535,334
15,528,331
15,545,340
15,537,347
15,530,341
15,528,342
15,648,395
15,732,572
15,728,574
15,675,451
15,666,456
15,670,467
15,664,468
15,660,470
15,665,481
15,677,487
15,672,490
15,701,504
15,695,509
15,689,509
15,773,601
15,767,602
15,765,612
15,762,700
15,757,698
15,742,651
15,748,655
15,754,649
15,757,654
15,752,638
15,761,636
15,784,840
15,791,840
15,756,618
15,793,796
15,776,784
15,784,784
15,781,776
15,789,775
15,802,774
15,796,773
15,798,764
15,791,764
15,786,771
15,1033,946
15,989,941
15,990,944
15,991,948
15,975,936
15,949,932
15,890,915
15,892,911
15,1062,912
15,1049,914
15,1054,944
15,1068,951
15,1081,950
15,1084,943
15,1125,945
15,1110,937
15,1108,941
15,1108,945
15,1125,950
15,1016,925
15,1022,926
15,1108,919
15,1172,940
15,1172,932
15,1182,918
15,1079,924
15,1075,930
15,1086,921
15,1091,935
15,1076,918
15,1096,921
15,1318,929
15,1316,922
15,1293,930
15,1290,924
15,1287,919
15,1272,918
15,1278,925
15,1287,953
15,1288,943
15,1276,953
15,1275,943
15,1343,944
15,1374,950
15,1374,944
15,1347,950
15,1396,934
15,1400,938
15,1398,920
15,1401,926
15,1403,929
15,1418,950
15,1433,930
15,1487,959
15,1484,954
15,1477,934
15,1475,930
15,1287,950
15,1903,940
15,1903,946
15,1874,945
15,1874,950
15,1860,943
15,1860,949
15,1842,950
15,1826,953
15,1821,958
15,1814,958
15,1823,960
15,1819,952
15,1810,953
15,1797,957
15,1812,951
15,1793,950
15,1787,957
15,1784,949
15,1836,945
15,1806,952
15,1769,951
15,1786,940
15,1765,948
15,1765,957
15,1787,941
15,1760,946
15,1755,952
15,1644,926
15,1560,959
15,1560,947
15,1544,959
15,1541,950
15,1514,946
15,1517,940
15,1502,936
15,1501,940
15,1732,947
15,1726,947
15,1721,953
15,1715,946
15,1692,946
15,1626,937
15,1621,931
15,1556,954
15,1651,938
15,1649,934
15,1643,944
15,1581,928
15,597,362
15,600,356
15,565,325
15,559,318
15,574,352
15,572,357
15,584,371
15,587,365
15,1069,949
15,1133,915
15,1070,925
15,1055,951
15,1087,937
15,1068,946
15,1075,942
15,39,522
16,325,379
16,336,375
16,340,380
16,426,134
16,421,135
16,466,184
16,455,180
16,536,281
16,537,274
16,545,269
16,541,269
16,555,256
16,533,259
16,35,5
16,15,16
16,538,336
16,531,333
16,547,341
16,539,349
16,532,342
16,532,344
16,646,392
16,734,575
16,730,577
16,677,454
16,669,458
16,671,469
16,666,470
16,661,473
16,667,483
16,679,490
16,673,492
16,702,507
16,697,512
16,691,512
16,772,599
16,767,600
16,764,609
16,763,704
16,758,702
16,743,654
16,749,659
16,755,652
16,758,657
16,754,641
16,763,639
16,785,843
16,792,843
16,758,622
16,795,800
16,777,788
16,785,787
16,783,780
16,791,779
16,803,777
16,797,776
16,798,767
16,792,767
16,787,775
16,1037,946
16,992,942
16,993,945
16,994,949
16,979,937
16,978,942
16,892,917
16,895,913
16,1066,912
16,1052,914
16,1057,945
16,1071,952
16,1084,950
16,1088,944
16,1129,945
16,1114,936
16,1112,942
16,1112,946
16,1129,950
16,1017,927
16,1023,927
16,1110,919
16,1175,940
16,1174,932
16,1184,917
16,1073,923
16,1071,929
16,1083,923
16,1087,934
16,1070,919
16,1093,922
16,1322,929
16,1320,922
16,1297,930
16,1294,924
16,1291,919
16,1276,918
16,1282,925
16,1291,953
16,1291,943
16,1280,953
16,1278,944
16,1347,944
16,1378,952
16,1378,945
16,1350,951
16,1399,934
16,1404,938
16,1401,921
16,1405,926
16,1408,930
16,1422,950
16,1437,930
16,1491,959
16,1487,954
16,1481,936
16,1479,931
16,1291,950
16,1906,941
16,1906,946
16,1878,946
16,1878,950
16,1867,941
16,1865,948
16,1847,950
16,1830,953
16,1823,958
16,1817,959
16,1826,960
16,1822,952
16,1815,953
16,1800,958
16,1814,951
16,1797,950
16,1790,957
16,1787,949
16,1834,945
16,1809,950
16,1773,951
16,1790,942
16,1769,950
16,1770,958
16,1797,944
16,1764,947
16,1758,952
16,1640,926
16,1563,958
16,1563,948
16,1548,958
16,1545,950
16,1517,947
16,1521,941
16,1506,938
16,1503,941
16,1735,948
16,1729,947
16,1724,953
16,1717,946
16,1696,946
16,1629,938
16,1624,932
16,1559,952
16,1655,939
16,1653,935
16,1647,944
16,1586,929
16,599,364
16,602,359
16,567,328
16,561,321
16,577,354
16,574,359
16,586,373
16,589,368
16,1073,949
16,1129,916
16,1066,926
16,1059,951
16,1091,939
16,1073,946
16,1079,943
16,44,522
17,329,379
17,340,375
17,344,380
17,428,137
17,422,137
17,467,186
17,456,181
17,538,283
17,539,276
17,547,270
17,543,272
17,556,258
17,535,261
17,40,3
17,19,14
17,540,337
17,533,335
17,550,343
17,543,351
17,534,344
17,535,345
17,645,389
17,735,578
17,731,580
17,680,456
17,672,460
17,673,471
17,668,473
17,663,476
17,669,486
17,680,492
17,675,495
17,704,510
17,698,515
17,693,516
17,771,596
17,766,597
17,762,606
17,765,707
17,759,706
17,744,658
17,750,662
17,756,655
17,758,661
17,756,645
17,765,642
17,786,846
17,793,845
17,760,625
17,797,804
17,778,793
17,785,791
17,785,784
17,793,784
17,804,780
17,798,780
17,798,771
17,792,770
17,788,779
17,1042,945
17,995,943
17,997,946
17,998,950
17,983,939
17,983,944
17,895,920
17,898,916
17,1069,912
17,1056,914
17,1060,945
17,1075,952
17,1087,950
17,1093,945
17,1132,945
17,1118,935
17,1116,942
17,1116,946
17,1132,951
17,1018,928
17,1024,928
17,1114,919
17,1178,939
17,1177,931
17,1187,916
17,1068,921
17,1070,933
17,1080,924
17,1080,935
17,1064,920
17,1090,922
17,1325,929
17,1323,922
17,1301,930
17,1298,924
17,1295,919
17,1280,918
17,1286,925
17,1295,953
17,1294,943
17,1283,953
17,1282,945
17,1350,945
17,1382,953
17,1382,946
17,1353,951
17,1403,934
17,1408,938
17,1404,921
17,1409,927
17,1413,930
17,1425,951
17,1441,930
17,1495,960
17,1490,954
17,1484,937
17,1482,932
17,1294,950
17,1908,941
17,1908,946
17,1882,946
17,1881,951
17,1875,940
17,1869,947
17,1851,950
17,1834,953
17,1824,958
17,1821,960
17,1828,960
17,1826,952
17,1820,953
17,1804,959
17,1817,951
17,1800,951
17,1793,957
17,1790,949
17,1832,945
17,1812,951
17,1777,952
17,1794,944
17,1772,951
17,1774,959
17,1803,945
17,1767,948
17,1762,953
17,1637,926
17,1566,958
17,1561,950
17,1552,957
17,1549,950
17,1520,948
17,1524,941
17,1509,940
17,1506,942
17,1739,948
17,1732,947
17,1727,954
17,1720,947
17,1699,946
17,1631,938
17,1627,933
17,1561,952
17,1659,940
17,1657,936
17,1651,945
17,1591,930
17,600,366
17,603,361
17,569,331
17,562,324
17,579,356
17,576,361
17,588,376
17,591,370
17,1077,949
17,1125,918
17,1061,926
17,1063,952
17,1094,940
17,1076,946
17,1083,944
17,1737,1072
17,48,522
18,335,378
18,344,374
18,348,379
18,430,140
18,425,140
18,469,188
18,458,184
18,456,262
18,463,268
18,471,275
18,539,285
18,540,279
18,548,272
18,545,276
18,559,261
18,537,263
18,22,13
18,543,338
18,536,336
18,552,344
18,546,352
18,537,345
18,539,347
18,643,386
18,736,581
18,733,583
18,683,458
18,674,463
18,675,474
18,669,476
18,665,478
18,671,489
18,682,494
18,677,498
18,706,513
18,700,518
18,694,519
18,771,593
18,766,595
18,761,602
18,766,710
18,760,710
18,745,661
18,751,665
18,757,658
18,759,664
18,758,648
18,767,645
18,787,849
18,794,848
18,761,629
18,800,809
18,779,797
18,785,795
18,787,789
18,794,788
18,805,784
18,799,784
18,797,774
18,792,774
18,789,783
18,1047,945
18,998,944
18,1000,947
18,1001,950
18,987,940
18,987,946
18,897,922
18,900,918
18,1071,912
18,1060,914
18,1063,945
18,1079,952
18,1090,950
18,1097,945
18,1136,945
18,1121,936
18,1119,943
18,1120,946
18,1136,951
18,1018,929
18,1024,929
18,1117,919
18,1180,938
18,1179,931
18,1190,916
18,1062,920
18,1065,932
18,1074,924
18,1073,936
18,1055,920
18,1083,922
18,1329,929
18,1326,923
18,1304,931
18,1301,924
18,1299,919
18,1283,919
18,1289,926
18,1298,953
18,1297,943
18,1287,954
18,1286,945
18,1354,945
18,1387,954
18,1385,948
18,1356,952
18,1407,933
18,1413,937
18,1408,922
18,1412,927
18,1417,931
18,1429,951
18,1444,929
18,1498,960
18,1493,954
18,1488,938
18,1486,933
18,1298,950
18,1910,942
18,1910,947
18,1886,946
18,1884,951
18,1883,939
18,1874,946
18,1855,950
18,1838,953
18,1826,959
18,1824,961
18,1831,961
18,1829,952
18,1824,953
18,1807,960
18,1821,952
18,1804,952
18,1796,958
18,1793,950
18,1828,944
18,1817,952
18,1780,952
18,1798,945
18,1774,951
18,1777,960
18,1806,946
18,1769,948
18,1766,954
18,1634,926
18,1570,958
18,1574,945
18,1555,956
18,1552,949
18,1524,949
18,1527,942
18,1512,941
18,1509,943
18,1742,949
18,1736,947
18,1730,954
18,1723,947
18,1702,946
18,1634,939
18,1630,934
18,1564,951
18,1663,941
18,1661,937
18,1655,945
18,1596,932
18,601,368
18,605,364
18,571,334
18,563,327
18,582,359
18,578,364
18,590,378
18,594,373
18,1078,950
18,1120,919
18,1055,926
18,1067,952
18,1096,940
18,1078,946
18,1086,945
18,1737,1068
18,51,522
19,337,378
19,347,374
19,351,378
19,431,142
19,428,142
19,471,190
19,459,186
19,454,264
19,461,270
19,469,277
19,540,288
19,542,282
19,550,273
19,547,279
19,562,263
19,539,265
19,25,11
19,545,339
19,538,338
19,554,346
19,549,354
19,539,347
19,543,349
19,642,383
19,738,585
19,734,586
19,686,461
19,677,465
19,676,476
19,671,479
19,666,481
19,674,492
19,684,497
19,678,500
19,707,516
19,702,521
19,696,523
19,770,590
19,765,592
19,759,599
19,767,713
19,761,715
19,745,664
19,752,669
19,757,662
19,760,668
19,760,652
19,768,649
19,788,852
19,794,850
19,763,632
19,803,813
19,780,801
19,785,799
19,788,793
19,796,793
19,805,787
19,799,788
19,797,778
19,792,777
19,791,787
19,1051,945
19,1002,944
19,1003,948
19,1004,951
19,991,942
19,991,948
19,900,924
19,903,921
19,1074,913
19,1064,915
19,1068,946
19,1082,953
19,1093,950
19,1100,945
19,1139,945
19,1124,937
19,1122,943
19,1124,947
19,1139,952
19,1019,931
19,1025,930
19,1121,920
19,1183,937
19,1181,931
19,1192,915
19,1056,920
19,1060,930
19,1065,924
19,1064,937
19,1047,919
19,1077,923
19,1332,929
19,1330,923
19,1308,931
19,1305,924
19,1303,919
19,1287,919
19,1293,926
19,1302,953
19,1300,943
19,1290,954
19,1290,946
19,1357,946
19,1391,955
19,1389,949
19,1359,952
19,1411,933
19,1417,937
19,1411,922
19,1416,928
19,1422,931
19,1432,952
19,1448,929
19,1502,961
19,1497,954
19,1491,939
19,1489,935
19,1301,950
19,1890,946
19,1888,952
19,1878,938
19,1878,945
19,1859,950
19,1842,953
19,1829,959
19,1826,961
19,1833,961
19,1833,952
19,1827,953
19,1809,960
19,1823,951
19,1807,952
19,1799,959
19,1797,951
19,1822,943
19,1819,953
19,1783,952
19,1802,946
19,1776,951
19,1780,961
19,1810,947
19,1772,949
19,1770,955
19,1631,926
19,1573,958
19,1579,946
19,1555,956
19,1555,947
19,1529,949
19,1530,943
19,1515,941
19,1513,944
19,1746,949
19,1739,947
19,1733,954
19,1726,947
19,1705,946
19,1636,940
19,1633,934
19,1568,950
19,1667,942
19,1666,938
19,1659,945
19,1601,933
19,1773,927
19,603,370
19,606,366
19,573,337
19,565,329
19,585,361
19,580,366
19,592,380
19,596,376
19,1080,951
19,1116,921
19,1050,926
19,1070,952
19,1099,940
19,1080,946
19,1088,945
19,1737,1064
19,54,522
20,341,378
20,350,374
20,354,378
20,434,144
20,430,144
20,473,192
20,461,188
20,453,266
20,460,272
20,466,278
20,541,291
20,544,285
20,552,275
20,550,283
20,565,265
20,542,267
20,29,10
20,547,341
20,541,339
20,557,347
20,553,355
20,541,348
20,546,350
20,640,380
20,739,588
20,736,590
20,689,463
20,680,468
20,678,479
20,673,482
20,668,484
20,676,495
20,685,499
20,680,503
20,709,520
20,703,525
20,698,526
20,769,588
20,764,590
20,758,596
20,768,717
20,761,719
20,746,667
20,752,672
20,758,665
20,761,671
20,761,656
20,769,653
20,789,855
20,795,853
20,764,635
20,806,817
20,781,806
20,786,804
20,790,797
20,797,798
20,806,790
20,800,792
20,797,781
20,792,781
20,792,792
20,1054,945
20,1005,945
20,1007,949
20,1008,951
20,995,944
20,995,950
20,902,926
20,906,923
20,1076,914
20,1067,916
20,1070,948
20,1086,953
20,1096,950
20,1104,945
20,1142,946
20,1128,937
20,1126,943
20,1128,947
20,1142,952
20,1020,932
20,1026,931
20,1124,920
20,1185,936
20,1183,931
20,1195,914
20,1051,919
20,1051,930
20,1057,924
20,1055,940
20,1039,918
20,1072,924
20,1336,929
20,1333,923
20,1312,931
20,1309,924
20,1307,919
20,1291,919
20,1297,926
20,1306,953
20,1303,943
20,1294,954
20,1293,947
20,1361,946
20,1395,957
20,1393,950
20,1362,953
20,1414,933
20,1421,937
20,1414,923
20,1420,928
20,1427,932
20,1435,952
20,1451,929
20,1505,961
20,1500,954
20,1494,940
20,1492,936
20,1305,950
20,1893,947
20,1891,953
20,1886,938
20,1883,946
20,1862,950
20,1846,953
20,1831,959
20,1829,962
20,1836,961
20,1836,953
20,1830,953
20,1812,960
20,1826,950
20,1809,952
20,1802,959
20,1800,952
20,1818,943
20,1822,953
20,1786,951
20,1805,948
20,1778,952
20,1783,962
20,1813,948
20,1774,950
20,1774,956
20,1628,926
20,1576,957
20,1582,946
20,1559,955
20,1558,946
20,1533,950
20,1533,944
20,1518,941
20,1517,945
20,1750,950
20,1743,948
20,1736,955
20,1729,948
20,1709,946
20,1639,940
20,1637,935
20,1571,949
20,1670,943
20,1669,939
20,1662,945
20,1605,934
20,1771,927
20,1773,933
20,604,372
20,608,369
20,575,340
20,566,332
20,588,363
20,582,368
20,594,383
20,598,379
20,1082,952
20,1112,922
20,1044,926
20,1073,952
20,1103,940
20,1082,947
20,1092,946
20,1737,1060
20,57,522
21,343,377
21,354,372
21,358,377
21,436,147
21,432,147
21,475,193
21,462,189
21,451,268
21,458,274
21,464,280
21,542,293
21,545,288
21,553,278
21,551,285
21,566,268
21,545,269
21,32,8
21,550,342
21,544,341
21,559,348
21,556,356
21,544,350
21,550,352
21,638,378
21,740,591
21,737,593
21,691,466
21,682,470
21,680,481
21,675,484
21,670,486
21,677,497
21,687,501
21,682,505
21,711,523
21,704,528
21,700,530
21,769,585
21,764,587
21,757,592
21,769,720
21,762,723
21,746,671
21,753,675
21,758,668
21,762,674
21,763,660
21,771,657
21,791,857
21,796,855
21,765,639
21,809,822
21,782,810
21,787,808
21,792,801
21,799,802
21,807,794
21,801,796
21,797,785
21,792,784
21,793,796
21,1060,945
21,1008,946
21,1010,950
21,1011,952
21,999,945
21,999,951
21,905,928
21,909,925
21,1079,914
21,1071,916
21,1078,945
21,1088,954
21,1099,950
21,1107,945
21,1145,947
21,1131,936
21,1129,943
21,1132,947
21,1145,952
21,1020,933
21,1026,932
21,1128,921
21,1188,935
21,1185,930
21,1197,913
21,1046,918
21,1047,928
21,1052,923
21,1047,942
21,1032,918
21,1065,923
21,1339,930
21,1336,924
21,1316,931
21,1313,923
21,1311,919
21,1294,920
21,1300,927
21,1310,954
21,1306,944
21,1297,955
21,1297,948
21,1365,947
21,1399,958
21,1396,951
21,1366,954
21,1426,931
21,1429,936
21,1417,923
21,1421,930
21,1425,935
21,1439,952
21,1455,929
21,1509,961
21,1503,954
21,1498,941
21,1496,937
21,1308,950
21,1897,948
21,1895,954
21,1887,937
21,1886,944
21,1866,949
21,1850,953
21,1834,959
21,1831,963
21,1838,961
21,1840,954
21,1833,953
21,1814,961
21,1830,948
21,1812,953
21,1805,960
21,1803,954
21,1816,943
21,1825,952
21,1789,951
21,1809,948
21,1781,952
21,1787,962
21,1817,948
21,1777,950
21,1776,956
21,1626,927
21,1578,956
21,1584,946
21,1563,955
21,1561,946
21,1536,950
21,1537,944
21,1522,942
21,1521,946
21,1752,950
21,1743,948
21,1739,955
21,1731,949
21,1712,946
21,1641,941
21,1639,936
21,1574,949
21,1674,944
21,1672,939
21,1665,944
21,1609,936
21,1769,927
21,1772,935
21,605,374
21,609,372
21,577,343
21,567,335
21,590,365
21,584,370
21,596,385
21,600,381
21,1084,953
21,1108,924
21,1039,927
21,1075,951
21,1108,941
21,1085,947
21,1096,946
21,1737,1056
21,60,522
22,346,377
22,357,371
22,361,377
22,439,149
22,434,149
22,476,195
22,464,191
22,449,270
22,456,276
22,462,282
22,543,296
22,546,291
22,555,281
22,552,288
22,568,271
22,548,271
22,35,7
22,552,343
22,546,342
22,561,350
22,559,358
22,546,351
22,554,354
22,635,375
22,741,594
22,738,596
22,692,469
22,684,473
22,682,484
22,676,487
22,671,489
22,679,500
22,688,504
22,683,508
22,712,526
22,705,531
22,702,533
22,767,583
22,763,585
22,755,588
22,770,724
22,763,726
22,746,674
22,754,679
22,759,672
22,763,678
22,765,663
22,772,660
22,792,860
22,798,858
22,766,642
22,811,826
22,783,814
22,788,812
22,793,805
22,800,806
22,808,797
22,802,798
22,798,788
22,793,788
22,794,800
22,1066,945
22,1012,947
22,1014,951
22,1015,953
22,1002,945
22,1002,951
22,907,929
22,911,927
22,1024,944
22,1082,915
22,1075,917
22,1080,944
22,1091,954
22,1103,950
22,1110,945
22,1148,947
22,1134,936
22,1132,943
22,1135,947
22,1148,952
22,1131,921
22,1190,935
22,1187,930
22,1199,913
22,1038,917
22,1042,927
22,1048,923
22,1040,944
22,1026,920
22,1059,922
22,1342,930
22,1339,924
22,1318,931
22,1314,923
22,1314,919
22,1299,921
22,1304,928
22,1312,955
22,1308,945
22,1300,955
22,1299,948
22,1368,948
22,1403,958
22,1400,951
22,1370,954
22,1433,930
22,1435,936
22,1419,924
22,1421,930
22,1424,936
22,1441,953
22,1459,929
22,1511,962
22,1506,955
22,1501,942
22,1499,938
22,1310,950
22,1899,947
22,1897,953
22,1891,937
22,1890,944
22,1869,949
22,1854,953
22,1837,959
22,1834,963
22,1841,961
22,1843,954
22,1837,953
22,1817,961
22,1830,951
22,1815,953
22,1809,961
22,1807,955
22,1814,943
22,1828,950
22,1791,951
22,1812,948
22,1784,953
22,1790,962
22,1821,948
22,1779,950
22,1778,956
22,1624,929
22,1581,955
22,1586,946
22,1566,954
22,1564,946
22,1539,950
22,1540,944
22,1526,943
22,1525,947
22,1755,950
22,1743,949
22,1742,955
22,1734,950
22,1715,946
22,1643,942
22,1641,937
22,1577,949
22,1677,945
22,1675,939
22,1668,945
22,1612,937
22,1767,928
22,1769,935
22,607,376
22,611,374
22,579,346
22,569,338
22,593,367
22,586,372
22,598,387
22,602,384
22,1087,953
22,1103,925
22,1034,925
22,1077,951
22,1111,941
22,1088,948
22,1099,944
22,1737,1052
22,63,522
23,349,376
23,360,370
23,363,377
23,441,151
23,436,151
23,478,197
23,466,193
23,544,299
23,548,294
23,556,285
23,553,291
23,569,274
23,551,273
23,38,6
23,554,344
23,549,344
23,564,351
23,563,359
23,548,353
23,557,355
23,633,372
23,743,597
23,739,599
23,694,472
23,686,476
23,684,487
23,678,489
23,673,492
23,680,502
23,690,507
23,685,510
23,714,530
23,706,535
23,704,536
23,766,580
23,762,583
23,754,584
23,770,728
23,763,730
23,747,677
23,754,682
23,759,675
23,764,681
23,766,667
23,774,664
23,793,863
23,799,861
23,767,645
23,813,830
23,784,818
23,789,816
23,794,809
23,801,810
23,808,800
23,803,801
23,799,791
23,794,791
23,795,804
23,1068,944
23,1015,948
23,1017,951
23,1019,953
23,1005,946
23,1005,952
23,909,931
23,913,928
23,1031,948
23,1004,935
23,1085,915
23,1078,918
23,1082,945
23,1094,954
23,1106,950
23,1113,945
23,1151,947
23,1137,936
23,1136,943
23,1137,947
23,1150,952
23,1135,920
23,1192,934
23,1189,929
23,1200,913
23,1032,918
23,1038,926
23,1046,922
23,1038,945
23,1022,923
23,1054,922
23,1345,930
23,1342,925
23,1319,930
23,1316,923
23,1317,918
23,1304,922
23,1309,929
23,1313,956
23,1310,946
23,1302,955
23,1302,948
23,1371,950
23,1406,958
23,1403,952
23,1374,954
23,1437,931
23,1438,936
23,1422,924
23,1423,930
23,1426,936
23,1443,953
23,1463,930
23,1514,962
23,1510,955
23,1505,942
23,1502,938
23,1311,951
23,1901,946
23,1900,952
23,1895,937
23,1894,945
23,1873,947
23,1857,952
23,1839,960
23,1836,963
23,1843,961
23,1847,955
23,1840,952
23,1820,962
23,1837,947
23,1818,953
23,1812,961
23,1809,955
23,1813,944
23,1832,949
23,1794,951
23,1816,948
23,1788,954
23,1793,963
23,1824,948
23,1782,950
23,1780,957
23,1622,930
23,1584,955
23,1588,946
23,1570,954
23,1568,946
23,1542,950
23,1543,944
23,1529,943
23,1529,947
23,1758,950
23,1744,950
23,1745,956
23,1736,952
23,1718,946
23,1645,942
23,1644,938
23,1581,949
23,1680,946
23,1678,939
23,1671,947
23,1616,938
23,1764,928
23,1765,935
23,608,378
23,612,376
23,582,349
23,570,341
23,595,370
23,589,374
23,601,390
23,604,387
23,1089,953
23,1099,926
23,1034,925
23,1080,949
23,1114,941
23,1091,949
23,1103,943
23,1737,1048
23,1563,1072
23,67,522
24,353,375
24,363,369
24,366,377
24,444,154
24,438,154
24,480,198
24,467,194
24,464,272
24,545,301
24,549,297
24,558,288
24,554,294
24,571,277
24,553,275
24,40,5
24,557,346
24,548,345
24,566,353
24,566,361
24,552,355
24,557,356
24,630,370
24,744,601
24,741,603
24,695,475
24,687,479
24,685,489
24,680,492
24,675,494
24,682,504
24,692,509
24,686,513
24,715,533
24,707,538
24,706,539
24,765,578
24,760,580
24,752,581
24,770,731
24,763,733
24,747,680
24,755,685
24,760,678
24,765,684
24,768,671
24,775,668
24,795,865
24,800,864
24,768,649
24,815,834
24,784,821
24,789,819
24,795,814
24,802,815
24,809,803
24,804,804
24,800,794
24,794,794
24,796,808
24,1075,943
24,1018,949
24,1020,952
24,1022,954
24,1008,946
24,1009,952
24,911,932
24,915,930
24,1038,951
24,1004,933
24,1088,915
24,1081,918
24,1086,946
24,1096,954
24,1108,950
24,1117,946
24,1154,947
24,1141,936
24,1139,944
24,1140,947
24,1153,952
24,1139,920
24,1194,934
24,1191,929
24,1202,912
24,1029,919
24,1035,927
24,1043,921
24,1037,945
24,1021,925
24,1052,922
24,1349,931
24,1345,925
24,1321,930
24,1318,923
24,1320,918
24,1308,922
24,1312,930
24,1315,957
24,1312,947
24,1305,956
24,1304,948
24,1374,950
24,1409,957
24,1407,952
24,1377,954
24,1441,931
24,1442,936
24,1424,924
24,1425,930
24,1428,936
24,1445,954
24,1466,931
24,1519,961
24,1514,955
24,1509,943
24,1506,938
24,1313,952
24,1904,946
24,1903,952
24,1900,938
24,1898,946
24,1877,946
24,1859,951
24,1841,960
24,1839,963
24,1846,961
24,1849,955
24,1842,952
24,1823,962
24,1840,946
24,1820,953
24,1814,961
24,1812,955
24,1836,949
24,1796,951
24,1819,948
24,1791,955
24,1797,963
24,1828,948
24,1784,950
24,1783,957
24,1619,931
24,1587,954
24,1592,946
24,1574,953
24,1570,945
24,1545,951
24,1547,944
24,1533,943
24,1533,948
24,1760,950
24,1744,950
24,1748,956
24,1739,953
24,1721,946
24,1648,943
24,1647,938
24,1583,948
24,1683,947
24,1681,939
24,1673,947
24,1620,939
24,1759,928
24,1764,934
24,610,380
24,613,378
24,584,352
24,572,344
24,597,373
24,591,376
24,603,393
24,606,389
24,1091,953
24,1095,927
24,1033,925
24,1083,950
24,1117,941
24,1094,948
24,1106,943
24,1738,1044
24,1563,1070
24,70,522
25,357,373
25,367,368
25,369,376
25,446,156
25,440,156
25,482,200
25,469,196
25,462,273
25,546,304
25,550,300
25,559,291
25,555,297
25,572,280
25,555,277
25,559,349
25,552,349
25,568,354
25,567,363
25,554,357
25,561,361
25,628,367
25,745,604
25,742,606
25,697,478
25,689,481
25,687,492
25,681,494
25,676,497
25,683,507
25,693,512
25,688,515
25,717,536
25,708,542
25,708,542
25,763,575
25,759,578
25,751,577
25,770,735
25,763,736
25,748,684
25,756,689
25,761,682
25,767,688
25,770,675
25,777,672
25,796,868
25,802,867
25,768,652
25,817,838
25,785,825
25,790,823
25,797,818
25,804,819
25,809,806
25,804,807
25,800,797
25,795,798
25,797,812
25,1079,942
25,1021,950
25,1023,953
25,1025,955
25,1011,947
25,1012,953
25,914,933
25,917,931
25,1046,955
25,1005,932
25,1092,916
25,1084,919
25,1089,945
25,1099,955
25,1110,949
25,1120,946
25,1157,948
25,1143,936
25,1142,944
25,1143,947
25,1156,953
25,1142,919
25,1197,933
25,1193,929
25,1203,912
25,1028,919
25,1035,930
25,1040,921
25,1037,945
25,1021,927
25,1049,921
25,1352,931
25,1348,925
25,1325,930
25,1323,924
25,1323,918
25,1311,922
25,1315,930
25,1318,957
25,1316,947
25,1307,956
25,1307,948
25,1378,950
25,1413,957
25,1410,952
25,1381,954
25,1444,931
25,1445,936
25,1426,924
25,1428,930
25,1431,936
25,1448,954
25,1469,932
25,1522,961
25,1518,955
25,1512,945
25,1509,939
25,1316,952
25,1907,947
25,1906,953
25,1904,937
25,1903,945
25,1881,944
25,1861,951
25,1843,960
25,1842,962
25,1848,961
25,1852,955
25,1845,952
25,1827,962
25,1844,945
25,1823,953
25,1817,961
25,1815,954
25,1839,949
25,1799,951
25,1823,948
25,1794,956
25,1800,963
25,1832,947
25,1787,951
25,1785,958
25,1615,931
25,1590,953
25,1597,946
25,1577,953
25,1573,944
25,1549,951
25,1550,944
25,1536,943
25,1537,948
25,1764,951
25,1746,951
25,1752,957
25,1741,954
25,1724,947
25,1651,943
25,1651,938
25,1586,948
25,1686,947
25,1683,940
25,1676,947
25,1624,939
25,1755,928
25,1763,934
25,611,382
25,615,379
25,586,355
25,574,346
25,599,375
25,593,378
25,605,395
25,608,392
25,1089,953
25,1091,929
25,1032,925
25,1086,950
25,1121,941
25,1096,948
25,1109,943
25,1738,1042
25,1564,1067
25,73,522
26,361,373
26,371,368
26,373,376
26,449,159
26,442,159
26,484,202
26,471,198
26,460,274
26,547,307
26,552,303
26,561,295
26,556,300
26,574,283
26,558,280
26,562,352
26,554,350
26,571,356
26,568,366
26,558,359
26,563,362
26,626,364
26,746,607
26,744,610
26,698,481
26,691,484
26,689,495
26,683,496
26,678,500
26,685,509
26,695,515
26,689,517
26,718,540
26,709,545
26,710,545
26,762,573
26,758,576
26,749,573
26,771,739
26,764,740
26,748,687
26,756,692
26,761,685
26,767,691
26,770,678
26,777,675
26,798,871
26,803,869
26,768,656
26,819,842
26,786,828
26,791,827
26,798,822
26,805,823
26,810,809
26,805,810
26,801,800
26,796,801
26,798,817
26,1083,941
26,1024,950
26,1025,953
26,1026,955
26,1014,948
26,1015,954
26,916,935
26,919,932
26,1055,959
26,1006,930
26,1095,916
26,1087,920
26,1092,945
26,1102,955
26,1112,949
26,1123,946
26,1160,948
26,1146,937
26,1146,944
26,1146,947
26,1159,953
26,1146,919
26,1199,933
26,1195,928
26,1205,912
26,1027,919
26,1035,932
26,1038,921
26,1034,946
26,1022,929
26,1046,920
26,1355,931
26,1352,924
26,1328,931
26,1327,925
26,1327,919
26,1314,922
26,1318,930
26,1321,957
26,1319,948
26,1310,957
26,1309,948
26,1381,950
26,1416,956
26,1414,951
26,1384,955
26,1448,930
26,1449,935
26,1428,924
26,1430,930
26,1433,936
26,1450,955
26,1473,934
26,1525,961
26,1521,955
26,1515,946
26,1512,941
26,1318,953
26,1911,949
26,1910,954
26,1909,937
26,1908,944
26,1885,942
26,1863,950
26,1846,960
26,1844,962
26,1851,961
26,1855,955
26,1848,952
26,1830,962
26,1847,945
26,1826,953
26,1820,961
26,1817,954
26,1843,950
26,1802,951
26,1825,948
26,1797,956
26,1802,963
26,1834,947
26,1789,952
26,1788,958
26,1612,931
26,1593,952
26,1602,947
26,1580,952
26,1575,943
26,1552,951
26,1553,944
26,1539,942
26,1541,948
26,1767,951
26,1748,952
26,1755,958
26,1744,955
26,1727,948
26,1655,944
26,1654,937
26,1589,947
26,1688,948
26,1686,940
26,1678,947
26,1629,939
26,1752,928
26,1759,934
26,613,385
26,616,381
26,588,358
26,576,349
26,600,378
26,595,380
26,608,398
26,610,394
26,1093,953
26,1087,929
26,1032,925
26,1089,950
26,1124,941
26,1099,948
26,1111,943
26,1739,1039
26,1565,1065
26,76,521
27,364,373
27,374,367
27,377,376
27,451,160
27,444,162
27,486,204
27,474,201
27,458,275
27,549,309
27,553,305
27,562,298
27,557,302
27,576,285
27,561,283
27,563,352
27,555,351
27,572,357
27,568,363
27,560,361
27,564,363
27,623,362
27,747,611
27,745,614
27,700,484
27,693,487
27,691,497
27,685,499
27,680,502
27,686,511
27,697,517
27,691,520
27,720,543
27,710,549
27,712,548
27,761,570
27,757,574
27,748,569
27,771,743
27,764,743
27,749,691
27,757,695
27,762,689
27,767,694
27,771,681
27,778,679
27,799,873
27,804,872
27,768,660
27,821,845
27,786,832
27,791,831
27,799,826
27,806,827
27,811,812
27,806,813
27,802,803
27,796,804
27,800,821
27,1087,940
27,1026,950
27,1027,953
27,1028,955
27,1017,948
27,1018,954
27,918,936
27,921,934
27,1063,962
27,1006,928
27,1098,916
27,1090,920
27,1092,947
27,1104,955
27,1115,950
27,1127,946
27,1163,948
27,1149,937
27,1149,944
27,1149,947
27,1162,953
27,1150,919
27,1201,932
27,1197,928
27,1207,912
27,1026,919
27,1035,935
27,1035,921
27,1031,946
27,1022,931
27,1043,919
27,1359,931
27,1355,923
27,1331,932
27,1332,926
27,1330,920
27,1316,922
27,1320,930
27,1324,957
27,1322,948
27,1312,957
27,1311,948
27,1384,950
27,1419,955
27,1417,951
27,1387,955
27,1451,930
27,1452,935
27,1431,924
27,1432,930
27,1435,936
27,1452,956
27,1476,935
27,1528,961
27,1524,955
27,1519,948
27,1516,942
27,1320,953
27,1911,949
27,1910,954
27,1909,937
27,1908,944
27,1889,941
27,1865,949
27,1848,959
27,1848,962
27,1854,960
27,1858,954
27,1851,951
27,1833,962
27,1850,946
27,1830,953
27,1823,961
27,1820,954
27,1847,952
27,1805,951
27,1828,947
27,1801,956
27,1805,962
27,1837,946
27,1791,953
27,1790,959
27,1608,931
27,1596,952
27,1607,947
27,1583,952
27,1578,943
27,1556,951
27,1556,944
27,1542,942
27,1545,948
27,1771,951
27,1751,953
27,1758,958
27,1747,956
27,1730,949
27,1658,944
27,1658,937
27,1592,947
27,1691,948
27,1689,941
27,1681,947
27,1633,939
27,1749,928
27,1755,935
27,614,387
27,617,382
27,590,360
27,578,352
27,602,381
27,597,382
27,610,401
27,612,397
27,1097,952
27,1082,928
27,1034,926
27,1093,948
27,1127,941
27,1101,948
27,1116,943
27,1739,1037
27,1565,1063
27,79,520
28,367,373
28,376,367
28,453,162
28,446,166
28,489,206
28,476,203
28,456,276
28,551,312
28,554,308
28,564,301
28,559,305
28,578,288
28,564,286
28,565,352
28,557,353
28,574,358
28,569,360
28,563,363
28,565,364
28,621,359
28,748,614
28,745,616
28,701,487
28,695,490
28,693,500
28,687,501
28,682,505
28,687,514
28,699,520
28,692,522
28,721,547
28,711,552
28,714,551
28,759,568
28,756,572
28,747,565
28,771,747
28,764,747
28,750,695
28,758,698
28,763,693
28,768,697
28,772,685
28,779,683
28,801,876
28,806,875
28,769,663
28,823,849
28,787,835
28,792,834
28,800,830
28,807,831
28,811,815
28,807,816
28,803,806
28,797,808
28,801,825
28,1091,939
28,1028,950
28,1029,953
28,1030,955
28,1021,949
28,1022,955
28,920,937
28,924,935
28,1072,965
28,1007,927
28,1101,917
28,1094,922
28,1092,949
28,1107,955
28,1117,951
28,1130,947
28,1166,948
28,1152,938
28,1152,944
28,1152,947
28,1165,953
28,1152,919
28,1204,931
28,1199,927
28,1208,912
28,1025,919
28,1035,937
28,1033,921
28,1029,945
28,1022,933
28,1040,919
28,1362,931
28,1359,923
28,1334,933
28,1337,927
28,1334,921
28,1319,922
28,1323,930
28,1327,958
28,1325,949
28,1315,958
28,1314,949
28,1387,949
28,1422,955
28,1421,951
28,1390,955
28,1455,930
28,1456,935
28,1433,925
28,1434,930
28,1437,936
28,1455,957
28,1479,936
28,1531,961
28,1527,955
28,1522,949
28,1519,942
28,1323,954
28,1911,949
28,1910,954
28,1909,937
28,1908,944
28,1893,941
28,1868,949
28,1851,958
28,1853,962
28,1858,959
28,1860,953
28,1853,950
28,1836,962
28,1853,945
28,1835,954
28,1826,961
28,1823,954
28,1849,952
28,1808,951
28,1830,947
28,1804,956
28,1807,962
28,1839,946
28,1793,954
28,1793,959
28,1605,931
28,1598,951
28,1612,948
28,1586,952
28,1581,943
28,1559,951
28,1559,944
28,1546,942
28,1548,948
28,1774,952
28,1754,954
28,1761,959
28,1751,957
28,1734,950
28,1661,945
28,1661,938
28,1595,946
28,1693,949
28,1692,942
28,1683,947
28,1635,940
28,1746,928
28,1751,935
28,615,389
28,618,383
28,592,363
28,579,354
28,603,383
28,599,384
28,612,403
28,613,399
28,1100,953
28,1077,928
28,1035,927
28,1096,947
28,1129,941
28,1104,948
28,1121,943
28,1739,1034
28,1566,1060
28,83,519
29,454,165
29,448,169
29,489,208
29,477,203
29,454,277
29,553,314
29,555,310
29,566,305
29,561,308
29,580,291
29,567,290
29,567,353
29,559,355
29,575,360
29,571,361
29,565,365
29,567,365
29,618,356
29,749,617
29,746,619
29,703,490
29,697,492
29,695,502
29,688,504
29,683,507
29,689,516
29,700,522
29,694,525
29,723,550
29,712,556
29,717,554
29,758,565
29,755,569
29,745,561
29,771,751
29,764,750
29,751,699
29,758,701
29,763,696
29,768,700
29,773,688
29,779,686
29,802,878
29,807,877
29,769,667
29,826,853
29,788,839
29,793,838
29,801,834
29,808,835
29,812,818
29,808,819
29,804,809
29,798,810
29,802,829
29,1096,938
29,1031,950
29,1031,953
29,1032,956
29,1024,950
29,1025,955
29,923,939
29,926,937
29,1079,965
29,1007,925
29,1105,918
29,1098,924
29,1096,951
29,1111,957
29,1119,952
29,1134,946
29,1170,949
29,1155,938
29,1154,943
29,1155,948
29,1170,952
29,1155,919
29,1206,931
29,1201,927
29,1210,912
29,1024,918
29,1035,937
29,1031,920
29,1030,945
29,1022,929
29,1036,920
29,1363,931
29,1360,923
29,1337,933
29,1339,927
29,1336,921
29,1322,922
29,1325,930
29,1330,959
29,1327,949
29,1316,958
29,1315,949
29,1389,949
29,1425,955
29,1425,951
29,1393,955
29,1458,930
29,1458,936
29,1436,926
29,1436,930
29,1440,936
29,1457,957
29,1483,937
29,1533,960
29,1529,955
29,1526,949
29,1521,942
29,1325,954
29,1896,940
29,1872,949
29,1854,958
29,1857,962
29,1861,959
29,1863,952
29,1855,949
29,1838,963
29,1856,944
29,1841,952
29,1828,962
29,1825,955
29,1851,951
29,1811,951
29,1833,947
29,1807,957
29,1810,962
29,1842,946
29,1796,954
29,1797,960
29,1602,931
29,1601,951
29,1617,948
29,1589,952
29,1584,943
29,1563,951
29,1562,944
29,1549,942
29,1551,948
29,1776,952
29,1758,954
29,1765,959
29,1754,957
29,1738,951
29,1663,945
29,1663,939
29,1597,946
29,1697,950
29,1695,943
29,1686,949
29,1637,940
29,1743,929
29,1748,936
29,617,391
29,620,386
29,595,365
29,582,358
29,605,385
29,602,387
29,614,405
29,616,401
29,1103,954
29,1073,926
29,1036,927
29,1099,945
29,1134,943
29,1108,950
29,1122,946
29,1738,1031
29,1566,1058
29,86,518
30,456,168
30,451,171
30,490,209
30,478,204
30,555,317
30,560,312
30,568,304
30,563,309
30,581,294
30,569,293
30,569,353
30,561,357
30,577,361
30,571,364
30,568,367
30,568,366
30,616,354
30,750,621
30,747,622
30,704,493
30,699,495
30,697,505
30,690,506
30,685,510
30,690,518
30,702,525
30,695,527
30,724,553
30,713,559
30,719,557
30,757,563
30,753,567
30,745,558
30,772,754
30,765,753
30,752,703
30,759,705
30,764,700
30,768,703
30,774,691
30,780,690
30,804,881
30,810,878
30,769,670
30,828,856
30,788,842
30,793,841
30,801,839
30,809,838
30,814,821
30,808,822
30,804,812
30,798,813
30,803,834
30,1101,937
30,1033,949
30,1034,953
30,1035,956
30,1026,950
30,1027,955
30,927,940
30,930,937
30,1084,965
30,1008,924
30,1108,919
30,1103,926
30,1100,950
30,1111,956
30,1123,952
30,1138,947
30,1174,949
30,1160,939
30,1158,945
30,1159,949
30,1173,954
30,1159,919
30,1208,931
30,1203,926
30,1212,912
30,1022,917
30,1035,936
30,1031,919
30,1029,946
30,1022,929
30,1032,921
30,1364,931
30,1361,924
30,1341,933
30,1341,928
30,1338,921
30,1325,923
30,1327,929
30,1333,960
30,1329,950
30,1318,958
30,1317,950
30,1392,949
30,1428,955
30,1428,951
30,1397,955
30,1462,931
30,1460,937
30,1439,927
30,1439,930
30,1443,936
30,1460,958
30,1487,938
30,1536,959
30,1531,954
30,1529,949
30,1523,942
30,1328,954
30,1900,940
30,1875,949
30,1857,957
30,1862,962
30,1865,958
30,1865,951
30,1857,948
30,1841,963
30,1860,944
30,1848,950
30,1831,962
30,1828,955
30,1854,951
30,1815,952
30,1837,947
30,1811,958
30,1813,963
30,1846,946
30,1798,953
30,1801,960
30,1598,931
30,1603,951
30,1621,948
30,1593,952
30,1587,943
30,1566,952
30,1565,945
30,1553,943
30,1554,948
30,1778,953
30,1763,955
30,1768,960
30,1758,957
30,1743,952
30,1666,945
30,1666,940
30,1600,946
30,1700,951
30,1697,944
30,1688,950
30,1640,940
30,1740,929
30,1745,936
30,618,393
30,621,388
30,597,368
30,585,362
30,608,386
30,604,389
30,615,406
30,620,403
30,1103,955
30,1069,925
30,1038,928
30,1102,945
30,1737,1028
30,1566,1056
30,91,519
