1,774,928
1,740,904
1,748,890
1,685,906
1,657,796
1,668,794
1,844,816
1,802,805
1,852,802
1,857,782
1,580,683
1,669,700
1,1148,806
1,1120,801
1,1120,753
1,1109,740
1,1155,697
1,810,753
1,788,738
1,756,710
1,765,705
1,773,408
1,1421,872
1,1420,843
1,1412,815
1,1363,730
1,1361,706
1,1487,763
1,1501,813
1,1510,798
1,1484,775
1,1473,861
1,1499,856
1,1514,853
1,1159,689
2,780,930
2,747,914
2,754,901
2,686,902
2,658,802
2,670,800
2,859,822
2,817,816
2,861,807
2,870,786
2,592,688
2,679,710
2,1135,810
2,1104,802
2,1114,760
2,1103,746
2,1148,700
2,827,758
2,801,752
2,769,724
2,777,716
2,766,411
2,1435,872
2,1423,843
2,1414,815
2,1348,731
2,1348,703
2,1480,759
2,1494,811
2,1501,799
2,1472,774
2,1482,868
2,1494,847
2,1511,844
2,1151,690
3,751,921
3,757,910
3,687,898
3,659,806
3,675,807
3,870,829
3,829,822
3,874,810
3,881,789
3,604,688
3,686,723
3,1120,807
3,1089,797
3,1105,760
3,1094,745
3,1141,703
3,842,759
3,810,757
3,779,731
3,787,722
3,756,413
3,1449,873
3,1426,843
3,1417,816
3,1339,728
3,1338,702
3,1471,753
3,1487,805
3,1491,794
3,1466,767
3,1493,874
3,1496,835
3,1507,834
3,1144,692
3,650,695
4,762,920
4,688,894
4,657,807
4,680,812
4,882,834
4,841,827
4,887,814
4,893,793
4,615,687
4,692,739
4,1105,804
4,1075,793
4,1096,761
4,1086,745
4,1134,705
4,857,759
4,820,761
4,789,737
4,796,728
4,745,414
4,1461,873
4,1429,844
4,1419,816
4,1333,724
4,1329,702
4,1461,746
4,1477,797
4,1479,788
4,1458,758
4,1502,881
4,1493,827
4,1504,824
4,1135,691
4,657,705
4,425,481
5,689,890
5,661,813
5,680,815
5,897,834
5,849,832
5,899,818
5,904,794
5,624,687
5,700,754
5,1090,801
5,1061,789
5,1087,762
5,1078,745
5,1125,706
5,874,755
5,835,766
5,801,739
5,806,729
5,734,415
5,1477,877
5,1433,845
5,1422,817
5,1324,721
5,1319,696
5,1456,736
5,1468,796
5,1471,782
5,1450,753
5,1511,890
5,1494,816
5,1501,812
5,1125,690
5,662,714
5,664,688
5,717,681
5,415,483
6,689,887
6,666,823
6,682,824
6,910,837
6,862,835
6,911,823
6,918,796
6,631,689
6,706,764
6,1075,797
6,1049,784
6,1080,764
6,1068,747
6,1115,705
6,889,757
6,846,773
6,813,743
6,819,731
6,723,416
6,1487,882
6,1438,842
6,1424,818
6,1314,719
6,1309,695
6,1446,731
6,1458,789
6,1459,776
6,1442,746
6,1520,897
6,1487,802
6,1496,798
6,1115,691
6,667,723
6,680,697
6,728,696
6,406,486
7,687,886
7,671,834
7,685,832
7,922,841
7,875,838
7,923,827
7,931,798
7,640,692
7,712,773
7,1060,792
7,1036,779
7,1073,766
7,1059,749
7,1103,704
7,904,759
7,856,779
7,824,746
7,833,732
7,712,417
7,1498,886
7,1444,842
7,1427,818
7,1303,717
7,1301,694
7,1438,724
7,1447,784
7,1448,771
7,1433,737
7,1527,908
7,1482,790
7,1491,786
7,1104,692
7,673,732
7,694,706
7,737,707
7,652,684
7,395,485
7,711,681
8,685,884
8,679,845
8,691,838
8,932,844
8,887,844
8,935,830
8,943,803
8,651,697
8,720,784
8,1048,791
8,1023,778
8,1064,764
8,1051,749
8,1093,705
8,918,761
8,867,782
8,837,748
8,843,734
8,701,417
8,1509,894
8,1452,844
8,1431,819
8,1291,716
8,1292,693
8,1429,716
8,1436,779
8,1439,762
8,1425,731
8,1530,923
8,1476,780
8,1483,775
8,1094,693
8,676,742
8,706,713
8,745,716
8,666,695
8,383,482
8,720,686
8,741,679
9,684,884
9,686,855
9,697,844
9,942,847
9,899,849
9,947,834
9,955,808
9,657,707
9,728,795
9,1036,790
9,1009,776
9,1056,762
9,1044,750
9,1083,707
9,933,762
9,878,786
9,851,750
9,853,736
9,690,417
9,1518,904
9,1460,846
9,1438,820
9,1281,716
9,1281,694
9,1420,708
9,1426,771
9,1431,753
9,1416,724
9,1536,932
9,1469,771
9,1475,764
9,1084,694
9,680,751
9,720,719
9,752,723
9,670,707
9,372,482
9,1575,807
9,728,690
9,754,693
9,700,680
10,686,885
10,696,864
10,700,852
10,960,850
10,911,852
10,962,834
10,969,809
10,663,717
10,734,807
10,1024,787
10,996,776
10,1050,762
10,1036,752
10,1074,707
10,951,757
10,891,792
10,865,753
10,865,738
10,678,419
10,1526,916
10,1467,850
10,1450,824
10,1270,716
10,1269,694
10,1415,701
10,1417,763
10,1423,747
10,1409,714
10,1543,944
10,1463,761
10,1470,756
10,1076,693
10,684,761
10,732,726
10,758,734
10,674,720
10,362,482
10,1564,929
10,1569,804
10,737,700
10,765,703
10,713,693
11,688,886
11,705,876
11,704,859
11,977,854
11,923,855
11,977,834
11,984,811
11,668,728
11,741,821
11,1011,784
11,983,776
11,1044,763
11,1028,754
11,1066,707
11,968,751
11,903,798
11,878,755
11,876,740
11,666,421
11,1534,927
11,1474,854
11,1462,830
11,1258,716
11,1257,693
11,1411,692
11,1409,755
11,1415,739
11,1404,703
11,1550,955
11,1459,752
11,1465,747
11,1068,691
11,687,771
11,744,735
11,767,744
11,678,730
11,352,482
11,1558,919
11,1564,800
11,747,706
11,777,712
11,722,706
11,638,689
12,691,887
12,712,888
12,708,866
12,990,855
12,936,860
12,990,836
12,996,815
12,673,740
12,747,837
12,997,782
12,969,775
12,1036,766
12,1019,756
12,1058,708
12,982,751
12,914,803
12,892,754
12,889,741
12,656,423
12,1542,938
12,1483,860
12,1474,836
12,1247,716
12,1245,692
12,1401,683
12,1401,745
12,1411,729
12,1392,695
12,1554,962
12,1449,743
12,1457,739
12,1059,692
12,691,781
12,758,736
12,776,761
12,683,739
12,343,484
12,1559,907
12,1557,794
12,757,711
12,789,722
12,731,719
12,648,701
13,693,888
13,717,892
13,710,874
13,1003,856
13,949,865
13,1004,837
13,1009,820
13,676,754
13,750,852
13,983,780
13,956,774
13,1027,769
13,1009,758
13,1049,707
13,998,744
13,925,808
13,905,753
13,902,741
13,645,424
13,1547,952
13,1491,868
13,1483,841
13,1236,716
13,1234,691
13,1396,674
13,1397,735
13,1405,719
13,1386,686
13,1558,968
13,1441,734
13,1450,729
13,1049,694
13,695,791
13,776,745
13,784,768
13,688,751
13,333,486
13,1557,897
13,1550,787
13,1566,890
13,764,714
13,803,727
13,742,733
13,651,711
14,696,890
14,726,898
14,713,883
14,1016,858
14,963,869
14,1016,838
14,1020,822
14,679,767
14,756,868
14,972,778
14,945,772
14,1019,773
14,1003,761
14,1039,707
14,1023,743
14,936,813
14,918,752
14,914,740
14,633,425
14,1552,963
14,1497,876
14,1491,845
14,1226,715
14,1224,691
14,1392,664
14,1394,725
14,1398,710
14,1383,676
14,1434,726
14,1443,720
14,1039,694
14,699,801
14,786,749
14,787,782
14,693,764
14,322,487
14,1552,891
14,1544,782
14,1562,886
14,773,719
14,817,732
14,754,746
14,657,724
15,700,893
15,737,906
15,717,892
15,1031,862
15,978,871
15,1028,840
15,1032,824
15,684,780
15,761,885
15,962,776
15,933,768
15,1012,776
15,997,763
15,1029,706
15,1034,743
15,946,816
15,932,752
15,924,740
15,621,427
15,1559,978
15,1502,884
15,1499,851
15,1216,714
15,1214,691
15,1390,714
15,1396,701
15,1376,663
15,1559,979
15,1425,719
15,1434,712
15,1030,695
15,703,811
15,801,757
15,788,800
15,698,777
15,311,488
15,1548,881
15,1536,776
15,1560,880
15,1559,937
15,782,726
15,832,738
15,766,758
15,664,738
16,705,898
16,747,915
16,722,902
16,1046,861
16,990,876
16,1041,840
16,1045,824
16,689,791
16,767,902
16,947,774
16,921,765
16,1004,776
16,991,763
16,1019,706
16,1046,743
16,957,821
16,944,749
16,938,737
16,609,430
16,1507,892
16,1508,859
16,1206,713
16,1204,691
16,1382,700
16,1393,689
16,1417,711
16,1426,702
16,1020,696
16,707,820
16,815,763
16,785,813
16,705,790
16,301,487
16,1544,870
16,1528,769
16,1559,873
16,1557,927
16,793,726
16,848,738
16,780,770
16,667,746
17,709,905
17,757,922
17,730,907
17,1061,861
17,1003,880
17,1055,840
17,1059,824
17,698,800
17,777,911
17,936,770
17,906,762
17,996,776
17,984,763
17,1008,706
17,1060,744
17,968,828
17,956,746
17,948,735
17,598,433
17,1512,901
17,1515,868
17,1195,714
17,1193,692
17,1377,686
17,1387,676
17,1409,703
17,1418,697
17,1010,697
17,713,829
17,828,766
17,779,827
17,711,800
17,291,487
17,1541,861
17,1521,761
17,1556,863
17,1555,917
17,1566,899
17,805,727
17,863,739
17,794,781
17,671,756
18,716,911
18,733,914
18,1068,858
18,1015,882
18,1068,839
18,1070,826
18,702,811
18,791,921
18,922,768
18,894,760
18,988,779
18,977,765
18,998,708
18,1077,748
18,978,833
18,970,744
18,960,732
18,586,435
18,1518,911
18,1519,876
18,1182,716
18,1183,691
18,1373,676
18,1384,668
18,1403,690
18,1411,687
18,998,697
18,716,841
18,840,771
18,777,839
18,718,812
18,281,485
18,1539,853
18,1515,754
18,1551,851
18,1552,906
18,1562,891
18,818,730
18,878,740
18,808,791
18,675,768
18,17,460
18,14,444
19,1080,856
19,1026,884
19,1081,840
19,1082,825
19,706,822
19,803,926
19,909,766
19,882,759
19,980,781
19,970,768
19,988,708
19,1093,751
19,987,836
19,983,743
19,973,730
19,575,437
19,1523,919
19,1519,882
19,1167,715
19,1170,690
19,1396,682
19,1403,676
19,988,697
19,720,852
19,853,778
19,777,849
19,723,824
19,272,484
19,1536,843
19,1507,747
19,1547,841
19,1549,895
19,1559,883
19,1576,808
19,828,726
19,893,738
19,821,801
19,679,780
19,30,457
19,23,444
20,1095,855
20,1041,884
20,1093,842
20,1095,823
20,710,833
20,819,929
20,898,764
20,868,756
20,972,783
20,962,770
20,978,708
20,1109,755
20,1000,838
20,996,745
20,988,730
20,563,439
20,1529,926
20,1523,890
20,1157,712
20,1153,690
20,1390,671
20,1398,668
20,979,694
20,725,861
20,866,784
20,775,859
20,725,834
20,262,482
20,1532,834
20,1496,738
20,1544,831
20,1546,887
20,1555,876
20,1574,800
20,839,723
20,909,737
20,834,810
20,683,792
20,43,455
20,33,442
21,1109,856
21,1056,882
21,1106,842
21,1108,823
21,709,846
21,835,930
21,884,761
21,854,751
21,963,785
21,952,771
21,968,707
21,1125,757
21,1011,846
21,1010,747
21,1001,730
21,554,443
21,1537,933
21,1528,899
21,1147,712
21,1141,691
21,1384,664
21,1389,661
21,969,693
21,728,871
21,876,787
21,768,872
21,725,845
21,253,480
21,1528,827
21,1489,731
21,1540,823
21,1542,878
21,1551,867
21,1571,790
21,850,726
21,924,739
21,849,815
21,687,804
21,55,451
21,45,438
22,1123,858
22,1070,880
22,1119,840
22,1123,825
22,709,859
22,851,933
22,871,757
22,840,746
22,956,784
22,944,772
22,958,706
22,1140,757
22,1022,856
22,1023,750
22,1014,731
22,1544,939
22,1532,908
22,1137,712
22,1131,691
22,959,691
22,729,884
22,894,795
22,766,883
22,724,857
22,243,479
22,1523,820
22,1483,725
22,1536,815
22,1538,868
22,1547,857
22,1571,781
22,861,728
22,939,741
22,862,821
22,696,812
22,66,448
22,58,435
23,1137,857
23,1084,884
23,1133,838
23,1137,823
23,710,872
23,867,935
23,857,752
23,825,740
23,948,782
23,937,772
23,949,705
23,1155,759
23,1032,856
23,1035,751
23,1027,734
23,1551,943
23,1539,918
23,1127,712
23,1121,691
23,949,691
23,730,896
23,908,798
23,765,894
23,724,868
23,233,474
23,1519,813
23,1473,719
23,1531,805
23,1534,858
23,1544,847
23,1570,771
23,1584,765
23,1563,912
23,872,730
23,954,741
23,877,826
23,704,821
23,78,445
23,70,431
24,1149,856
24,1098,886
24,1146,838
24,1150,823
24,712,882
24,878,936
24,844,748
24,811,731
24,940,780
24,931,772
24,939,704
24,1171,761
24,1045,855
24,1046,751
24,1040,737
24,1559,952
24,1548,925
24,1117,712
24,1112,690
24,940,691
24,734,906
24,923,798
24,765,904
24,727,877
24,225,469
24,1516,802
24,1463,713
24,1528,797
24,1531,849
24,1543,839
24,1567,763
24,1582,758
24,1561,900
24,1569,899
24,884,732
24,971,741
24,896,832
24,707,833
24,88,442
24,80,428
25,1159,854
25,1112,886
25,1158,838
25,1163,823
25,712,892
25,895,937
25,832,743
25,800,724
25,924,784
25,918,765
25,929,705
25,1189,765
25,1061,853
25,1059,753
25,1054,739
25,1557,936
25,1107,711
25,1104,689
25,930,692
25,938,801
25,773,911
25,728,887
25,216,466
25,1511,793
25,1455,706
25,1524,788
25,1525,840
25,1540,828
25,1564,757
25,1576,751
25,1555,889
25,1568,890
25,894,734
25,986,742
25,912,833
25,716,845
25,98,439
25,88,426
26,1173,854
26,1127,887
26,1171,840
26,1175,822
26,716,901
26,910,940
26,819,735
26,789,716
26,914,781
26,909,764
26,918,706
26,1205,769
26,1077,852
26,1073,754
26,1069,742
26,1096,710
26,1095,688
26,918,693
26,953,805
26,784,918
26,733,896
26,208,463
26,1507,785
26,1448,699
26,1520,779
26,1519,830
26,1536,817
26,1561,755
26,1572,746
26,1552,882
26,1565,882
26,904,741
26,1004,746
26,926,842
26,723,853
26,648,685
26,107,436
26,97,424
27,1189,856
27,1139,886
27,1186,842
27,1188,822
27,924,945
27,804,725
27,775,710
27,903,782
27,901,763
27,908,703
27,1220,772
27,1087,854
27,1087,756
27,1084,745
27,1085,710
27,1085,688
27,908,692
27,969,814
27,795,924
27,741,904
27,200,459
27,1500,775
27,1440,691
27,1514,769
27,1511,819
27,1534,807
27,1559,748
27,1570,740
27,1550,874
27,1562,873
27,1595,712
27,915,747
27,1019,748
27,943,846
27,730,865
27,662,696
27,117,433
27,105,422
28,1201,857
28,1152,885
28,1199,843
28,1201,823
28,941,946
28,797,722
28,762,702
28,891,780
28,893,764
28,899,704
28,1238,774
28,1097,856
28,1100,759
28,1100,746
28,1076,711
28,1072,689
28,898,694
28,984,822
28,807,930
28,750,913
28,191,455
28,1496,766
28,1435,684
28,1508,759
28,1508,809
28,1531,797
28,1556,741
28,1567,735
28,1546,866
28,1558,864
28,1593,704
28,925,753
28,1032,751
28,961,848
28,739,878
28,674,706
28,126,432
28,115,421
29,1214,859
29,1166,885
29,1212,845
29,1215,825
29,953,951
29,787,717
29,750,693
29,880,777
29,884,764
29,890,705
29,1262,778
29,1108,858
29,1113,763
29,1114,748
29,1065,712
29,1061,690
29,888,695
29,999,827
29,819,933
29,758,920
29,184,452
29,1491,757
29,1428,677
29,1502,750
29,1506,799
29,1529,786
29,1552,736
29,1564,732
29,1542,858
29,1553,855
29,1590,695
29,940,761
29,1048,753
29,975,853
29,747,887
29,688,716
29,136,434
29,125,420
30,1226,863
30,1182,887
30,1227,848
30,1223,825
30,968,956
30,772,705
30,738,685
30,870,773
30,874,759
30,879,707
30,1269,782
30,1122,858
30,1125,765
30,1124,753
30,1052,715
30,1051,691
30,881,695
30,1013,829
30,832,935
30,767,920
30,177,449
30,1484,751
30,1418,669
30,1495,741
30,1503,788
30,1527,776
30,1545,736
30,1561,728
30,1537,851
30,1549,848
30,1586,684
30,952,764
30,1064,757
30,990,858
30,757,900
30,702,724
30,146,435
30,135,420
