1,706,554
1,908,392
1,1381,563
1,1364,543
1,1364,536
1,1333,518
1,1306,468
1,926,335
1,889,336
1,952,336
1,925,342
1,1420,336
1,1365,338
1,1344,352
1,1306,333
1,1315,361
1,1317,364
1,1381,369
1,1389,384
1,1291,370
1,1294,355
1,1282,356
1,1283,362
1,1282,302
1,1301,301
1,1293,326
1,1289,336
1,1296,347
1,1261,312
1,1447,377
1,1444,385
1,1501,480
2,706,554
2,1382,569
2,1368,549
2,1368,543
2,1340,523
2,1309,471
2,920,337
2,883,339
2,959,336
2,931,342
2,1414,335
2,1356,337
2,1341,352
2,1309,334
2,1319,362
2,1323,367
2,1388,369
2,1393,384
2,1291,370
2,1301,358
2,1289,360
2,1290,366
2,1278,302
2,1304,304
2,1297,328
2,1284,339
2,1293,347
2,1265,314
2,1444,377
2,1448,386
2,1499,478
3,706,554
3,1383,575
3,1372,555
3,1371,549
3,1346,527
3,1313,474
3,915,339
3,876,341
3,965,336
3,936,342
3,1408,335
3,1350,334
3,1338,353
3,1313,336
3,1324,364
3,1329,370
3,1395,369
3,1396,384
3,1291,371
3,1307,361
3,1296,363
3,1297,369
3,1273,302
3,1307,308
3,1301,330
3,1279,340
3,1290,348
3,1270,317
3,1441,378
3,1452,387
3,1497,477
4,706,554
4,1383,580
4,1374,560
4,1374,555
4,1351,531
4,1317,478
4,909,340
4,869,344
4,970,336
4,940,342
4,1402,333
4,1340,334
4,1333,353
4,1317,338
4,1329,364
4,1335,370
4,1401,368
4,1399,383
4,1291,371
4,1312,362
4,1301,366
4,1303,372
4,1267,302
4,1309,312
4,1304,331
4,1274,339
4,1285,348
4,1273,319
4,1437,378
4,1455,387
4,1495,476
5,706,555
5,1382,585
5,1376,566
5,1377,560
5,1322,482
5,905,341
5,861,346
5,975,335
5,945,342
5,1395,331
5,1331,331
5,1329,352
5,1321,340
5,1335,365
5,1340,370
5,1407,366
5,1402,382
5,1291,372
5,1317,364
5,1306,369
5,1309,375
5,1311,315
5,1306,332
5,1269,339
5,1280,349
5,1276,321
5,1432,377
5,1447,368
5,1445,378
5,1492,473
6,706,555
6,1380,590
6,1376,572
6,1378,566
6,1358,542
6,1326,486
6,898,343
6,981,334
6,950,340
6,934,342
6,1388,330
6,1321,328
6,1325,351
6,1324,340
6,1341,365
6,1344,370
6,1412,364
6,1405,382
6,1291,372
6,1322,365
6,1313,370
6,1316,377
6,1314,319
6,1309,333
6,1264,339
6,1275,349
6,1280,324
6,1428,375
6,1442,368
6,1441,378
6,1487,467
7,706,555
7,1378,595
7,1376,577
7,1379,572
7,1363,548
7,1330,490
7,891,345
7,988,333
7,955,339
7,941,344
7,1380,329
7,1312,323
7,1320,351
7,1326,340
7,1346,365
7,1349,371
7,1418,360
7,1408,382
7,1290,373
7,1328,366
7,1319,372
7,1322,378
7,1317,322
7,1313,334
7,1269,348
7,1283,325
7,1425,374
7,1437,368
7,1437,378
7,1482,462
8,706,556
8,1376,599
8,1375,582
8,1378,576
8,1366,552
8,1335,494
8,886,345
8,821,381
8,995,333
8,960,339
8,947,343
8,933,345
8,1373,327
8,1304,318
8,1318,349
8,1329,340
8,1351,365
8,1355,372
8,1425,359
8,1411,382
8,1290,373
8,1334,367
8,1326,372
8,1328,379
8,1322,325
8,1316,334
8,1287,326
8,1420,371
8,1433,367
8,1433,376
8,1478,457
9,706,556
9,1372,601
9,1373,586
9,1375,580
9,1369,556
9,1339,498
9,879,346
9,825,382
9,908,375
9,907,383
9,1000,331
9,965,338
9,952,342
9,939,348
9,1365,326
9,1296,312
9,1315,348
9,1332,339
9,1357,366
9,1361,374
9,1431,358
9,1415,382
9,1290,373
9,1340,367
9,1332,373
9,1334,380
9,1327,326
9,1320,335
9,1292,328
9,1415,368
9,1428,367
9,1429,375
9,1474,453
10,706,556
10,1369,604
10,1368,588
10,1372,584
10,1373,561
10,831,384
10,903,376
10,904,385
10,1005,330
10,970,337
10,957,342
10,942,350
10,912,333
10,1358,327
10,1288,308
10,1310,348
10,1335,339
10,1363,367
10,1366,376
10,1440,357
10,1418,382
10,1290,373
10,1346,367
10,1339,374
10,1341,382
10,1334,328
10,1323,335
10,1297,331
10,1412,367
10,1423,366
10,1425,374
10,1446,375
10,1469,449
11,706,557
11,1366,606
11,1363,590
11,1367,587
11,1373,566
11,1348,506
11,868,351
11,835,384
11,897,376
11,898,386
11,1011,329
11,976,336
11,962,342
11,942,350
11,948,338
11,909,338
11,1349,326
11,1281,305
11,1305,347
11,1339,339
11,1368,367
11,1371,378
11,1447,358
11,1422,382
11,1290,373
11,1352,366
11,1346,376
11,1348,383
11,1341,330
11,1327,335
11,1302,332
11,1408,365
11,1420,365
11,1421,372
11,1443,376
11,1465,444
12,706,557
12,1363,607
12,1355,592
12,1360,589
12,1374,571
12,1351,510
12,862,352
12,839,385
12,891,377
12,893,386
12,1016,329
12,982,334
12,967,342
12,942,350
12,955,337
12,903,338
12,1341,325
12,1273,303
12,1300,347
12,1341,339
12,1374,369
12,1376,378
12,1426,382
12,1290,373
12,1358,365
12,1352,377
12,1354,384
12,1346,331
12,1330,336
12,1307,333
12,1403,363
12,1415,363
12,1417,371
12,1438,374
12,1461,439
13,706,557
13,1360,609
13,1352,590
13,1374,576
13,1354,515
13,855,353
13,842,387
13,886,377
13,888,386
13,1022,327
13,986,332
13,972,342
13,942,350
13,962,336
13,898,339
13,1334,325
13,1265,303
13,1295,347
13,1344,339
13,1380,371
13,1382,379
13,1431,382
13,1290,373
13,1363,366
13,1358,378
13,1361,385
13,1352,333
13,1333,336
13,1312,334
13,1399,361
13,1411,362
13,1412,370
13,1434,374
13,1455,434
14,704,557
14,1355,611
14,1373,579
14,1357,520
14,849,357
14,848,389
14,879,377
14,881,385
14,1027,327
14,991,332
14,977,340
14,942,350
14,967,335
14,894,339
14,1328,324
14,1291,346
14,1347,340
14,1384,372
14,1387,380
14,1435,382
14,1290,373
14,1369,367
14,1364,378
14,1366,385
14,1359,334
14,1336,336
14,1316,336
14,1393,360
14,1405,360
14,1408,369
14,1429,374
14,1448,365
14,1450,429
14,1505,477
15,704,557
15,1370,582
15,1359,524
15,844,360
15,853,391
15,873,377
15,874,385
15,1032,327
15,996,332
15,984,338
15,942,350
15,973,334
15,889,341
15,1323,323
15,1286,344
15,1349,340
15,1389,373
15,1392,381
15,1438,383
15,1290,374
15,1374,367
15,1370,379
15,1372,385
15,1365,336
15,1340,336
15,1321,338
15,1387,359
15,1401,359
15,1403,369
15,1424,372
15,1444,365
15,1445,424
15,1502,472
15,1259,312
16,704,556
16,1367,585
16,1362,528
16,838,362
16,859,391
16,867,377
16,868,386
16,1001,332
16,989,337
16,942,350
16,979,332
16,884,343
16,1318,323
16,1282,344
16,1352,340
16,1394,375
16,1397,382
16,1441,383
16,1290,374
16,1380,368
16,1376,380
16,1378,386
16,1372,337
16,1343,336
16,1326,338
16,1382,357
16,1397,359
16,1398,367
16,1419,371
16,1438,364
16,1440,419
16,1449,369
16,1266,317
17,704,556
17,1362,587
17,1364,532
17,833,365
17,865,392
17,862,378
17,865,387
17,1007,332
17,994,336
17,942,350
17,985,332
17,879,344
17,1314,321
17,1277,344
17,1355,340
17,1400,376
17,1402,383
17,1445,384
17,1290,374
17,1386,369
17,1383,381
17,1385,388
17,1379,338
17,1347,335
17,1331,339
17,1376,356
17,1393,358
17,1393,365
17,1414,370
17,1432,363
17,1435,413
17,1442,372
17,1272,322
18,703,557
18,1357,590
18,1366,536
18,870,392
18,857,378
18,858,385
18,1013,332
18,999,336
18,942,350
18,991,331
18,875,345
18,1309,318
18,1273,345
18,1358,341
18,1407,377
18,1406,383
18,1450,386
18,1290,374
18,1392,369
18,1389,383
18,1391,389
18,1385,341
18,1349,334
18,1336,342
18,1371,355
18,1388,356
18,1387,363
18,1409,369
18,1427,362
18,1430,410
18,1487,457
18,1436,372
18,1448,375
18,1278,325
19,703,557
19,1348,594
19,1368,541
19,877,392
19,854,375
19,851,383
19,1018,332
19,1006,336
19,942,350
19,996,331
19,870,347
19,1308,316
19,1269,345
19,1360,341
19,1411,377
19,1411,384
19,1454,387
19,1290,374
19,1397,369
19,1394,383
19,1397,389
19,1393,344
19,1352,334
19,1341,344
19,1365,354
19,1383,356
19,1381,362
19,1405,368
19,1420,362
19,1424,405
19,1482,455
19,1429,371
19,1442,377
19,1443,369
19,1285,328
19,1277,393
20,703,557
20,1370,546
20,882,392
20,850,372
20,846,381
20,1023,332
20,1009,337
20,942,350
20,1001,331
20,864,349
20,1308,314
20,1265,346
20,1363,342
20,1414,377
20,1416,385
20,1458,389
20,1290,374
20,1400,371
20,1400,383
20,1402,389
20,1399,346
20,1355,334
20,1345,343
20,1358,353
20,1378,355
20,1374,362
20,1401,367
20,1414,360
20,1418,402
20,1476,452
20,1421,369
20,1435,377
20,1437,370
20,1292,330
20,1284,393
21,703,557
21,1371,551
21,887,391
21,846,371
21,843,379
21,1027,332
21,1013,338
21,942,350
21,1006,331
21,1017,355
21,1025,326
21,859,351
21,1308,313
21,1260,344
21,1366,343
21,1419,377
21,1421,387
21,1289,374
21,1405,373
21,1405,384
21,1407,392
21,1405,348
21,1358,335
21,1349,342
21,1353,353
21,1373,354
21,1368,361
21,1396,367
21,1409,360
21,1411,401
21,1468,447
21,1414,368
21,1428,376
21,1431,370
21,1447,376
21,1299,331
21,1289,393
21,1282,398
22,702,557
22,1372,556
22,892,391
22,843,370
22,840,377
22,1017,338
22,942,350
22,1011,331
22,1017,355
22,1020,327
22,854,353
22,1307,310
22,1369,343
22,1423,378
22,1426,388
22,1288,374
22,1411,375
22,1410,385
22,1411,394
22,1412,351
22,1361,335
22,1354,343
22,1348,351
22,1368,354
22,1362,361
22,1390,367
22,1403,360
22,1405,397
22,1462,442
22,1406,367
22,1422,375
22,1425,368
22,1442,378
22,1446,369
22,1306,332
22,1294,392
22,1289,399
23,702,557
23,1372,561
23,897,390
23,840,369
23,837,377
23,1020,338
23,942,350
23,1013,331
23,1017,355
23,1016,328
23,1012,325
23,848,354
23,1306,307
23,1373,344
23,1427,380
23,1431,388
23,1287,374
23,1413,375
23,1416,388
23,1416,395
23,1418,353
23,1364,336
23,1358,344
23,1342,349
23,1363,354
23,1356,359
23,1384,367
23,1396,357
23,1398,395
23,1456,437
23,1397,368
23,1416,375
23,1419,368
23,1439,377
23,1441,370
23,1312,333
23,1298,392
23,1292,399
23,1448,412
24,702,557
24,1373,566
24,902,390
24,836,368
24,834,377
24,1025,339
24,942,350
24,1015,331
24,1017,355
24,1014,330
24,1010,329
24,861,342
24,1306,307
24,1376,345
24,1433,382
24,1437,385
24,1286,375
24,1418,377
24,1420,389
24,1422,395
24,1424,354
24,1367,336
24,1362,344
24,1337,348
24,1358,354
24,1351,358
24,1377,367
24,1390,356
24,1391,392
24,1451,433
24,1387,368
24,1409,374
24,1412,366
24,1435,377
24,1435,367
24,1318,334
24,1302,391
24,1296,398
24,1441,411
25,702,557
25,913,412
25,930,588
25,1373,571
25,908,390
25,831,377
25,942,350
25,1017,355
25,1011,333
25,1006,330
25,868,342
25,1304,307
25,1379,345
25,1439,383
25,1441,391
25,1286,375
25,1420,379
25,1425,389
25,1427,396
25,1430,356
25,1370,336
25,1366,345
25,1332,346
25,1353,354
25,1346,358
25,1371,367
25,1382,355
25,1383,389
25,1447,428
25,1381,370
25,1400,372
25,1404,365
25,1430,377
25,1430,365
25,1324,335
25,1306,389
25,1302,397
25,1434,410
26,701,558
26,911,417
26,934,583
26,1372,576
26,913,391
26,826,377
26,942,350
26,1017,355
26,1006,333
26,1002,331
26,1021,322
26,874,342
26,1302,307
26,1382,346
26,1443,384
26,1445,392
26,1286,375
26,1423,380
26,1429,389
26,1432,396
26,1437,358
26,1374,337
26,1370,346
26,1326,344
26,1349,352
26,1341,356
26,1367,367
26,1375,355
26,1375,386
26,1442,423
26,1373,373
26,1393,372
26,1396,365
26,1426,375
26,1425,364
26,1331,337
26,1310,387
26,1307,396
26,1428,409
27,701,558
27,905,418
27,937,579
27,1371,580
27,942,350
27,1017,355
27,1000,333
27,997,332
27,1017,327
27,879,343
27,1300,305
27,1386,346
27,1447,385
27,1448,394
27,1286,375
27,1426,383
27,1434,389
27,1437,396
27,1377,338
27,1373,347
27,1321,343
27,1345,351
27,1335,355
27,1363,367
27,1370,356
27,1368,384
27,1437,418
27,1364,372
27,1386,373
27,1389,365
27,1424,373
27,1420,363
27,1337,338
27,1314,387
27,1312,395
27,1420,407
28,701,558
28,901,421
28,939,572
28,1370,584
28,942,350
28,1017,355
28,993,332
28,992,333
28,1012,327
28,1022,326
28,884,343
28,1295,304
28,1389,347
28,1450,386
28,1451,394
28,1286,375
28,1431,387
28,1437,390
28,1441,395
28,1380,339
28,1376,348
28,1315,341
28,1339,351
28,1330,355
28,1358,368
28,1366,355
28,1362,382
28,1432,413
28,1354,371
28,1379,374
28,1382,367
28,1421,373
28,1414,363
28,1343,338
28,1319,387
28,1317,395
28,1413,404
29,701,558
29,942,566
29,1365,586
29,942,350
29,1017,355
29,987,332
29,984,333
29,1005,328
29,1016,328
29,890,343
29,1287,304
29,1393,348
29,1452,386
29,1453,394
29,1286,375
29,1432,391
29,1440,390
29,1444,395
29,1383,338
29,1380,349
29,1309,338
29,1334,349
29,1325,353
29,1352,368
29,1361,352
29,1356,378
29,1427,410
29,1347,373
29,1371,374
29,1374,367
29,1420,370
29,1410,362
29,1350,339
29,1324,386
29,1322,393
29,1407,400
29,1443,370
29,1255,332
30,701,558
30,945,557
30,1360,589
30,942,350
30,1017,355
30,982,333
30,979,333
30,997,329
30,1009,330
30,896,343
30,1277,304
30,1397,348
30,1445,384
30,1286,375
30,1438,393
30,1443,390
30,1446,396
30,1387,337
30,1383,350
30,1304,336
30,1330,347
30,1320,351
30,1347,367
30,1355,351
30,1350,376
30,1423,404
30,1339,370
30,1364,374
30,1367,367
30,1418,371
30,1406,362
30,1355,339
30,1329,385
30,1327,392
30,1401,397
30,1440,374
30,1438,368
30,1262,334
