1,734,634
1,777,520
1,803,581
1,639,734
1,926,809
1,697,510
1,765,536
1,502,577
1,730,598
1,891,675
1,497,615
1,1006,340
1,1294,344
1,1292,324
1,1264,358
1,1405,358
1,1267,318
1,1397,351
1,1416,361
1,1405,400
1,1351,353
1,1352,347
1,1259,345
1,829,366
1,915,334
1,894,346
1,1020,338
1,1020,331
1,805,566
2,732,628
2,780,514
2,803,581
2,631,728
2,920,807
2,697,510
2,770,532
2,502,577
2,731,592
2,887,677
2,498,616
2,1011,338
2,1287,343
2,1285,324
2,1270,358
2,1407,358
2,1265,315
2,1400,350
2,1359,378
2,1442,376
2,1425,361
2,1397,397
2,1346,353
2,1348,346
2,835,366
2,906,336
2,898,345
2,805,566
3,732,622
3,784,510
3,803,581
3,625,727
3,914,806
3,697,510
3,774,527
3,502,577
3,735,582
3,881,679
3,499,617
3,739,590
3,1016,338
3,724,638
3,1281,341
3,1279,326
3,1275,360
3,1409,359
3,1263,313
3,1405,350
3,1259,352
3,1368,378
3,1437,378
3,1430,363
3,1390,392
3,1342,350
3,1344,345
3,841,362
3,898,337
3,904,345
3,806,567
4,732,615
4,788,506
4,803,581
4,620,728
4,911,803
4,697,510
4,777,524
4,502,577
4,735,574
4,876,681
4,500,618
4,743,586
4,1021,338
4,724,633
4,1274,339
4,1273,327
4,1280,359
4,1413,358
4,1261,312
4,1411,352
4,1265,355
4,1374,377
4,1433,378
4,1436,365
4,1384,388
4,1337,348
4,1340,341
4,1442,384
4,845,359
4,889,338
4,910,343
4,843,355
4,807,567
5,732,609
5,791,502
5,804,581
5,614,728
5,911,799
5,697,511
5,780,520
5,503,577
5,736,569
5,871,681
5,502,618
5,745,579
5,850,350
5,724,627
5,1267,337
5,1268,327
5,1286,358
5,1416,359
5,1258,310
5,1416,354
5,1270,357
5,1260,349
5,1381,379
5,1428,376
5,1439,367
5,1376,386
5,1332,346
5,1335,341
5,1436,383
5,1426,349
5,851,358
5,879,339
5,915,342
5,848,353
5,808,568
6,733,604
6,795,497
6,805,581
6,608,727
6,912,793
6,697,511
6,783,516
6,503,578
6,739,567
6,865,682
6,502,618
6,748,574
6,855,347
6,726,621
6,1260,337
6,1261,325
6,1292,359
6,1419,360
6,1256,306
6,1421,356
6,1275,359
6,1267,348
6,1388,382
6,1424,374
6,1368,383
6,1327,346
6,1330,339
6,1429,383
6,1419,345
6,869,341
6,921,343
6,1011,325
6,855,352
6,809,568
7,735,598
7,799,493
7,805,582
7,601,724
7,912,787
7,697,511
7,787,512
7,503,578
7,742,564
7,858,684
7,503,618
7,752,570
7,862,345
7,726,615
7,726,638
7,1253,337
7,1256,327
7,1298,358
7,1423,360
7,1253,306
7,1425,355
7,1280,359
7,1274,348
7,1394,385
7,1420,374
7,1438,375
7,1420,367
7,1361,383
7,1323,345
7,1326,339
7,1425,382
7,1413,344
7,859,342
7,928,344
7,1006,327
7,860,351
7,810,569
8,738,592
8,805,490
8,806,582
8,595,721
8,914,782
8,697,511
8,792,508
8,503,578
8,746,561
8,853,682
8,503,618
8,755,566
8,869,344
8,729,610
8,724,637
8,1250,327
8,1304,358
8,1427,361
8,1430,356
8,1285,359
8,1280,347
8,1401,389
8,1268,368
8,1265,355
8,1414,374
8,1430,372
8,1414,366
8,1354,378
8,1318,344
8,1321,338
8,1419,381
8,1405,340
8,1444,384
8,934,345
8,933,341
8,1003,329
8,839,358
8,811,569
9,741,586
9,810,487
9,807,583
9,588,717
9,914,776
9,697,512
9,794,501
9,504,578
9,752,557
9,847,679
9,504,618
9,759,562
9,875,344
9,732,605
9,723,631
9,1310,358
9,1432,362
9,1290,359
9,1286,347
9,1406,394
9,1268,368
9,1271,357
9,1411,372
9,1425,372
9,1411,365
9,1347,378
9,1314,342
9,1317,335
9,1412,381
9,1398,339
9,1437,383
9,941,345
9,938,341
9,1000,328
9,846,357
9,812,570
10,743,580
10,813,483
10,807,584
10,581,714
10,911,768
10,697,512
10,798,498
10,504,578
10,756,552
10,842,676
10,504,618
10,764,557
10,882,343
10,733,600
10,723,625
10,1315,359
10,1438,365
10,1294,360
10,1292,348
10,1411,399
10,1268,368
10,1278,358
10,1405,372
10,1419,371
10,1405,363
10,1341,376
10,1309,341
10,1314,333
10,1407,381
10,1390,338
10,1430,383
10,946,345
10,944,340
10,996,328
10,852,357
10,812,570
11,746,575
11,817,480
11,807,585
11,576,710
11,911,763
11,697,512
11,802,496
11,504,579
11,760,548
11,838,673
11,505,618
11,767,552
11,735,595
11,723,619
11,1319,360
11,1442,367
11,1299,360
11,1296,348
11,1417,405
11,1268,368
11,1284,359
11,1400,371
11,1412,369
11,1399,364
11,1332,374
11,1304,341
11,1309,332
11,1402,380
11,1383,338
11,1422,383
11,1265,350
11,1261,298
11,951,345
11,949,338
11,990,330
11,1014,326
11,858,354
11,812,571
12,750,569
12,821,476
12,804,581
12,571,707
12,909,756
12,697,512
12,806,493
12,504,579
12,765,547
12,834,669
12,505,618
12,771,548
12,738,589
12,723,614
12,1324,361
12,1304,360
12,1300,349
12,1423,411
12,1268,368
12,1290,359
12,1395,370
12,1406,367
12,1394,364
12,1325,374
12,1300,339
12,1304,332
12,1397,379
12,1375,338
12,1415,383
12,1439,400
12,1267,353
12,1268,298
12,956,346
12,955,337
12,987,331
12,999,329
12,1009,327
12,812,571
13,753,563
13,827,474
13,804,583
13,566,704
13,906,749
13,697,513
13,809,490
13,505,579
13,767,541
13,831,664
13,506,618
13,775,545
13,740,585
13,725,610
13,1328,364
13,1310,360
13,1306,349
13,1429,416
13,1268,368
13,1296,360
13,1390,370
13,1399,366
13,1388,364
13,1317,372
13,1296,336
13,1300,332
13,1391,380
13,1367,339
13,1407,382
13,1433,400
13,1274,351
13,1274,296
13,1258,304
13,963,347
13,960,337
13,982,331
13,996,331
13,1006,328
13,810,572
14,757,558
14,832,472
14,804,583
14,562,701
14,903,742
14,697,513
14,814,487
14,505,579
14,770,536
14,829,659
14,506,618
14,779,542
14,895,377
14,743,580
14,727,605
14,733,636
14,1332,367
14,1316,360
14,1313,348
14,1436,422
14,1268,368
14,1301,362
14,1385,370
14,1394,368
14,1382,362
14,1309,371
14,1292,336
14,1296,332
14,1385,381
14,1360,340
14,1399,384
14,1427,398
14,1282,351
14,1279,296
14,1267,303
14,968,345
14,966,339
14,982,332
14,993,332
14,1002,330
14,808,573
15,760,555
15,837,469
15,804,583
15,560,698
15,897,735
15,697,513
15,819,483
15,505,579
15,772,532
15,827,653
15,507,618
15,782,539
15,891,381
15,746,574
15,729,602
15,732,633
15,1337,369
15,1320,360
15,1317,350
15,1439,425
15,1268,368
15,1306,362
15,1379,369
15,1388,369
15,1378,362
15,1299,368
15,1285,337
15,1292,330
15,1380,380
15,1351,339
15,1392,383
15,1421,396
15,1286,352
15,1280,298
15,1269,308
15,973,345
15,971,339
15,982,332
15,1012,332
15,990,331
15,998,330
15,807,574
16,765,550
16,842,466
16,805,583
16,556,695
16,894,728
16,697,514
16,824,481
16,505,580
16,776,528
16,826,647
16,506,618
16,786,536
16,885,383
16,895,383
16,750,569
16,731,598
16,731,627
16,1343,372
16,1326,363
16,1322,351
16,1444,432
16,1268,368
16,1311,363
16,1373,368
16,1383,371
16,1373,362
16,1293,364
16,1281,334
16,1288,330
16,1375,379
16,1344,339
16,1383,385
16,1414,395
16,1292,353
16,1282,299
16,1277,304
16,978,344
16,976,339
16,977,332
16,1007,332
16,987,331
16,995,331
16,806,575
17,769,546
17,847,463
17,805,583
17,552,691
17,890,720
17,697,514
17,827,477
17,506,580
17,780,525
17,826,642
17,506,619
17,788,535
17,879,383
17,891,386
17,904,408
17,753,564
17,733,593
17,730,620
17,1347,374
17,1331,365
17,1327,352
17,1451,437
17,1268,368
17,1318,364
17,1369,368
17,1380,370
17,1368,362
17,1287,361
17,1278,334
17,1284,329
17,1371,377
17,1337,339
17,1377,386
17,1408,394
17,1301,352
17,1290,300
17,1278,306
17,982,344
17,982,339
17,973,333
17,1005,332
17,984,332
17,993,332
17,805,575
18,774,543
18,852,460
18,805,583
18,549,686
18,885,713
18,697,514
18,831,475
18,506,580
18,784,521
18,826,638
18,506,619
18,872,384
18,887,387
18,897,407
18,902,399
18,899,388
18,755,558
18,735,588
18,730,614
18,1353,374
18,1336,367
18,1331,354
18,1457,441
18,1268,368
18,1323,365
18,1363,366
18,1376,370
18,1363,360
18,1279,357
18,1274,332
18,1279,327
18,1368,375
18,1329,338
18,1369,385
18,1402,393
18,1304,357
18,1289,301
18,1278,307
18,989,346
18,988,340
18,968,334
18,1002,332
18,979,334
18,989,332
18,805,576
19,777,538
19,856,457
19,805,583
19,546,682
19,880,706
19,697,514
19,836,473
19,506,580
19,788,517
19,828,632
19,506,620
19,866,385
19,882,387
19,889,407
19,897,400
19,894,389
19,758,554
19,737,582
19,729,608
19,1360,378
19,1341,368
19,1336,354
19,1463,445
19,1268,368
19,1328,366
19,1358,366
19,1372,369
19,1357,359
19,1273,355
19,1270,332
19,1276,326
19,1365,374
19,1322,338
19,1361,384
19,1398,392
19,1311,355
19,1288,303
19,1278,308
19,928,352
19,994,346
19,992,340
19,963,334
19,999,331
19,927,346
19,974,334
19,987,333
19,804,577
20,781,534
20,861,455
20,806,584
20,543,679
20,875,701
20,697,515
20,840,469
20,507,581
20,793,514
20,830,630
20,506,620
20,860,385
20,876,386
20,882,407
20,894,401
20,890,389
20,906,404
20,762,551
20,739,576
20,730,603
20,1364,379
20,1345,371
20,1340,355
20,1468,451
20,1268,368
20,1333,367
20,1354,366
20,1368,368
20,1353,359
20,1266,353
20,1266,329
20,1272,325
20,1362,374
20,1314,337
20,1353,384
20,1391,392
20,1315,359
20,1285,306
20,1278,308
20,933,352
20,995,338
20,958,334
20,994,331
20,931,345
20,970,334
20,983,334
20,803,578
21,787,531
21,806,584
21,541,676
21,868,698
21,697,515
21,845,467
21,507,581
21,797,511
21,505,621
21,854,384
21,869,386
21,875,406
21,888,401
21,884,391
21,896,404
21,766,547
21,741,572
21,733,599
21,1368,378
21,1350,374
21,1346,355
21,1473,458
21,1268,368
21,1338,369
21,1352,366
21,1365,367
21,1349,359
21,1262,327
21,1268,325
21,1359,373
21,1307,338
21,1345,382
21,1384,392
21,1320,362
21,1286,309
21,1277,309
21,938,352
21,1002,345
21,999,338
21,954,336
21,992,335
21,937,345
21,965,336
21,978,334
21,803,578
22,806,584
22,538,673
22,862,692
22,697,515
22,850,465
22,507,582
22,800,507
22,505,621
22,848,385
22,863,386
22,868,406
22,881,400
22,879,390
22,890,405
22,770,543
22,744,567
22,735,594
22,1374,380
22,1355,376
22,1352,355
22,1479,463
22,1268,368
22,1342,373
22,1349,367
22,1362,365
22,1346,360
22,1258,326
22,1266,323
22,1355,373
22,1299,340
22,1336,382
22,1379,392
22,1325,365
22,1285,311
22,1277,310
22,943,353
22,1007,344
22,1004,338
22,949,337
22,987,337
22,942,347
22,962,337
22,974,334
22,937,577
22,803,579
23,807,584
23,536,670
23,855,691
23,697,515
23,507,582
23,803,504
23,505,622
23,843,385
23,857,386
23,860,406
23,876,399
23,873,389
23,884,406
23,772,540
23,747,561
23,737,588
23,1379,381
23,1361,377
23,1356,355
23,1484,468
23,1268,368
23,1346,375
23,1345,368
23,1358,364
23,1343,357
23,1257,325
23,1263,322
23,1351,371
23,1293,341
23,1329,381
23,1372,391
23,1329,372
23,1283,312
23,1276,311
23,950,354
23,1012,343
23,1011,338
23,945,339
23,984,340
23,948,347
23,958,338
23,970,336
23,927,348
23,933,573
23,802,580
24,807,584
24,535,667
24,846,687
24,697,515
24,507,583
24,808,503
24,844,611
24,505,622
24,840,383
24,850,386
24,852,408
24,872,400
24,867,389
24,878,406
24,775,537
24,750,557
24,738,583
24,1385,379
24,1368,378
24,1361,357
24,1268,368
24,1352,377
24,1341,366
24,1353,365
24,1340,356
24,1256,322
24,1262,322
24,1348,370
24,1285,341
24,1321,379
24,1367,390
24,1334,375
24,1284,311
24,1276,312
24,1208,1067
24,954,353
24,938,340
24,980,341
24,952,347
24,952,338
24,965,336
24,934,349
24,931,568
24,802,580
25,807,584
25,533,663
25,839,683
25,697,514
25,507,583
25,813,498
25,848,607
25,505,623
25,837,382
25,843,386
25,846,409
25,868,401
25,863,391
25,872,407
25,779,531
25,754,553
25,740,578
25,1389,381
25,1373,379
25,1367,360
25,1268,368
25,1359,379
25,1338,365
25,1348,364
25,1336,356
25,1255,321
25,1262,319
25,1343,370
25,1278,341
25,1313,376
25,1362,390
25,1341,377
25,1284,312
25,1276,313
25,1259,345
25,1202,1062
25,959,354
25,930,340
25,976,342
25,958,347
25,946,339
25,959,337
25,938,349
25,932,562
25,802,580
26,808,585
26,530,659
26,833,676
26,697,513
26,507,584
26,851,602
26,504,622
26,831,380
26,837,386
26,840,406
26,862,400
26,857,391
26,865,407
26,783,526
26,759,549
26,744,573
26,1395,381
26,1377,379
26,1372,363
26,1268,368
26,1364,380
26,1332,364
26,1345,363
26,1333,354
26,1253,318
26,1260,319
26,1339,370
26,1270,340
26,1306,375
26,1356,388
26,1418,334
26,1345,380
26,1284,314
26,1276,315
26,1264,347
26,1194,1057
26,965,352
26,923,339
26,970,343
26,964,347
26,941,339
26,954,339
26,1012,330
26,943,349
26,932,555
26,802,580
27,807,589
27,528,657
27,829,670
27,697,513
27,507,584
27,854,598
27,503,621
27,827,380
27,831,385
27,834,400
27,855,397
27,849,389
27,860,407
27,787,523
27,764,543
27,747,566
27,1401,382
27,1382,382
27,1375,366
27,1268,368
27,1368,382
27,1330,362
27,1340,361
27,1330,352
27,1251,315
27,1258,316
27,1334,370
27,1263,338
27,1298,373
27,1351,387
27,1409,334
27,1351,380
27,1285,316
27,1276,316
27,1272,350
27,1189,1051
27,969,353
27,915,339
27,964,344
27,970,347
27,935,340
27,950,341
27,1007,331
27,950,350
27,934,552
27,803,577
28,808,586
28,527,655
28,826,664
28,697,512
28,507,585
28,858,593
28,503,620
28,823,379
28,825,385
28,830,401
28,849,397
28,844,387
28,854,407
28,895,396
28,790,518
28,769,539
28,749,558
28,1408,382
28,1389,383
28,1379,370
28,1268,368
28,1373,383
28,1326,361
28,1335,359
28,1326,351
28,1329,370
28,1255,339
28,1292,372
28,1345,385
28,1403,332
28,1359,379
28,1285,318
28,1276,318
28,1279,349
28,1183,1046
28,975,353
28,910,341
28,959,345
28,975,345
28,930,341
28,947,341
28,1002,332
28,954,351
28,930,547
28,805,575
29,808,585
29,525,651
29,824,657
29,697,511
29,507,586
29,863,589
29,502,620
29,820,385
29,827,401
29,844,399
29,843,385
29,847,405
29,890,397
29,996,340
29,794,514
29,771,536
29,754,555
29,1393,385
29,1386,371
29,1268,368
29,1378,385
29,1321,361
29,1332,359
29,1322,351
29,1254,312
29,1324,369
29,1283,372
29,1339,384
29,1396,334
29,1365,380
29,1282,317
29,1276,319
29,1287,348
29,1258,347
29,1443,389
29,1179,1040
29,981,351
29,906,344
29,954,346
29,978,344
29,925,341
29,941,340
29,999,333
29,962,350
29,930,541
29,808,573
30,807,584
30,523,647
30,825,649
30,697,510
30,507,586
30,868,585
30,502,619
30,814,385
30,823,398
30,842,393
30,839,384
30,842,404
30,885,398
30,1003,340
30,797,511
30,776,533
30,758,549
30,1399,386
30,1391,373
30,1268,368
30,1384,385
30,1317,360
30,1329,358
30,1317,349
30,1319,368
30,1276,370
30,1333,382
30,1389,334
30,1369,379
30,1269,307
30,1278,319
30,1293,347
30,1266,347
30,1438,388
30,1442,380
30,1174,1035
30,985,351
30,802,398
30,901,344
30,950,346
30,981,344
30,919,340
30,936,340
30,995,334
30,967,349
30,930,535
30,810,571
