1,142,212
1,135,214
1,381,77
1,281,143
1,281,148
1,211,302
1,449,159
1,458,156
1,332,355
1,334,359
1,310,442
1,336,376
1,593,350
1,595,357
1,593,362
1,590,368
1,774,817
1,774,819
1,765,818
1,765,824
1,773,826
1,778,823
1,768,838
1,771,847
1,782,841
1,779,847
1,808,837
1,811,835
1,790,848
1,465,193
1,470,192
1,481,207
1,489,207
1,486,209
1,486,219
1,498,225
1,500,221
1,794,876
1,802,881
1,794,894
1,900,912
1,959,913
1,961,919
1,858,909
1,860,905
1,929,926
1,929,922
1,944,942
1,945,946
1,942,937
1,992,949
1,986,943
1,1047,917
1,1047,921
1,1066,921
1,1047,925
1,1049,931
1,1049,934
1,986,929
1,985,933
1,984,935
1,1105,939
1,1107,943
1,1110,948
1,1104,940
1,1161,902
1,1163,908
1,1177,944
1,1180,951
1,1240,942
1,1236,946
1,1237,951
1,1239,961
1,1260,945
1,1270,955
1,1278,935
1,1274,940
1,1295,956
1,1274,932
1,1325,949
1,1325,958
1,1394,941
1,1394,946
1,1366,936
1,1370,934
1,1372,952
1,1371,956
1,1387,936
1,1399,925
1,1398,929
1,1436,929
1,1430,952
1,1447,953
1,1484,938
1,1488,939
1,1581,933
1,1577,945
1,1575,940
1,1597,944
1,1592,946
1,1596,952
1,1604,938
1,1612,949
1,1625,943
1,1627,952
1,1641,940
1,1645,945
1,1654,942
1,1661,947
1,1688,938
1,1686,941
1,1694,944
1,1687,950
1,1697,951
1,1721,953
1,1756,952
1,1752,955
1,1780,952
1,1783,959
1,1804,960
1,1806,956
1,1807,953
1,1867,949
1,1899,944
1,1901,951
1,1898,955
1,9,426
1,650,456
1,726,604
1,735,606
1,711,486
1,761,770
1,762,776
1,769,773
1,781,794
1,777,798
1,768,796
1,774,806
1,756,725
1,1218,718
1,1848,942
1,1854,935
1,59,492
1,58,515
1,61,507
1,56,501
2,146,217
2,140,219
2,384,76
2,277,144
2,278,149
2,211,299
2,453,163
2,460,159
2,330,357
2,332,362
2,317,441
2,330,377
2,598,355
2,596,359
2,597,366
2,594,373
2,775,819
2,778,821
2,768,823
2,769,829
2,775,831
2,779,827
2,770,843
2,772,852
2,784,845
2,780,849
2,809,839
2,814,839
2,792,851
2,469,197
2,472,194
2,488,211
2,495,211
2,492,214
2,491,224
2,502,228
2,506,226
2,799,881
2,805,884
2,799,898
2,898,914
2,957,914
2,958,918
2,860,911
2,862,907
2,934,928
2,932,924
2,947,943
2,948,946
2,947,939
2,995,948
2,990,944
2,1044,916
2,1044,921
2,1064,922
2,1050,926
2,1051,930
2,1052,934
2,989,930
2,989,934
2,989,938
2,1111,940
2,1111,945
2,1113,948
2,1109,943
2,1161,902
2,1163,907
2,1182,945
2,1182,950
2,1246,943
2,1242,948
2,1242,953
2,1243,961
2,1265,948
2,1276,956
2,1282,937
2,1279,942
2,1300,957
2,1279,934
2,1330,950
2,1332,958
2,1398,942
2,1398,947
2,1371,937
2,1373,934
2,1377,953
2,1377,958
2,1391,936
2,1404,927
2,1403,932
2,1441,929
2,1435,955
2,1452,954
2,1482,937
2,1487,940
2,1584,935
2,1581,949
2,1579,940
2,1599,944
2,1596,949
2,1599,953
2,1607,938
2,1617,951
2,1628,946
2,1628,951
2,1647,941
2,1648,945
2,1656,943
2,1665,948
2,1693,939
2,1691,943
2,1700,946
2,1692,951
2,1702,952
2,1725,955
2,1758,953
2,1756,958
2,1783,952
2,1786,958
2,1810,961
2,1813,957
2,1811,953
2,1871,950
2,1903,945
2,1902,950
2,1903,955
2,7,426
2,651,458
2,726,607
2,735,608
2,709,483
2,762,773
2,762,780
2,769,776
2,782,796
2,777,800
2,769,798
2,774,808
2,757,728
2,1218,718
2,1847,942
2,1851,934
2,63,493
2,63,512
2,65,505
2,61,498
3,147,219
3,141,222
3,385,74
3,274,145
3,275,150
3,210,297
3,453,163
3,461,159
3,328,358
3,329,362
3,321,439
3,319,377
3,660,232
3,660,226
3,598,357
3,597,361
3,598,368
3,595,377
3,777,824
3,781,825
3,769,825
3,769,832
3,776,833
3,780,830
3,770,845
3,773,854
3,785,848
3,781,851
3,810,842
3,815,843
3,794,854
3,471,197
3,475,196
3,490,213
3,497,214
3,495,217
3,489,225
3,504,229
3,508,227
3,800,885
3,807,887
3,801,901
3,892,914
3,955,915
3,955,918
3,862,912
3,864,908
3,936,928
3,935,924
3,949,943
3,950,947
3,949,939
3,997,949
3,993,943
3,1039,916
3,1039,921
3,1060,922
3,1053,926
3,1054,930
3,1055,934
3,992,931
3,991,935
3,993,939
3,1114,940
3,1114,944
3,1116,948
3,1111,942
3,1162,902
3,1163,907
3,1185,945
3,1186,950
3,1249,943
3,1244,948
3,1246,954
3,1246,961
3,1268,947
3,1279,955
3,1285,937
3,1282,942
3,1304,957
3,1282,935
3,1334,950
3,1334,957
3,1401,942
3,1401,947
3,1376,936
3,1377,932
3,1380,953
3,1380,958
3,1396,936
3,1407,926
3,1406,931
3,1444,928
3,1439,955
3,1455,954
3,1479,936
3,1483,940
3,1588,935
3,1583,949
3,1584,939
3,1601,944
3,1597,948
3,1600,953
3,1612,937
3,1620,950
3,1631,946
3,1630,950
3,1650,941
3,1652,945
3,1659,943
3,1667,948
3,1695,939
3,1693,943
3,1702,946
3,1694,951
3,1705,951
3,1729,955
3,1759,953
3,1758,957
3,1787,952
3,1787,958
3,1813,961
3,1815,957
3,1813,952
3,1875,950
3,1907,945
3,1906,950
3,1905,955
3,653,461
3,727,610
3,736,611
3,707,481
3,763,777
3,763,784
3,770,780
3,783,799
3,778,802
3,770,801
3,775,810
3,758,731
3,1218,718
3,1847,943
3,1849,933
3,67,508
3,70,503
3,67,495
4,148,221
4,144,225
4,387,72
4,271,146
4,272,151
4,209,292
4,454,163
4,463,159
4,324,358
4,327,363
4,325,437
4,308,375
4,660,232
4,659,226
4,600,359
4,598,363
4,599,370
4,597,379
4,777,825
4,781,827
4,770,828
4,769,834
4,777,836
4,780,832
4,772,848
4,773,857
4,785,851
4,781,854
4,812,845
4,816,846
4,794,857
4,475,201
4,477,198
4,492,215
4,500,215
4,497,218
4,491,227
4,506,230
4,509,228
4,801,888
4,808,890
4,803,904
4,889,912
4,952,915
4,951,919
4,864,914
4,867,909
4,939,927
4,938,923
4,951,942
4,952,947
4,951,938
4,999,950
4,996,944
4,1035,916
4,1036,920
4,1056,921
4,1056,927
4,1058,931
4,1059,934
4,994,931
4,994,937
4,995,940
4,1117,940
4,1117,944
4,1119,948
4,1115,941
4,1162,902
4,1163,907
4,1188,943
4,1189,950
4,1252,943
4,1249,948
4,1250,954
4,1250,961
4,1272,947
4,1282,955
4,1288,937
4,1286,942
4,1307,958
4,1285,935
4,1337,950
4,1337,957
4,1404,943
4,1404,947
4,1378,936
4,1379,932
4,1384,953
4,1383,958
4,1400,935
4,1411,926
4,1409,931
4,1447,928
4,1441,955
4,1456,955
4,1475,937
4,1479,939
4,1593,934
4,1586,949
4,1587,939
4,1604,945
4,1599,946
4,1601,953
4,1616,937
4,1621,950
4,1633,946
4,1632,950
4,1653,942
4,1656,945
4,1664,944
4,1671,948
4,1698,940
4,1696,944
4,1705,946
4,1699,952
4,1707,954
4,1732,955
4,1764,953
4,1761,957
4,1790,953
4,1790,959
4,1817,961
4,1818,957
4,1817,952
4,1878,950
4,1909,945
4,1908,950
4,1907,956
4,600,258
4,655,463
4,728,613
4,737,613
4,706,478
4,764,781
4,764,789
4,771,783
4,784,802
4,779,804
4,771,804
4,776,813
4,759,734
4,1218,719
4,1847,944
4,1846,933
5,149,223
5,144,227
5,386,67
5,267,146
5,267,151
5,206,288
5,455,163
5,464,161
5,322,359
5,323,364
5,328,435
5,299,374
5,604,250
5,660,233
5,658,227
5,602,361
5,599,365
5,601,372
5,598,381
5,778,828
5,783,832
5,771,831
5,768,838
5,776,839
5,782,837
5,773,850
5,774,859
5,785,853
5,782,856
5,813,849
5,817,849
5,795,860
5,477,202
5,479,200
5,493,216
5,503,217
5,500,219
5,494,229
5,508,231
5,510,228
5,802,890
5,809,895
5,803,908
5,885,910
5,948,915
5,947,918
5,865,915
5,868,910
5,943,928
5,942,924
5,954,942
5,956,947
5,954,938
5,1003,949
5,998,944
5,1031,916
5,1031,920
5,1052,922
5,1059,926
5,1061,929
5,1062,933
5,996,932
5,997,937
5,998,941
5,1121,940
5,1119,944
5,1120,949
5,1119,941
5,1163,902
5,1164,907
5,1191,943
5,1192,950
5,1255,942
5,1252,947
5,1253,953
5,1252,960
5,1275,948
5,1285,956
5,1290,937
5,1288,943
5,1309,958
5,1289,936
5,1340,950
5,1340,957
5,1407,943
5,1407,946
5,1382,936
5,1382,932
5,1387,953
5,1386,958
5,1404,935
5,1413,927
5,1411,931
5,1450,928
5,1444,955
5,1461,953
5,1471,936
5,1476,938
5,1596,934
5,1588,949
5,1591,939
5,1605,944
5,1601,946
5,1604,952
5,1620,937
5,1622,951
5,1636,946
5,1635,950
5,1657,943
5,1660,946
5,1668,945
5,1674,949
5,1701,939
5,1699,944
5,1708,946
5,1701,952
5,1709,956
5,1734,955
5,1767,954
5,1764,957
5,1793,954
5,1793,960
5,1820,961
5,1821,957
5,1820,953
5,1881,950
5,1911,945
5,1911,951
5,1910,957
5,599,260
5,657,466
5,729,616
5,737,616
5,704,476
5,766,785
5,765,793
5,772,787
5,785,805
5,780,807
5,772,807
5,777,815
5,760,737
5,1218,719
5,1847,945
5,1844,934
6,151,227
6,146,229
6,387,66
6,264,147
6,266,153
6,203,284
6,455,164
6,464,160
6,319,360
6,321,365
6,333,434
6,287,371
6,603,251
6,657,235
6,656,229
6,603,363
6,600,367
6,602,373
6,598,382
6,778,831
6,783,837
6,771,833
6,768,840
6,776,841
6,783,841
6,773,852
6,774,862
6,785,855
6,782,858
6,814,852
6,818,852
6,796,862
6,478,203
6,480,201
6,496,218
6,506,219
6,502,221
6,496,231
6,803,893
6,809,898
6,805,911
6,880,911
6,943,912
6,944,917
6,867,917
6,869,912
6,945,928
6,944,924
6,957,943
6,958,947
6,957,939
6,1005,949
6,1001,945
6,1027,915
6,1027,919
6,1049,922
6,1063,925
6,1064,929
6,1065,933
6,998,932
6,1000,937
6,1000,941
6,1123,939
6,1123,944
6,1123,949
6,1121,941
6,1163,902
6,1164,907
6,1194,944
6,1195,951
6,1259,942
6,1255,947
6,1255,953
6,1255,959
6,1277,948
6,1286,956
6,1293,938
6,1291,943
6,1312,958
6,1291,936
6,1344,951
6,1344,956
6,1409,942
6,1408,946
6,1384,936
6,1385,931
6,1389,954
6,1389,958
6,1407,936
6,1417,928
6,1415,932
6,1453,928
6,1446,956
6,1463,953
6,1468,935
6,1472,938
6,1598,934
6,1590,949
6,1593,939
6,1607,944
6,1603,947
6,1608,951
6,1625,937
6,1626,951
6,1638,946
6,1637,950
6,1661,943
6,1662,946
6,1670,945
6,1677,950
6,1704,939
6,1701,944
6,1711,947
6,1703,952
6,1712,956
6,1736,956
6,1770,954
6,1767,957
6,1795,954
6,1796,960
6,1822,961
6,1824,957
6,1823,953
6,1883,951
6,1912,945
6,1912,951
6,1912,958
6,599,262
6,659,468
6,730,619
6,738,619
6,702,473
6,767,788
6,766,797
6,773,790
6,786,807
6,780,809
6,774,810
6,777,818
6,761,740
6,1218,719
6,1847,946
6,1842,936
7,152,230
7,147,232
7,385,64
7,261,148
7,262,154
7,201,280
7,455,164
7,464,160
7,314,360
7,317,365
7,336,431
7,276,367
7,603,253
7,652,237
7,652,231
7,604,365
7,601,370
7,604,376
7,598,385
7,779,832
7,782,838
7,772,834
7,768,841
7,775,845
7,782,842
7,773,854
7,775,865
7,787,858
7,782,861
7,816,855
7,820,855
7,797,864
7,481,204
7,483,204
7,497,219
7,507,220
7,503,222
7,497,233
7,804,895
7,811,901
7,806,913
7,877,909
7,939,913
7,939,917
7,870,918
7,873,913
7,949,928
7,947,924
7,958,943
7,959,947
7,958,939
7,1008,950
7,1004,945
7,1024,916
7,1024,920
7,1044,922
7,1068,925
7,1068,929
7,1069,932
7,1001,934
7,1003,937
7,1003,941
7,1126,939
7,1126,945
7,1126,949
7,1124,940
7,1164,902
7,1164,907
7,1198,944
7,1198,951
7,1262,942
7,1257,947
7,1258,954
7,1258,958
7,1280,948
7,1291,956
7,1295,938
7,1293,943
7,1314,958
7,1293,937
7,1348,951
7,1348,956
7,1411,942
7,1411,946
7,1388,935
7,1389,931
7,1392,955
7,1391,959
7,1412,936
7,1419,928
7,1418,932
7,1457,928
7,1449,956
7,1466,953
7,1463,935
7,1468,938
7,1603,936
7,1592,949
7,1598,940
7,1609,945
7,1605,947
7,1610,951
7,1629,937
7,1629,951
7,1640,946
7,1639,951
7,1665,942
7,1666,946
7,1673,945
7,1680,950
7,1706,940
7,1704,945
7,1714,948
7,1706,952
7,1716,956
7,1739,958
7,1775,954
7,1769,957
7,1798,955
7,1799,961
7,1825,960
7,1828,958
7,1825,954
7,1885,951
7,1913,946
7,1914,951
7,1913,958
7,598,264
7,661,471
7,731,622
7,739,621
7,701,471
7,768,792
7,767,801
7,774,794
7,787,810
7,781,811
7,775,812
7,778,820
7,762,743
7,1218,720
7,1846,947
8,153,233
8,148,235
8,383,58
8,258,149
8,258,155
8,200,278
8,455,165
8,464,161
8,312,361
8,315,367
8,341,429
8,265,361
8,603,253
8,604,367
8,602,372
8,605,378
8,599,387
8,781,834
8,781,839
8,772,835
8,769,843
8,776,847
8,782,844
8,774,857
8,776,868
8,787,860
8,782,864
8,817,859
8,821,859
8,798,867
8,483,205
8,484,204
8,498,220
8,507,221
8,503,223
8,497,235
8,806,898
8,812,904
8,808,917
8,874,908
8,935,912
8,935,916
8,871,919
8,874,914
8,951,929
8,950,925
8,962,944
8,963,947
8,961,939
8,1010,950
8,1007,945
8,1018,916
8,1018,920
8,1040,923
8,1070,925
8,1070,929
8,1071,932
8,1005,935
8,1006,937
8,1006,941
8,1130,939
8,1130,945
8,1130,949
8,1128,940
8,1165,902
8,1164,907
8,1201,944
8,1201,951
8,1265,942
8,1261,947
8,1261,953
8,1261,958
8,1283,947
8,1294,956
8,1298,939
8,1296,943
8,1317,958
8,1296,937
8,1352,951
8,1351,956
8,1413,942
8,1413,945
8,1391,935
8,1392,931
8,1395,954
8,1393,959
8,1418,936
8,1422,927
8,1421,931
8,1460,931
8,1452,956
8,1469,953
8,1461,934
8,1464,937
8,1607,935
8,1594,949
8,1602,940
8,1611,944
8,1607,947
8,1613,951
8,1632,937
8,1631,951
8,1642,946
8,1641,951
8,1669,941
8,1670,946
8,1676,946
8,1683,950
8,1709,940
8,1706,945
8,1716,948
8,1709,952
8,1719,957
8,1742,958
8,1778,955
8,1772,957
8,1801,956
8,1802,962
8,1828,960
8,1831,957
8,1827,954
8,1889,951
8,1916,946
8,1916,952
8,1915,958
8,598,266
8,663,473
8,732,625
8,740,624
8,699,468
8,769,795
8,768,805
8,775,797
8,788,812
8,782,814
8,776,815
8,779,822
8,764,747
8,1218,720
8,1846,947
9,154,236
9,149,237
9,382,54
9,253,150
9,255,155
9,199,274
9,455,166
9,464,161
9,310,362
9,311,367
9,343,426
9,256,356
9,603,255
9,605,369
9,602,374
9,606,381
9,599,390
9,781,836
9,781,840
9,773,837
9,770,845
9,776,849
9,782,845
9,774,859
9,777,869
9,787,862
9,782,866
9,819,861
9,823,862
9,799,870
9,484,207
9,486,205
9,500,222
9,508,222
9,504,224
9,497,236
9,808,901
9,815,907
9,810,919
9,870,906
9,933,912
9,932,916
9,873,921
9,876,916
9,956,930
9,955,926
9,966,945
9,965,947
9,965,940
9,1013,950
9,1009,946
9,1015,915
9,1016,920
9,1036,922
9,1073,925
9,1074,929
9,1075,933
9,1008,935
9,1009,938
9,1008,941
9,1132,938
9,1132,944
9,1133,948
9,1131,940
9,1166,902
9,1164,908
9,1204,944
9,1204,951
9,1269,942
9,1265,947
9,1265,953
9,1265,958
9,1286,947
9,1297,956
9,1301,940
9,1299,942
9,1320,959
9,1299,937
9,1356,951
9,1355,956
9,1416,942
9,1415,945
9,1394,934
9,1395,931
9,1398,954
9,1397,959
9,1422,938
9,1426,927
9,1425,931
9,1465,930
9,1455,956
9,1473,954
9,1456,933
9,1461,936
9,1612,936
9,1597,949
9,1605,941
9,1613,944
9,1610,947
9,1616,951
9,1638,938
9,1634,952
9,1644,947
9,1643,951
9,1672,941
9,1674,945
9,1680,946
9,1686,950
9,1711,940
9,1711,945
9,1720,948
9,1712,952
9,1723,957
9,1745,958
9,1781,955
9,1776,958
9,1804,956
9,1805,962
9,1832,960
9,1833,956
9,1829,953
9,1894,952
9,597,268
9,665,476
9,733,628
9,740,626
9,698,466
9,770,799
9,768,808
9,776,800
9,789,815
9,783,816
9,777,818
9,780,825
9,765,750
9,1219,720
9,1845,947
10,155,239
10,151,242
10,382,52
10,250,151
10,251,157
10,196,270
10,457,167
10,464,162
10,306,363
10,309,367
10,348,425
10,244,347
10,601,256
10,606,372
10,603,377
10,607,384
10,600,393
10,780,839
10,781,843
10,773,841
10,770,848
10,776,852
10,782,849
10,776,862
10,778,871
10,789,864
10,784,869
10,820,864
10,824,865
10,800,871
10,486,209
10,488,207
10,502,223
10,810,904
10,816,910
10,813,921
10,866,904
10,929,912
10,929,916
10,876,923
10,879,919
10,958,930
10,957,926
10,968,945
10,967,948
10,968,940
10,1016,952
10,1012,947
10,1012,916
10,1013,920
10,1033,922
10,1077,925
10,1077,929
10,1078,933
10,1012,935
10,1013,938
10,1011,943
10,1136,938
10,1135,944
10,1136,948
10,1134,940
10,1169,902
10,1165,908
10,1207,945
10,1207,952
10,1271,942
10,1267,947
10,1269,954
10,1270,958
10,1289,948
10,1300,956
10,1304,939
10,1303,941
10,1323,959
10,1302,937
10,1360,951
10,1358,957
10,1419,942
10,1418,945
10,1397,934
10,1398,931
10,1400,953
10,1400,958
10,1426,940
10,1430,927
10,1429,931
10,1469,930
10,1459,956
10,1476,952
10,1454,933
10,1459,936
10,1615,936
10,1599,949
10,1607,941
10,1617,944
10,1613,947
10,1618,950
10,1643,938
10,1637,952
10,1646,947
10,1647,951
10,1676,940
10,1678,944
10,1685,948
10,1690,952
10,1714,941
10,1714,945
10,1723,949
10,1714,953
10,1726,957
10,1749,958
10,1785,955
10,1779,958
10,1808,955
10,1809,962
10,1836,960
10,1837,956
10,1832,953
10,1899,951
10,596,270
10,667,478
10,734,631
10,741,629
10,696,463
10,770,802
10,769,812
10,777,804
10,790,817
10,783,818
10,778,821
10,780,827
10,766,753
10,1219,721
10,1845,947
11,157,242
11,153,245
11,382,51
11,247,152
11,249,157
11,195,267
11,457,167
11,465,163
11,305,363
11,307,368
11,351,422
11,236,339
11,600,257
11,608,374
11,605,379
11,609,386
11,602,395
11,780,841
11,781,845
11,773,845
11,771,850
11,777,855
11,783,851
11,776,864
11,779,874
11,789,866
11,784,871
11,823,868
11,827,868
11,802,874
11,488,211
11,492,209
11,503,224
11,812,908
11,818,914
11,815,925
11,863,901
11,924,912
11,924,916
11,880,923
11,881,919
11,962,929
11,961,926
11,970,945
11,969,948
11,970,941
11,1020,953
11,1015,947
11,1009,916
11,1009,920
11,1029,922
11,1080,924
11,1081,929
11,1081,933
11,1015,935
11,1016,939
11,1016,943
11,1139,938
11,1139,945
11,1140,948
11,1139,942
11,1170,902
11,1165,909
11,1210,945
11,1210,951
11,1275,942
11,1271,948
11,1272,954
11,1272,958
11,1293,949
11,1304,956
11,1307,938
11,1306,941
11,1326,959
11,1305,937
11,1364,952
11,1363,957
11,1422,941
11,1421,945
11,1401,936
11,1402,932
11,1403,953
11,1403,957
11,1431,940
11,1433,927
11,1432,931
11,1472,931
11,1463,955
11,1480,951
11,1451,934
11,1455,936
11,1618,935
11,1601,949
11,1610,939
11,1619,944
11,1615,947
11,1621,951
11,1647,938
11,1638,953
11,1648,947
11,1649,951
11,1682,940
11,1684,944
11,1689,948
11,1693,952
11,1718,942
11,1718,945
11,1726,949
11,1718,954
11,1730,958
11,1752,959
11,1787,956
11,1782,958
11,1812,955
11,1813,962
11,1840,961
11,1842,958
11,1841,955
11,1902,951
11,596,272
11,669,481
11,735,634
11,742,632
11,694,461
11,771,806
11,769,816
11,778,807
11,790,819
11,784,821
11,780,824
11,781,830
11,768,756
11,1219,721
11,1844,947
12,158,246
12,154,248
12,379,46
12,245,153
12,246,158
12,194,263
12,458,168
12,465,163
12,300,363
12,304,369
12,355,420
12,227,330
12,598,259
12,609,377
12,606,381
12,610,388
12,604,397
12,780,846
12,783,849
12,774,848
12,772,853
12,778,859
12,783,854
12,777,867
12,780,877
12,790,869
12,785,874
12,824,870
12,829,870
12,803,876
12,490,213
12,495,211
12,815,910
12,820,916
12,818,927
12,861,900
12,922,912
12,922,917
12,882,925
12,883,920
12,965,929
12,964,926
12,973,946
12,972,950
12,973,942
12,1024,953
12,1019,947
12,1005,916
12,1005,920
12,1025,922
12,1083,924
12,1084,929
12,1084,933
12,1017,935
12,1018,940
12,1018,944
12,1142,938
12,1142,945
12,1143,950
12,1139,941
12,1172,903
12,1166,909
12,1214,945
12,1214,951
12,1278,942
12,1275,948
12,1275,954
12,1276,959
12,1297,949
12,1306,957
12,1310,938
12,1308,942
12,1329,959
12,1308,937
12,1367,952
12,1367,957
12,1425,941
12,1424,947
12,1404,934
12,1405,930
12,1407,953
12,1407,957
12,1434,942
12,1436,926
12,1434,931
12,1475,933
12,1466,955
12,1483,951
12,1448,934
12,1452,937
12,1624,936
12,1603,949
12,1614,939
12,1621,944
12,1617,948
12,1624,951
12,1651,938
12,1642,955
12,1650,947
12,1651,951
12,1685,942
12,1689,945
12,1691,950
12,1696,952
12,1723,943
12,1721,947
12,1731,949
12,1721,954
12,1733,958
12,1756,960
12,1790,956
12,1784,957
12,1816,957
12,1816,962
12,1844,961
12,1846,959
12,1844,955
12,1904,951
12,595,274
12,671,483
12,735,637
12,742,634
12,693,458
12,772,809
12,770,819
12,778,810
12,791,821
12,785,823
12,781,826
12,782,832
12,769,760
12,1219,721
12,1844,947
13,160,249
13,154,252
13,378,46
13,242,155
13,242,161
13,191,260
13,458,168
13,466,164
13,297,364
13,300,369
13,360,420
13,220,320
13,597,263
13,609,379
13,607,383
13,610,390
13,605,399
13,780,848
13,784,852
13,775,852
13,772,857
13,779,862
13,784,857
13,778,870
13,781,881
13,791,872
13,786,877
13,826,874
13,831,873
13,804,878
13,493,215
13,497,213
13,816,913
13,822,919
13,823,930
13,857,897
13,919,911
13,919,916
13,884,927
13,885,922
13,967,930
13,966,926
13,976,947
13,976,950
13,975,943
13,1027,953
13,1021,947
13,1001,915
13,1002,920
13,1021,922
13,1088,925
13,1088,929
13,1088,933
13,1020,936
13,1021,941
13,1021,945
13,1145,938
13,1145,945
13,1145,950
13,1143,941
13,1174,904
13,1167,910
13,1217,948
13,1217,953
13,1282,942
13,1277,949
13,1278,955
13,1279,959
13,1301,950
13,1311,957
13,1314,939
13,1311,942
13,1332,960
13,1311,937
13,1370,953
13,1371,957
13,1428,943
13,1427,946
13,1408,934
13,1408,930
13,1411,954
13,1410,958
13,1438,944
13,1440,926
13,1438,931
13,1478,936
13,1469,955
13,1487,952
13,1445,934
13,1450,937
13,1628,936
13,1606,949
13,1615,939
13,1624,945
13,1620,948
13,1627,951
13,1655,938
13,1646,954
13,1653,947
13,1654,952
13,1690,942
13,1693,946
13,1694,950
13,1700,952
13,1726,943
13,1725,947
13,1734,950
13,1724,956
13,1736,958
13,1759,960
13,1793,956
13,1787,955
13,1818,957
13,1819,962
13,1846,961
13,1849,958
13,1846,955
13,1909,951
13,595,276
13,672,486
13,736,639
13,743,637
13,691,456
13,773,813
13,771,823
13,779,813
13,792,824
13,786,826
13,782,829
13,783,835
13,771,763
13,1219,722
13,1844,947
14,161,252
14,156,255
14,376,44
14,238,156
14,239,162
14,190,257
14,459,169
14,466,165
14,296,365
14,298,371
14,365,418
14,212,310
14,597,265
14,610,381
14,608,386
14,611,393
14,607,401
14,781,851
14,786,855
14,776,856
14,774,860
14,779,865
14,785,860
14,779,873
14,782,884
14,792,875
14,787,879
14,828,877
14,833,877
14,805,880
14,496,217
14,499,215
14,819,916
14,823,923
14,826,933
14,855,895
14,915,913
14,915,917
14,886,927
14,889,923
14,972,932
14,971,928
14,978,947
14,978,950
14,977,943
14,1031,954
14,1025,947
14,998,915
14,998,919
14,1018,923
14,1091,925
14,1092,929
14,1093,933
14,1024,937
14,1024,941
14,1024,945
14,1148,938
14,1148,945
14,1148,950
14,1147,941
14,1176,905
14,1169,910
14,1220,948
14,1221,953
14,1285,943
14,1281,948
14,1281,956
14,1282,960
14,1304,950
14,1315,957
14,1317,938
14,1316,942
14,1336,961
14,1315,937
14,1374,953
14,1375,957
14,1431,943
14,1431,946
14,1410,934
14,1411,930
14,1413,954
14,1412,958
14,1443,946
14,1444,927
14,1442,932
14,1481,938
14,1471,956
14,1490,952
14,1443,936
14,1447,936
14,1632,937
14,1609,951
14,1616,940
14,1627,945
14,1623,948
14,1630,951
14,1660,939
14,1648,954
14,1655,947
14,1656,952
14,1694,942
14,1697,946
14,1697,950
14,1703,953
14,1730,943
14,1729,947
14,1737,951
14,1728,957
14,1738,959
14,1762,961
14,1796,956
14,1789,953
14,1821,958
14,1822,963
14,1851,961
14,1853,958
14,1851,955
14,1911,951
14,594,278
14,674,489
14,736,642
14,743,640
14,689,453
14,773,816
14,771,826
14,780,817
14,793,826
14,787,829
14,783,832
14,783,837
14,772,766
14,1219,722
14,1843,947
15,162,255
15,158,258
15,375,39
15,235,157
15,238,163
15,189,255
15,460,170
15,467,166
15,294,367
15,295,372
15,368,416
15,207,299
15,596,266
15,612,383
15,610,389
15,614,396
15,608,403
15,782,854
15,787,858
15,776,857
15,775,862
15,780,867
15,787,864
15,781,876
15,782,886
15,792,877
15,788,881
15,830,881
15,834,880
15,807,882
15,498,219
15,501,217
15,822,918
15,824,925
15,829,934
15,852,892
15,912,912
15,912,916
15,888,928
15,891,924
15,975,932
15,974,928
15,983,948
15,981,951
15,982,944
15,1033,954
15,1027,948
15,994,915
15,994,919
15,1015,923
15,1094,925
15,1095,929
15,1096,934
15,1027,937
15,1027,941
15,1027,945
15,1152,940
15,1152,945
15,1151,950
15,1149,943
15,1179,906
15,1172,911
15,1224,948
15,1223,953
15,1289,943
15,1283,948
15,1285,956
15,1286,960
15,1307,951
15,1317,958
15,1320,938
15,1318,941
15,1338,961
15,1318,937
15,1378,953
15,1378,958
15,1434,943
15,1434,946
15,1413,933
15,1414,930
15,1415,954
15,1414,959
15,1447,948
15,1447,928
15,1445,932
15,1483,939
15,1474,956
15,1494,953
15,1439,935
15,1443,937
15,1636,939
15,1611,952
15,1619,941
15,1630,947
15,1626,950
15,1632,952
15,1662,940
15,1649,955
15,1658,948
15,1659,952
15,1697,942
15,1701,946
15,1699,950
15,1706,954
15,1733,943
15,1732,947
15,1739,951
15,1731,958
15,1741,960
15,1766,962
15,1799,958
15,1792,952
15,1825,958
15,1826,963
15,1854,962
15,1855,957
15,1855,955
15,1914,951
15,594,280
15,676,492
15,737,645
15,744,642
15,687,451
15,774,819
15,772,830
15,781,820
15,794,829
15,787,832
15,784,835
15,784,840
15,774,769
15,1219,722
15,1842,948
16,164,258
16,159,261
16,375,37
16,234,158
16,235,165
16,186,250
16,460,170
16,467,166
16,291,367
16,294,371
16,372,414
16,198,286
16,596,268
16,613,385
16,611,391
16,615,398
16,609,404
16,783,857
16,788,862
16,776,859
16,776,865
16,781,870
16,787,866
16,781,879
16,783,889
16,793,880
16,789,884
16,831,884
16,836,883
16,808,883
16,501,221
16,504,218
16,514,244
16,824,920
16,825,927
16,832,935
16,849,889
16,907,912
16,907,916
16,890,929
16,893,925
16,977,931
16,975,928
16,984,947
16,983,951
16,983,943
16,1036,955
16,1029,949
16,990,914
16,990,918
16,1012,923
16,1097,926
16,1098,930
16,1099,934
16,1030,938
16,1030,941
16,1030,945
16,1155,942
16,1155,945
16,1154,950
16,1152,945
16,1180,909
16,1175,913
16,1227,948
16,1227,953
16,1292,943
16,1286,948
16,1289,954
16,1288,960
16,1309,951
16,1319,957
16,1322,938
16,1320,941
16,1341,961
16,1321,937
16,1382,954
16,1382,959
16,1436,943
16,1436,947
16,1416,933
16,1417,930
16,1419,955
16,1418,960
16,1451,949
16,1448,928
16,1448,932
16,1484,940
16,1478,956
16,1496,954
16,1434,935
16,1438,937
16,1639,940
16,1613,953
16,1622,942
16,1632,947
16,1628,951
16,1634,953
16,1665,942
16,1650,956
16,1660,948
16,1660,953
16,1700,942
16,1704,946
16,1702,951
16,1708,955
16,1736,945
16,1734,949
16,1743,953
16,1733,959
16,1744,961
16,1768,964
16,1803,960
16,1794,954
16,1827,959
16,1828,964
16,1856,962
16,1858,957
16,1858,955
16,1916,953
16,594,283
16,678,495
16,738,648
16,745,645
16,685,448
16,774,822
16,772,833
16,781,823
16,794,832
16,788,834
16,785,837
16,784,842
16,775,773
16,1219,723
16,1841,949
17,165,260
17,160,264
17,376,35
17,231,159
17,232,166
17,185,246
17,461,171
17,468,166
17,288,367
17,291,372
17,376,412
17,192,274
17,595,270
17,614,388
17,612,393
17,616,400
17,612,406
17,783,859
17,788,862
17,777,861
17,776,868
17,782,873
17,787,868
17,780,882
17,784,891
17,794,883
17,789,887
17,833,888
17,837,887
17,810,885
17,503,222
17,505,219
17,519,245
17,827,922
17,827,929
17,835,937
17,847,886
17,904,913
17,904,917
17,893,932
17,896,928
17,981,933
17,979,929
17,986,947
17,985,951
17,985,943
17,1039,955
17,1033,950
17,987,916
17,987,920
17,1004,923
17,1101,926
17,1102,930
17,1102,934
17,1032,939
17,1032,942
17,1033,946
17,1157,941
17,1157,946
17,1157,950
17,1154,943
17,1183,911
17,1178,915
17,1229,949
17,1230,954
17,1294,944
17,1290,949
17,1291,954
17,1292,961
17,1312,951
17,1322,958
17,1325,938
17,1323,941
17,1343,961
17,1323,937
17,1385,955
17,1386,960
17,1438,944
17,1438,948
17,1419,933
17,1420,930
17,1421,955
17,1420,960
17,1455,950
17,1451,930
17,1450,934
17,1491,945
17,1481,957
17,1498,954
17,1431,935
17,1436,937
17,1642,941
17,1615,953
17,1626,942
17,1634,947
17,1630,951
17,1636,954
17,1669,942
17,1653,955
17,1662,949
17,1662,954
17,1703,943
17,1707,946
17,1704,952
17,1710,957
17,1738,945
17,1736,949
17,1745,954
17,1735,960
17,1747,962
17,1771,965
17,1805,961
17,1796,955
17,1830,961
17,1830,965
17,1859,961
17,1860,957
17,1861,954
17,594,286
17,680,497
17,738,650
17,745,648
17,684,446
17,775,825
17,772,836
17,782,827
17,795,834
17,789,837
17,785,840
17,785,845
17,776,776
17,1220,723
17,1840,950
18,167,262
18,162,266
18,373,31
18,228,160
18,228,167
18,183,242
18,462,172
18,469,167
18,286,367
18,288,372
18,381,407
18,185,260
18,595,272
18,630,257
18,630,252
18,615,390
18,613,396
18,616,402
18,614,409
18,784,861
18,788,865
18,777,864
18,776,869
18,783,875
18,787,870
18,781,885
18,784,893
18,794,886
18,790,891
18,834,890
18,839,889
18,812,888
18,503,222
18,505,219
18,533,238
18,530,241
18,521,245
18,829,924
18,830,933
18,837,938
18,844,883
18,899,912
18,900,916
18,895,933
18,899,929
18,985,934
18,983,930
18,988,947
18,989,951
18,987,943
18,1042,955
18,1037,950
18,982,915
18,983,919
18,1001,922
18,1104,926
18,1105,930
18,1105,934
18,1036,939
18,1036,942
18,1036,946
18,1160,941
18,1160,947
18,1160,951
18,1157,943
18,1184,912
18,1181,915
18,1232,949
18,1233,954
18,1297,945
18,1292,949
18,1294,954
18,1296,962
18,1315,951
18,1325,958
18,1327,937
18,1325,941
18,1346,961
18,1326,937
18,1388,955
18,1389,960
18,1440,944
18,1440,949
18,1422,934
18,1423,930
18,1424,956
18,1423,961
18,1459,951
18,1454,932
18,1452,936
18,1492,946
18,1483,957
18,1502,954
18,1428,936
18,1432,939
18,1646,941
18,1617,953
18,1629,942
18,1636,948
18,1632,953
18,1638,955
18,1674,944
18,1654,955
18,1664,949
18,1664,954
18,1707,944
18,1712,948
18,1707,953
18,1713,958
18,1740,946
18,1739,950
18,1747,955
18,1738,961
18,1749,963
18,1772,966
18,1807,961
18,1798,955
18,1832,961
18,1833,965
18,1862,961
18,1864,957
18,1862,953
18,595,289
18,682,500
18,739,653
18,746,650
18,682,443
18,775,827
18,772,839
18,782,830
18,796,837
18,790,840
18,786,842
18,786,848
18,778,779
18,1220,723
18,1840,951
19,169,266
19,163,269
19,371,27
19,225,162
19,227,167
19,183,239
19,462,172
19,469,167
19,282,368
19,285,372
19,385,407
19,179,247
19,595,274
19,628,258
19,628,254
19,617,393
19,614,398
19,618,404
19,616,412
19,785,863
19,790,867
19,779,866
19,778,871
19,785,877
19,788,872
19,782,887
19,786,896
19,795,888
19,791,893
19,836,893
19,842,891
19,813,890
19,530,243
19,536,242
19,533,245
19,523,247
19,832,926
19,833,933
19,842,939
19,841,880
19,897,911
19,897,915
19,898,934
19,901,930
19,988,934
19,986,930
19,992,948
19,991,951
19,991,944
19,1046,955
19,1041,949
19,979,914
19,979,918
19,997,922
19,1107,926
19,1108,930
19,1107,934
19,1039,938
19,1039,942
19,1039,946
19,1163,942
19,1163,947
19,1163,951
19,1161,943
19,1186,914
19,1184,916
19,1235,949
19,1235,954
19,1299,944
19,1294,949
19,1298,956
19,1299,962
19,1318,952
19,1328,959
19,1330,937
19,1328,941
19,1349,962
19,1329,937
19,1391,955
19,1393,960
19,1443,945
19,1443,950
19,1425,933
19,1426,930
19,1427,956
19,1426,961
19,1463,951
19,1457,932
19,1456,936
19,1493,947
19,1485,957
19,1505,954
19,1428,937
19,1429,940
19,1651,941
19,1620,953
19,1633,942
19,1638,950
19,1634,955
19,1641,956
19,1678,945
19,1657,955
19,1665,950
19,1665,954
19,1711,945
19,1716,949
19,1710,953
19,1716,958
19,1742,946
19,1741,951
19,1750,955
19,1740,962
19,1751,964
19,1774,968
19,1808,961
19,1800,955
19,1835,962
19,1836,966
19,1864,961
19,1867,957
19,1865,953
19,596,291
19,684,503
19,740,656
19,747,653
19,680,441
19,776,830
19,773,843
19,782,833
19,796,840
19,790,842
19,787,845
19,786,850
19,779,783
19,1220,724
19,1840,952
20,171,270
20,166,273
20,370,26
20,223,164
20,225,169
20,182,236
20,463,173
20,470,168
20,280,368
20,282,372
20,390,405
20,173,236
20,595,277
20,626,258
20,626,256
20,620,396
20,616,400
20,620,406
20,617,413
20,785,865
20,791,869
20,780,869
20,779,874
20,786,879
20,789,874
20,784,890
20,787,899
20,797,890
20,792,895
20,839,896
20,844,894
20,815,892
20,531,244
20,540,245
20,537,249
20,526,249
20,835,928
20,836,935
20,845,940
20,839,877
20,893,911
20,894,915
20,901,935
20,904,931
20,991,934
20,990,930
20,994,948
20,994,952
20,993,945
20,1049,955
20,1043,949
20,975,915
20,975,920
20,994,922
20,1111,927
20,1112,932
20,1113,935
20,1042,938
20,1042,942
20,1042,945
20,1167,942
20,1167,947
20,1167,952
20,1164,943
20,1189,914
20,1187,917
20,1239,949
20,1239,954
20,1303,945
20,1298,950
20,1301,956
20,1302,963
20,1322,952
20,1331,959
20,1333,937
20,1331,941
20,1352,961
20,1332,937
20,1396,955
20,1397,959
20,1445,946
20,1445,950
20,1429,933
20,1431,930
20,1430,956
20,1430,961
20,1467,952
20,1459,933
20,1458,937
20,1498,950
20,1488,957
20,1509,952
20,1420,935
20,1425,938
20,1655,942
20,1622,954
20,1637,942
20,1641,950
20,1638,954
20,1644,956
20,1682,947
20,1658,956
20,1667,951
20,1667,955
20,1716,945
20,1720,949
20,1713,954
20,1720,958
20,1745,947
20,1744,952
20,1753,956
20,1743,962
20,1754,964
20,1777,967
20,1810,962
20,1804,956
20,1838,962
20,1838,966
20,1867,961
20,1869,957
20,1868,953
20,596,293
20,686,506
20,740,658
20,747,656
20,678,438
20,777,833
20,773,846
20,783,837
20,797,843
20,791,845
20,787,847
20,787,853
20,780,786
20,1220,724
20,1840,952
21,173,273
21,169,276
21,367,20
21,220,164
21,223,169
21,180,233
21,464,174
21,471,169
21,279,369
21,280,374
21,167,222
21,596,280
21,625,258
21,622,257
21,620,398
21,617,402
21,620,408
21,619,415
21,787,868
21,792,872
21,781,872
21,779,877
21,787,882
21,790,876
21,785,892
21,788,901
21,798,892
21,793,896
21,841,899
21,846,896
21,817,894
21,534,246
21,542,248
21,539,251
21,530,250
21,838,930
21,838,936
21,848,942
21,834,875
21,890,911
21,890,915
21,903,936
21,906,931
21,994,935
21,994,931
21,997,948
21,997,952
21,996,945
21,1053,955
21,1046,949
21,971,915
21,971,919
21,990,922
21,1115,927
21,1115,931
21,1116,935
21,1046,938
21,1046,942
21,1045,945
21,1170,942
21,1170,947
21,1170,952
21,1167,945
21,1192,915
21,1190,919
21,1242,949
21,1243,954
21,1307,945
21,1302,950
21,1303,956
21,1305,963
21,1325,953
21,1334,959
21,1336,937
21,1333,941
21,1355,962
21,1334,936
21,1400,956
21,1401,961
21,1448,947
21,1448,951
21,1432,933
21,1433,930
21,1433,957
21,1433,962
21,1470,954
21,1463,935
21,1461,938
21,1501,951
21,1493,957
21,1512,952
21,1417,935
21,1421,937
21,1659,942
21,1625,953
21,1642,942
21,1644,950
21,1640,954
21,1646,957
21,1686,947
21,1659,957
21,1669,951
21,1670,955
21,1720,946
21,1724,950
21,1716,955
21,1724,959
21,1748,948
21,1747,952
21,1756,956
21,1747,962
21,1757,965
21,1780,967
21,1813,962
21,1808,957
21,1841,964
21,1842,967
21,1871,961
21,1872,957
21,1872,953
21,597,294
21,687,509
21,741,661
21,748,658
21,676,435
21,777,835
21,773,849
21,783,840
21,798,846
21,792,848
21,788,850
21,787,855
21,781,789
21,1220,724
22,175,276
22,171,279
22,364,17
22,217,165
22,218,169
22,179,229
22,466,175
22,472,169
22,277,370
22,278,374
22,159,208
22,597,284
22,622,261
22,620,260
22,621,400
22,618,404
22,622,410
22,620,416
22,789,871
22,793,875
22,783,875
22,781,880
22,789,885
22,791,879
22,786,895
22,788,903
22,800,894
22,794,899
22,844,900
22,849,899
22,819,896
22,537,248
22,544,250
22,541,253
22,533,252
22,840,932
22,842,938
22,853,943
22,832,872
22,887,911
22,887,915
22,907,937
22,908,931
22,998,934
22,997,930
22,999,949
22,999,952
22,999,945
22,1055,955
22,1051,949
22,969,915
22,969,919
22,986,921
22,1118,926
22,1118,930
22,1118,934
22,1048,938
22,1049,942
22,1047,945
22,1173,942
22,1173,947
22,1173,953
22,1171,945
22,1195,916
22,1192,920
22,1245,950
22,1245,955
22,1310,945
22,1306,950
22,1307,956
22,1309,963
22,1328,953
22,1337,960
22,1338,937
22,1336,941
22,1358,964
22,1337,936
22,1403,957
22,1404,961
22,1451,948
22,1451,951
22,1435,934
22,1436,930
22,1436,957
22,1436,963
22,1474,955
22,1466,937
22,1464,940
22,1504,952
22,1496,957
22,1516,954
22,1413,935
22,1417,937
22,1662,943
22,1627,953
22,1647,943
22,1648,951
22,1643,954
22,1649,958
22,1690,949
22,1663,957
22,1671,951
22,1672,956
22,1724,947
22,1728,952
22,1719,956
22,1727,960
22,1752,949
22,1750,954
22,1759,957
22,1750,963
22,1761,966
22,1783,968
22,1815,962
22,1809,957
22,1843,965
22,1845,968
22,1875,961
22,1877,957
22,1875,953
22,597,296
22,689,512
22,741,664
22,748,661
22,674,433
22,778,838
22,774,852
22,784,843
22,798,849
22,793,850
22,788,852
22,788,858
22,783,793
22,1220,725
23,178,279
23,174,281
23,366,15
23,214,165
23,215,170
23,178,224
23,466,175
23,473,170
23,273,369
23,275,373
23,150,192
23,597,286
23,623,264
23,617,260
23,622,402
23,619,407
23,624,412
23,622,418
23,790,873
23,794,877
23,784,877
23,783,883
23,790,887
23,792,881
23,787,897
23,790,906
23,801,896
23,795,901
23,847,902
23,852,902
23,820,897
23,538,250
23,547,253
23,544,256
23,535,253
23,844,934
23,847,938
23,856,943
23,829,869
23,883,909
23,883,913
23,911,938
23,911,931
23,1000,934
23,1000,930
23,1001,949
23,1002,952
23,1001,946
23,1058,955
23,1053,949
23,964,914
23,964,918
23,982,921
23,1121,926
23,1121,930
23,1122,934
23,1051,937
23,1051,941
23,1049,945
23,1176,942
23,1176,948
23,1176,954
23,1173,945
23,1198,918
23,1195,922
23,1248,950
23,1248,956
23,1313,945
23,1308,950
23,1311,957
23,1313,963
23,1330,954
23,1340,960
23,1341,937
23,1339,942
23,1361,964
23,1340,937
23,1407,957
23,1408,961
23,1453,948
23,1453,951
23,1438,934
23,1439,930
23,1439,957
23,1439,964
23,1477,956
23,1470,939
23,1467,943
23,1508,953
23,1499,958
23,1519,953
23,1410,935
23,1415,937
23,1666,944
23,1630,953
23,1651,944
23,1650,952
23,1645,954
23,1652,959
23,1692,950
23,1665,957
23,1673,951
23,1674,956
23,1728,948
23,1731,952
23,1723,957
23,1729,961
23,1754,949
23,1754,954
23,1762,958
23,1754,963
23,1763,966
23,1784,969
23,1817,962
23,1811,958
23,1848,965
23,1849,968
23,1878,961
23,1880,957
23,1878,953
23,598,298
23,691,514
23,742,666
23,749,664
23,672,430
23,779,843
23,774,855
23,784,846
23,799,852
23,794,852
23,789,855
23,788,861
23,784,796
23,1220,725
24,180,282
24,177,283
24,364,11
24,212,166
24,214,171
24,177,221
24,467,175
24,474,171
24,271,369
24,273,373
24,143,179
24,598,288
24,618,267
24,615,263
24,623,404
24,620,409
24,625,413
24,625,421
24,791,875
24,795,879
24,785,879
24,784,885
24,792,889
24,794,884
24,789,899
24,792,909
24,802,897
24,797,903
24,850,905
24,854,904
24,823,899
24,541,252
24,549,255
24,546,258
24,537,255
24,846,933
24,850,939
24,859,944
24,828,865
24,879,908
24,879,912
24,914,938
24,914,933
24,1004,934
24,1003,930
24,1005,949
24,1005,953
24,1005,945
24,1061,955
24,1056,950
24,961,914
24,961,918
24,979,921
24,1124,926
24,1125,930
24,1126,934
24,1056,937
24,1055,941
24,1053,945
24,1179,942
24,1179,948
24,1180,955
24,1176,945
24,1200,918
24,1198,924
24,1252,950
24,1252,956
24,1317,945
24,1312,951
24,1314,957
24,1316,963
24,1334,954
24,1344,960
24,1345,938
24,1342,943
24,1364,963
24,1343,937
24,1411,957
24,1412,961
24,1456,949
24,1455,951
24,1442,935
24,1441,931
24,1442,957
24,1442,964
24,1483,957
24,1474,940
24,1471,943
24,1512,953
24,1502,958
24,1522,952
24,1407,935
24,1411,937
24,1671,944
24,1633,954
24,1656,945
24,1652,952
24,1648,955
24,1655,959
24,1697,952
24,1667,957
24,1675,952
24,1676,957
24,1733,948
24,1737,952
24,1727,958
24,1733,962
24,1758,949
24,1757,954
24,1764,958
24,1756,963
24,1767,967
24,1789,969
24,1820,962
24,1815,958
24,1851,965
24,1852,969
24,1882,961
24,1883,958
24,1882,954
24,599,300
24,692,517
24,742,669
24,749,666
24,670,428
24,779,847
24,775,859
24,784,848
24,800,854
24,795,855
24,790,857
24,789,863
24,785,799
24,1220,725
25,182,284
25,180,286
25,363,9
25,210,166
25,211,171
25,176,217
25,468,175
25,474,171
25,269,370
25,271,373
25,135,165
25,599,290
25,619,268
25,612,263
25,625,407
25,622,411
25,627,415
25,627,422
25,792,877
25,798,881
25,787,881
25,785,888
25,796,892
25,797,887
25,790,901
25,793,910
25,803,899
25,798,905
25,853,908
25,857,906
25,825,900
25,544,254
25,552,257
25,549,260
25,540,257
25,850,936
25,852,941
25,862,945
25,825,861
25,876,908
25,877,911
25,917,938
25,917,934
25,1008,935
25,1007,931
25,1009,950
25,1008,953
25,1008,946
25,1064,956
25,1060,950
25,958,913
25,958,917
25,975,920
25,1128,926
25,1128,930
25,1129,934
25,1059,938
25,1058,941
25,1058,945
25,1183,942
25,1183,948
25,1185,956
25,1179,946
25,1203,918
25,1201,925
25,1255,950
25,1255,956
25,1320,946
25,1315,952
25,1316,957
25,1318,963
25,1338,954
25,1348,961
25,1349,938
25,1345,943
25,1367,963
25,1346,938
25,1415,957
25,1416,963
25,1459,949
25,1459,953
25,1445,936
25,1445,932
25,1446,958
25,1445,964
25,1485,958
25,1477,942
25,1474,945
25,1515,952
25,1506,958
25,1525,952
25,1405,934
25,1408,936
25,1675,944
25,1635,954
25,1661,945
25,1655,953
25,1650,955
25,1657,960
25,1700,954
25,1669,958
25,1678,954
25,1680,958
25,1737,949
25,1741,954
25,1730,958
25,1736,963
25,1761,950
25,1760,955
25,1768,959
25,1759,964
25,1770,968
25,1793,968
25,1823,962
25,1816,958
25,1855,965
25,1855,969
25,1886,961
25,1887,958
25,1886,954
25,599,302
25,694,520
25,742,671
25,749,669
25,668,426
25,780,851
25,776,862
25,785,851
25,802,856
25,797,857
25,792,860
25,790,866
25,787,802
25,1221,725
26,187,286
26,182,287
26,363,5
26,206,167
26,210,172
26,175,212
26,469,175
26,474,171
26,267,370
26,270,374
26,128,152
26,599,292
26,615,267
26,611,265
26,627,409
26,624,414
26,629,417
26,629,424
26,794,879
26,800,883
26,788,884
26,786,891
26,797,894
26,798,888
26,792,903
26,795,912
26,805,901
26,800,908
26,855,911
26,859,909
26,829,902
26,547,255
26,555,259
26,552,262
26,542,259
26,853,936
26,856,942
26,866,946
26,824,859
26,875,907
26,874,910
26,920,939
26,921,934
26,1011,936
26,1010,932
26,1012,949
26,1011,953
26,1011,945
26,1068,956
26,1063,950
26,954,913
26,955,918
26,971,920
26,1131,926
26,1131,930
26,1132,934
26,1062,938
26,1061,941
26,1061,945
26,1186,943
26,1186,948
26,1187,955
26,1182,946
26,1206,919
26,1204,925
26,1259,950
26,1258,956
26,1323,946
26,1320,952
26,1320,957
26,1321,963
26,1341,955
26,1351,961
26,1352,940
26,1348,944
26,1370,964
26,1349,938
26,1419,957
26,1420,963
26,1462,950
26,1462,954
26,1448,937
26,1449,934
26,1449,959
26,1448,964
26,1488,959
26,1479,944
26,1477,947
26,1518,950
26,1508,957
26,1529,953
26,1400,932
26,1404,935
26,1679,945
26,1637,955
26,1665,947
26,1658,954
26,1654,958
26,1660,960
26,1707,953
26,1671,960
26,1681,954
26,1683,958
26,1741,950
26,1744,955
26,1733,959
26,1740,964
26,1763,951
26,1763,955
26,1772,960
26,1761,964
26,1773,969
26,1797,970
26,1825,962
26,1818,959
26,1858,965
26,1858,968
26,1890,962
26,1891,958
26,1890,954
26,600,304
26,696,522
26,742,674
26,749,671
26,667,424
26,781,855
26,777,865
26,785,854
26,803,858
26,798,860
26,793,862
26,792,868
26,788,804
26,1221,725
27,188,287
27,185,290
27,205,167
27,207,174
27,174,208
27,469,175
27,475,172
27,264,370
27,266,374
27,120,138
27,599,293
27,612,269
27,608,267
27,629,412
27,625,415
27,632,421
27,632,427
27,795,883
27,801,884
27,790,888
27,788,894
27,799,896
27,800,889
27,794,907
27,796,914
27,807,903
27,801,909
27,858,912
27,862,910
27,831,904
27,548,257
27,557,260
27,553,263
27,544,260
27,855,937
27,859,943
27,869,946
27,819,856
27,872,905
27,871,909
27,922,939
27,922,935
27,1015,936
27,1014,932
27,1013,949
27,1014,952
27,1013,945
27,1071,956
27,1066,950
27,951,913
27,951,917
27,968,921
27,1134,926
27,1134,930
27,1135,934
27,1065,937
27,1064,941
27,1064,945
27,1189,944
27,1189,949
27,1189,955
27,1186,946
27,1208,919
27,1208,925
27,1262,951
27,1261,956
27,1326,947
27,1323,953
27,1323,958
27,1325,964
27,1345,955
27,1354,961
27,1354,941
27,1350,945
27,1374,963
27,1351,938
27,1423,957
27,1424,964
27,1465,951
27,1465,955
27,1451,938
27,1453,935
27,1451,960
27,1450,965
27,1492,959
27,1482,946
27,1481,950
27,1523,949
27,1510,957
27,1531,952
27,1398,933
27,1403,936
27,1683,945
27,1640,956
27,1670,948
27,1660,954
27,1656,957
27,1662,960
27,1712,955
27,1675,961
27,1683,955
27,1685,959
27,1745,950
27,1748,957
27,1736,959
27,1743,964
27,1766,951
27,1767,956
27,1774,960
27,1766,965
27,1777,969
27,1800,971
27,1827,962
27,1820,960
27,1860,965
27,1862,968
27,1892,963
27,1894,959
27,1893,955
27,601,306
27,697,525
27,743,676
27,749,674
27,665,422
27,782,859
27,778,869
27,785,856
27,805,860
27,799,862
27,795,864
27,794,871
27,790,807
27,1221,725
28,192,289
28,188,292
28,202,168
28,204,174
28,172,205
28,470,176
28,475,172
28,262,370
28,263,375
28,111,125
28,599,295
28,611,272
28,607,267
28,631,414
28,626,417
28,633,423
28,633,429
28,796,886
28,803,886
28,792,889
28,789,895
28,801,898
28,803,892
28,796,908
28,799,917
28,808,903
28,804,910
28,861,915
28,864,912
28,833,905
28,535,247
28,544,250
28,540,253
28,535,256
28,859,938
28,862,944
28,872,947
28,821,854
28,870,903
28,868,907
28,925,940
28,925,936
28,1020,935
28,1019,931
28,1016,949
28,1016,952
28,1016,945
28,1075,956
28,1069,951
28,948,913
28,947,917
28,964,920
28,1138,926
28,1139,930
28,1140,934
28,1067,937
28,1066,941
28,1066,944
28,1192,944
28,1192,949
28,1192,955
28,1190,946
28,1212,920
28,1211,926
28,1266,952
28,1265,956
28,1329,947
28,1326,953
28,1327,958
28,1329,964
28,1347,955
28,1357,961
28,1357,941
28,1354,945
28,1377,963
28,1356,939
28,1428,957
28,1428,964
28,1468,952
28,1467,955
28,1455,938
28,1457,935
28,1455,961
28,1454,966
28,1496,960
28,1485,946
28,1484,950
28,1524,949
28,1512,959
28,1533,953
28,1395,932
28,1399,936
28,1688,945
28,1643,957
28,1674,947
28,1663,954
28,1659,957
28,1665,960
28,1713,956
28,1676,962
28,1686,955
28,1688,960
28,1750,951
28,1752,958
28,1740,960
28,1747,964
28,1769,951
28,1770,956
28,1778,961
28,1770,964
28,1781,970
28,1803,971
28,1830,963
28,1821,960
28,1864,964
28,1866,968
28,1895,963
28,1898,960
28,1898,955
28,601,308
28,699,528
28,743,679
28,749,676
28,663,420
28,783,863
28,778,872
28,786,859
28,806,862
28,800,864
28,797,867
28,795,873
28,791,810
28,1221,725
29,194,292
29,191,295
29,200,170
29,202,175
29,170,202
29,471,177
29,476,173
29,259,371
29,261,376
29,103,111
29,600,299
29,607,273
29,605,269
29,633,416
29,630,421
29,634,425
29,634,431
29,799,888
29,805,888
29,793,891
29,791,898
29,804,900
29,808,894
29,797,909
29,801,918
29,810,905
29,808,912
29,864,918
29,867,913
29,836,905
29,523,238
29,532,240
29,528,243
29,523,250
29,863,939
29,866,946
29,876,948
29,819,850
29,867,901
29,866,906
29,927,940
29,928,936
29,1022,935
29,1020,931
29,1020,950
29,1020,952
29,1020,946
29,1078,956
29,1072,951
29,944,912
29,944,916
29,961,920
29,1141,926
29,1142,930
29,1143,934
29,1071,937
29,1071,941
29,1070,945
29,1196,944
29,1196,950
29,1196,955
29,1193,947
29,1215,921
29,1214,927
29,1270,951
29,1269,955
29,1334,947
29,1330,953
29,1329,959
29,1331,964
29,1350,956
29,1362,961
29,1360,942
29,1358,946
29,1380,964
29,1360,940
29,1432,958
29,1432,964
29,1471,952
29,1471,955
29,1458,940
29,1460,937
29,1459,961
29,1458,966
29,1501,960
29,1488,949
29,1487,951
29,1530,948
29,1518,957
29,1538,953
29,1392,932
29,1396,935
29,1693,946
29,1648,958
29,1678,947
29,1666,954
29,1662,957
29,1668,960
29,1720,955
29,1678,962
29,1689,955
29,1689,960
29,1755,952
29,1757,959
29,1742,960
29,1749,964
29,1771,951
29,1773,956
29,1782,963
29,1773,964
29,1784,970
29,1806,971
29,1833,964
29,1824,961
29,1868,963
29,1869,966
29,1900,963
29,1902,960
29,1902,955
29,603,311
29,700,530
29,743,681
29,749,679
29,661,418
29,784,868
29,779,875
29,786,861
29,808,863
29,801,867
29,798,869
29,797,876
29,792,813
29,1221,725
30,197,294
30,194,298
30,198,171
30,200,176
30,168,198
30,471,178
30,476,173
30,257,371
30,259,377
30,96,97
30,602,302
30,607,276
30,604,273
30,634,418
30,631,423
30,636,427
30,637,432
30,801,890
30,808,889
30,794,893
30,793,901
30,806,902
30,809,896
30,800,910
30,804,920
30,814,908
30,810,914
30,868,919
30,870,912
30,837,905
30,510,229
30,519,230
30,515,233
30,511,244
30,867,938
30,870,946
30,881,948
30,815,847
30,865,899
30,863,905
30,931,941
30,932,936
30,1025,935
30,1022,931
30,1023,950
30,1023,953
30,1022,946
30,1081,956
30,1076,951
30,941,912
30,941,916
30,957,919
30,1145,925
30,1146,929
30,1147,933
30,1074,938
30,1075,942
30,1075,946
30,1199,944
30,1200,950
30,1201,955
30,1197,946
30,1217,921
30,1217,927
30,1273,952
30,1274,956
30,1338,949
30,1334,954
30,1333,959
30,1333,964
30,1354,956
30,1365,962
30,1364,943
30,1361,947
30,1384,964
30,1362,941
30,1436,958
30,1436,965
30,1474,953
30,1474,957
30,1461,942
30,1463,938
30,1463,962
30,1462,966
30,1506,961
30,1491,950
30,1491,953
30,1534,946
30,1523,957
30,1543,953
30,1388,932
30,1393,934
30,1698,947
30,1650,958
30,1685,948
30,1668,954
30,1664,957
30,1670,960
30,1726,956
30,1682,960
30,1692,955
30,1693,959
30,1759,953
30,1760,960
30,1747,960
30,1754,965
30,1777,953
30,1777,957
30,1785,962
30,1777,964
30,1787,970
30,1810,971
30,1836,964
30,1827,961
30,1872,962
30,1873,966
30,1904,965
30,1907,960
30,1906,956
30,605,314
30,702,533
30,743,683
30,749,681
30,659,416
30,785,872
30,780,879
30,786,864
30,809,865
30,802,869
30,800,871
30,798,878
30,793,817
30,1221,725
