1,249,136
1,250,120
1,256,148
1,271,129
1,253,224
1,262,138
1,243,156
1,265,168
1,283,184
1,271,170
1,276,211
1,540,208
1,489,224
1,492,233
1,508,236
1,767,253
1,769,320
1,277,268
1,842,220
1,857,215
1,903,211
1,905,215
1,1192,232
1,1252,258
1,1185,238
1,1054,296
1,1082,299
1,1086,308
1,969,276
1,1087,287
1,1427,224
1,1648,220
1,1737,234
1,6,1018
1,13,880
1,31,815
1,134,749
1,43,884
1,49,916
1,166,749
1,1869,746
1,1841,750
1,1825,762
1,1733,775
1,1658,803
1,1623,796
1,1676,751
1,1735,812
1,1720,813
1,1792,805
1,1499,751
1,1146,761
1,1278,808
1,1260,770
1,1261,780
1,1088,733
1,1091,739
1,1121,734
1,1089,724
1,1077,753
1,1082,748
1,1071,745
1,1067,771
1,1068,777
1,1150,839
1,1139,835
1,1150,885
1,1139,881
1,1177,1058
1,1185,888
1,1170,908
1,1203,913
1,1179,1077
1,1173,1077
1,1176,1076
1,1178,1077
1,1148,796
1,1002,759
1,545,735
1,579,741
1,555,755
1,572,763
1,538,749
1,528,765
1,498,765
1,520,781
1,654,774
1,412,781
1,523,787
1,177,771
1,163,779
1,1856,739
1,1903,811
1,1767,836
1,1757,826
1,1746,812
1,1736,831
1,1528,802
1,1422,795
1,1412,785
1,1461,868
1,1461,857
1,1175,817
1,1096,798
1,1096,811
1,1113,812
1,1122,797
1,1079,815
1,410,771
1,32,837
1,928,748
1,1412,781
1,1472,783
1,1546,782
1,1142,848
1,477,768
1,1154,858
1,1109,791
1,171,764
1,161,762
1,1276,782
2,249,136
2,250,120
2,256,148
2,271,129
2,253,224
2,264,141
2,243,156
2,265,168
2,273,159
2,283,184
2,271,170
2,276,211
2,532,210
2,496,226
2,498,234
2,514,236
2,761,253
2,772,320
2,277,268
2,792,161
2,842,220
2,857,215
2,896,211
2,900,215
2,1187,232
2,1245,258
2,1193,239
2,1054,297
2,1082,299
2,1086,308
2,972,276
2,1087,287
2,1421,224
2,1643,220
2,1743,234
2,6,1018
2,10,884
2,35,813
2,129,750
2,43,884
2,48,924
2,172,745
2,1865,747
2,1838,751
2,1819,763
2,1736,773
2,1739,851
2,1653,801
2,1618,796
2,1732,809
2,1718,818
2,1795,804
2,1499,751
2,1141,763
2,1274,810
2,1266,773
2,1267,783
2,1096,737
2,1098,744
2,1116,733
2,1084,725
2,1077,754
2,1082,747
2,1071,745
2,1069,771
2,1071,777
2,1149,836
2,1142,840
2,1154,889
2,1143,891
2,1178,1056
2,1186,881
2,1169,901
2,1179,1077
2,1173,1077
2,1176,1076
2,1178,1077
2,1142,791
2,998,761
2,545,735
2,573,744
2,550,755
2,566,762
2,535,750
2,528,768
2,497,763
2,521,781
2,399,774
2,658,778
2,412,781
2,523,787
2,176,772
2,163,779
2,1861,739
2,1903,811
2,1767,832
2,1757,824
2,1751,805
2,1739,827
2,1531,804
2,1430,796
2,1422,787
2,1453,869
2,1454,857
2,1175,817
2,1096,798
2,1098,811
2,1110,810
2,1123,800
2,1083,817
2,416,770
2,30,842
2,942,749
2,1423,783
2,1466,780
2,1545,784
2,1144,853
2,485,770
2,1154,852
2,1112,798
2,179,764
2,164,762
2,1281,781
3,249,136
3,250,120
3,256,149
3,271,129
3,254,224
3,266,145
3,243,156
3,265,168
3,274,159
3,283,184
3,272,170
3,276,211
3,525,213
3,503,227
3,505,234
3,521,236
3,756,253
3,775,320
3,277,268
3,796,166
3,842,221
3,857,215
3,890,211
3,894,215
3,1180,232
3,1239,258
3,1201,240
3,1054,298
3,1082,299
3,1086,308
3,975,277
3,1087,287
3,1416,224
3,1639,220
3,1750,234
3,6,1018
3,8,888
3,39,812
3,124,752
3,43,884
3,47,932
3,179,742
3,1862,748
3,1836,753
3,1813,765
3,1738,770
3,1736,845
3,1648,799
3,1614,797
3,1727,806
3,1718,823
3,1798,804
3,1498,750
3,1136,765
3,1269,797
3,1266,809
3,1272,775
3,1274,786
3,1103,740
3,1104,746
3,1112,733
3,1080,727
3,1077,755
3,1082,746
3,1071,745
3,1072,771
3,1074,778
3,1146,833
3,1146,845
3,1154,893
3,1144,900
3,1180,1055
3,1187,874
3,1169,895
3,1179,1077
3,1173,1077
3,1176,1076
3,1178,1077
3,1136,788
3,993,762
3,890,770
3,545,735
3,568,748
3,546,755
3,561,762
3,532,752
3,527,768
3,496,762
3,522,781
3,406,770
3,660,779
3,413,781
3,523,787
3,175,773
3,162,779
3,202,771
3,1867,739
3,1903,811
3,1765,827
3,1758,821
3,1755,801
3,1741,820
3,1538,805
3,1436,798
3,1431,788
3,1446,870
3,1447,858
3,1175,817
3,1096,798
3,1100,812
3,1107,808
3,1121,800
3,1088,820
3,422,770
3,29,847
3,957,750
3,1432,783
3,1456,779
3,1540,785
3,1147,858
3,491,771
3,1153,846
3,1115,803
3,188,765
3,168,763
4,249,136
4,250,120
4,256,149
4,272,130
4,255,224
4,268,147
4,244,156
4,265,168
4,274,160
4,283,184
4,273,170
4,276,211
4,517,214
4,510,225
4,513,233
4,528,234
4,751,254
4,779,320
4,277,268
4,799,172
4,842,221
4,857,215
4,883,211
4,887,215
4,1174,232
4,1232,259
4,1209,240
4,1055,299
4,1082,299
4,1086,308
4,979,277
4,1087,287
4,1409,225
4,1635,221
4,1758,235
4,6,1018
4,7,891
4,42,809
4,43,884
4,46,940
4,188,741
4,1859,749
4,1833,754
4,1807,766
4,1738,767
4,1739,843
4,1641,798
4,1608,797
4,1721,804
4,1716,829
4,1801,804
4,1496,750
4,1376,749
4,1132,765
4,1261,795
4,1257,807
4,1277,775
4,1279,786
4,1397,778
4,1108,742
4,1109,747
4,1105,731
4,1075,726
4,1077,756
4,1083,746
4,1071,746
4,1076,771
4,1077,779
4,1141,831
4,1147,849
4,1154,895
4,1144,905
4,1180,1051
4,1190,871
4,1168,887
4,1179,1077
4,1173,1077
4,1176,1075
4,1178,1077
4,1129,785
4,984,761
4,901,774
4,546,735
4,565,746
4,542,753
4,557,762
4,528,753
4,524,767
4,495,760
4,523,782
4,410,771
4,662,779
4,413,781
4,524,787
4,175,774
4,159,776
4,197,771
4,1874,739
4,1903,811
4,1764,823
4,1758,818
4,1759,797
4,1742,812
4,1546,807
4,1441,801
4,1440,790
4,1437,870
4,1438,859
4,1175,817
4,1096,798
4,1102,813
4,1103,807
4,1117,799
4,1089,819
4,428,769
4,28,852
4,974,750
4,1440,784
4,1443,778
4,1531,785
4,1151,863
4,495,772
4,1149,839
4,1118,806
4,193,766
4,129,761
4,171,763
4,176,748
5,250,137
5,250,120
5,257,150
5,272,130
5,255,224
5,268,148
5,244,157
5,265,168
5,275,160
5,283,184
5,274,171
5,276,211
5,509,215
5,516,223
5,520,232
5,535,232
5,746,254
5,781,319
5,277,268
5,802,179
5,843,222
5,857,215
5,877,207
5,880,212
5,1168,232
5,1226,260
5,1216,240
5,1055,300
5,1082,299
5,1086,308
5,982,278
5,1087,287
5,1402,225
5,1631,221
5,1765,235
5,6,1018
5,46,806
5,43,885
5,44,947
5,1855,749
5,1829,754
5,1800,766
5,1739,762
5,1739,839
5,1634,797
5,1600,796
5,1657,761
5,1715,802
5,1804,804
5,1493,751
5,1374,750
5,1128,764
5,1253,793
5,1250,805
5,1282,776
5,1284,787
5,1391,778
5,1113,743
5,1115,749
5,1098,730
5,1070,726
5,1077,757
5,1083,745
5,1071,746
5,1079,772
5,1079,779
5,1137,827
5,1149,854
5,1154,898
5,1144,911
5,1180,1047
5,1192,867
5,1167,879
5,1179,1077
5,1173,1077
5,1176,1075
5,1178,1077
5,1122,782
5,975,760
5,905,776
5,546,736
5,559,747
5,536,752
5,552,760
5,524,754
5,522,766
5,492,759
5,524,782
5,419,769
5,667,782
5,414,781
5,524,787
5,174,775
5,188,771
5,1882,741
5,1903,811
5,1764,818
5,1758,813
5,1765,791
5,1747,807
5,1551,807
5,1446,802
5,1447,793
5,1430,870
5,1430,860
5,1175,817
5,1096,798
5,1105,813
5,1099,806
5,1115,800
5,1091,819
5,682,756
5,434,768
5,499,787
5,25,855
5,990,750
5,1453,787
5,1436,776
5,1524,785
5,1155,868
5,499,773
5,1143,834
5,1120,808
5,197,767
5,134,762
5,175,764
5,173,747
6,250,137
6,250,120
6,257,150
6,273,131
6,256,224
6,268,149
6,245,157
6,265,168
6,283,184
6,275,171
6,276,211
6,501,216
6,524,223
6,526,232
6,541,231
6,740,255
6,783,319
6,277,268
6,806,185
6,843,222
6,857,215
6,871,206
6,874,212
6,1162,232
6,1220,260
6,1224,240
6,1055,301
6,1083,300
6,1086,308
6,986,278
6,1087,287
6,1395,225
6,1627,222
6,1773,235
6,6,1018
6,50,806
6,43,885
6,42,953
6,1852,749
6,1826,755
6,1793,765
6,1740,757
6,1739,832
6,1627,796
6,1593,795
6,1653,762
6,1710,797
6,1807,804
6,1487,752
6,1373,751
6,1122,764
6,1245,791
6,1244,804
6,1383,778
6,1118,743
6,1120,750
6,1091,729
6,1066,727
6,1077,758
6,1083,745
6,1071,747
6,1083,773
6,1081,780
6,1134,823
6,1151,860
6,1154,902
6,1180,1044
6,1192,861
6,1167,871
6,1179,1077
6,1173,1077
6,1176,1075
6,1178,1077
6,1115,778
6,967,759
6,911,778
6,918,755
6,546,736
6,555,747
6,530,752
6,547,760
6,520,766
6,489,758
6,525,782
6,425,769
6,667,779
6,414,781
6,524,787
6,171,775
6,188,771
6,1890,742
6,1903,811
6,1764,815
6,1759,809
6,1770,787
6,1752,800
6,1556,807
6,1452,803
6,1454,796
6,1423,871
6,1423,861
6,1175,817
6,1096,798
6,1109,813
6,1096,804
6,1113,800
6,1093,819
6,689,757
6,439,768
6,536,772
6,22,858
6,1005,750
6,1465,788
6,1514,782
6,1156,871
6,503,774
6,1141,832
6,1123,811
6,201,767
6,140,762
6,202,773
6,670,765
6,177,765
6,171,746
7,250,137
7,250,121
7,257,151
7,273,131
7,257,224
7,268,150
7,245,157
7,265,168
7,284,184
7,275,171
7,276,211
7,493,217
7,531,222
7,533,232
7,548,229
7,733,255
7,785,319
7,277,268
7,811,190
7,843,223
7,857,215
7,865,206
7,869,212
7,1157,231
7,1214,259
7,1232,240
7,1056,302
7,1083,300
7,1086,308
7,989,279
7,1088,287
7,1388,225
7,1623,222
7,1779,236
7,6,1018
7,43,885
7,40,960
7,1848,748
7,1822,755
7,1786,765
7,1742,751
7,1739,828
7,1620,796
7,1585,795
7,1649,763
7,1704,795
7,1811,804
7,1485,750
7,1376,749
7,1117,766
7,1238,789
7,1238,802
7,1377,778
7,1125,746
7,1127,752
7,1086,729
7,1059,726
7,1078,758
7,1084,745
7,1071,747
7,1086,774
7,1083,781
7,1133,816
7,1153,866
7,1154,906
7,1180,1040
7,1193,856
7,1166,865
7,1179,1077
7,1173,1077
7,1176,1075
7,1178,1077
7,1108,774
7,963,761
7,917,778
7,925,755
7,547,736
7,549,748
7,529,752
7,542,760
7,518,766
7,487,756
7,528,782
7,429,769
7,671,778
7,415,781
7,525,787
7,170,776
7,185,767
7,1897,743
7,1903,811
7,1764,812
7,1760,806
7,1775,783
7,1758,795
7,1561,807
7,1458,804
7,1459,797
7,1415,873
7,1415,863
7,1175,817
7,1096,798
7,1112,813
7,1092,805
7,1113,800
7,1095,819
7,696,758
7,445,769
7,534,771
7,19,862
7,1019,750
7,1476,791
7,1504,780
7,1157,874
7,507,775
7,1139,830
7,1125,816
7,145,760
7,199,772
7,677,764
7,179,766
7,168,745
8,250,138
8,250,121
8,258,151
8,273,132
8,257,224
8,268,151
8,245,157
8,265,168
8,284,184
8,276,172
8,276,211
8,485,217
8,538,221
8,540,231
8,554,228
8,727,255
8,787,319
8,277,268
8,817,196
8,843,223
8,857,215
8,858,204
8,862,210
8,1153,229
8,1209,259
8,1239,241
8,1056,302
8,1083,300
8,1086,308
8,993,279
8,1088,287
8,1381,225
8,1619,223
8,1784,237
8,6,1018
8,44,886
8,38,967
8,1844,747
8,1818,755
8,1778,765
8,1742,747
8,1740,824
8,1612,796
8,1577,795
8,1644,764
8,1698,794
8,1814,804
8,1485,748
8,1375,750
8,1112,765
8,1230,787
8,1231,801
8,1133,749
8,1134,754
8,1081,729
8,1052,725
8,1078,757
8,1084,745
8,1072,748
8,1089,774
8,1084,781
8,1132,809
8,1156,871
8,1154,910
8,1180,1036
8,1193,851
8,1165,860
8,1179,1077
8,1173,1077
8,1177,1075
8,1178,1077
8,1102,769
8,956,760
8,924,778
8,933,753
8,547,736
8,543,749
8,523,752
8,538,760
8,515,766
8,482,755
8,530,782
8,434,770
8,415,781
8,525,788
8,170,776
8,182,763
8,186,749
8,1902,743
8,1903,811
8,1764,808
8,1762,803
8,1781,780
8,1763,792
8,1567,806
8,1464,805
8,1465,798
8,1406,874
8,1405,864
8,1175,817
8,1096,798
8,1115,814
8,1087,807
8,1111,800
8,1097,819
8,702,761
8,450,770
8,530,769
8,16,867
8,1033,749
8,1486,794
8,1496,780
8,1158,884
8,511,776
8,1137,828
8,1128,822
8,149,759
8,195,770
8,685,764
8,181,767
8,166,744
9,251,138
9,251,121
9,258,152
9,274,132
9,258,224
9,269,152
9,246,158
9,265,168
9,284,184
9,276,173
9,276,211
9,477,218
9,544,219
9,547,231
9,561,228
9,617,207
9,720,255
9,789,319
9,277,268
9,821,201
9,844,224
9,857,215
9,856,210
9,1148,228
9,1203,259
9,1247,241
9,1056,303
9,1083,300
9,1086,309
9,996,280
9,1088,287
9,1369,225
9,1616,223
9,1790,238
9,1914,178
9,6,1018
9,5,1055
9,44,886
9,36,974
9,1841,747
9,1813,756
9,1772,766
9,1741,744
9,1740,817
9,1603,796
9,1570,795
9,1639,766
9,1692,792
9,1817,804
9,1485,747
9,1373,750
9,1107,764
9,1223,786
9,1224,802
9,1139,749
9,1140,755
9,1075,728
9,1048,725
9,1077,757
9,1084,746
9,1072,748
9,1091,775
9,1087,782
9,1131,803
9,1156,876
9,1154,913
9,1180,1031
9,1194,847
9,1163,855
9,1179,1077
9,1173,1077
9,1177,1075
9,1178,1077
9,1095,767
9,951,760
9,932,778
9,941,752
9,547,737
9,541,752
9,521,754
9,534,759
9,512,768
9,477,755
9,532,782
9,437,772
9,416,781
9,526,788
9,178,763
9,183,749
9,1906,744
9,1903,811
9,1766,805
9,1762,800
9,1786,776
9,1770,786
9,1572,806
9,1470,805
9,1470,798
9,1397,875
9,1396,865
9,1175,817
9,1096,798
9,1117,814
9,1082,808
9,1107,801
9,1100,820
9,708,764
9,457,769
9,526,766
9,12,871
9,1045,746
9,1496,794
9,1492,781
9,1160,890
9,515,776
9,1135,821
9,1130,825
9,154,758
9,190,767
9,692,764
9,184,769
9,1285,772
9,159,744
10,251,138
10,251,121
10,258,152
10,274,133
10,259,224
10,269,154
10,247,158
10,265,168
10,284,184
10,276,174
10,276,211
10,468,220
10,551,218
10,554,230
10,568,227
10,611,209
10,715,255
10,788,319
10,277,268
10,686,285
10,824,206
10,844,225
10,857,215
10,849,209
10,1145,225
10,1197,259
10,1253,242
10,1056,303
10,1083,300
10,1086,309
10,999,280
10,1088,287
10,1358,225
10,1612,223
10,1795,241
10,1909,183
10,6,1018
10,4,1051
10,44,886
10,34,981
10,1837,748
10,1809,757
10,1765,767
10,1741,741
10,1741,810
10,1595,795
10,1563,795
10,1633,768
10,1686,792
10,1752,851
10,1822,803
10,1484,746
10,1373,750
10,1103,764
10,1216,785
10,1217,803
10,1145,750
10,1147,756
10,1069,727
10,1045,725
10,1077,757
10,1084,747
10,1072,749
10,1092,776
10,1091,782
10,1128,798
10,1156,882
10,1152,918
10,1180,1026
10,1194,842
10,1158,850
10,1179,1076
10,1173,1077
10,1177,1075
10,1178,1077
10,1087,766
10,944,761
10,937,778
10,948,752
10,545,738
10,539,751
10,517,754
10,528,758
10,510,768
10,473,755
10,532,782
10,416,781
10,526,788
10,176,763
10,179,748
10,1903,811
10,1768,802
10,1762,797
10,1791,771
10,1776,782
10,1578,806
10,1476,806
10,1476,799
10,1388,876
10,1387,867
10,1175,817
10,1096,798
10,1120,818
10,1078,809
10,1104,803
10,1103,820
10,715,765
10,465,769
10,524,765
10,10,877
10,1058,744
10,1507,794
10,1399,780
10,1488,782
10,1161,895
10,517,776
10,1134,816
10,1132,828
10,158,757
10,186,765
10,700,766
10,702,786
10,186,770
10,1280,772
10,152,744
11,251,139
11,251,121
11,259,153
11,275,133
11,259,224
11,270,156
11,249,158
11,265,168
11,284,184
11,276,175
11,276,211
11,460,221
11,560,218
11,560,230
11,575,227
11,604,208
11,709,255
11,787,320
11,277,268
11,680,285
11,830,210
11,844,225
11,857,215
11,843,206
11,1141,223
11,1191,259
11,1260,242
11,1056,304
11,1084,301
11,1086,309
11,1002,281
11,1088,287
11,1351,225
11,1609,223
11,1800,244
11,1904,188
11,6,1018
11,4,1049
11,44,887
11,32,988
11,1832,748
11,1804,757
11,1758,770
11,1741,741
11,1744,805
11,1589,795
11,1559,796
11,1627,769
11,1679,791
11,1755,846
11,1828,803
11,1484,746
11,1372,750
11,1098,765
11,1209,785
11,1209,805
11,1152,752
11,1154,759
11,1063,726
11,1038,726
11,1077,757
11,1085,747
11,1072,749
11,1094,777
11,1094,782
11,1126,793
11,1158,892
11,1181,1022
11,1195,837
11,1152,844
11,1180,1073
11,1173,1077
11,1177,1075
11,1178,1077
11,1079,766
11,937,760
11,943,779
11,955,752
11,545,739
11,538,751
11,512,756
11,525,758
11,508,769
11,470,755
11,532,782
11,417,781
11,526,788
11,174,764
11,174,748
11,1903,811
11,1772,800
11,1763,792
11,1801,770
11,1781,779
11,1583,807
11,1481,808
11,1482,800
11,1380,876
11,1380,867
11,1175,817
11,1096,798
11,1122,821
11,1073,809
11,1102,804
11,1108,820
11,721,767
11,470,771
11,521,766
11,390,776
11,8,882
11,1070,741
11,1517,796
11,1391,781
11,1481,782
11,1163,902
11,525,773
11,1134,813
11,1134,831
11,163,757
11,183,764
11,708,770
11,709,788
11,188,771
11,1276,772
11,145,744
12,251,139
12,251,122
12,259,154
12,275,134
12,258,230
12,270,157
12,249,162
12,265,168
12,284,184
12,276,175
12,276,211
12,452,222
12,566,218
12,567,230
12,581,226
12,598,209
12,703,255
12,786,320
12,277,268
12,675,285
12,836,213
12,845,226
12,857,215
12,1138,220
12,1185,259
12,1266,242
12,1056,304
12,1084,301
12,1086,309
12,1004,281
12,1088,287
12,1344,224
12,1605,223
12,1806,247
12,1898,192
12,6,1018
12,4,1047
12,44,887
12,31,997
12,1828,749
12,1799,757
12,1751,772
12,1741,741
12,1747,801
12,1584,795
12,1556,797
12,1621,770
12,1672,790
12,1757,841
12,1678,823
12,1833,803
12,1483,746
12,1371,749
12,1095,766
12,1202,786
12,1201,806
12,1160,755
12,1161,762
12,1057,726
12,1032,727
12,1076,757
12,1085,748
12,1072,750
12,1096,779
12,1096,784
12,1121,787
12,1162,894
12,1181,1017
12,1196,834
12,1147,839
12,1180,1070
12,1173,1077
12,1177,1075
12,1178,1077
12,1071,767
12,928,763
12,950,779
12,963,753
12,545,739
12,536,753
12,506,758
12,523,758
12,506,771
12,466,755
12,533,782
12,419,781
12,527,788
12,166,766
12,169,748
12,1903,811
12,1770,798
12,1764,788
12,1807,770
12,1786,779
12,1589,808
12,1487,809
12,1488,801
12,1373,877
12,1373,869
12,1175,817
12,1096,798
12,1124,824
12,1101,805
12,1112,819
12,475,774
12,518,767
12,396,776
12,7,887
12,1082,737
12,1527,799
12,1383,783
12,1475,781
12,1162,909
12,533,771
12,1131,810
12,1135,839
12,169,757
12,181,764
12,716,774
12,716,790
12,191,772
12,1271,771
12,138,744
13,252,139
13,251,122
13,260,154
13,275,134
13,258,233
13,271,157
13,250,162
13,265,168
13,285,184
13,276,176
13,276,211
13,444,223
13,572,218
13,573,230
13,587,225
13,592,210
13,698,255
13,784,321
13,277,268
13,669,285
13,842,218
13,845,229
13,857,215
13,829,198
13,831,204
13,1139,216
13,1180,259
13,1273,242
13,1056,305
13,1084,301
13,1086,309
13,1006,281
13,1089,287
13,1337,223
13,1601,223
13,1808,253
13,1806,271
13,1891,197
13,6,1018
13,7,1041
13,5,940
13,44,887
13,29,1006
13,1823,750
13,1794,758
13,1746,774
13,1741,741
13,1750,797
13,1577,795
13,1547,796
13,1616,771
13,1665,790
13,1760,835
13,1683,821
13,1839,802
13,1483,746
13,1371,749
13,1089,765
13,1195,787
13,1194,807
13,1166,756
13,1166,765
13,1051,724
13,1027,730
13,1076,757
13,1085,749
13,1072,750
13,1098,780
13,1097,786
13,1117,785
13,1162,900
13,1182,1012
13,1197,831
13,1143,835
13,1179,1063
13,1173,1077
13,1177,1074
13,1178,1077
13,1062,769
13,922,765
13,956,780
13,971,754
13,545,740
13,532,755
13,500,760
13,518,758
13,505,774
13,463,754
13,533,782
13,421,782
13,527,788
13,161,767
13,163,748
13,1904,812
13,1770,796
13,1766,785
13,1814,769
13,1792,777
13,1595,808
13,1492,809
13,1491,801
13,1362,877
13,1366,870
13,1175,817
13,1096,798
13,1127,828
13,1097,807
13,1115,820
13,480,773
13,517,770
13,403,776
13,6,892
13,1095,736
13,1539,801
13,1371,781
13,1468,782
13,1162,914
13,539,769
13,1126,805
13,1138,848
13,174,757
13,178,764
13,724,777
13,721,792
13,193,774
13,1267,771
13,132,744
14,252,140
14,251,122
14,260,155
14,275,134
14,257,235
14,271,157
14,250,161
14,265,168
14,285,184
14,276,176
14,276,211
14,436,224
14,579,218
14,580,229
14,593,224
14,692,255
14,783,321
14,277,268
14,664,285
14,848,221
14,846,231
14,857,215
14,823,197
14,825,203
14,1139,211
14,1174,260
14,1283,243
14,1056,305
14,1084,301
14,1086,309
14,1008,281
14,1089,287
14,1598,223
14,1811,259
14,1885,201
14,6,1018
14,8,1034
14,6,938
14,44,890
14,27,1014
14,78,822
14,1819,751
14,1789,759
14,1740,776
14,1741,741
14,1751,792
14,1571,795
14,1538,795
14,1611,773
14,1659,789
14,1763,829
14,1688,818
14,1845,802
14,1483,746
14,1370,749
14,1082,766
14,1190,795
14,1197,815
14,1172,758
14,1172,768
14,1046,723
14,1022,733
14,1076,757
14,1086,750
14,1073,751
14,1101,780
14,1099,786
14,1113,781
14,1163,903
14,1183,1007
14,1197,828
14,1140,831
14,1178,1058
14,1173,1077
14,1177,1074
14,1178,1077
14,1056,768
14,916,767
14,964,782
14,979,755
14,545,740
14,528,756
14,498,760
14,516,758
14,503,776
14,461,754
14,533,782
14,422,779
14,528,789
14,157,767
14,158,749
14,1905,814
14,1772,793
14,1769,782
14,1821,768
14,1797,775
14,1601,809
14,1496,810
14,1495,801
14,1358,875
14,1362,867
14,1175,817
14,1096,798
14,1128,831
14,1093,808
14,1118,821
14,484,772
14,515,774
14,407,772
14,1111,737
14,1549,803
14,1461,782
14,1163,918
14,545,769
14,1120,804
14,1139,855
14,179,758
14,174,764
14,733,781
14,728,795
14,196,774
14,1263,770
14,127,745
15,252,140
15,251,122
15,260,155
15,275,134
15,256,237
15,271,157
15,250,160
15,265,168
15,285,184
15,276,176
15,276,211
15,430,223
15,585,218
15,586,228
15,599,224
15,686,255
15,782,322
15,277,268
15,658,285
15,853,225
15,847,231
15,857,215
15,817,197
15,818,204
15,1140,206
15,1168,260
15,1057,306
15,1085,302
15,1086,309
15,1010,281
15,1089,287
15,1594,224
15,1813,263
15,1878,206
15,6,1018
15,10,1027
15,6,936
15,42,892
15,25,1020
15,77,827
15,1816,752
15,1784,759
15,1732,777
15,1741,741
15,1753,787
15,1563,796
15,1532,793
15,1605,774
15,1654,788
15,1764,824
15,1693,813
15,1914,771
15,1850,802
15,1482,745
15,1369,748
15,1077,768
15,1187,804
15,1191,819
15,1179,760
15,1179,770
15,1041,723
15,1017,734
15,1075,757
15,1085,748
15,1073,751
15,1103,781
15,1101,787
15,1108,776
15,1164,906
15,1183,1002
15,1198,826
15,1138,827
15,1174,940
15,1179,1053
15,1173,1077
15,1178,1075
15,1178,1077
15,1051,768
15,972,783
15,987,755
15,545,740
15,525,756
15,496,758
15,514,757
15,492,755
15,502,778
15,458,754
15,533,782
15,528,789
15,153,766
15,153,750
15,1906,815
15,1774,788
15,1770,780
15,1825,768
15,1807,772
15,1606,810
15,1501,811
15,1500,802
15,1358,875
15,1354,866
15,1175,817
15,1096,798
15,1130,835
15,1091,808
15,1120,822
15,488,771
15,513,776
15,412,769
15,1126,738
15,1559,804
15,1453,782
15,1164,920
15,552,769
15,1112,799
15,1140,862
15,183,759
15,169,764
15,739,786
15,737,802
15,140,776
15,199,775
15,1258,770
15,122,746
16,252,140
16,251,122
16,260,155
16,275,133
16,256,238
16,271,157
16,251,159
16,265,168
16,285,184
16,276,176
16,276,211
16,592,218
16,592,227
16,606,224
16,680,255
16,781,323
16,277,268
16,653,285
16,858,228
16,849,231
16,857,215
16,810,197
16,812,204
16,1142,201
16,1163,260
16,1056,305
16,1085,302
16,1087,310
16,1012,281
16,1089,288
16,1590,224
16,1817,269
16,1806,269
16,1872,210
16,6,1018
16,12,1020
16,7,934
16,41,895
16,24,1026
16,76,832
16,1812,752
16,1779,758
16,1725,779
16,1741,741
16,1755,782
16,1555,797
16,1527,792
16,1600,774
16,1648,787
16,1766,818
16,1699,809
16,1913,771
16,1856,802
16,1482,745
16,1369,748
16,1072,771
16,1188,813
16,1188,826
16,1186,763
16,1186,772
16,1037,723
16,1011,732
16,1075,757
16,1084,747
16,1073,751
16,1106,781
16,1103,788
16,1101,774
16,1164,909
16,1184,997
16,1199,824
16,1136,825
16,1178,941
16,1179,1048
16,1173,1077
16,1178,1074
16,1178,1077
16,1043,767
16,980,784
16,995,755
16,545,741
16,519,758
16,492,754
16,508,756
16,488,757
16,502,778
16,456,754
16,534,783
16,424,775
16,528,789
16,146,765
16,149,751
16,1907,816
16,1776,785
16,1772,778
16,1831,768
16,1816,769
16,1611,810
16,1508,812
16,1506,803
16,1355,875
16,1349,864
16,1175,817
16,1096,798
16,1132,839
16,1088,809
16,1123,824
16,492,771
16,511,777
16,418,767
16,1143,739
16,1569,805
16,1445,782
16,1165,923
16,558,769
16,1105,796
16,1142,868
16,188,760
16,166,763
16,748,789
16,145,774
16,202,775
16,1254,770
17,253,140
17,252,123
17,260,155
17,275,133
17,256,238
17,271,156
17,251,158
17,265,168
17,285,184
17,276,174
17,276,211
17,596,216
17,598,226
17,613,222
17,570,213
17,569,203
17,674,255
17,778,323
17,277,268
17,648,284
17,865,231
17,850,231
17,857,215
17,804,197
17,806,203
17,1146,196
17,1157,260
17,1056,305
17,1085,302
17,1087,310
17,1013,281
17,1089,288
17,1586,224
17,1805,264
17,1865,214
17,6,1018
17,16,1012
17,8,931
17,40,897
17,19,1033
17,75,837
17,1808,752
17,1775,758
17,1718,779
17,1741,741
17,1760,778
17,1547,797
17,1521,791
17,1594,775
17,1642,787
17,1770,811
17,1706,806
17,1911,771
17,1859,801
17,1481,745
17,1368,747
17,1066,772
17,1189,821
17,1185,834
17,1192,765
17,1192,774
17,1038,724
17,1005,732
17,1075,757
17,1084,747
17,1073,751
17,1109,782
17,1106,789
17,1094,772
17,1165,913
17,1185,992
17,1200,821
17,1133,821
17,1179,936
17,1179,1043
17,1173,1077
17,1178,1074
17,1178,1077
17,1036,766
17,986,783
17,1001,753
17,545,741
17,512,761
17,486,752
17,484,759
17,501,778
17,451,754
17,534,783
17,427,775
17,529,789
17,140,764
17,144,751
17,1908,817
17,1778,782
17,1777,775
17,1840,768
17,1821,765
17,1617,810
17,1513,813
17,1512,803
17,1339,866
17,1349,861
17,1175,817
17,1096,798
17,1135,841
17,1085,810
17,1126,826
17,497,771
17,508,779
17,424,766
17,1161,741
17,1583,801
17,1440,782
17,1164,928
17,564,769
17,1099,794
17,1143,871
17,193,762
17,159,763
17,755,792
17,150,774
17,205,775
17,1250,769
18,253,140
18,252,123
18,260,154
18,275,132
18,256,238
18,271,156
18,251,158
18,265,168
18,285,184
18,274,145
18,277,172
18,276,211
18,601,214
18,604,225
18,620,221
18,566,215
18,564,205
18,668,255
18,777,321
18,277,268
18,643,284
18,871,234
18,851,231
18,857,215
18,797,196
18,799,203
18,1150,191
18,1152,259
18,1056,304
18,1085,302
18,1087,310
18,1014,282
18,1089,288
18,1583,224
18,1802,258
18,1858,216
18,6,1018
18,20,1005
18,7,930
18,5,972
18,39,899
18,15,1041
18,74,842
18,1804,752
18,1771,757
18,1712,779
18,1741,741
18,1765,775
18,1541,796
18,1514,790
18,1588,776
18,1637,786
18,1772,805
18,1713,802
18,1910,772
18,1862,800
18,1481,745
18,1368,747
18,1061,772
18,1188,830
18,1183,842
18,1198,767
18,1199,776
18,1040,724
18,1000,732
18,1074,758
18,1084,747
18,1073,751
18,1112,782
18,1108,789
18,1086,770
18,1166,916
18,1186,988
18,1200,818
18,1129,815
18,1180,932
18,1173,1077
18,1178,1074
18,1178,1077
18,1028,763
18,993,783
18,1008,752
18,544,742
18,508,759
18,479,752
18,479,761
18,501,778
18,446,754
18,534,783
18,429,775
18,529,789
18,140,751
18,1909,818
18,1783,781
18,1781,773
18,1847,767
18,1829,761
18,1622,808
18,1516,814
18,1516,803
18,1339,863
18,1348,858
18,1175,817
18,1096,798
18,1140,843
18,1083,811
18,1128,829
18,800,777
18,503,771
18,507,782
18,431,766
18,1175,740
18,1594,798
18,1435,781
18,1163,934
18,569,768
18,1092,791
18,1144,873
18,200,762
18,152,763
18,764,797
18,155,773
18,207,775
18,392,765
18,1245,769
19,253,140
19,252,123
19,259,153
19,275,132
19,256,238
19,271,156
19,252,157
19,265,168
19,286,184
19,274,145
19,276,211
19,607,213
19,610,224
19,627,221
19,559,217
19,558,207
19,662,254
19,777,320
19,277,268
19,640,284
19,878,236
19,854,232
19,857,215
19,791,196
19,793,202
19,1154,186
19,1147,259
19,1056,304
19,1085,302
19,1087,310
19,1014,282
19,1090,288
19,1579,224
19,1791,236
19,1798,252
19,1852,218
19,6,1018
19,23,999
19,8,926
19,5,923
19,5,972
19,38,902
19,11,1047
19,74,847
19,1800,752
19,1768,757
19,1706,779
19,1741,741
19,1771,771
19,1535,796
19,1507,790
19,1581,777
19,1630,785
19,1774,799
19,1719,799
19,1906,771
19,1864,799
19,1481,745
19,1367,747
19,1055,772
19,1187,839
19,1181,850
19,1203,769
19,1205,777
19,1042,724
19,995,733
19,1072,758
19,1084,747
19,1073,751
19,1115,782
19,1111,789
19,1078,769
19,1163,921
19,1186,984
19,1200,814
19,1125,809
19,1181,928
19,1173,1077
19,1178,1074
19,1178,1077
19,1019,763
19,999,783
19,1014,750
19,544,743
19,505,756
19,474,753
19,491,755
19,474,763
19,501,778
19,442,754
19,535,783
19,707,779
19,701,786
19,430,775
19,530,789
19,532,786
19,135,751
19,1909,818
19,1788,779
19,1784,771
19,1853,766
19,1837,756
19,1628,807
19,1520,814
19,1520,803
19,1340,859
19,1348,856
19,1175,817
19,1096,798
19,1143,845
19,1080,812
19,1129,833
19,807,778
19,510,770
19,506,785
19,438,765
19,1189,737
19,1604,796
19,1427,781
19,575,767
19,1087,789
19,1146,877
19,145,764
19,160,772
19,209,774
19,1380,789
19,399,764
19,1241,768
20,253,140
20,252,123
20,259,153
20,274,131
20,256,238
20,271,156
20,252,156
20,265,168
20,286,184
20,276,211
20,614,211
20,617,223
20,634,221
20,555,221
20,552,211
20,654,254
20,776,319
20,277,268
20,637,285
20,884,237
20,859,232
20,857,215
20,785,196
20,786,202
20,1158,181
20,1142,258
20,1056,303
20,1085,302
20,1087,310
20,1014,282
20,1090,288
20,1575,224
20,1784,233
20,1795,246
20,1845,220
20,6,1018
20,25,993
20,9,924
20,4,923
20,5,971
20,75,909
20,81,913
20,37,905
20,8,1053
20,75,853
20,1796,750
20,1762,757
20,1698,778
20,1741,741
20,1777,769
20,1527,794
20,1501,789
20,1577,779
20,1624,785
20,1776,793
20,1726,796
20,1902,770
20,1867,798
20,1481,745
20,1367,747
20,1050,772
20,1189,847
20,1181,854
20,1210,771
20,1212,779
20,1044,724
20,990,733
20,1071,756
20,1084,747
20,1073,750
20,1119,782
20,1113,789
20,1069,767
20,1165,928
20,1186,980
20,1202,812
20,1121,804
20,1182,924
20,1173,1077
20,1178,1074
20,1178,1077
20,1013,762
20,1006,783
20,1020,749
20,544,744
20,469,754
20,487,755
20,469,764
20,501,777
20,438,754
20,535,783
20,711,779
20,708,786
20,432,775
20,530,789
20,528,785
20,131,752
20,1909,818
20,1790,778
20,1789,768
20,1862,765
20,1844,755
20,1634,807
20,1525,813
20,1526,803
20,1339,855
20,1349,854
20,1175,817
20,1096,798
20,1145,849
20,1073,814
20,1131,837
20,813,779
20,516,769
20,503,786
20,443,764
20,1202,735
20,1615,794
20,1420,781
20,581,766
20,1082,787
20,1147,882
20,138,764
20,165,772
20,211,773
20,1383,789
20,407,762
20,1236,768
21,254,140
21,252,123
21,259,152
21,275,131
21,256,238
21,272,157
21,252,155
21,265,168
21,286,184
21,276,211
21,622,210
21,624,222
21,641,221
21,550,223
21,547,213
21,647,254
21,776,318
21,277,268
21,634,286
21,891,239
21,864,232
21,857,215
21,779,196
21,780,202
21,1163,176
21,1137,258
21,1056,303
21,1085,302
21,1087,310
21,1014,283
21,1090,288
21,1571,224
21,1778,230
21,1792,242
21,1838,222
21,6,1018
21,28,987
21,12,921
21,5,921
21,4,970
21,74,913
21,79,917
21,36,911
21,5,1057
21,75,859
21,1792,749
21,1757,757
21,1691,777
21,1741,741
21,1783,766
21,1520,793
21,1495,789
21,1574,782
21,1617,785
21,1780,788
21,1732,793
21,1896,770
21,1870,797
21,1481,745
21,1368,747
21,1040,770
21,1191,856
21,1180,859
21,1217,774
21,1218,782
21,1049,724
21,984,734
21,1071,756
21,1084,746
21,1073,750
21,1122,783
21,1116,790
21,1063,765
21,1165,932
21,1187,976
21,1204,810
21,1115,801
21,1183,920
21,1173,1077
21,1178,1074
21,1178,1077
21,1007,761
21,1013,783
21,1026,749
21,543,745
21,464,753
21,482,756
21,464,765
21,501,777
21,433,754
21,535,783
21,714,778
21,712,785
21,433,775
21,530,790
21,523,784
21,127,753
21,1909,818
21,1793,777
21,1794,766
21,1870,764
21,1851,753
21,1640,808
21,1531,811
21,1532,803
21,1337,851
21,1350,853
21,1175,817
21,1096,798
21,1147,853
21,1066,814
21,1133,841
21,820,780
21,522,768
21,500,786
21,448,762
21,1216,733
21,1628,792
21,1414,783
21,588,766
21,1076,784
21,1149,888
21,132,766
21,169,771
21,1386,788
21,410,762
21,1231,767
22,254,140
22,252,123
22,259,152
22,274,131
22,256,238
22,274,160
22,253,154
22,265,168
22,286,184
22,276,211
22,630,209
22,632,222
22,649,221
22,545,225
22,541,215
22,640,254
22,773,319
22,277,268
22,897,240
22,870,232
22,857,215
22,772,195
22,773,202
22,1167,170
22,1132,257
22,1056,303
22,1085,302
22,1087,310
22,1013,283
22,1090,288
22,1567,224
22,1772,228
22,1788,239
22,1832,224
22,1915,176
22,6,1018
22,30,981
22,11,920
22,5,919
22,4,969
22,36,917
22,75,865
22,1788,748
22,1751,757
22,1683,776
22,1741,741
22,1789,762
22,1512,792
22,1488,788
22,1570,784
22,1610,784
22,1783,783
22,1738,791
22,1889,771
22,1872,797
22,1482,743
22,1369,747
22,1037,771
22,1192,864
22,1180,864
22,1225,776
22,1225,784
22,1054,725
22,979,735
22,1072,756
22,1084,746
22,1073,750
22,1126,785
22,1118,791
22,1056,763
22,1167,937
22,1187,971
22,1207,808
22,1110,797
22,1183,916
22,1178,1074
22,1178,1077
22,999,760
22,1021,783
22,1034,750
22,543,747
22,490,757
22,457,752
22,477,755
22,460,766
22,501,777
22,428,754
22,535,783
22,718,777
22,717,783
22,435,776
22,531,790
22,519,784
22,124,753
22,1909,818
22,1798,776
22,1799,766
22,1877,761
22,1861,750
22,1646,809
22,1536,811
22,1536,802
22,1175,817
22,1096,798
22,1149,856
22,1134,845
22,824,780
22,529,768
22,496,787
22,454,762
22,1230,731
22,1642,791
22,1406,779
22,1070,779
22,1148,894
22,126,765
22,173,770
22,1389,787
22,412,765
22,1226,767
23,254,140
23,252,123
23,258,151
23,275,131
23,256,238
23,274,160
23,253,153
23,265,168
23,286,184
23,276,211
23,637,219
23,653,220
23,539,226
23,535,217
23,633,253
23,771,320
23,277,268
23,903,240
23,875,231
23,857,215
23,765,195
23,767,201
23,1172,163
23,1127,256
23,1056,303
23,1086,302
23,1087,310
23,1013,283
23,1090,288
23,1564,224
23,1767,226
23,1782,237
23,1825,226
23,1911,180
23,6,1018
23,35,974
23,11,918
23,5,917
23,4,967
23,5,957
23,35,923
23,75,872
23,1784,747
23,1746,758
23,1676,776
23,1741,741
23,1796,757
23,1504,791
23,1482,787
23,1566,786
23,1604,784
23,1787,779
23,1744,789
23,1882,771
23,1875,796
23,1482,737
23,1370,748
23,1032,772
23,1193,872
23,1179,869
23,1379,781
23,1383,796
23,1231,778
23,1231,786
23,1060,726
23,973,734
23,1072,756
23,1084,746
23,1073,750
23,1129,786
23,1121,792
23,1049,762
23,1188,966
23,1212,805
23,1103,793
23,1183,911
23,1179,1073
23,1178,1077
23,992,760
23,1027,783
23,1041,751
23,542,748
23,487,755
23,451,752
23,472,753
23,457,766
23,501,777
23,424,754
23,536,783
23,722,775
23,724,783
23,436,777
23,531,790
23,514,784
23,1909,818
23,1802,775
23,1804,766
23,1885,760
23,1871,748
23,1653,809
23,1541,811
23,1540,802
23,1175,817
23,1096,798
23,1150,859
23,1136,851
23,828,780
23,798,779
23,534,768
23,460,762
23,1243,729
23,1654,791
23,1063,778
23,1147,901
23,176,769
23,1394,787
23,420,765
23,1221,766
23,129,771
24,255,140
24,252,123
24,258,151
24,275,131
24,256,238
24,273,159
24,254,153
24,265,168
24,286,184
24,276,211
24,644,217
24,659,220
24,532,228
24,530,218
24,628,252
24,768,321
24,277,268
24,909,239
24,880,229
24,857,215
24,758,195
24,761,201
24,1176,158
24,1122,256
24,1056,303
24,1086,302
24,1087,311
24,1013,283
24,1090,288
24,1560,224
24,1761,226
24,1777,236
24,1819,229
24,1907,184
24,6,1018
24,79,845
24,39,968
24,12,916
24,6,916
24,6,960
24,5,956
24,34,929
24,75,878
24,1780,748
24,1743,758
24,1669,777
24,1741,741
24,1801,752
24,1499,793
24,1476,785
24,1557,786
24,1598,784
24,1791,774
24,1750,787
24,1874,769
24,1878,795
24,1485,740
24,1371,748
24,1028,772
24,1192,880
24,1176,875
24,1385,782
24,1391,796
24,1238,780
24,1237,788
24,1065,726
24,967,733
24,1073,756
24,1084,746
24,1073,750
24,1131,786
24,1125,792
24,1041,759
24,1188,960
24,1217,805
24,1096,788
24,1183,907
24,1177,995
24,1183,1069
24,1178,1077
24,987,760
24,1031,783
24,1047,753
24,542,749
24,482,754
24,445,753
24,466,753
24,452,766
24,501,777
24,419,754
24,538,782
24,727,774
24,727,780
24,438,778
24,532,790
24,508,785
24,1909,818
24,1805,774
24,1807,766
24,1893,763
24,1881,746
24,1659,807
24,1546,809
24,1547,802
24,1175,817
24,1096,798
24,1151,864
24,1137,856
24,834,780
24,806,780
24,538,768
24,578,777
24,465,763
24,1257,726
24,1665,792
24,1381,792
24,1055,776
24,1175,989
24,1145,907
24,180,767
24,1399,788
24,427,764
24,1216,765
24,133,767
25,255,140
25,252,123
25,258,150
25,275,131
25,256,238
25,273,158
25,254,151
25,265,168
25,287,185
25,276,211
25,651,215
25,665,220
25,526,231
25,525,220
25,624,250
25,764,320
25,277,268
25,916,239
25,886,227
25,857,215
25,751,196
25,754,201
25,1179,153
25,1117,255
25,1056,303
25,1086,302
25,1087,311
25,1013,284
25,1091,288
25,1285,226
25,1556,224
25,1755,226
25,1772,235
25,1815,234
25,1903,187
25,6,1018
25,78,848
25,42,962
25,13,914
25,6,914
25,6,957
25,5,954
25,32,936
25,77,885
25,1776,749
25,1739,759
25,1662,778
25,1741,741
25,1806,748
25,1493,794
25,1469,785
25,1550,786
25,1592,784
25,1796,769
25,1756,786
25,1868,769
25,1882,794
25,1485,741
25,1373,748
25,1021,771
25,1190,888
25,1173,881
25,1390,783
25,1396,798
25,1287,777
25,1244,782
25,1243,789
25,1070,726
25,962,735
25,1074,756
25,1084,746
25,1073,750
25,1133,787
25,1128,792
25,1034,757
25,1189,955
25,1219,808
25,1089,785
25,1183,904
25,1178,988
25,1183,1064
25,1178,1077
25,981,759
25,1036,784
25,1054,755
25,541,750
25,477,754
25,440,753
25,462,752
25,446,766
25,501,777
25,415,754
25,439,779
25,532,790
25,504,785
25,1909,818
25,1809,773
25,1809,765
25,1901,763
25,1890,745
25,1664,807
25,1552,809
25,1553,801
25,1175,817
25,1096,798
25,1152,870
25,1139,860
25,839,780
25,813,781
25,544,765
25,584,774
25,472,765
25,1272,724
25,1677,792
25,1387,794
25,1050,772
25,1176,982
25,1145,910
25,183,766
25,1405,790
25,431,764
25,1211,765
25,137,763
26,255,140
26,252,123
26,258,150
26,275,131
26,256,238
26,272,157
26,254,150
26,265,168
26,287,185
26,276,211
26,659,214
26,672,218
26,520,234
26,520,222
26,619,250
26,763,318
26,277,268
26,922,239
26,892,225
26,857,215
26,745,195
26,748,201
26,1183,147
26,1112,255
26,1056,302
26,1086,302
26,1087,311
26,1014,284
26,1091,288
26,1278,226
26,1552,224
26,1750,226
26,1767,234
26,1811,240
26,1900,189
26,6,1018
26,77,851
26,45,956
26,14,912
26,7,912
26,7,954
26,4,950
26,31,943
26,79,891
26,1772,750
26,1736,759
26,1656,779
26,1741,741
26,1812,747
26,1486,794
26,1463,787
26,1544,787
26,1586,786
26,1800,764
26,1762,784
26,1863,769
26,1887,794
26,1485,742
26,1374,749
26,1014,772
26,1187,897
26,1170,887
26,1395,785
26,1403,800
26,1283,778
26,1250,783
26,1250,790
26,1076,725
26,955,736
26,1074,756
26,1084,745
26,1073,750
26,1135,788
26,1131,792
26,1026,755
26,1188,952
26,1179,952
26,1222,811
26,1083,781
26,1183,900
26,1178,989
26,1184,1058
26,1179,1073
26,975,759
26,1044,782
26,1059,757
26,541,751
26,471,753
26,436,752
26,459,752
26,442,766
26,501,777
26,411,754
26,436,780
26,532,790
26,501,786
26,1909,818
26,1813,772
26,1813,765
26,1899,745
26,1668,808
26,1560,809
26,1558,800
26,1175,817
26,1096,798
26,1154,875
26,1141,863
26,844,780
26,820,783
26,551,763
26,478,766
26,1290,721
26,1688,791
26,1392,794
26,1042,771
26,1178,977
26,1146,914
26,188,766
26,1409,790
26,1281,800
26,435,763
26,1206,764
26,141,760
27,255,140
27,252,123
27,259,151
27,275,131
27,256,238
27,271,156
27,254,149
27,265,168
27,287,185
27,276,211
27,666,213
27,679,217
27,515,236
27,514,225
27,613,251
27,277,268
27,927,239
27,898,224
27,857,215
27,739,194
27,742,200
27,1189,143
27,1107,255
27,1056,302
27,1086,302
27,1087,311
27,1015,285
27,1091,288
27,1272,226
27,1549,224
27,1743,225
27,1759,234
27,1807,246
27,1896,192
27,6,1018
27,75,854
27,49,949
27,15,910
27,8,910
27,11,948
27,4,943
27,29,949
27,80,897
27,1768,751
27,1732,760
27,1649,780
27,1741,741
27,1819,747
27,1480,794
27,1458,788
27,1539,787
27,1581,787
27,1806,763
27,1769,783
27,1859,769
27,1892,794
27,1485,743
27,1375,749
27,1011,773
27,1184,906
27,1168,894
27,1400,785
27,1411,801
27,1278,776
27,1257,785
27,1256,792
27,1082,725
27,949,736
27,1075,756
27,1084,745
27,1073,750
27,1138,788
27,1133,794
27,1020,752
27,1188,950
27,1179,946
27,1226,813
27,1076,778
27,1178,894
27,1179,985
27,1178,1051
27,1185,1051
27,1181,1069
27,968,759
27,1052,781
27,1064,760
27,540,753
27,465,753
27,431,752
27,453,752
27,438,766
27,501,777
27,407,755
27,432,780
27,495,787
27,1909,818
27,1816,770
27,1817,767
27,1904,743
27,1675,807
27,1564,809
27,1565,798
27,1175,817
27,1096,798
27,1158,879
27,1143,867
27,848,781
27,827,785
27,558,765
27,483,767
27,1699,788
27,1397,795
27,1035,770
27,1179,972
27,1148,923
27,192,765
27,1413,790
27,1272,799
27,439,763
27,1202,764
27,144,754
28,255,140
28,252,123
28,260,152
28,275,131
28,256,239
28,271,155
28,254,148
28,265,168
28,287,185
28,276,211
28,672,211
28,685,217
28,509,237
28,507,227
28,607,252
28,277,268
28,935,238
28,904,223
28,857,215
28,733,193
28,734,200
28,1194,140
28,1102,257
28,1379,241
28,1056,302
28,1086,302
28,1087,311
28,1016,285
28,1091,288
28,1265,226
28,1545,223
28,1737,225
28,1750,234
28,1804,252
28,1892,195
28,6,1018
28,74,857
28,170,765
28,53,943
28,17,908
28,9,908
28,16,937
28,7,938
28,28,957
28,82,903
28,1763,753
28,1727,762
28,1644,781
28,1741,741
28,1826,747
28,1473,793
28,1452,788
28,1533,787
28,1576,789
28,1812,761
28,1776,781
28,1854,770
28,1897,794
28,1485,744
28,1376,749
28,1003,774
28,1180,914
28,1167,899
28,1406,786
28,1417,803
28,1272,774
28,1263,785
28,1263,792
28,1089,726
28,944,737
28,1076,756
28,1084,745
28,1073,750
28,1141,789
28,1136,795
28,1012,750
28,1189,944
28,1231,813
28,1070,774
28,1178,889
28,1180,979
28,1180,1043
28,1187,1045
28,1181,1063
28,961,757
28,1057,782
28,1073,764
28,540,754
28,461,752
28,425,752
28,447,752
28,432,767
28,501,777
28,404,756
28,428,780
28,1909,818
28,1820,769
28,1820,766
28,1910,742
28,1680,807
28,1568,809
28,1571,798
28,1175,817
28,1096,798
28,1161,883
28,1143,870
28,1075,824
28,853,781
28,833,786
28,565,766
28,488,767
28,1711,786
28,1402,796
28,1028,769
28,1180,967
28,196,760
28,1418,791
28,1262,799
28,443,763
28,1197,763
28,147,748
29,255,140
29,252,123
29,261,153
29,275,131
29,256,239
29,270,153
29,251,151
29,265,168
29,287,185
29,276,211
29,678,209
29,692,215
29,504,240
29,501,230
29,602,253
29,277,268
29,943,236
29,910,223
29,857,215
29,728,194
29,729,200
29,1198,136
29,1097,258
29,1387,242
29,1056,302
29,1086,302
29,1087,311
29,1016,286
29,1091,288
29,1259,226
29,1541,223
29,1730,224
29,1742,232
29,1803,260
29,1887,198
29,1910,179
29,6,1018
29,74,859
29,175,767
29,58,937
29,18,906
29,10,906
29,19,933
29,10,933
29,28,964
29,1758,754
29,1722,763
29,1639,781
29,1741,741
29,1833,747
29,1467,793
29,1445,786
29,1527,787
29,1570,791
29,1819,758
29,1783,782
29,1849,771
29,1902,794
29,1485,745
29,1377,750
29,997,774
29,1176,921
29,1166,903
29,1413,788
29,1423,805
29,1266,773
29,1269,785
29,1270,793
29,1095,728
29,938,739
29,1076,756
29,1084,745
29,1073,750
29,1144,790
29,1139,797
29,1004,748
29,1191,939
29,1235,813
29,1063,770
29,1178,884
29,1182,974
29,1180,1038
29,1187,1038
29,1179,1055
29,953,756
29,1062,784
29,1081,768
29,539,755
29,457,752
29,419,752
29,441,750
29,426,768
29,501,777
29,397,756
29,748,773
29,750,779
29,424,780
29,1909,818
29,1823,767
29,1822,763
29,1686,807
29,1572,809
29,1576,799
29,1175,817
29,1096,798
29,1163,886
29,1143,874
29,1082,825
29,857,782
29,839,789
29,570,767
29,493,767
29,1723,784
29,1408,796
29,1022,768
29,1182,962
29,1424,793
29,1255,800
29,447,762
29,1192,763
29,150,742
30,255,140
30,252,123
30,262,154
30,275,131
30,256,240
30,269,152
30,248,154
30,265,168
30,287,185
30,276,211
30,684,207
30,698,215
30,498,242
30,496,232
30,596,254
30,277,268
30,950,235
30,917,224
30,857,215
30,722,196
30,725,201
30,1203,132
30,1091,259
30,1395,242
30,1056,302
30,1086,302
30,1087,311
30,1015,287
30,1091,288
30,1253,227
30,1538,223
30,1724,223
30,1736,230
30,1803,268
30,1882,201
30,1903,184
30,6,1018
30,73,861
30,181,769
30,62,931
30,19,904
30,10,904
30,22,930
30,14,928
30,28,971
30,1755,755
30,1718,764
30,1632,783
30,1741,741
30,1840,747
30,1461,793
30,1438,785
30,1522,788
30,1565,792
30,1826,755
30,1790,782
30,1844,772
30,1906,795
30,1485,746
30,1378,750
30,991,774
30,1171,928
30,1165,909
30,1420,788
30,1430,808
30,1261,774
30,1276,785
30,1277,793
30,1100,728
30,932,740
30,1077,756
30,1084,745
30,1073,750
30,1147,791
30,1141,798
30,996,746
30,1194,934
30,1240,812
30,1056,767
30,1179,883
30,1183,968
30,1190,1032
30,1178,1049
30,946,755
30,1068,785
30,1087,770
30,539,756
30,452,751
30,415,753
30,436,748
30,421,769
30,500,777
30,392,756
30,706,780
30,420,780
30,1909,818
30,1827,766
30,1824,760
30,1692,808
30,1577,809
30,1582,800
30,1175,817
30,1096,798
30,1167,890
30,1145,879
30,1090,824
30,861,782
30,847,791
30,576,767
30,500,766
30,1735,782
30,1414,797
30,1016,766
30,1183,955
30,1430,795
30,1248,801
30,451,762
30,1187,762
30,153,737
30,128,762
