1,203,375
1,106,384
1,942,953
1,1110,1076
1,1119,1070
1,1114,953
1,1099,938
1,1122,943
1,1125,942
1,1103,771
1,1172,599
1,1181,601
1,1204,610
1,1218,613
1,1230,619
1,1242,618
1,1233,606
1,1248,607
1,1291,623
1,1248,616
1,1267,619
1,1274,619
1,1320,465
1,1864,805
1,1858,800
1,1316,462
1,1434,412
1,1655,419
1,1773,439
1,1760,439
1,1212,433
1,1203,430
1,1178,425
1,1191,457
1,1128,16
1,1133,71
1,1131,185
1,1129,320
1,934,302
1,1126,327
1,720,443
1,711,437
1,702,447
1,695,447
1,691,439
1,683,439
1,708,427
1,698,431
1,687,424
2,196,376
2,99,384
2,936,963
2,1110,1075
2,1124,1075
2,1113,958
2,1099,937
2,1121,950
2,1124,950
2,1110,762
2,1172,599
2,1181,601
2,1203,610
2,1217,613
2,1229,618
2,1242,618
2,1232,606
2,1247,607
2,1289,623
2,1248,616
2,1266,619
2,1273,617
2,1311,466
2,1858,804
2,1852,799
2,1307,462
2,1428,412
2,1658,417
2,1773,439
2,1760,438
2,1211,433
2,1203,431
2,1178,428
2,1191,457
2,1128,20
2,1133,79
2,1131,185
2,1128,319
2,930,305
2,1125,326
2,721,444
2,711,441
2,702,447
2,695,448
2,690,442
2,682,442
2,710,430
2,698,432
2,687,426
3,189,377
3,92,384
3,930,973
3,1112,963
3,1099,937
3,1120,958
3,1124,959
3,1118,754
3,1172,599
3,1181,601
3,1203,610
3,1217,613
3,1229,618
3,1242,618
3,1232,606
3,1247,607
3,1287,624
3,1248,616
3,1266,619
3,1273,615
3,1302,467
3,1852,804
3,1847,799
3,1299,463
3,1422,412
3,1662,416
3,1773,439
3,1760,438
3,1211,434
3,1203,432
3,1178,431
3,1191,457
3,1128,24
3,1133,88
3,1131,185
3,1128,319
3,926,309
3,1125,326
3,722,445
3,712,445
3,702,448
3,695,449
3,690,445
3,682,446
3,713,433
3,698,433
3,687,428
4,182,378
4,86,385
4,923,981
4,1111,968
4,1099,937
4,1120,965
4,1124,967
4,1124,744
4,1172,599
4,1181,601
4,1202,610
4,1217,613
4,1229,618
4,1242,618
4,1232,606
4,1247,607
4,1286,624
4,1248,616
4,1265,619
4,1272,613
4,1293,469
4,1847,804
4,1841,799
4,1291,463
4,1417,413
4,1431,409
4,1665,415
4,1773,439
4,1760,438
4,1211,435
4,1204,433
4,1178,434
4,1191,457
4,1129,28
4,1134,96
4,1131,185
4,1128,319
4,922,313
4,1125,326
4,723,446
4,713,449
4,703,449
4,695,450
4,689,449
4,681,450
4,716,436
4,698,434
4,687,431
5,175,379
5,79,385
5,917,989
5,1110,973
5,1099,937
5,1119,973
5,1124,976
5,1130,734
5,1172,599
5,1181,601
5,1202,610
5,1217,614
5,1229,618
5,1242,618
5,1232,607
5,1247,607
5,1284,625
5,1248,616
5,1264,620
5,1270,613
5,1284,470
5,1841,804
5,1836,799
5,1283,464
5,1411,413
5,1429,409
5,1669,414
5,1773,439
5,1760,438
5,1211,435
5,1204,434
5,1179,437
5,1191,457
5,1129,32
5,1134,105
5,1128,319
5,918,317
5,1125,326
5,723,449
5,713,453
5,703,449
5,695,451
5,689,452
5,681,453
5,719,439
5,697,437
5,687,433
6,168,380
6,72,386
6,910,997
6,1110,978
6,1099,937
6,1118,980
6,1124,985
6,1135,724
6,1172,599
6,1181,601
6,1202,610
6,1217,614
6,1228,618
6,1242,618
6,1232,607
6,1247,607
6,1282,625
6,1248,616
6,1262,620
6,1268,612
6,1276,472
6,1836,804
6,1831,799
6,1275,464
6,1406,413
6,1427,409
6,1672,413
6,1773,439
6,1761,438
6,1211,436
6,1204,435
6,1179,437
6,1191,457
6,1130,36
6,1135,113
6,1128,318
6,914,321
6,1125,325
6,722,454
6,714,458
6,703,450
6,695,452
6,689,455
6,681,457
6,722,442
6,695,442
6,687,436
7,161,381
7,66,386
7,904,1005
7,1109,983
7,1099,937
7,1118,988
7,1124,993
7,1123,958
7,1140,714
7,1172,599
7,1181,601
7,1201,610
7,1217,614
7,1228,618
7,1242,618
7,1232,607
7,1247,607
7,1281,626
7,1248,616
7,1261,620
7,1265,612
7,1267,471
7,1829,803
7,1825,798
7,1267,464
7,1400,414
7,1424,409
7,1677,413
7,1773,439
7,1761,438
7,1210,437
7,1204,436
7,1179,437
7,1191,457
7,1130,39
7,1135,121
7,1128,318
7,911,325
7,1125,325
7,1129,293
7,721,460
7,715,463
7,704,454
7,696,456
7,689,462
7,680,464
7,725,447
7,693,447
7,685,441
8,154,382
8,59,386
8,897,1012
8,1109,989
8,1099,937
8,1117,996
8,1124,1002
8,1126,969
8,1123,966
8,1145,703
8,1172,599
8,1181,601
8,1201,610
8,1217,614
8,1228,618
8,1242,618
8,1232,607
8,1247,607
8,1280,626
8,1248,616
8,1261,619
8,1263,612
8,1258,468
8,1823,803
8,1819,797
8,1258,461
8,1394,414
8,1419,410
8,1682,415
8,1773,439
8,1761,438
8,1209,439
8,1202,438
8,1179,437
8,1191,457
8,1131,43
8,1127,318
8,907,330
8,1125,325
8,1127,290
8,722,466
8,715,469
8,705,460
8,696,462
8,689,470
8,679,472
8,728,456
8,690,452
8,683,449
8,699,431
8,689,425
8,711,432
9,147,382
9,52,386
9,891,1020
9,1109,994
9,1099,937
9,1116,1004
9,1124,1009
9,1125,977
9,1123,973
9,1150,693
9,1172,599
9,1181,601
9,1201,611
9,1217,615
9,1228,618
9,1242,618
9,1231,608
9,1247,607
9,1279,626
9,1248,616
9,1260,618
9,1261,612
9,1250,465
9,1817,802
9,1813,796
9,1250,457
9,1388,415
9,1414,411
9,1687,417
9,1773,439
9,1761,438
9,1208,441
9,1201,440
9,1179,437
9,1191,457
9,1131,46
9,1127,318
9,904,335
9,1125,325
9,1125,287
9,723,472
9,715,476
9,705,466
9,696,468
9,689,478
9,678,480
9,731,465
9,686,457
9,680,456
9,700,436
9,690,430
9,712,439
10,140,382
10,46,386
10,884,1028
10,1109,1000
10,1099,937
10,1114,1013
10,1124,1017
10,1123,985
10,1121,983
10,1152,684
10,1172,599
10,1181,601
10,1200,611
10,1217,615
10,1227,618
10,1242,618
10,1231,608
10,1247,607
10,1278,626
10,1248,616
10,1259,618
10,1260,612
10,1242,462
10,1811,802
10,1807,795
10,1242,454
10,1383,416
10,1409,413
10,1692,419
10,1775,430
10,1773,439
10,1762,437
10,1207,442
10,1200,441
10,1179,437
10,1191,457
10,1132,50
10,1127,318
10,900,339
10,1125,325
10,1123,284
10,723,478
10,714,483
10,705,472
10,696,474
10,689,486
10,677,488
10,732,474
10,684,464
10,678,464
10,701,444
10,689,436
10,712,446
11,133,382
11,39,386
11,878,1036
11,1109,1006
11,1099,937
11,1113,1021
11,1123,1025
11,1123,993
11,1120,988
11,1154,676
11,1172,599
11,1181,601
11,1200,611
11,1217,615
11,1227,618
11,1242,618
11,1231,608
11,1247,608
11,1277,626
11,1248,616
11,1259,618
11,1260,612
11,1234,458
11,1805,801
11,1801,794
11,1234,449
11,1377,417
11,1403,413
11,1248,403
11,1697,420
11,1770,430
11,1773,439
11,1762,437
11,1763,429
11,1206,443
11,1199,442
11,1179,437
11,1191,457
11,1133,54
11,1127,317
11,896,344
11,1125,324
11,1123,284
11,722,485
11,713,490
11,704,479
11,694,479
11,689,493
11,677,495
11,732,484
11,682,471
11,676,472
11,712,701
11,702,451
11,689,441
11,712,452
11,690,427
12,126,382
12,33,386
12,871,1044
12,1108,1013
12,1099,936
12,1113,1029
12,1121,1033
12,1123,1001
12,1120,1000
12,1156,668
12,1172,599
12,1181,601
12,1200,611
12,1217,616
12,1227,618
12,1242,618
12,1231,609
12,1247,608
12,1277,626
12,1248,616
12,1258,619
12,1260,612
12,1227,452
12,1800,801
12,1796,794
12,1229,444
12,1371,417
12,1398,414
12,1256,406
12,1701,422
12,1765,430
12,1773,439
12,1762,437
12,1761,429
12,1205,443
12,1199,443
12,1179,437
12,1191,457
12,1133,57
12,1127,317
12,893,349
12,1125,324
12,1122,284
12,720,491
12,712,496
12,702,485
12,692,484
12,689,500
12,676,502
12,732,493
12,680,479
12,674,480
12,718,690
12,702,459
12,689,443
12,712,458
12,692,430
12,696,422
13,118,382
13,26,386
13,864,1052
13,1107,1020
13,1099,936
13,1113,1036
13,1119,1042
13,1123,1009
13,1118,1007
13,1157,660
13,1172,599
13,1181,601
13,1199,611
13,1217,616
13,1227,618
13,1242,618
13,1231,609
13,1247,608
13,1276,626
13,1248,616
13,1257,620
13,1260,612
13,1220,445
13,1794,801
13,1790,794
13,1223,439
13,1365,418
13,1392,415
13,1264,409
13,1705,422
13,1761,430
13,1773,439
13,1762,437
13,1759,430
13,1204,444
13,1198,444
13,1179,437
13,1191,457
13,1134,61
13,1127,317
13,889,355
13,1125,324
13,1122,284
13,720,498
13,713,503
13,701,492
13,692,491
13,688,508
13,676,510
13,732,503
13,680,487
13,674,488
13,723,679
13,677,679
13,702,466
13,690,446
13,712,464
13,696,437
13,699,428
13,1033,30
14,111,382
14,19,386
14,859,1061
14,1107,1027
14,1099,936
14,1112,1044
14,1118,1050
14,1122,1017
14,1117,1013
14,1159,652
14,1172,599
14,1181,601
14,1199,611
14,1217,616
14,1226,618
14,1242,618
14,1231,609
14,1247,608
14,1275,626
14,1248,616
14,1256,620
14,1260,612
14,1213,439
14,1788,800
14,1784,794
14,1217,434
14,1361,418
14,1387,417
14,1272,409
14,1709,422
14,1756,430
14,1773,439
14,1763,437
14,1757,430
14,1204,444
14,1198,444
14,1179,437
14,1191,457
14,1134,64
14,1126,317
14,885,363
14,1125,324
14,1122,283
14,721,504
14,715,510
14,701,500
14,693,500
14,687,518
14,676,519
14,732,514
14,681,496
14,674,496
14,728,668
14,677,670
14,703,472
14,691,451
14,711,470
14,699,444
14,701,434
14,1033,54
15,104,382
15,13,386
15,853,1070
15,1108,1034
15,1099,936
15,1110,1052
15,1118,1057
15,1120,1026
15,1116,1020
15,1161,644
15,1172,599
15,1181,601
15,1199,611
15,1217,616
15,1226,618
15,1242,618
15,1231,609
15,1247,608
15,1274,626
15,1248,616
15,1255,621
15,1260,612
15,1207,432
15,1783,800
15,1779,794
15,1212,429
15,1357,418
15,1382,419
15,1280,409
15,1713,422
15,1755,432
15,1773,439
15,1763,437
15,1755,431
15,1204,444
15,1198,444
15,1179,437
15,1191,457
15,1134,68
15,1126,317
15,882,370
15,1125,324
15,1122,283
15,721,511
15,714,516
15,700,506
15,693,506
15,686,526
15,676,527
15,730,524
15,681,505
15,674,504
15,736,655
15,678,661
15,704,477
15,693,459
15,709,478
15,700,454
15,702,440
15,696,701
15,707,428
15,693,431
15,1033,83
16,97,382
16,6,386
16,1108,1042
16,1099,936
16,1109,1060
16,1118,1064
16,1119,1035
16,1115,1027
16,1162,636
16,1172,599
16,1181,601
16,1199,612
16,1216,617
16,1226,618
16,1242,618
16,1231,610
16,1247,608
16,1273,626
16,1248,616
16,1254,622
16,1260,612
16,1201,427
16,1777,800
16,1773,793
16,1207,424
16,1353,418
16,1377,421
16,1288,408
16,1717,423
16,1754,434
16,1773,439
16,1763,437
16,1753,431
16,1204,444
16,1198,444
16,1179,437
16,1191,457
16,1134,71
16,1126,316
16,878,378
16,1125,323
16,1122,283
16,721,518
16,712,522
16,699,511
16,691,511
16,685,535
16,676,535
16,728,533
16,681,514
16,672,513
16,746,640
16,679,651
16,704,486
16,693,463
16,709,484
16,702,457
16,700,446
16,696,692
16,711,431
16,693,437
16,1031,114
17,90,382
17,1108,1049
17,1099,936
17,1109,1068
17,1118,1071
17,1119,1043
17,1114,1034
17,1163,632
17,1172,599
17,1181,601
17,1199,612
17,1216,617
17,1226,618
17,1242,618
17,1231,610
17,1247,608
17,1273,626
17,1248,616
17,1253,622
17,1260,612
17,1197,422
17,1771,801
17,1768,793
17,1202,419
17,1349,417
17,1372,423
17,1296,408
17,1721,423
17,1752,436
17,1773,439
17,1763,437
17,1751,432
17,1204,444
17,1198,444
17,1179,437
17,1191,457
17,1135,75
17,1126,316
17,873,384
17,1125,323
17,1122,283
17,721,525
17,710,529
17,698,517
17,690,516
17,684,543
17,675,543
17,725,542
17,681,523
17,671,521
17,756,625
17,680,641
17,703,493
17,694,467
17,710,491
17,704,465
17,700,452
17,697,685
17,712,436
17,691,442
17,1031,145
18,83,382
18,1107,1057
18,1099,935
18,1109,1074
18,1116,1076
18,1119,1051
18,1113,1042
18,1164,630
18,1172,599
18,1181,601
18,1199,612
18,1215,617
18,1225,618
18,1242,618
18,1231,610
18,1247,608
18,1273,626
18,1248,616
18,1252,623
18,1260,612
18,1192,418
18,1765,802
18,1763,793
18,1198,415
18,1344,416
18,1366,425
18,1303,407
18,1725,423
18,1751,438
18,1773,439
18,1764,437
18,1749,433
18,1646,413
18,1204,444
18,1198,444
18,1179,437
18,1191,457
18,1135,79
18,1126,316
18,869,390
18,1125,323
18,1122,282
18,720,532
18,708,535
18,697,523
18,688,521
18,683,551
18,675,551
18,723,552
18,681,532
18,670,529
18,766,610
18,681,631
18,702,500
18,694,472
18,710,499
18,705,473
18,700,458
18,699,678
18,713,441
18,688,448
18,1031,177
19,76,382
19,1106,1065
19,1100,933
19,1118,1059
19,1112,1049
19,1165,627
19,1172,599
19,1181,601
19,1199,612
19,1215,617
19,1225,618
19,1242,618
19,1231,610
19,1247,608
19,1273,626
19,1248,616
19,1251,624
19,1260,612
19,1188,413
19,1759,802
19,1758,793
19,1194,411
19,1339,416
19,1361,426
19,1308,407
19,1751,438
19,1773,439
19,1764,437
19,1749,434
19,1651,413
19,1205,444
19,1198,443
19,1179,437
19,1191,457
19,1136,82
19,1126,316
19,864,395
19,1125,323
19,1122,282
19,720,539
19,708,541
19,696,529
19,687,528
19,683,558
19,675,560
19,722,562
19,681,539
19,670,537
19,778,594
19,682,623
19,702,507
19,695,476
19,710,506
19,706,481
19,700,464
19,701,672
19,711,449
19,685,453
19,704,709
19,1032,210
20,69,382
20,1105,1071
20,1101,932
20,1117,1063
20,1112,1059
20,1166,625
20,1172,599
20,1181,601
20,1199,612
20,1215,617
20,1225,618
20,1242,618
20,1231,610
20,1247,608
20,1273,626
20,1248,616
20,1250,625
20,1260,612
20,1753,802
20,1752,792
20,1334,415
20,1355,427
20,1314,407
20,1750,437
20,1773,439
20,1764,437
20,1748,435
20,1655,413
20,1205,443
20,1199,443
20,1179,437
20,1191,457
20,1136,86
20,1125,316
20,859,401
20,1125,323
20,1122,282
20,719,545
20,708,547
20,695,536
20,686,534
20,682,565
20,675,569
20,721,572
20,681,547
20,670,544
20,789,578
20,683,615
20,701,514
20,695,481
20,709,514
20,707,489
20,700,470
20,704,666
20,710,457
20,684,459
20,726,707
20,713,704
20,706,707
20,1031,251
21,62,383
21,1105,1074
21,1102,931
21,1116,1069
21,1111,1067
21,1166,623
21,1172,599
21,1181,601
21,1199,612
21,1214,617
21,1225,618
21,1242,618
21,1231,610
21,1247,609
21,1273,626
21,1248,616
21,1246,625
21,1260,612
21,1280,768
21,1747,801
21,1745,791
21,1329,414
21,1349,428
21,1319,407
21,1750,437
21,1773,439
21,1764,437
21,1747,436
21,1659,413
21,1205,443
21,1199,443
21,1179,437
21,1191,457
21,1136,90
21,1125,315
21,855,407
21,1125,322
21,1122,282
21,719,551
21,708,553
21,694,543
21,684,540
21,681,572
21,675,577
21,720,582
21,681,554
21,669,552
21,801,562
21,685,607
21,701,522
21,692,487
21,709,521
21,707,496
21,701,476
21,704,656
21,716,463
21,684,466
21,726,702
21,713,700
21,687,694
21,677,692
21,706,697
21,1030,292
22,55,383
22,1103,929
22,1165,622
22,1172,599
22,1181,601
22,1199,612
22,1214,617
22,1224,618
22,1242,618
22,1231,610
22,1247,609
22,1273,626
22,1248,616
22,1242,625
22,1260,612
22,1282,762
22,1741,800
22,1739,791
22,1324,413
22,1344,429
22,1325,407
22,1752,436
22,1773,439
22,1764,437
22,1746,438
22,1663,413
22,1205,443
22,1199,443
22,1179,437
22,1191,457
22,1137,93
22,1125,315
22,851,412
22,1125,322
22,1122,282
22,719,558
22,709,559
22,693,551
22,682,547
22,680,580
22,673,584
22,720,592
22,681,562
22,669,560
22,811,543
22,688,599
22,700,530
22,691,492
22,709,529
22,707,503
22,702,483
22,704,649
22,719,469
22,683,472
22,726,697
22,713,697
22,690,679
22,682,682
22,706,687
22,698,698
22,1031,345
23,48,383
23,1103,928
23,1165,622
23,1172,599
23,1181,601
23,1199,612
23,1213,617
23,1224,618
23,1242,618
23,1231,610
23,1247,609
23,1273,626
23,1248,616
23,1238,626
23,1260,612
23,1283,754
23,1735,799
23,1733,790
23,1319,412
23,1338,431
23,1330,406
23,1755,435
23,1773,439
23,1764,437
23,1745,439
23,1206,443
23,1199,442
23,1179,437
23,1191,457
23,1137,97
23,1125,315
23,848,418
23,1125,322
23,1122,282
23,720,565
23,710,565
23,691,558
23,680,554
23,679,587
23,670,591
23,721,602
23,681,569
23,669,568
23,821,525
23,691,592
23,700,537
23,691,497
23,710,536
23,705,511
23,702,489
23,706,643
23,720,476
23,682,477
23,725,691
23,712,691
23,693,674
23,684,673
23,707,678
23,697,425
23,690,417
23,703,419
23,699,689
23,1032,398
24,41,383
24,1103,924
24,1164,622
24,1172,599
24,1181,601
24,1199,612
24,1213,617
24,1224,618
24,1242,618
24,1231,610
24,1247,609
24,1273,626
24,1248,616
24,1234,626
24,1260,612
24,1284,746
24,1730,799
24,1726,789
24,1314,412
24,1334,432
24,1339,406
24,1758,435
24,1773,439
24,1764,437
24,1744,440
24,1206,443
24,1199,442
24,1179,437
24,1191,457
24,1137,100
24,1125,315
24,843,424
24,1125,322
24,1122,282
24,721,571
24,711,571
24,689,565
24,679,561
24,678,595
24,668,599
24,722,611
24,680,576
24,669,576
24,831,508
24,693,585
24,700,544
24,691,502
24,711,543
24,704,519
24,702,496
24,707,637
24,721,484
24,680,482
24,724,684
24,711,685
24,693,666
24,683,665
24,708,669
24,695,431
24,687,423
24,708,428
24,701,680
24,715,486
24,1034,455
25,34,384
25,1103,920
25,1163,621
25,1172,599
25,1181,601
25,1199,612
25,1213,617
25,1224,618
25,1242,618
25,1231,610
25,1247,609
25,1273,626
25,1248,616
25,1230,626
25,1260,612
25,1284,738
25,1724,798
25,1720,789
25,1310,411
25,1330,434
25,1347,405
25,1760,434
25,1773,439
25,1764,437
25,1744,440
25,1675,416
25,1206,443
25,1199,442
25,1179,437
25,1191,457
25,1137,103
25,1125,315
25,839,431
25,1125,322
25,1122,283
25,722,577
25,713,578
25,687,571
25,678,568
25,676,603
25,666,607
25,723,620
25,679,584
25,670,583
25,841,492
25,695,578
25,700,551
25,690,507
25,712,549
25,702,526
25,702,503
25,707,629
25,723,490
25,679,488
25,723,679
25,711,679
25,694,658
25,683,657
25,710,659
25,694,438
25,685,430
25,707,436
25,703,671
25,715,491
25,1036,522
25,1119,1072
26,27,384
26,1103,916
26,1163,621
26,1172,599
26,1181,601
26,1199,612
26,1213,617
26,1224,618
26,1242,618
26,1231,610
26,1247,609
26,1272,625
26,1248,616
26,1225,626
26,1260,612
26,1284,731
26,1718,797
26,1714,788
26,1305,410
26,1325,435
26,1356,405
26,1763,434
26,1773,439
26,1764,437
26,1744,440
26,1680,423
26,1206,442
26,1200,442
26,1179,437
26,1191,457
26,1137,107
26,1125,314
26,835,438
26,1125,321
26,1123,283
26,722,583
26,714,584
26,684,578
26,677,575
26,674,611
26,665,615
26,724,630
26,679,592
26,670,590
26,851,476
26,696,569
26,704,556
26,688,512
26,714,555
26,701,533
26,702,511
26,707,624
26,723,497
26,679,496
26,723,674
26,711,673
26,695,650
26,684,649
26,710,649
26,693,446
26,683,437
26,706,445
26,705,662
26,715,499
26,674,700
26,683,693
26,1039,591
26,1118,1066
27,20,384
27,1103,911
27,1162,621
27,1172,599
27,1181,601
27,1199,612
27,1213,617
27,1224,618
27,1242,618
27,1231,610
27,1247,609
27,1270,625
27,1248,616
27,1219,625
27,1260,612
27,1284,724
27,1713,797
27,1709,787
27,1300,409
27,1320,436
27,1365,405
27,1765,433
27,1773,439
27,1764,437
27,1744,440
27,1685,419
27,1207,442
27,1200,441
27,1179,437
27,1191,457
27,1137,110
27,1125,313
27,830,444
27,1125,321
27,1123,283
27,724,590
27,716,591
27,683,585
27,676,583
27,674,619
27,665,622
27,725,641
27,678,600
27,670,597
27,861,459
27,695,561
27,706,562
27,688,516
27,715,562
27,701,539
27,700,527
27,706,619
27,723,503
27,678,504
27,722,669
27,711,668
27,696,641
27,686,640
27,710,639
27,692,454
27,682,447
27,705,452
27,707,653
27,718,504
27,674,693
27,684,686
27,1043,660
27,1117,1060
28,14,385
28,1103,911
28,1162,621
28,1172,599
28,1181,601
28,1199,612
28,1213,617
28,1224,618
28,1242,618
28,1231,610
28,1247,609
28,1269,625
28,1248,616
28,1214,625
28,1260,612
28,1284,717
28,1707,797
28,1704,787
28,1294,409
28,1313,436
28,1372,405
28,1768,432
28,1773,439
28,1764,437
28,1743,440
28,1685,423
28,1207,442
28,1200,441
28,1179,437
28,1191,457
28,1137,113
28,1125,312
28,826,451
28,1125,320
28,1123,284
28,725,596
28,718,597
28,683,594
28,676,590
28,675,627
28,664,629
28,725,652
28,677,609
28,669,603
28,869,443
28,695,555
28,707,569
28,687,521
28,716,569
28,703,546
28,700,523
28,705,612
28,720,508
28,676,511
28,719,665
28,708,662
28,695,629
28,687,628
28,709,631
28,690,459
28,681,454
28,704,457
28,707,645
28,716,511
28,675,687
28,685,680
28,1047,730
28,1117,1052
29,10,386
29,1103,907
29,1163,621
29,1172,599
29,1181,601
29,1199,612
29,1213,617
29,1224,618
29,1242,618
29,1231,610
29,1247,609
29,1268,625
29,1248,616
29,1209,625
29,1260,612
29,1284,710
29,1702,796
29,1699,786
29,1287,408
29,1306,435
29,1380,406
29,1771,431
29,1773,439
29,1764,437
29,1743,440
29,1685,425
29,1207,442
29,1200,441
29,1179,437
29,1191,457
29,1137,115
29,1126,311
29,822,457
29,1125,319
29,1123,284
29,727,605
29,718,607
29,681,600
29,675,595
29,672,637
29,654,636
29,725,662
29,676,616
29,666,610
29,875,427
29,692,551
29,707,579
29,686,528
29,716,575
29,704,554
29,700,527
29,702,604
29,723,517
29,676,517
29,719,661
29,710,658
29,696,622
29,688,622
29,708,624
29,690,469
29,681,462
29,704,467
29,707,637
29,717,518
29,676,680
29,686,673
29,1049,804
29,1117,1045
30,8,386
30,1102,903
30,1166,622
30,1172,599
30,1181,601
30,1199,612
30,1213,617
30,1224,618
30,1242,618
30,1231,610
30,1247,609
30,1268,625
30,1248,616
30,1205,625
30,1260,612
30,1285,703
30,1696,796
30,1694,784
30,1283,407
30,1301,436
30,1389,407
30,1773,430
30,1773,439
30,1764,437
30,1743,440
30,1688,424
30,1207,442
30,1200,441
30,1179,437
30,1191,457
30,1126,310
30,819,462
30,1125,318
30,1123,284
30,725,612
30,719,615
30,680,606
30,674,599
30,672,646
30,653,646
30,725,673
30,675,624
30,666,620
30,882,412
30,692,545
30,711,584
30,686,533
30,719,582
30,707,561
30,701,534
30,702,598
30,722,524
30,676,524
30,719,657
30,710,654
30,698,615
30,689,615
30,708,617
30,690,476
30,680,469
30,704,474
30,708,630
30,717,524
30,676,672
30,687,665
30,1052,874
30,1119,1040
