1,1774,884
1,1767,888
1,1765,1004
1,1762,1028
1,1761,1040
1,1781,916
1,1769,927
1,1803,935
1,1775,1063
1,1769,807
1,1758,809
1,1799,895
1,1765,897
1,1786,871
1,1765,864
1,34,697
1,21,697
1,29,715
1,1258,692
1,1255,707
1,477,345
1,477,353
1,767,341
1,774,362
1,773,372
1,593,330
1,491,333
1,500,335
1,1325,544
1,1319,547
1,1271,368
1,1286,362
1,1234,377
1,1244,368
1,1264,395
1,1261,407
1,1297,458
1,1321,442
1,1283,412
1,1747,284
1,1761,224
1,1154,336
1,1187,356
1,1198,351
1,1039,321
1,1052,327
1,1025,338
1,705,321
1,246,369
1,1447,688
1,1426,701
1,1420,664
1,1518,616
1,1668,697
1,1669,706
1,1675,623
1,1569,625
1,1575,647
1,1298,375
1,1315,375
1,557,691
1,563,702
1,614,673
1,619,682
1,602,701
1,651,664
1,648,689
1,843,689
1,854,703
1,870,716
1,1009,716
1,1006,727
1,987,685
1,724,721
1,848,724
1,749,730
1,780,737
1,728,677
1,644,712
1,1003,704
1,1073,697
1,1093,665
1,527,713
1,530,725
1,608,742
1,432,716
1,435,727
1,361,709
1,361,724
1,163,721
1,165,733
1,235,736
1,238,721
1,301,707
1,69,686
1,73,682
1,262,701
1,245,695
1,258,680
1,265,691
1,142,694
1,438,737
1,397,739
1,297,719
1,810,737
1,852,737
1,189,721
1,69,761
1,63,674
1,813,747
1,1134,650
1,1216,588
1,1226,596
1,1279,671
1,1203,662
1,1314,704
1,201,698
1,197,705
1,192,665
1,1111,730
1,1093,745
1,165,675
1,1131,628
1,1231,501
1,1237,499
1,15,737
1,7,737
1,507,738
1,499,729
1,509,729
1,495,737
1,159,661
1,1510,655
1,1533,645
1,1681,745
1,1705,751
1,950,320
1,228,353
1,150,312
1,147,326
1,938,333
1,441,321
1,460,372
1,454,383
1,1141,377
1,168,667
1,13,326
1,894,312
1,1193,602
1,1184,610
1,1172,607
1,1294,754
1,1304,760
1,1778,812
1,1793,805
1,1778,830
1,1792,825
1,1208,415
2,1774,879
2,1767,883
2,1766,1012
2,1762,1037
2,1762,1046
2,1780,925
2,1769,934
2,1804,946
2,1775,1059
2,1770,811
2,1759,812
2,1799,893
2,1766,903
2,1787,879
2,1762,872
2,32,689
2,18,689
2,29,709
2,1265,693
2,1262,707
2,473,344
2,473,352
2,761,341
2,766,362
2,765,372
2,586,330
2,487,333
2,496,335
2,1322,538
2,1316,542
2,1271,361
2,1286,355
2,1230,374
2,1240,365
2,1259,391
2,1256,402
2,1294,464
2,1317,447
2,1283,403
2,1745,291
2,1759,230
2,1148,338
2,1181,356
2,1192,351
2,1044,321
2,1058,328
2,1016,338
2,704,321
2,250,369
2,1452,689
2,1432,703
2,1425,667
2,1518,618
2,1666,695
2,1666,704
2,1678,629
2,1562,622
2,1568,642
2,1298,381
2,1315,368
2,551,691
2,556,702
2,609,672
2,614,681
2,595,701
2,658,664
2,642,689
2,835,689
2,846,703
2,863,715
2,1016,715
2,1014,726
2,979,685
2,732,720
2,852,725
2,755,729
2,784,736
2,726,676
2,644,711
2,997,705
2,1063,699
2,1086,667
2,533,714
2,535,726
2,604,740
2,439,715
2,442,726
2,350,711
2,354,725
2,158,723
2,161,734
2,245,737
2,230,720
2,293,708
2,74,688
2,77,684
2,266,699
2,250,698
2,258,679
2,262,691
2,150,692
2,445,739
2,402,738
2,291,719
2,806,739
2,857,744
2,183,720
2,75,755
2,66,676
2,817,747
2,1129,653
2,1212,594
2,1221,602
2,1270,671
2,1208,658
2,1309,705
2,201,698
2,197,705
2,192,665
2,1110,730
2,1094,744
2,164,675
2,1131,627
2,1230,506
2,1237,504
2,16,736
2,8,736
2,507,737
2,499,729
2,509,729
2,495,737
2,159,661
2,1509,654
2,1533,645
2,1681,745
2,1705,751
2,949,320
2,223,353
2,143,313
2,140,326
2,938,333
2,441,321
2,455,371
2,450,382
2,1141,378
2,168,667
2,894,312
2,1193,602
2,1184,610
2,1172,607
2,1294,754
2,1304,760
2,1782,807
2,1796,803
2,1780,826
2,1793,820
2,1212,422
3,1774,874
3,1767,878
3,1766,1020
3,1763,1047
3,1763,1053
3,1779,934
3,1769,941
3,1805,957
3,1775,1055
3,1771,815
3,1761,815
3,1800,892
3,1767,910
3,1787,887
3,1761,879
3,30,681
3,15,682
3,30,703
3,1273,694
3,1270,707
3,469,344
3,469,352
3,756,341
3,759,362
3,758,372
3,579,330
3,483,333
3,492,335
3,1319,533
3,1313,537
3,1272,355
3,1287,349
3,1226,372
3,1236,363
3,1255,387
3,1251,398
3,1291,470
3,1313,453
3,1284,395
3,1744,298
3,1758,237
3,1143,341
3,1176,356
3,1186,351
3,1050,322
3,1064,329
3,1008,339
3,704,321
3,255,369
3,1458,690
3,1439,706
3,1430,670
3,1519,620
3,1664,693
3,1663,703
3,1682,636
3,1555,620
3,1561,638
3,1299,388
3,1316,362
3,545,691
3,550,702
3,605,672
3,609,681
3,588,701
3,665,664
3,636,690
3,827,689
3,839,704
3,857,714
3,1024,715
3,1022,726
3,971,686
3,740,719
3,856,726
3,761,729
3,789,736
3,725,676
3,644,711
3,991,706
3,1053,702
3,1080,669
3,539,716
3,540,727
3,600,739
3,446,715
3,449,725
3,340,713
3,348,727
3,153,726
3,157,736
3,255,739
3,223,720
3,286,709
3,80,691
3,81,686
3,271,697
3,255,701
3,259,679
3,259,691
3,158,691
3,453,741
3,407,737
3,285,720
3,802,741
3,178,719
3,82,750
3,70,679
3,822,747
3,1124,656
3,1208,600
3,1217,608
3,1262,672
3,1213,655
3,1304,707
3,202,698
3,197,705
3,192,665
3,1110,731
3,1095,743
3,163,675
3,1131,627
3,1230,512
3,1237,510
3,17,736
3,9,736
3,507,737
3,499,729
3,509,729
3,495,737
3,159,661
3,1509,654
3,1533,645
3,1681,745
3,1705,751
3,949,320
3,219,354
3,137,314
3,134,326
3,938,333
3,441,321
3,450,371
3,446,381
3,1142,379
3,168,667
3,894,312
3,1193,602
3,1184,610
3,1172,607
3,1294,754
3,1304,760
3,1782,819
3,1794,817
3,1216,430
4,1774,869
4,1768,874
4,1766,1025
4,1764,1055
4,1764,1060
4,1778,943
4,1769,949
4,1775,1051
4,1777,1068
4,1772,819
4,1763,819
4,1801,890
4,1768,917
4,1783,892
4,1762,883
4,28,673
4,12,674
4,30,697
4,1281,695
4,1278,708
4,465,344
4,465,352
4,751,341
4,752,362
4,751,372
4,572,331
4,479,333
4,488,335
4,1316,528
4,1310,533
4,1273,348
4,1288,343
4,1222,369
4,1232,360
4,1251,383
4,1246,394
4,1288,476
4,1309,459
4,1285,386
4,1743,305
4,1757,244
4,1136,344
4,1171,355
4,1180,350
4,1056,323
4,1070,330
4,1000,340
4,703,321
4,260,369
4,1464,692
4,1446,708
4,1435,674
4,1520,622
4,1663,691
4,1660,702
4,1686,643
4,1549,618
4,1554,633
4,1300,394
4,1317,356
4,1298,321
4,539,691
4,544,702
4,601,672
4,604,680
4,582,701
4,672,664
4,631,691
4,819,690
4,832,704
4,851,713
4,1032,715
4,1030,726
4,963,687
4,748,719
4,860,727
4,768,728
4,793,735
4,724,676
4,645,711
4,985,707
4,1043,705
4,1074,672
4,545,718
4,545,728
4,597,738
4,453,715
4,456,725
4,330,715
4,342,728
4,148,728
4,154,738
4,265,740
4,216,720
4,278,710
4,85,694
4,85,689
4,276,695
4,260,704
4,259,679
4,256,691
4,166,690
4,461,743
4,413,737
4,279,721
4,799,743
4,173,718
4,89,745
4,74,682
4,827,747
4,1119,659
4,1205,606
4,1213,614
4,1254,673
4,1219,652
4,1300,708
4,202,698
4,197,705
4,192,665
4,1110,732
4,1096,743
4,163,675
4,1132,626
4,1230,517
4,1237,516
4,18,736
4,11,736
4,507,737
4,499,729
4,509,729
4,495,737
4,159,661
4,1509,654
4,1533,645
4,1681,745
4,1705,751
4,948,320
4,214,355
4,130,315
4,127,327
4,938,333
4,441,321
4,445,370
4,443,380
4,1143,380
4,168,667
4,894,312
4,1193,602
4,1184,610
4,1172,607
4,1294,754
4,1304,760
4,1784,810
4,1798,809
4,1221,438
5,1774,864
5,1768,869
5,1765,1031
5,1764,1059
5,1763,1065
5,1777,950
5,1769,956
5,1775,1047
5,1777,1064
5,1772,825
5,1764,825
5,1766,809
5,1802,889
5,1769,924
5,1780,898
5,1762,888
5,24,664
5,10,667
5,29,692
5,1289,696
5,1286,708
5,461,343
5,461,352
5,745,341
5,744,363
5,744,373
5,565,331
5,476,333
5,484,336
5,1314,523
5,1307,528
5,1274,342
5,1289,337
5,1219,367
5,1229,358
5,1247,379
5,1242,390
5,1286,483
5,1306,465
5,1286,378
5,1742,313
5,1755,251
5,1126,345
5,1164,354
5,1174,349
5,1061,323
5,1076,331
5,991,340
5,703,321
5,265,369
5,1469,693
5,1453,711
5,1441,677
5,1521,624
5,1661,689
5,1657,700
5,1690,649
5,1542,616
5,1547,629
5,1301,401
5,1317,350
5,1298,331
5,533,691
5,538,702
5,597,671
5,599,680
5,575,701
5,680,665
5,625,692
5,811,690
5,825,705
5,845,712
5,1040,714
5,1038,726
5,955,688
5,756,718
5,864,728
5,774,728
5,798,735
5,723,676
5,645,711
5,979,708
5,1033,707
5,1068,674
5,552,720
5,550,729
5,593,737
5,460,714
5,463,724
5,320,717
5,336,730
5,143,731
5,150,740
5,208,720
5,271,712
5,91,696
5,89,691
5,281,693
5,265,707
5,260,679
5,253,691
5,174,689
5,418,736
5,273,722
5,795,745
5,167,714
5,96,739
5,77,684
5,832,747
5,1114,662
5,1201,612
5,1209,620
5,1246,674
5,1224,649
5,1295,710
5,203,698
5,197,705
5,192,665
5,1109,733
5,1097,742
5,162,675
5,1132,626
5,1230,523
5,1236,521
5,19,735
5,12,735
5,507,737
5,499,729
5,509,729
5,495,737
5,159,661
5,1508,653
5,1533,645
5,1681,745
5,1705,751
5,948,320
5,210,356
5,124,316
5,121,327
5,938,333
5,442,321
5,440,370
5,439,380
5,1144,381
5,168,667
5,894,312
5,1193,602
5,1184,610
5,1172,607
5,1294,754
5,1304,760
5,1225,446
6,1775,859
6,1768,864
6,1765,1036
6,1777,958
6,1769,964
6,1775,1042
6,1778,1060
6,1771,833
6,1764,831
6,1767,815
6,1803,886
6,1771,931
6,1777,903
6,1763,892
6,20,655
6,9,661
6,27,686
6,1296,697
6,1293,708
6,458,343
6,457,352
6,740,341
6,737,363
6,736,373
6,558,331
6,472,333
6,481,336
6,1311,518
6,1304,523
6,1275,336
6,1290,330
6,1215,364
6,1225,355
6,1243,375
6,1237,386
6,1283,489
6,1302,471
6,1287,370
6,1741,320
6,1753,257
6,1115,346
6,1158,353
6,1168,347
6,1067,324
6,1082,332
6,983,341
6,703,321
6,270,369
6,1475,695
6,1459,713
6,1446,680
6,1522,626
6,1660,687
6,1654,699
6,1694,656
6,1536,614
6,1540,625
6,1302,408
6,1318,344
6,1298,341
6,527,691
6,532,702
6,593,671
6,594,679
6,568,701
6,687,665
6,619,693
6,804,691
6,818,706
6,839,711
6,1048,714
6,1046,725
6,947,688
6,764,717
6,868,730
6,780,727
6,802,735
6,721,675
6,645,711
6,974,709
6,1023,710
6,1062,676
6,558,722
6,555,730
6,590,736
6,467,714
6,470,723
6,310,719
6,330,731
6,138,734
6,147,742
6,201,719
6,264,713
6,97,699
6,93,694
6,286,691
6,272,706
6,260,678
6,250,691
6,182,688
6,424,735
6,268,723
6,790,743
6,161,711
6,104,735
6,81,687
6,836,747
6,1109,665
6,1197,618
6,1205,626
6,1238,675
6,1229,646
6,1291,711
6,204,698
6,197,705
6,192,666
6,1109,733
6,1098,742
6,161,675
6,1132,625
6,1230,529
6,1236,527
6,20,735
6,13,735
6,508,737
6,499,729
6,509,729
6,495,737
6,159,661
6,1508,653
6,1533,645
6,1681,745
6,1705,751
6,947,320
6,206,357
6,117,317
6,114,328
6,938,333
6,442,321
6,436,370
6,435,379
6,1144,382
6,168,667
6,894,312
6,1193,602
6,1184,610
6,1172,607
6,1294,754
6,1304,760
6,1229,454
7,1777,854
7,1769,860
7,1764,1042
7,1777,965
7,1769,970
7,1775,1036
7,1779,1057
7,1775,1068
7,1771,840
7,1764,838
7,1769,820
7,1769,800
7,1803,884
7,1771,937
7,1773,908
7,1764,897
7,24,680
7,1304,698
7,1301,709
7,454,343
7,453,352
7,735,341
7,730,363
7,729,373
7,551,332
7,468,333
7,477,336
7,1308,513
7,1301,519
7,1275,329
7,1290,324
7,1211,362
7,1221,353
7,1239,371
7,1232,382
7,1280,495
7,1298,476
7,1288,361
7,1739,327
7,1750,262
7,1105,346
7,1152,352
7,1162,346
7,1073,325
7,1088,333
7,975,342
7,702,321
7,274,369
7,1480,695
7,1465,717
7,1452,682
7,1521,623
7,1658,685
7,1652,698
7,1698,663
7,1534,614
7,1532,626
7,1303,414
7,1319,338
7,1299,351
7,521,691
7,526,702
7,589,671
7,589,679
7,562,701
7,694,665
7,614,693
7,796,691
7,811,706
7,832,710
7,1056,714
7,1055,725
7,939,689
7,773,717
7,869,731
7,787,727
7,807,734
7,720,675
7,646,711
7,968,710
7,1013,713
7,1056,679
7,562,726
7,558,733
7,588,736
7,474,714
7,477,723
7,300,721
7,324,732
7,194,719
7,256,714
7,102,702
7,97,696
7,291,689
7,280,704
7,261,678
7,248,691
7,191,688
7,430,734
7,262,724
7,785,741
7,155,708
7,112,731
7,85,690
7,841,747
7,1104,668
7,1191,622
7,1199,630
7,1230,676
7,1235,643
7,1286,713
7,204,698
7,197,705
7,192,666
7,1109,734
7,1100,741
7,161,675
7,1133,625
7,1230,534
7,1236,533
7,21,734
7,15,734
7,508,737
7,499,729
7,509,729
7,495,737
7,159,661
7,1508,653
7,1534,646
7,1681,745
7,1705,751
7,1735,763
7,947,321
7,201,358
7,111,318
7,108,328
7,938,333
7,442,321
7,431,369
7,432,378
7,1147,383
7,169,667
7,894,312
7,1193,602
7,1184,610
7,1172,607
7,1294,754
7,1304,760
7,1233,462
8,1778,850
8,1770,855
8,1762,1050
8,1777,973
8,1768,976
8,1776,1030
8,1779,1052
8,1773,1062
8,1770,846
8,1763,844
8,1769,826
8,1768,804
8,1803,881
8,1772,943
8,1772,914
8,1765,902
8,22,674
8,1312,699
8,1309,709
8,450,343
8,450,352
8,730,341
8,722,364
8,722,374
8,305,401
8,544,332
8,465,333
8,473,336
8,1305,508
8,1298,514
8,1207,360
8,1217,351
8,1235,368
8,1228,378
8,1278,501
8,1294,482
8,1289,353
8,1738,334
8,1747,267
8,1097,347
8,1147,351
8,1157,345
8,1078,326
8,1094,334
8,967,342
8,702,321
8,279,370
8,299,393
8,1486,696
8,1471,720
8,1457,684
8,1518,620
8,1657,683
8,1649,696
8,1702,669
8,1531,613
8,1524,627
8,1304,421
8,1320,328
8,1299,361
8,515,691
8,519,702
8,585,670
8,584,678
8,555,701
8,701,665
8,608,694
8,788,691
8,803,707
8,826,709
8,1064,713
8,1063,725
8,932,690
8,781,716
8,871,732
8,793,726
8,812,734
8,719,675
8,646,711
8,962,711
8,1004,715
8,1050,681
8,564,732
8,557,738
8,585,735
8,481,713
8,484,722
8,291,721
8,320,732
8,186,719
8,248,715
8,108,704
8,100,698
8,296,687
8,288,701
8,261,678
8,245,691
8,200,688
8,435,734
8,256,725
8,781,738
8,149,703
8,121,728
8,88,693
8,846,746
8,1098,670
8,1185,626
8,1194,635
8,1222,676
8,1240,640
8,1282,714
8,205,698
8,197,705
8,192,666
8,1109,735
8,1101,741
8,160,675
8,1133,624
8,1229,540
8,1235,538
8,23,734
8,16,734
8,508,737
8,499,729
8,509,729
8,495,737
8,159,661
8,1508,653
8,1534,646
8,1681,745
8,1705,751
8,1728,758
8,946,321
8,197,358
8,104,319
8,101,329
8,938,333
8,443,321
8,426,369
8,428,377
8,1150,383
8,169,667
8,894,312
8,1193,602
8,1184,610
8,1172,607
8,1294,754
8,1304,760
8,116,734
8,1238,470
9,1780,845
9,1772,851
9,1760,1058
9,1776,980
9,1767,982
9,1776,1026
9,1779,1047
9,1770,1056
9,1770,850
9,1762,849
9,1768,831
9,1768,808
9,1799,879
9,1772,950
9,1772,921
9,1767,908
9,20,669
9,446,342
9,446,351
9,724,341
9,715,364
9,715,374
9,310,398
9,537,333
9,461,333
9,469,337
9,1303,503
9,1295,509
9,1202,359
9,1213,349
9,1227,365
9,1221,375
9,1275,508
9,1291,488
9,1289,345
9,1737,342
9,1745,272
9,1089,347
9,1141,351
9,1151,345
9,1084,326
9,1100,335
9,958,343
9,701,321
9,284,370
9,302,391
9,1491,696
9,1477,723
9,1463,686
9,1516,616
9,1655,681
9,1646,695
9,1706,676
9,1529,613
9,1516,628
9,1304,428
9,1299,371
9,510,691
9,513,702
9,581,670
9,579,678
9,549,701
9,709,666
9,602,695
9,781,691
9,795,707
9,819,708
9,1072,713
9,1071,725
9,924,691
9,789,716
9,872,733
9,799,726
9,816,733
9,718,675
9,646,711
9,956,712
9,994,715
9,1044,683
9,583,735
9,488,713
9,491,721
9,283,722
9,316,731
9,179,719
9,240,715
9,113,707
9,104,700
9,301,685
9,296,699
9,262,678
9,241,691
9,209,688
9,440,735
9,250,725
9,779,738
9,143,698
9,129,726
9,92,695
9,849,746
9,1092,673
9,1180,630
9,1189,640
9,1214,676
9,1245,637
9,1277,716
9,206,698
9,197,705
9,193,666
9,1108,736
9,1102,741
9,160,675
9,1134,624
9,1229,545
9,1234,544
9,24,728
9,17,730
9,508,737
9,499,729
9,509,729
9,495,737
9,159,661
9,1507,652
9,1534,646
9,1681,745
9,1705,751
9,1721,753
9,946,321
9,193,358
9,98,320
9,95,329
9,938,333
9,443,321
9,421,369
9,424,377
9,1155,384
9,169,667
9,894,312
9,1193,602
9,1184,610
9,1172,607
9,1294,754
9,1304,760
9,126,733
9,1242,478
10,1781,842
10,1773,846
10,1775,988
10,1765,991
10,1777,1021
10,1778,1041
10,1768,1050
10,1769,1072
10,1769,854
10,1762,854
10,1766,836
10,1768,813
10,1796,877
10,1771,956
10,1773,927
10,1768,913
10,18,663
10,442,342
10,442,351
10,719,341
10,708,364
10,708,374
10,316,394
10,530,333
10,457,333
10,465,337
10,1300,498
10,1292,505
10,1198,357
10,1209,347
10,1220,363
10,1215,373
10,1273,514
10,1287,494
10,1290,336
10,1742,276
10,1082,348
10,1135,351
10,1145,344
10,1089,327
10,1104,335
10,950,344
10,701,321
10,289,370
10,305,389
10,1497,697
10,1483,726
10,1468,688
10,1513,612
10,1654,679
10,1643,694
10,1710,683
10,1524,614
10,1506,625
10,1305,434
10,1297,380
10,504,691
10,507,702
10,577,670
10,574,678
10,542,701
10,716,666
10,596,696
10,774,691
10,787,708
10,812,708
10,1080,713
10,1079,724
10,916,691
10,797,715
10,874,734
10,805,726
10,821,733
10,717,674
10,647,711
10,950,713
10,984,716
10,1038,686
10,580,734
10,495,713
10,498,721
10,274,724
10,310,730
10,172,715
10,232,715
10,117,707
10,107,702
10,305,684
10,302,697
10,262,677
10,236,688
10,218,688
10,445,735
10,245,726
10,777,738
10,136,694
10,137,725
10,96,698
10,853,746
10,1086,675
10,1174,632
10,1181,643
10,1205,676
10,1249,634
10,1271,716
10,206,698
10,197,705
10,193,666
10,1108,736
10,1103,742
10,159,675
10,1134,623
10,1228,550
10,1233,550
10,25,723
10,19,727
10,508,737
10,499,729
10,509,729
10,495,737
10,159,661
10,1507,652
10,1534,646
10,1681,745
10,1705,751
10,1714,748
10,945,321
10,189,358
10,91,320
10,88,329
10,938,333
10,443,321
10,417,367
10,420,375
10,1160,384
10,169,667
10,894,312
10,1193,602
10,1184,610
10,1172,607
10,1294,754
10,1304,760
10,136,732
10,1247,484
11,1782,838
11,1775,842
11,1774,996
11,1763,999
11,1779,1014
11,1778,1036
11,1768,1045
11,1769,1067
11,1769,859
11,1761,860
11,1765,841
11,1768,817
11,1792,875
11,1769,962
11,1773,933
11,1769,919
11,16,657
11,439,342
11,438,351
11,713,341
11,700,364
11,700,375
11,321,391
11,523,333
11,453,333
11,462,337
11,1297,493
11,1289,500
11,1194,356
11,1205,344
11,1213,361
11,1208,371
11,1272,521
11,1285,500
11,1291,328
11,1740,281
11,1075,348
11,1130,351
11,1140,344
11,1094,327
11,1109,335
11,942,344
11,701,321
11,294,370
11,309,387
11,1502,697
11,1489,729
11,1474,690
11,1511,608
11,1652,678
11,1641,692
11,1714,689
11,1519,615
11,1497,623
11,1306,441
11,1296,389
11,498,692
11,501,703
11,573,668
11,569,678
11,535,701
11,723,666
11,590,696
11,767,691
11,778,708
11,805,707
11,1088,712
11,1087,724
11,908,692
11,805,714
11,875,735
11,810,726
11,825,733
11,715,674
11,647,711
11,945,715
11,974,717
11,1031,686
11,578,734
11,501,713
11,504,721
11,264,726
11,303,729
11,166,711
11,224,715
11,120,707
11,111,704
11,301,684
11,302,695
11,263,677
11,230,685
11,225,690
11,448,737
11,239,727
11,775,738
11,129,691
11,145,724
11,99,701
11,857,746
11,1080,678
11,1168,635
11,1174,647
11,1197,676
11,1253,630
11,1265,717
11,207,698
11,197,705
11,193,667
11,1108,736
11,1104,743
11,159,675
11,1134,623
11,1228,555
11,1232,556
11,26,717
11,21,724
11,509,737
11,499,729
11,509,729
11,495,737
11,159,661
11,1507,652
11,1534,646
11,1681,745
11,1705,751
11,1707,743
11,945,321
11,184,357
11,85,319
11,81,328
11,938,333
11,443,321
11,412,365
11,416,374
11,1165,384
11,169,667
11,894,312
11,1193,602
11,1184,610
11,1172,607
11,294,421
11,1294,754
11,1304,760
11,143,731
11,1252,489
12,1783,835
12,1775,841
12,1771,999
12,1763,1006
12,1780,1006
12,1777,1031
12,1767,1039
12,1770,1061
12,1769,863
12,1761,865
12,1765,846
12,1767,821
12,1790,874
12,1767,968
12,1773,940
12,1771,924
12,14,651
12,435,342
12,434,351
12,707,341
12,692,364
12,693,375
12,322,388
12,516,334
12,450,333
12,458,337
12,1295,488
12,1286,496
12,1189,354
12,1201,342
12,1206,359
12,1202,369
12,1270,528
12,1282,507
12,1738,285
12,1067,348
12,1124,351
12,1134,344
12,1100,328
12,1113,335
12,933,345
12,700,321
12,298,370
12,312,385
12,1508,699
12,1496,730
12,1479,694
12,1509,604
12,1649,676
12,1639,691
12,1718,696
12,1514,617
12,1488,621
12,1307,447
12,1294,398
12,494,694
12,498,703
12,569,667
12,564,678
12,529,701
12,730,667
12,583,697
12,760,691
12,771,709
12,798,706
12,1096,712
12,1096,724
12,900,693
12,814,714
12,877,736
12,814,726
12,830,732
12,714,674
12,648,710
12,939,714
12,964,717
12,1025,686
12,576,733
12,507,713
12,509,721
12,254,728
12,296,728
12,160,706
12,216,715
12,123,708
12,114,706
12,297,685
12,303,694
12,263,677
12,224,682
12,233,692
12,450,738
12,234,727
12,773,738
12,122,688
12,154,722
12,103,704
12,861,746
12,1075,680
12,1162,638
12,1167,650
12,1189,676
12,1258,627
12,1259,718
12,207,698
12,197,705
12,193,667
12,1108,736
12,1106,743
12,159,675
12,1135,622
12,1227,561
12,1231,562
12,27,712
12,22,721
12,509,737
12,499,729
12,509,729
12,495,737
12,159,661
12,1506,651
12,1534,647
12,1681,745
12,1705,751
12,1700,742
12,944,321
12,180,357
12,78,319
12,74,327
12,938,333
12,444,321
12,408,363
12,411,372
12,1170,385
12,170,667
12,894,312
12,1193,602
12,1184,610
12,1172,607
12,303,422
12,304,428
12,1294,754
12,1304,760
12,150,730
12,1257,495
13,1784,832
13,1775,840
13,1768,1002
13,1763,1014
13,1782,999
13,1777,1026
13,1766,1034
13,1770,1056
13,1770,870
13,1762,871
13,1766,851
13,1767,826
13,1789,872
13,1768,977
13,1772,946
13,1771,928
13,12,646
13,431,341
13,430,351
13,701,341
13,685,364
13,685,375
13,323,386
13,509,334
13,446,332
13,454,337
13,1292,483
13,1283,491
13,1185,352
13,1197,340
13,1199,356
13,1196,366
13,1269,535
13,1280,513
13,1737,290
13,1059,349
13,1119,351
13,1129,343
13,1105,328
13,1118,335
13,925,346
13,698,320
13,303,370
13,315,383
13,1514,700
13,1502,731
13,1484,698
13,1507,600
13,1647,675
13,1637,690
13,1722,703
13,1510,618
13,1479,619
13,1308,453
13,1293,407
13,489,696
13,495,704
13,565,666
13,560,679
13,522,701
13,736,669
13,577,698
13,752,691
13,763,710
13,791,706
13,1104,712
13,1104,724
13,892,694
13,822,713
13,878,736
13,818,726
13,834,732
13,713,674
13,648,710
13,933,714
13,954,718
13,1019,687
13,576,733
13,513,713
13,515,721
13,244,731
13,290,727
13,154,702
13,208,714
13,127,708
13,118,708
13,292,686
13,302,692
13,264,677
13,219,680
13,240,694
13,453,740
13,228,727
13,771,738
13,114,685
13,161,721
13,107,706
13,103,731
13,864,746
13,1070,683
13,1157,640
13,1161,653
13,1180,676
13,1262,624
13,1253,719
13,207,698
13,197,705
13,193,667
13,1108,736
13,1106,744
13,1051,752
13,159,674
13,1135,621
13,1226,566
13,1231,567
13,25,707
13,24,718
13,509,737
13,499,729
13,509,729
13,495,737
13,159,661
13,1506,651
13,1534,647
13,1681,745
13,1705,751
13,1693,742
13,944,322
13,176,356
13,72,318
13,68,327
13,938,333
13,444,321
13,403,361
13,407,371
13,1176,386
13,1596,311
13,1605,315
13,1400,318
13,1399,327
13,170,667
13,894,312
13,1330,349
13,1193,602
13,1184,610
13,1172,607
13,312,424
13,314,431
13,1294,754
13,1304,760
13,158,728
13,1262,500
14,1784,831
14,1775,839
14,1766,1006
14,1763,1020
14,1780,995
14,1777,1021
14,1768,1029
14,1770,1050
14,1772,876
14,1763,877
14,1767,856
14,1767,830
14,1789,871
14,1768,985
14,1770,953
14,1772,931
14,1757,957
14,11,640
14,427,341
14,427,351
14,696,341
14,677,364
14,678,375
14,325,385
14,502,335
14,441,332
14,450,336
14,1288,477
14,1280,485
14,1181,351
14,1192,339
14,1192,354
14,1189,364
14,1267,542
14,1277,519
14,1735,295
14,1050,349
14,1115,351
14,1123,342
14,1110,329
14,1122,335
14,917,346
14,697,320
14,308,371
14,318,382
14,1520,701
14,1509,732
14,1489,702
14,1507,598
14,1644,674
14,1635,688
14,1726,709
14,1505,618
14,1469,616
14,1309,459
14,1292,416
14,485,698
14,492,704
14,561,665
14,555,679
14,515,701
14,741,671
14,571,699
14,745,692
14,756,710
14,783,706
14,1112,711
14,1112,723
14,884,694
14,830,713
14,880,737
14,823,726
14,839,732
14,712,674
14,648,710
14,928,714
14,944,719
14,1012,687
14,576,733
14,519,714
14,520,722
14,237,734
14,284,727
14,147,697
14,201,713
14,130,708
14,122,710
14,288,686
14,297,692
14,264,677
14,215,676
14,247,696
14,457,741
14,222,728
14,769,738
14,108,683
14,168,721
14,111,709
14,105,725
14,867,746
14,1065,686
14,1150,644
14,1154,656
14,1172,676
14,1266,619
14,1247,720
14,207,698
14,197,705
14,193,667
14,1108,736
14,1106,744
14,1054,749
14,159,673
14,1135,620
14,1225,571
14,1230,573
14,23,702
14,26,714
14,509,737
14,499,729
14,509,729
14,495,737
14,159,661
14,1506,651
14,1534,647
14,1681,745
14,1705,751
14,1687,742
14,943,322
14,172,356
14,66,317
14,61,326
14,938,333
14,444,321
14,399,359
14,403,369
14,1182,388
14,1591,315
14,1599,319
14,1409,320
14,1408,328
14,170,667
14,894,312
14,1193,602
14,1184,610
14,1172,607
14,320,425
14,324,433
14,1294,754
14,1304,760
14,165,727
14,1268,505
15,1783,831
15,1775,838
15,1764,1011
15,1763,1026
15,1778,992
15,1777,1017
15,1772,1024
15,1769,1044
15,1774,883
15,1764,883
15,1768,861
15,1767,835
15,1788,870
15,1767,993
15,1769,960
15,1772,936
15,1758,960
15,424,341
15,423,351
15,690,341
15,669,364
15,671,375
15,328,385
15,495,335
15,437,332
15,446,336
15,1285,472
15,1276,480
15,1177,349
15,1187,337
15,1185,352
15,1183,362
15,1266,548
15,1275,526
15,1734,300
15,1041,349
15,1111,351
15,1117,342
15,1115,329
15,1127,335
15,909,347
15,696,319
15,313,371
15,320,382
15,1526,702
15,1516,733
15,1494,705
15,1508,597
15,1642,673
15,1633,687
15,1729,716
15,1500,619
15,1459,613
15,1310,465
15,1290,425
15,480,701
15,489,705
15,557,664
15,551,679
15,509,701
15,747,673
15,565,699
15,737,692
15,748,711
15,776,706
15,1120,711
15,1119,723
15,877,695
15,838,714
15,881,738
15,827,726
15,843,732
15,710,674
15,649,710
15,922,714
15,935,715
15,1006,688
15,576,733
15,525,714
15,526,722
15,231,737
15,279,728
15,141,693
15,193,711
15,134,708
15,125,712
15,284,687
15,291,691
15,212,673
15,255,698
15,217,728
15,767,738
15,103,682
15,174,721
15,114,711
15,106,718
15,868,746
15,1060,689
15,1143,647
15,1147,658
15,1163,676
15,1270,615
15,1241,721
15,207,697
15,197,705
15,193,668
15,1108,736
15,1106,744
15,1058,747
15,160,672
15,1136,619
15,1224,576
15,1227,577
15,20,696
15,26,710
15,509,737
15,499,729
15,509,729
15,495,737
15,159,661
15,1506,651
15,1534,647
15,1681,745
15,1705,751
15,1680,741
15,943,322
15,168,355
15,59,317
15,54,325
15,938,333
15,445,321
15,394,357
15,398,367
15,1187,392
15,1586,318
15,1594,324
15,1419,322
15,1418,330
15,170,667
15,894,312
15,1193,602
15,1184,610
15,1172,607
15,328,426
15,332,434
15,1294,754
15,1304,760
15,102,732
15,172,726
15,1318,438
15,1274,510
16,1783,832
16,1775,837
16,1764,1017
16,1762,1034
16,1775,990
16,1777,1013
16,1771,1020
16,1769,1038
16,1774,888
16,1764,889
16,1768,867
16,1767,839
16,1788,868
16,1766,998
16,1767,967
16,1772,942
16,1759,964
16,420,341
16,419,351
16,684,341
16,662,364
16,663,375
16,332,385
16,488,335
16,432,331
16,442,335
16,1282,466
16,1273,474
16,1173,348
16,1183,336
16,1179,350
16,1177,360
16,1264,555
16,1272,532
16,1733,305
16,1032,350
16,1107,351
16,1112,341
16,1119,331
16,1131,337
16,900,347
16,695,319
16,318,371
16,300,402
16,322,383
16,1532,704
16,1522,734
16,1499,709
16,1510,595
16,1639,672
16,1631,686
16,1732,722
16,1496,620
16,1450,610
16,1310,472
16,1289,434
16,476,703
16,486,706
16,552,664
16,546,679
16,502,701
16,753,674
16,558,700
16,730,692
16,741,712
16,769,706
16,1127,711
16,1127,723
16,869,696
16,846,715
16,883,738
16,831,727
16,848,732
16,709,674
16,649,710
16,917,714
16,926,712
16,1000,688
16,576,733
16,531,714
16,531,722
16,273,725
16,134,691
16,186,710
16,137,709
16,129,714
16,280,688
16,289,688
16,208,670
16,262,699
16,211,728
16,765,738
16,97,681
16,181,721
16,118,714
16,108,712
16,869,746
16,1055,692
16,1137,650
16,1141,661
16,1155,678
16,1273,611
16,1235,721
16,207,697
16,197,705
16,193,668
16,1108,736
16,1106,744
16,1062,745
16,160,672
16,1136,618
16,1223,582
16,1224,582
16,17,691
16,24,705
16,510,737
16,499,729
16,509,729
16,495,737
16,159,661
16,1505,650
16,1533,647
16,1681,745
16,1705,751
16,1673,741
16,942,322
16,164,355
16,53,316
16,47,324
16,938,333
16,445,321
16,389,355
16,394,366
16,1193,397
16,1580,322
16,1588,328
16,1428,324
16,1428,332
16,170,667
16,894,312
16,1193,602
16,1184,610
16,1172,607
16,335,426
16,340,434
16,1294,754
16,1304,760
16,103,726
16,180,726
16,1314,445
16,1280,515
17,1782,833
17,1776,837
17,1765,1025
17,1762,1044
17,1773,987
17,1777,1009
17,1771,1016
17,1770,1034
17,1774,894
17,1764,895
17,1769,872
17,1767,843
17,1787,866
17,1766,995
17,1765,975
17,1772,948
17,1760,967
17,416,340
17,415,350
17,678,341
17,654,364
17,656,375
17,335,386
17,481,336
17,428,331
17,439,334
17,1278,460
17,1270,468
17,1168,346
17,1178,334
17,1173,348
17,1170,359
17,1262,561
17,1269,537
17,1732,310
17,1023,350
17,1103,351
17,1106,340
17,1122,332
17,1134,341
17,891,347
17,693,318
17,322,371
17,304,402
17,324,383
17,1538,705
17,1529,735
17,1504,713
17,1514,595
17,1637,671
17,1629,684
17,1734,729
17,1496,620
17,1440,608
17,1311,478
17,1287,443
17,471,705
17,482,706
17,548,664
17,541,679
17,495,701
17,759,676
17,552,701
17,722,692
17,732,712
17,762,706
17,1135,710
17,1135,723
17,861,697
17,854,717
17,884,739
17,835,727
17,852,732
17,707,675
17,649,710
17,911,713
17,918,709
17,994,689
17,576,732
17,537,714
17,537,722
17,266,726
17,127,688
17,178,709
17,140,709
17,133,715
17,277,688
17,288,685
17,205,667
17,269,699
17,207,730
17,763,738
17,91,680
17,187,721
17,123,716
17,112,706
17,870,746
17,1050,694
17,1130,653
17,1134,664
17,1146,679
17,1277,606
17,1228,721
17,207,697
17,197,705
17,194,668
17,1107,735
17,1106,744
17,1066,743
17,160,671
17,1136,617
17,1222,587
17,1221,586
17,14,686
17,23,700
17,510,737
17,499,729
17,509,729
17,495,737
17,159,661
17,1505,650
17,1533,647
17,1681,745
17,1705,751
17,1667,741
17,1734,755
17,1724,758
17,942,322
17,160,355
17,47,315
17,40,323
17,938,333
17,445,321
17,383,352
17,389,364
17,1196,401
17,1575,326
17,1582,332
17,1438,326
17,1438,334
17,786,742
17,171,667
17,894,312
17,1193,602
17,1184,610
17,1172,607
17,342,426
17,348,434
17,1294,754
17,1304,760
17,105,720
17,187,725
17,1310,451
17,1324,453
17,1287,520
18,1781,833
18,1776,835
18,1765,1031
18,1762,1053
18,1774,982
18,1777,1003
18,1771,1012
18,1771,1029
18,1774,900
18,1764,901
18,1769,878
18,1768,847
18,1787,865
18,1767,992
18,1764,983
18,1769,953
18,1760,968
18,1387,705
18,1382,716
18,411,340
18,411,350
18,672,341
18,646,364
18,648,375
18,337,386
18,474,336
18,423,330
18,435,333
18,1275,455
18,1267,462
18,1164,345
18,1173,332
18,1166,346
18,1164,357
18,1260,568
18,1265,543
18,1731,315
18,1014,350
18,1099,351
18,1100,340
18,1126,334
18,1138,344
18,883,346
18,692,318
18,327,371
18,308,402
18,326,383
18,1544,706
18,1536,736
18,1509,717
18,1517,595
18,1634,670
18,1627,683
18,1737,736
18,1496,621
18,1431,606
18,1313,484
18,1285,452
18,469,707
18,481,707
18,543,664
18,537,679
18,488,701
18,765,678
18,546,701
18,714,692
18,723,712
18,755,706
18,1143,710
18,1142,723
18,853,697
18,862,718
18,886,739
18,840,727
18,857,732
18,706,675
18,650,710
18,905,711
18,909,705
18,987,689
18,576,732
18,543,715
18,543,723
18,259,728
18,120,686
18,171,707
18,144,709
18,138,716
18,277,686
18,287,682
18,209,666
18,277,700
18,204,734
18,760,737
18,82,678
18,194,720
18,128,717
18,116,699
18,871,746
18,1045,697
18,1124,656
18,1128,666
18,1137,681
18,1281,602
18,1222,721
18,207,697
18,197,705
18,194,668
18,1107,735
18,1106,744
18,1069,741
18,161,671
18,1136,617
18,1220,592
18,1218,590
18,20,695
18,510,737
18,499,729
18,509,729
18,495,737
18,159,661
18,1505,650
18,1533,647
18,1681,745
18,1705,751
18,1659,742
18,1733,753
18,1723,755
18,941,323
18,156,355
18,42,315
18,34,322
18,938,333
18,445,321
18,378,350
18,385,363
18,1200,405
18,1570,330
18,1576,336
18,1446,326
18,1447,334
18,784,738
18,268,730
18,171,667
18,894,312
18,1193,602
18,1184,610
18,1172,607
18,349,427
18,356,434
18,1294,754
18,1304,760
18,106,715
18,194,724
18,1307,458
18,1320,459
18,1294,526
19,1781,834
19,1777,834
19,1764,1036
19,1762,1058
19,1776,978
19,1776,996
19,1771,1008
19,1772,1025
19,1774,905
19,1765,906
19,1769,884
19,1768,850
19,1784,862
19,1767,989
19,1763,990
19,1766,957
19,1760,968
19,1394,706
19,1390,716
19,406,340
19,406,349
19,666,340
19,639,364
19,641,374
19,340,386
19,467,337
19,419,330
19,431,332
19,1271,449
19,1263,457
19,1160,343
19,1168,331
19,1160,344
19,1158,355
19,1258,574
19,1261,548
19,1729,320
19,1006,352
19,1088,344
19,1096,338
19,1129,336
19,1142,347
19,874,346
19,691,317
19,332,371
19,311,402
19,328,384
19,1749,680
19,1550,706
19,1542,737
19,1515,719
19,1521,595
19,1632,669
19,1625,682
19,1740,742
19,1497,622
19,1422,604
19,1316,490
19,1283,461
19,469,707
19,481,707
19,539,664
19,532,679
19,480,702
19,771,678
19,538,701
19,705,692
19,714,713
19,748,706
19,1150,709
19,1150,722
19,846,697
19,871,720
19,887,740
19,844,727
19,861,732
19,705,676
19,650,710
19,899,710
19,900,702
19,981,689
19,576,732
19,548,715
19,549,723
19,252,729
19,113,683
19,164,705
19,148,710
19,142,717
19,277,684
19,286,678
19,214,666
19,284,700
19,755,737
19,74,676
19,201,718
19,133,719
19,120,693
19,872,746
19,1040,699
19,1117,659
19,1121,669
19,1129,683
19,1284,598
19,1216,721
19,207,696
19,197,705
19,194,668
19,1106,735
19,1106,744
19,1073,739
19,161,671
19,1136,617
19,1219,597
19,1215,594
19,14,690
19,510,737
19,499,729
19,509,729
19,495,737
19,159,661
19,1505,650
19,1533,647
19,1681,745
19,1705,751
19,1651,744
19,1732,752
19,1722,753
19,940,324
19,151,355
19,37,315
19,28,322
19,938,333
19,445,321
19,372,348
19,380,361
19,1203,410
19,1564,333
19,1569,339
19,1454,325
19,1456,333
19,733,745
19,782,734
19,277,730
19,171,667
19,894,312
19,1193,602
19,1184,610
19,1172,607
19,356,427
19,363,434
19,1294,754
19,1304,760
19,108,709
19,202,723
19,1304,466
19,1317,465
19,1300,532
20,1780,834
20,1777,833
20,1762,1041
20,1762,1063
20,1779,974
20,1776,991
20,1772,1003
20,1773,1020
20,1774,910
20,1765,911
20,1769,891
20,1768,853
20,1782,859
20,1767,985
20,1763,997
20,1764,962
20,1759,967
20,1401,707
20,1397,717
20,402,340
20,402,349
20,662,340
20,630,364
20,631,373
20,343,386
20,460,337
20,414,329
20,427,331
20,1268,443
20,1260,451
20,1156,342
20,1163,329
20,1154,342
20,1152,354
20,1256,580
20,1258,554
20,1729,325
20,998,353
20,1083,341
20,1093,336
20,1131,340
20,1145,349
20,865,345
20,690,317
20,334,372
20,315,402
20,329,385
20,1749,672
20,1555,706
20,1549,739
20,1520,720
20,1525,594
20,1629,667
20,1622,680
20,1742,749
20,1497,623
20,1412,602
20,1318,497
20,1280,470
20,469,707
20,481,707
20,534,664
20,527,679
20,472,703
20,777,679
20,530,701
20,697,692
20,706,713
20,741,706
20,1158,709
20,1157,722
20,838,697
20,879,722
20,889,741
20,848,727
20,866,732
20,703,676
20,650,710
20,894,709
20,892,699
20,974,690
20,576,732
20,554,715
20,555,723
20,245,731
20,106,681
20,157,704
20,153,711
20,147,718
20,278,681
20,219,666
20,291,700
20,749,736
20,65,675
20,208,716
20,138,721
20,124,686
20,871,746
20,1035,700
20,1111,662
20,1115,671
20,1121,685
20,1288,595
20,1210,721
20,207,696
20,197,705
20,194,669
20,1106,735
20,1106,744
20,1076,739
20,161,671
20,1136,617
20,1217,603
20,1212,598
20,510,737
20,499,729
20,509,729
20,495,737
20,159,661
20,1504,650
20,1532,647
20,1681,745
20,1705,751
20,1644,745
20,1731,750
20,1721,751
20,939,325
20,147,355
20,32,315
20,21,321
20,938,333
20,445,321
20,366,346
20,376,360
20,1206,416
20,1557,335
20,1561,341
20,1463,325
20,1465,333
20,740,745
20,779,729
20,286,730
20,304,733
20,171,667
20,894,312
20,1193,602
20,1184,610
20,1172,607
20,363,428
20,371,435
20,1294,754
20,1304,760
20,111,703
20,209,722
20,1302,473
20,1313,472
20,1307,538
21,1780,835
21,1778,832
21,1762,1047
21,1762,1068
21,1778,969
21,1776,986
21,1773,999
21,1774,1016
21,1773,915
21,1765,916
21,1769,898
21,1767,853
21,1779,856
21,1768,982
21,1763,1003
21,1764,967
21,1759,966
21,1408,708
21,1404,718
21,397,340
21,398,349
21,657,340
21,621,364
21,621,372
21,345,386
21,453,337
21,410,329
21,423,331
21,1264,438
21,1257,445
21,1152,340
21,1159,328
21,1148,341
21,1146,352
21,1254,586
21,1254,559
21,1728,330
21,990,355
21,1077,339
21,1089,334
21,1134,344
21,1148,351
21,857,345
21,687,317
21,336,373
21,319,402
21,330,386
21,1749,664
21,1560,706
21,1555,740
21,1525,721
21,1528,594
21,1627,666
21,1620,679
21,1745,756
21,1497,624
21,1403,600
21,1320,502
21,1278,480
21,469,707
21,481,707
21,529,664
21,523,679
21,464,703
21,783,679
21,522,701
21,689,692
21,697,714
21,734,706
21,1166,709
21,1165,722
21,831,697
21,887,723
21,890,741
21,853,727
21,870,731
21,702,677
21,651,710
21,888,708
21,881,699
21,968,690
21,576,732
21,560,715
21,561,723
21,238,733
21,99,679
21,150,702
21,158,711
21,152,719
21,278,679
21,299,699
21,744,735
21,58,672
21,215,714
21,143,722
21,128,680
21,868,746
21,1030,701
21,1104,665
21,1108,674
21,1113,688
21,1292,592
21,1203,721
21,207,696
21,197,705
21,194,669
21,1105,735
21,1106,744
21,1079,739
21,162,672
21,33,832
21,1136,617
21,1215,608
21,1209,602
21,511,736
21,499,729
21,509,729
21,495,737
21,159,661
21,1503,650
21,1531,648
21,1681,745
21,1705,751
21,1636,747
21,1730,749
21,1719,748
21,938,326
21,143,355
21,26,314
21,17,321
21,938,333
21,445,321
21,360,343
21,371,358
21,1208,422
21,1550,337
21,1552,343
21,1471,324
21,1474,332
21,746,745
21,777,725
21,777,743
21,295,730
21,315,731
21,171,667
21,894,312
21,1193,602
21,1184,610
21,1172,607
21,372,431
21,377,437
21,1294,754
21,1304,760
21,116,696
21,216,721
21,1300,481
21,1310,478
21,1313,545
22,1779,836
22,1778,830
22,1763,1054
22,1763,1072
22,1777,964
22,1777,982
22,1775,995
22,1775,1011
22,1773,921
22,1766,921
22,1769,904
22,1766,853
22,1780,853
22,1768,979
22,1764,1010
22,1765,973
22,1758,966
22,1415,709
22,1412,718
22,392,340
22,394,348
22,652,339
22,613,364
22,612,370
22,348,386
22,446,338
22,406,329
22,418,331
22,1261,432
22,1254,439
22,1148,339
22,1154,326
22,1142,339
22,1140,351
22,1252,593
22,1250,564
22,1727,335
22,982,357
22,1072,336
22,1086,333
22,1137,347
22,1151,354
22,848,345
22,681,318
22,337,374
22,322,402
22,331,388
22,1745,654
22,1566,705
22,1561,742
22,1531,722
22,1532,594
22,1624,665
22,1618,678
22,1499,626
22,1398,598
22,1321,507
22,1275,489
22,469,707
22,481,707
22,525,664
22,518,679
22,457,704
22,789,679
22,514,701
22,682,692
22,690,717
22,727,707
22,1174,708
22,1173,722
22,823,698
22,895,725
22,892,742
22,857,727
22,874,731
22,700,677
22,651,710
22,882,707
22,870,699
22,961,691
22,576,731
22,566,715
22,567,723
22,231,734
22,91,675
22,143,700
22,163,712
22,156,720
22,278,677
22,306,697
22,739,735
22,51,669
22,222,712
22,148,723
22,129,676
22,866,746
22,1024,702
22,1098,666
22,1101,677
22,1105,690
22,1296,589
22,1197,720
22,207,696
22,197,705
22,194,669
22,1104,735
22,1106,743
22,1082,739
22,162,672
22,35,825
22,1136,617
22,1212,614
22,1206,606
22,511,736
22,499,729
22,509,729
22,495,737
22,159,661
22,1502,650
22,1530,648
22,1681,745
22,1705,751
22,1629,748
22,1729,747
22,1718,746
22,936,328
22,139,355
22,20,314
22,13,322
22,938,333
22,445,321
22,354,341
22,367,357
22,1211,428
22,1543,339
22,1544,345
22,1480,324
22,1483,332
22,753,745
22,772,723
22,775,740
22,405,735
22,303,729
22,326,730
22,172,667
22,894,312
22,1193,602
22,1184,610
22,1172,607
22,381,433
22,383,439
22,1294,754
22,1304,760
22,120,689
22,222,719
22,1297,488
22,1307,485
23,1778,836
23,1779,829
23,1764,1059
23,1777,959
23,1778,978
23,1776,990
23,1776,1007
23,1772,925
23,1765,927
23,1769,909
23,1764,852
23,1782,850
23,1769,976
23,1764,1016
23,1765,978
23,1758,872
23,1758,965
23,1421,710
23,1419,719
23,388,340
23,390,348
23,647,339
23,606,363
23,605,370
23,350,386
23,439,338
23,402,329
23,414,331
23,1258,426
23,1250,434
23,1144,337
23,1149,325
23,1136,337
23,1133,349
23,1249,599
23,1247,570
23,1726,340
23,974,359
23,1066,335
23,1081,331
23,1140,351
23,1154,356
23,839,344
23,675,318
23,339,374
23,326,402
23,332,389
23,1741,643
23,1571,705
23,1567,743
23,1536,723
23,1535,594
23,1622,664
23,1616,676
23,1503,629
23,1400,595
23,1272,498
23,469,707
23,481,707
23,520,664
23,513,678
23,449,704
23,795,680
23,506,701
23,675,693
23,683,719
23,721,708
23,1181,708
23,1180,721
23,816,698
23,903,727
23,893,742
23,863,726
23,878,730
23,699,678
23,652,709
23,877,707
23,859,700
23,955,691
23,576,731
23,571,715
23,573,724
23,225,736
23,83,671
23,137,702
23,168,713
23,161,721
23,313,695
23,733,734
23,44,666
23,229,710
23,153,724
23,130,673
23,864,746
23,1018,701
23,1091,668
23,1095,679
23,1098,693
23,1300,587
23,1191,720
23,207,696
23,197,705
23,194,669
23,1104,735
23,1106,743
23,1084,740
23,162,672
23,38,817
23,1136,618
23,1210,619
23,1203,610
23,511,735
23,499,729
23,509,729
23,495,737
23,159,661
23,1501,650
23,1529,649
23,1681,745
23,1705,751
23,1621,748
23,1727,745
23,1716,743
23,935,329
23,135,355
23,938,333
23,445,321
23,349,340
23,362,357
23,1212,435
23,1536,341
23,1535,347
23,1488,323
23,1491,331
23,760,744
23,767,722
23,772,737
23,414,735
23,311,728
23,337,729
23,172,667
23,894,312
23,1193,602
23,1184,610
23,1172,607
23,390,436
23,389,441
23,1294,754
23,1304,760
23,123,684
23,229,717
23,1294,494
23,1305,492
23,1321,443
23,1320,429
24,1778,837
24,1779,828
24,1765,1063
24,1777,955
24,1778,973
24,1776,986
24,1776,1002
24,1771,930
24,1765,934
24,1769,913
24,1763,852
24,1783,846
24,1769,973
24,1765,1022
24,1766,984
24,1759,879
24,1757,964
24,1428,711
24,1426,719
24,383,340
24,385,347
24,642,339
24,599,362
24,599,370
24,353,386
24,432,338
24,398,329
24,409,331
24,1254,421
24,1247,428
24,1139,336
24,1144,323
24,1130,335
24,1127,348
24,1247,605
24,1243,575
24,966,364
24,1061,337
24,1076,331
24,1143,355
24,1158,358
24,831,344
24,669,319
24,341,375
24,330,402
24,333,390
24,1737,633
24,1750,617
24,1577,705
24,1574,745
24,1542,724
24,1539,593
24,1619,663
24,1614,675
24,1507,632
24,1402,593
24,1270,507
24,469,707
24,481,707
24,516,664
24,509,678
24,441,705
24,801,680
24,499,701
24,668,693
24,676,722
24,714,710
24,1189,707
24,1188,721
24,808,698
24,911,730
24,894,743
24,869,725
24,882,730
24,697,678
24,652,709
24,871,709
24,848,700
24,948,691
24,576,731
24,577,715
24,579,724
24,75,668
24,130,706
24,172,714
24,166,722
24,277,641
24,254,643
24,320,693
24,728,734
24,38,664
24,236,708
24,158,724
24,130,669
24,861,746
24,1012,700
24,1085,669
24,1088,681
24,1090,695
24,1304,584
24,1185,720
24,207,696
24,197,705
24,195,670
24,1104,735
24,1105,742
24,1087,740
24,162,673
24,40,809
24,1136,618
24,1205,623
24,1199,614
24,511,735
24,499,729
24,509,729
24,495,737
24,159,661
24,1500,650
24,1528,650
24,1681,745
24,1705,751
24,1614,749
24,1724,741
24,1713,740
24,933,329
24,131,355
24,938,333
24,445,321
24,343,340
24,357,357
24,1214,443
24,1529,341
24,1528,347
24,1497,323
24,1499,331
24,766,743
24,762,720
24,770,734
24,423,734
24,320,727
24,348,727
24,172,667
24,894,312
24,1193,602
24,1184,610
24,1172,607
24,398,439
24,395,442
24,1294,754
24,1304,760
24,123,681
24,236,716
24,1290,501
24,1303,499
24,1317,451
24,1317,437
25,1777,837
25,1780,827
25,1766,1067
25,1778,952
25,1778,969
25,1777,983
25,1777,999
25,1771,935
25,1765,941
25,1770,917
25,1761,852
25,1785,844
25,1770,970
25,1765,1028
25,1766,989
25,1761,885
25,1757,964
25,1435,711
25,1433,720
25,378,340
25,381,347
25,636,339
25,591,361
25,592,369
25,356,386
25,428,338
25,394,329
25,405,331
25,1251,415
25,1244,422
25,1135,334
25,1139,321
25,1124,333
25,1121,346
25,1242,610
25,1238,580
25,958,368
25,1055,338
25,1070,331
25,1146,359
25,1161,360
25,822,343
25,663,320
25,344,375
25,334,402
25,335,391
25,1740,627
25,1750,610
25,1583,705
25,1580,744
25,1548,726
25,1543,593
25,1617,662
25,1612,674
25,1397,595
25,1267,516
25,470,707
25,481,707
25,511,664
25,505,677
25,434,706
25,807,681
25,491,701
25,660,694
25,670,723
25,707,711
25,1197,707
25,1196,721
25,801,698
25,919,732
25,895,743
25,875,724
25,886,729
25,699,680
25,653,709
25,866,710
25,837,701
25,942,693
25,576,731
25,583,715
25,585,724
25,67,664
25,123,710
25,177,714
25,171,723
25,277,640
25,254,642
25,327,691
25,722,734
25,33,660
25,243,706
25,164,722
25,130,669
25,859,746
25,1005,700
25,1078,671
25,1081,683
25,1081,698
25,1309,581
25,1178,720
25,207,696
25,197,705
25,195,670
25,1104,735
25,1105,742
25,1090,740
25,162,673
25,40,799
25,1136,618
25,1200,626
25,1196,618
25,511,735
25,499,729
25,509,729
25,495,737
25,159,661
25,1499,650
25,1527,650
25,1681,745
25,1705,751
25,1607,750
25,1721,738
25,1709,737
25,931,329
25,126,355
25,938,333
25,445,321
25,337,340
25,351,357
25,1215,450
25,1521,342
25,1520,348
25,1505,323
25,1507,331
25,773,742
25,757,719
25,765,732
25,433,733
25,328,726
25,359,726
25,172,667
25,894,312
25,1193,602
25,1184,610
25,1172,607
25,407,441
25,401,444
25,1294,754
25,1304,760
25,123,678
25,242,714
25,1289,506
25,1302,506
25,1314,458
25,1315,443
26,1776,838
26,1781,826
26,1779,948
26,1777,965
26,1777,979
26,1778,996
26,1770,940
26,1765,947
26,1770,922
26,1760,851
26,1787,843
26,1770,967
26,1765,1034
26,1767,994
26,1762,892
26,1757,963
26,1442,712
26,1441,720
26,373,340
26,377,347
26,631,339
26,584,359
26,585,369
26,358,386
26,423,338
26,390,329
26,400,331
26,1247,409
26,1241,416
26,1131,333
26,1135,320
26,1118,331
26,1115,345
26,1238,616
26,1234,586
26,950,372
26,1049,339
26,1064,331
26,1148,363
26,1164,362
26,813,343
26,657,320
26,349,375
26,337,402
26,339,391
26,1744,622
26,1751,602
26,1590,705
26,1586,744
26,1554,729
26,1546,593
26,1615,660
26,1610,673
26,1390,598
26,1264,525
26,470,707
26,481,707
26,506,664
26,501,677
26,426,706
26,814,681
26,483,700
26,653,697
26,663,723
26,699,711
26,1205,706
26,1203,721
26,794,698
26,927,734
26,896,743
26,881,723
26,890,729
26,703,684
26,654,709
26,860,711
26,827,703
26,937,694
26,576,731
26,589,715
26,591,724
26,59,660
26,117,715
26,182,715
26,175,724
26,277,639
26,254,641
26,335,689
26,717,734
26,28,657
26,250,704
26,170,722
26,129,669
26,856,746
26,1000,701
26,1072,673
26,1074,684
26,1073,701
26,1313,578
26,1172,720
26,207,696
26,197,705
26,195,670
26,1105,735
26,1104,742
26,1093,741
26,161,673
26,41,791
26,1136,618
26,1195,629
26,1194,623
26,511,736
26,499,729
26,509,729
26,495,737
26,159,661
26,1498,650
26,1526,651
26,1681,745
26,1705,751
26,1599,750
26,1718,735
26,1706,736
26,928,329
26,122,355
26,938,333
26,445,321
26,332,340
26,346,357
26,1217,457
26,1514,342
26,1513,348
26,1514,323
26,1515,331
26,780,741
26,752,717
26,761,731
26,442,733
26,337,726
26,370,725
26,172,667
26,894,312
26,1193,602
26,1184,610
26,1172,607
26,416,444
26,407,446
26,1294,754
26,1304,760
26,118,677
26,249,713
26,1289,510
26,1298,512
26,1311,465
26,1313,449
27,1776,839
27,1781,824
27,1779,949
27,1777,961
27,1778,975
27,1778,992
27,1770,944
27,1764,952
27,1770,926
27,1759,850
27,1788,841
27,1771,964
27,1766,1040
27,1767,1000
27,1764,899
27,1756,962
27,1449,714
27,1448,722
27,369,340
27,373,346
27,626,338
27,577,358
27,579,369
27,361,386
27,419,338
27,386,329
27,396,331
27,1244,404
27,1237,411
27,1127,331
27,1130,318
27,1112,329
27,1109,343
27,1233,621
27,1229,591
27,941,376
27,1043,341
27,1058,331
27,1151,366
27,1167,364
27,804,342
27,651,321
27,354,375
27,341,402
27,342,391
27,1746,612
27,1597,706
27,1593,744
27,1560,732
27,1550,593
27,1612,659
27,1608,672
27,1261,534
27,470,707
27,481,707
27,502,664
27,497,676
27,418,707
27,820,682
27,475,700
27,645,700
27,657,722
27,691,711
27,1212,706
27,1211,720
27,787,698
27,936,735
27,897,743
27,887,722
27,894,729
27,707,687
27,654,708
27,854,712
27,817,705
27,931,695
27,576,730
27,594,715
27,597,724
27,51,657
27,110,719
27,187,716
27,180,725
27,277,638
27,254,641
27,342,688
27,711,735
27,23,654
27,257,702
27,175,723
27,126,671
27,854,746
27,994,702
27,1065,675
27,1067,686
27,1064,703
27,1318,575
27,1166,720
27,207,696
27,197,705
27,195,670
27,1106,735
27,1104,742
27,1095,743
27,161,674
27,42,785
27,1136,618
27,1191,633
27,1186,624
27,511,736
27,499,729
27,509,729
27,495,737
27,159,661
27,1499,651
27,1525,650
27,1681,745
27,1705,751
27,1592,750
27,1715,734
27,1701,736
27,926,329
27,118,355
27,938,333
27,445,321
27,1156,749
27,326,340
27,341,357
27,1218,465
27,1507,342
27,1505,348
27,1522,323
27,1523,331
27,786,740
27,746,716
27,757,730
27,451,732
27,345,725
27,382,724
27,171,671
27,894,312
27,1193,602
27,1184,610
27,1172,607
27,420,449
27,411,450
27,1294,754
27,1304,760
27,113,677
27,256,712
27,1285,517
27,1294,518
27,1308,473
27,1311,456
28,1775,839
28,1782,823
28,1779,968
28,1777,957
28,1779,970
28,1778,988
28,1770,947
28,1764,955
28,1771,932
28,1790,840
28,1771,961
28,1766,1046
28,1768,1005
28,1765,905
28,1756,962
28,1456,716
28,1455,724
28,364,340
28,369,346
28,620,338
28,570,357
28,572,368
28,365,386
28,414,338
28,382,329
28,391,331
28,1240,398
28,1234,405
28,1123,330
28,1125,317
28,1105,328
28,1102,341
28,1229,627
28,1224,596
28,933,381
28,1038,342
28,1053,331
28,1155,370
28,1171,366
28,796,342
28,646,322
28,358,375
28,345,402
28,345,391
28,1746,605
28,1603,706
28,1599,744
28,1566,735
28,1610,657
28,1606,671
28,1257,543
28,470,707
28,481,707
28,497,664
28,493,676
28,411,708
28,826,682
28,466,700
28,637,701
28,650,721
28,683,712
28,1220,706
28,1218,720
28,780,698
28,944,736
28,898,743
28,892,721
28,897,729
28,711,690
28,655,708
28,849,713
28,806,707
28,925,696
28,576,730
28,600,716
28,603,725
28,42,657
28,105,725
28,192,716
28,185,726
28,277,637
28,254,640
28,351,687
28,706,735
28,18,651
28,264,700
28,181,725
28,124,673
28,852,746
28,988,703
28,1059,678
28,1060,688
28,1057,706
28,1323,574
28,1160,720
28,207,696
28,197,705
28,195,670
28,1107,735
28,1103,742
28,1098,746
28,160,674
28,44,778
28,1136,618
28,1186,636
28,1182,629
28,511,737
28,499,729
28,509,729
28,495,737
28,159,661
28,1500,653
28,1524,648
28,1681,745
28,1705,751
28,1586,750
28,1711,732
28,1696,737
28,924,328
28,114,355
28,938,333
28,445,321
28,1159,744
28,323,340
28,337,358
28,1219,471
28,1501,342
28,1498,348
28,1531,323
28,1531,331
28,793,739
28,741,715
28,753,729
28,459,729
28,352,724
28,393,724
28,169,676
28,894,312
28,1193,602
28,1184,610
28,1172,607
28,423,454
28,415,453
28,1294,754
28,1304,760
28,102,675
28,264,710
28,1281,524
28,1291,525
28,1305,480
28,1311,463
29,1773,840
29,1782,822
29,1778,986
29,1779,954
29,1780,966
29,1778,983
29,1770,950
29,1764,958
29,1772,938
29,1791,836
29,1772,958
29,1767,1053
29,1768,1010
29,1767,912
29,1756,962
29,1464,717
29,1463,725
29,359,340
29,364,345
29,615,338
29,562,356
29,565,368
29,370,387
29,410,338
29,378,329
29,387,331
29,1237,392
29,1231,399
29,1119,328
29,1120,315
29,1097,326
29,1094,339
29,1224,632
29,1219,601
29,926,384
29,1031,343
29,1047,331
29,1161,372
29,1176,368
29,787,341
29,640,322
29,363,375
29,348,402
29,348,391
29,1610,707
29,1605,744
29,1572,737
29,1607,655
29,1604,670
29,1254,552
29,470,707
29,481,707
29,492,664
29,488,675
29,403,708
29,832,683
29,458,699
29,628,701
29,641,717
29,676,714
29,1228,705
29,1226,720
29,773,697
29,952,737
29,899,743
29,898,720
29,900,729
29,713,692
29,656,708
29,843,715
29,796,709
29,919,697
29,576,730
29,605,720
29,607,729
29,34,657
29,196,717
29,190,727
29,276,636
29,359,686
29,700,736
29,12,647
29,271,698
29,187,725
29,118,676
29,849,746
29,865,739
29,982,704
29,1052,680
29,1053,689
29,1050,708
29,1153,721
29,207,696
29,197,705
29,195,670
29,1107,735
29,1103,741
29,1100,747
29,160,675
29,46,770
29,1136,618
29,1181,639
29,1178,633
29,511,737
29,499,729
29,509,729
29,495,737
29,159,661
29,1502,654
29,1524,647
29,1681,745
29,1705,751
29,1580,750
29,1707,731
29,1692,737
29,921,328
29,110,355
29,938,333
29,445,321
29,1162,738
29,320,340
29,333,359
29,1220,478
29,1494,342
29,1491,347
29,1539,322
29,1539,330
29,800,738
29,736,714
29,749,728
29,467,726
29,359,723
29,405,724
29,367,735
29,167,681
29,894,312
29,1193,602
29,1184,610
29,1172,607
29,426,459
29,419,457
29,1294,754
29,1304,760
29,100,674
29,272,709
29,1277,530
29,1287,531
29,1303,487
29,1312,470
30,1769,841
30,1779,821
30,1777,1005
30,1780,951
30,1781,961
30,1778,978
30,1770,954
30,1764,961
30,1772,943
30,1792,832
30,1772,955
30,1767,1059
30,1769,1016
30,1768,919
30,1756,962
30,1471,719
30,1470,727
30,355,340
30,360,345
30,609,338
30,555,355
30,559,368
30,375,387
30,405,338
30,374,329
30,383,331
30,1234,387
30,1228,394
30,1115,327
30,1116,314
30,1090,324
30,1087,337
30,1220,638
30,1215,607
30,919,388
30,1025,344
30,1041,332
30,1168,374
30,1182,370
30,778,341
30,632,323
30,367,375
30,352,402
30,352,391
30,1617,707
30,1612,744
30,1578,740
30,1605,654
30,1602,668
30,1251,561
30,470,707
30,481,707
30,488,664
30,484,675
30,395,709
30,838,683
30,450,699
30,619,701
30,632,714
30,669,715
30,1236,705
30,1234,720
30,766,697
30,961,739
30,900,743
30,904,718
30,904,729
30,715,694
30,657,707
30,838,716
30,786,711
30,914,698
30,576,730
30,609,725
30,610,732
30,26,657
30,201,718
30,194,728
30,273,635
30,367,685
30,695,736
30,8,640
30,279,695
30,193,725
30,112,679
30,847,746
30,870,735
30,977,705
30,1045,682
30,1046,691
30,1043,710
30,1146,722
30,207,696
30,197,705
30,195,670
30,1108,735
30,1102,741
30,1101,746
30,159,675
30,48,763
30,1136,618
30,1176,643
30,1174,635
30,511,737
30,499,729
30,509,729
30,495,737
30,159,661
30,1504,655
30,1524,647
30,1681,745
30,1705,751
30,1574,750
30,1704,730
30,1687,737
30,919,328
30,106,355
30,938,333
30,445,321
30,1165,733
30,317,340
30,329,361
30,1220,485
30,1487,341
30,1483,346
30,1547,322
30,1547,329
30,806,736
30,730,713
30,745,727
30,474,722
30,366,722
30,416,724
30,373,734
30,165,686
30,894,312
30,1193,602
30,1184,610
30,1172,607
30,429,465
30,422,461
30,1294,754
30,1304,760
30,95,674
30,280,707
30,1274,536
30,1284,538
30,1301,494
30,1312,477
