1,794,854
1,1050,936
1,1109,841
1,1030,836
1,1022,846
1,1004,844
1,733,943
1,1108,785
1,1112,793
1,139,386
1,137,376
1,722,596
1,702,464
1,631,425
1,682,426
1,690,429
1,713,441
1,707,424
1,708,431
1,924,287
1,1246,443
1,1272,424
1,1255,424
1,1278,363
1,1350,461
1,1376,441
1,1726,420
1,1177,604
1,1205,609
1,1210,610
1,1228,613
1,1228,603
1,1241,604
1,1247,606
1,1253,604
1,1141,367
1,1256,433
1,1239,423
1,1226,442
1,1213,444
1,1208,432
1,1187,446
1,1177,435
1,1180,413
1,1171,420
1,1194,444
1,1212,431
1,1232,428
1,1799,752
2,804,853
2,1046,931
2,1101,843
2,1024,836
2,1015,846
2,998,844
2,736,935
2,1108,785
2,1112,793
2,133,386
2,131,376
2,723,594
2,703,474
2,631,425
2,682,426
2,690,429
2,713,440
2,707,424
2,708,431
2,924,287
2,1247,438
2,1274,425
2,1260,423
2,1281,366
2,1356,458
2,1385,442
2,1721,417
2,1178,604
2,1206,606
2,1211,609
2,1227,613
2,1228,603
2,1241,603
2,1247,603
2,1252,601
2,1144,371
2,1255,433
2,1238,423
2,1227,443
2,1213,444
2,1208,433
2,1186,451
2,1177,435
2,1181,414
2,1172,421
2,1194,446
2,1211,434
2,1232,429
2,1773,753
3,814,853
3,1042,926
3,1094,846
3,1018,836
3,1009,846
3,993,845
3,739,927
3,1108,785
3,1112,793
3,127,386
3,125,376
3,725,591
3,704,485
3,631,425
3,682,426
3,690,429
3,713,439
3,707,424
3,709,431
3,924,287
3,1249,434
3,1277,426
3,1265,422
3,1285,369
3,1363,455
3,1394,442
3,1717,415
3,1179,604
3,1207,604
3,1212,608
3,1227,614
3,1228,603
3,1241,603
3,1247,601
3,1252,598
3,1147,375
3,1254,434
3,1238,424
3,1228,444
3,1214,444
3,1209,434
3,1186,456
3,1178,436
3,1182,416
3,1174,422
3,1194,448
3,1211,438
3,1233,431
3,1743,752
4,824,853
4,1038,921
4,1086,849
4,1012,836
4,1003,846
4,987,845
4,743,920
4,1108,785
4,1112,793
4,121,386
4,120,376
4,727,577
4,705,496
4,631,425
4,682,426
4,690,429
4,713,439
4,707,424
4,709,431
4,924,287
4,1251,430
4,1280,428
4,1269,420
4,1288,373
4,1370,453
4,1402,441
4,1712,413
4,1180,604
4,1206,599
4,1212,600
4,1227,614
4,1229,603
4,1241,603
4,1247,599
4,1251,594
4,1150,379
4,1254,435
4,1237,425
4,1229,445
4,1215,445
4,1210,435
4,1186,461
4,1179,437
4,1184,418
4,1176,423
4,1194,450
4,1210,441
4,1233,433
4,1712,750
5,833,852
5,1035,916
5,1079,850
5,1006,835
5,995,846
5,980,846
5,746,912
5,1665,802
5,1108,785
5,1112,793
5,115,386
5,114,375
5,730,563
5,706,507
5,631,425
5,682,426
5,690,429
5,714,438
5,707,424
5,710,431
5,924,287
5,1127,5
5,1253,426
5,1282,429
5,1274,419
5,1292,376
5,1378,450
5,1410,438
5,1708,411
5,1181,604
5,1204,593
5,1211,592
5,1226,615
5,1229,603
5,1241,602
5,1247,597
5,1250,591
5,1154,384
5,1253,435
5,1237,426
5,1230,446
5,1219,446
5,1206,436
5,1186,466
5,1179,437
5,1185,418
5,1179,423
5,1194,452
5,1210,445
5,1234,434
5,1681,748
6,842,851
6,1032,911
6,1071,851
6,999,834
6,989,845
6,973,846
6,1672,802
6,1108,785
6,1112,793
6,108,386
6,107,375
6,730,545
6,705,517
6,631,425
6,682,426
6,690,429
6,714,438
6,707,424
6,710,432
6,924,287
6,1127,5
6,1258,423
6,1283,430
6,1279,418
6,1295,379
6,1385,448
6,1417,435
6,1704,409
6,1183,605
6,1203,588
6,1210,584
6,1226,616
6,1229,603
6,1241,602
6,1247,595
6,1250,588
6,1158,389
6,1253,436
6,1237,427
6,1232,448
6,1219,451
6,1202,437
6,1186,471
6,1180,437
6,1189,418
6,1180,427
6,1189,454
6,1210,449
6,1235,436
6,1648,746
7,850,850
7,1030,906
7,1063,852
7,991,834
7,984,845
7,968,846
7,1680,802
7,1108,785
7,1112,793
7,102,386
7,100,375
7,730,527
7,704,527
7,631,425
7,682,426
7,691,429
7,714,437
7,707,424
7,711,432
7,924,287
7,1263,421
7,1283,430
7,1285,417
7,1298,379
7,1393,446
7,1425,432
7,1699,407
7,1184,598
7,1199,578
7,1206,575
7,1223,612
7,1229,598
7,1239,597
7,1244,588
7,1248,581
7,1161,394
7,1252,437
7,1236,428
7,1233,455
7,1219,456
7,1201,442
7,1186,478
7,1177,442
7,1190,422
7,1182,431
7,1189,459
7,1207,455
7,1235,438
7,1616,745
8,859,849
8,1026,901
8,1055,852
8,983,834
8,979,845
8,963,846
8,1687,802
8,1109,785
8,1112,793
8,95,387
8,93,375
8,731,510
8,703,537
8,631,425
8,682,426
8,691,429
8,714,437
8,707,424
8,711,432
8,924,287
8,1126,309
8,1135,14
8,1267,418
8,1284,430
8,1290,416
8,1302,379
8,1400,444
8,1432,429
8,1695,407
8,1186,591
8,1196,569
8,1202,566
8,1220,609
8,1228,593
8,1238,592
8,1242,581
8,1247,574
8,1164,397
8,1252,437
8,1236,429
8,1235,463
8,1220,461
8,1200,447
8,1187,485
8,1175,448
8,1192,427
8,1184,435
8,1190,464
8,1206,460
8,1235,441
8,1585,745
9,868,850
9,1022,897
9,1047,853
9,977,834
9,971,845
9,955,844
9,1694,802
9,1109,785
9,1112,793
9,88,387
9,86,375
9,730,495
9,703,546
9,631,425
9,682,426
9,691,429
9,715,436
9,707,424
9,712,432
9,924,287
9,1120,306
9,1136,22
9,1272,415
9,1284,430
9,1296,415
9,1305,379
9,1408,441
9,1440,426
9,1691,409
9,1188,585
9,1192,561
9,1199,557
9,1217,606
9,1228,587
9,1236,587
9,1240,574
9,1245,567
9,1167,401
9,1251,438
9,1235,429
9,1235,472
9,1221,470
9,1199,451
9,1187,493
9,1173,454
9,1194,432
9,1186,439
9,1191,470
9,1207,464
9,1235,447
9,1555,745
10,877,852
10,1018,893
10,1039,853
10,971,835
10,962,845
10,947,843
10,1702,803
10,1109,785
10,1112,793
10,82,388
10,79,375
10,730,480
10,704,555
10,631,425
10,682,426
10,691,429
10,715,435
10,707,424
10,712,432
10,924,287
10,790,322
10,1114,301
10,1137,30
10,1277,413
10,1285,430
10,1301,414
10,1308,378
10,1258,394
10,1260,407
10,1415,439
10,1446,423
10,1686,410
10,1188,578
10,1189,552
10,1195,548
10,1215,602
10,1228,581
10,1236,581
10,1236,566
10,1242,560
10,1171,407
10,1250,439
10,1235,430
10,1235,481
10,1222,478
10,1197,456
10,1189,499
10,1170,459
10,1195,439
10,1187,444
10,1192,475
10,1208,468
10,1235,453
10,1525,745
11,885,853
11,1015,889
11,1030,856
11,964,835
11,956,845
11,940,843
11,1710,803
11,1109,785
11,1112,793
11,75,388
11,72,375
11,730,465
11,704,565
11,631,425
11,682,426
11,691,429
11,715,435
11,708,425
11,713,433
11,924,287
11,801,320
11,1108,296
11,1137,38
11,1283,413
11,1285,430
11,1306,414
11,1312,376
11,1263,394
11,1265,406
11,1421,435
11,1682,411
11,1186,570
11,1187,544
11,1192,540
11,1214,598
11,1229,575
11,1236,576
11,1231,559
11,1237,553
11,1175,413
11,1250,439
11,1235,431
11,1236,489
11,1222,486
11,1196,463
11,1190,505
11,1168,464
11,1195,445
11,1187,450
11,1192,480
11,1210,476
11,1235,460
11,1495,744
12,894,853
12,1011,886
12,1020,859
12,957,834
12,950,844
12,933,843
12,772,864
12,1718,804
12,1109,785
12,1112,793
12,68,389
12,66,375
12,730,451
12,705,573
12,631,425
12,682,426
12,692,429
12,716,435
12,708,426
12,713,433
12,924,287
12,812,318
12,1098,296
12,1137,46
12,1289,412
12,1286,430
12,1312,414
12,1316,375
12,1267,394
12,1270,406
12,1427,432
12,1678,412
12,1184,563
12,1183,541
12,1185,534
12,1213,595
12,1230,568
12,1236,570
12,1226,552
12,1232,546
12,1177,419
12,1250,443
12,1234,434
12,1238,496
12,1223,493
12,1196,469
12,1192,512
12,1166,469
12,1194,452
12,1185,456
12,1193,485
12,1212,483
12,1235,465
12,1465,743
13,904,852
13,1008,883
13,1013,860
13,950,834
13,944,844
13,927,843
13,781,864
13,744,958
13,1726,804
13,1109,785
13,1112,793
13,61,389
13,59,376
13,733,439
13,705,580
13,631,425
13,682,426
13,692,429
13,716,435
13,708,426
13,713,433
13,924,287
13,823,318
13,1090,295
13,1137,54
13,1294,411
13,1286,430
13,1317,413
13,1319,373
13,1271,394
13,1275,405
13,1432,429
13,1673,412
13,1184,555
13,1179,535
13,1183,529
13,1215,590
13,1225,563
13,1236,563
13,1223,547
13,1229,540
13,1178,425
13,1250,451
13,1233,438
13,1240,503
13,1225,500
13,1196,475
13,1194,518
13,1164,474
13,1193,459
13,1183,463
13,1193,491
13,1213,489
13,1235,469
13,1435,743
14,915,852
14,1006,882
14,1006,861
14,945,836
14,938,846
14,922,844
14,791,864
14,746,951
14,1735,804
14,1110,785
14,1111,793
14,54,389
14,53,377
14,736,427
14,705,586
14,631,425
14,682,426
14,692,429
14,716,435
14,708,425
14,713,433
14,924,287
14,834,317
14,1082,293
14,1137,62
14,1300,410
14,1286,430
14,1323,413
14,1322,373
14,1275,394
14,1279,405
14,1438,425
14,1669,411
14,1183,546
14,1180,527
14,1184,522
14,1215,584
14,1223,557
14,1235,556
14,1220,542
14,1225,534
14,1179,431
14,1250,459
14,1232,443
14,1242,509
14,1227,506
14,1197,480
14,1197,527
14,1162,479
14,1193,466
14,1182,470
14,1192,496
14,1214,495
14,1236,473
14,1404,742
15,924,854
15,1000,875
15,998,858
15,941,836
15,931,845
15,916,843
15,797,867
15,747,944
15,1745,804
15,1110,785
15,1111,793
15,47,389
15,46,378
15,740,417
15,704,592
15,631,425
15,682,426
15,692,429
15,717,435
15,708,425
15,713,433
15,924,287
15,845,317
15,1075,291
15,1136,70
15,1306,410
15,1286,430
15,1328,413
15,1324,373
15,1279,395
15,1283,405
15,1443,423
15,1664,411
15,1183,538
15,1178,518
15,1182,518
15,1215,575
15,1222,549
15,1232,551
15,1216,535
15,1220,529
15,1177,439
15,1251,465
15,1230,450
15,1244,516
15,1232,514
15,1200,489
15,1198,534
15,1161,487
15,1193,472
15,1182,477
15,1192,501
15,1215,502
15,1236,482
15,1373,740
16,932,852
16,995,873
16,988,859
16,931,837
16,922,843
16,908,843
16,803,867
16,749,937
16,1754,803
16,1110,786
16,1110,794
16,40,388
16,40,378
16,746,411
16,702,597
16,631,425
16,682,426
16,692,429
16,717,435
16,708,425
16,713,433
16,924,287
16,856,316
16,1068,290
16,1136,78
16,1311,409
16,1286,430
16,1333,412
16,1326,373
16,1283,396
16,1287,406
16,1660,410
16,1182,530
16,1174,513
16,1181,510
16,1215,572
16,1221,543
16,1232,544
16,1212,532
16,1212,523
16,1175,445
16,1253,472
16,1228,457
16,1246,524
16,1235,521
16,1200,497
16,1198,541
16,1159,494
16,1192,478
16,1182,484
16,1192,506
16,1218,507
16,1237,489
16,1342,739
17,940,851
17,991,871
17,978,861
17,922,837
17,913,843
17,901,842
17,810,867
17,1763,803
17,1111,787
17,1109,794
17,33,388
17,32,378
17,747,404
17,702,598
17,631,425
17,682,426
17,692,429
17,717,436
17,708,425
17,713,433
17,924,287
17,867,316
17,1061,288
17,1136,86
17,1317,409
17,1286,430
17,1337,412
17,1327,374
17,1287,397
17,1290,406
17,1655,409
17,1181,522
17,1174,504
17,1178,504
17,1215,568
17,1219,536
17,1229,537
17,1207,529
17,1206,520
17,1173,450
17,1255,481
17,1227,464
17,1249,532
17,1237,527
17,1203,502
17,1199,551
17,1158,501
17,1192,484
17,1184,491
17,1194,509
17,1223,511
17,1240,495
17,1311,738
18,947,851
18,986,869
18,969,864
18,916,834
18,908,843
18,895,841
18,818,867
18,1772,803
18,1111,787
18,1109,795
18,27,387
18,25,377
18,702,599
18,631,425
18,682,426
18,692,429
18,718,436
18,708,425
18,713,433
18,924,287
18,877,314
18,1137,320
18,1054,287
18,1136,95
18,1322,409
18,1286,430
18,1342,412
18,1324,377
18,1291,398
18,1294,406
18,1650,408
18,1181,517
18,1171,496
18,1178,498
18,1215,563
18,1219,530
18,1228,531
18,1199,529
18,1198,520
18,1171,456
18,1255,487
18,1229,471
18,1253,543
18,1239,538
18,1204,508
18,1199,556
18,1157,507
18,1192,491
18,1185,497
18,1195,513
18,1228,518
18,1240,501
18,1280,738
19,954,851
19,981,868
19,961,867
19,909,833
19,902,843
19,888,840
19,825,868
19,1781,803
19,1111,788
19,1108,795
19,20,387
19,17,376
19,702,600
19,631,425
19,682,426
19,692,429
19,718,436
19,708,425
19,713,433
19,924,287
19,465,765
19,886,313
19,1044,287
19,1137,108
19,1327,409
19,1285,430
19,1347,412
19,1322,379
19,1295,399
19,1298,407
19,1644,407
19,1181,512
19,1173,491
19,1180,493
19,1215,557
19,1219,523
19,1228,526
19,1190,530
19,1190,521
19,1169,462
19,1255,493
19,1231,478
19,1253,551
19,1239,546
19,1205,514
19,1200,561
19,1155,514
19,1192,498
19,1186,504
19,1197,516
19,1234,525
19,1240,508
19,1249,738
20,964,851
20,974,869
20,953,870
20,903,833
20,896,843
20,882,840
20,832,868
20,1790,803
20,1112,788
20,1108,796
20,14,387
20,10,376
20,702,601
20,631,425
20,682,426
20,692,429
20,718,436
20,708,425
20,714,433
20,924,287
20,468,766
20,895,311
20,1035,287
20,1136,121
20,1333,409
20,1285,430
20,1352,411
20,1318,382
20,1299,400
20,1302,407
20,1639,406
20,1180,507
20,1175,486
20,1183,488
20,1215,551
20,1219,517
20,1228,521
20,1182,532
20,1182,522
20,1165,471
20,1254,501
20,1231,487
20,1252,559
20,1238,553
20,1206,521
20,1204,568
20,1154,522
20,1192,504
20,1185,510
20,1196,520
20,1236,533
20,1240,516
20,1218,738
21,974,851
21,968,870
21,946,874
21,898,834
21,890,843
21,875,840
21,839,869
21,1799,803
21,1112,789
21,1107,796
21,10,388
21,9,376
21,702,602
21,631,425
21,682,426
21,692,429
21,718,437
21,708,425
21,714,433
21,924,287
21,470,767
21,904,310
21,1025,287
21,1134,134
21,1338,409
21,1285,430
21,1356,411
21,1312,382
21,1303,401
21,1306,408
21,1633,405
21,1180,502
21,1178,481
21,1185,483
21,1215,547
21,1217,511
21,1226,516
21,1175,525
21,1175,517
21,1162,481
21,1253,510
21,1230,496
21,1250,567
21,1237,560
21,1206,528
21,1208,576
21,1154,531
21,1192,511
21,1184,517
21,1196,525
21,1235,540
21,1242,523
21,1187,738
22,983,850
22,961,870
22,938,877
22,892,835
22,884,844
22,869,840
22,846,870
22,1808,803
22,1113,790
22,1107,797
22,7,389
22,8,377
22,702,603
22,631,425
22,682,426
22,692,429
22,718,437
22,708,425
22,714,433
22,924,287
22,913,308
22,1016,287
22,1134,144
22,1344,409
22,1285,430
22,1361,411
22,1306,383
22,1307,401
22,1310,409
22,1180,495
22,1178,476
22,1187,477
22,1216,543
22,1214,505
22,1224,511
22,1168,519
22,1169,512
22,1162,486
22,1253,515
22,1231,503
22,1250,576
22,1238,567
22,1205,535
22,1212,581
22,1151,536
22,1191,517
22,1182,523
22,1195,531
22,1232,548
22,1242,530
22,1157,738
23,991,850
23,955,870
23,932,885
23,884,835
23,878,844
23,859,841
23,852,873
23,1817,803
23,1115,794
23,1109,799
23,702,604
23,631,425
23,682,426
23,692,429
23,718,437
23,708,424
23,714,433
23,924,287
23,920,305
23,1007,287
23,1133,154
23,1140,54
23,1349,409
23,1284,430
23,1366,411
23,1300,383
23,1311,401
23,1314,410
23,1180,488
23,1178,469
23,1188,471
23,1217,535
23,1211,499
23,1222,506
23,1161,514
23,1165,508
23,1162,491
23,1254,521
23,1232,511
23,1250,584
23,1239,575
23,1207,545
23,1215,586
23,1149,542
23,1191,524
23,1180,530
23,1195,536
23,1229,555
23,1242,537
23,1127,739
24,998,849
24,951,870
24,925,892
24,878,834
24,871,843
24,851,842
24,858,874
24,1826,802
24,1117,797
24,1111,801
24,702,604
24,631,425
24,682,426
24,692,429
24,718,437
24,708,424
24,714,433
24,924,287
24,926,300
24,997,282
24,1133,164
24,1138,50
24,1354,409
24,1284,430
24,1370,410
24,1294,383
24,1315,402
24,1318,411
24,1181,481
24,1177,463
24,1189,464
24,1219,530
24,1208,495
24,1221,500
24,1153,510
24,1160,504
24,1163,497
24,1254,527
24,1233,517
24,1252,590
24,1241,581
24,1208,552
24,1219,590
24,1147,548
24,1190,529
24,1178,536
24,1194,541
24,1226,561
24,1241,543
24,1098,740
25,1006,849
25,948,871
25,918,897
25,871,833
25,864,842
25,846,843
25,863,873
25,1835,801
25,1120,800
25,1112,804
25,702,604
25,631,425
25,682,426
25,692,429
25,718,437
25,708,424
25,714,433
25,729,968
25,924,287
25,932,296
25,985,278
25,1133,177
25,1139,48
25,1360,409
25,1284,430
25,1375,410
25,1287,382
25,1319,402
25,1322,412
25,1181,474
25,1177,456
25,1189,457
25,1216,522
25,1206,491
25,1220,493
25,1146,505
25,1156,500
25,1163,503
25,1254,534
25,1233,524
25,1255,595
25,1244,586
25,1208,558
25,1223,595
25,1147,554
25,1188,535
25,1176,542
25,1193,547
25,1224,564
25,1239,549
25,1069,740
26,1014,849
26,945,872
26,910,903
26,864,833
26,857,842
26,840,843
26,869,873
26,771,867
26,1843,800
26,1122,804
26,1114,806
26,701,604
26,631,425
26,682,426
26,692,429
26,718,437
26,708,424
26,714,433
26,731,958
26,924,287
26,938,291
26,972,274
26,1133,189
26,1365,409
26,1284,430
26,1380,410
26,1281,381
26,1323,403
26,1327,414
26,1182,467
26,1177,449
26,1189,449
26,1216,519
26,1203,487
26,1219,485
26,1141,499
26,1149,491
26,1163,509
26,1254,540
26,1234,530
26,1259,599
26,1247,592
26,1211,568
26,1227,600
26,1147,561
26,1186,545
26,1176,550
26,1193,552
26,1222,568
26,1238,554
26,1040,738
27,1024,848
27,938,873
27,905,907
27,856,833
27,850,842
27,834,843
27,877,871
27,779,866
27,1283,761
27,1851,799
27,1124,807
27,1116,808
27,700,604
27,631,425
27,682,426
27,692,429
27,718,437
27,708,424
27,714,433
27,733,948
27,924,287
27,942,287
27,1193,401
27,958,276
27,1133,202
27,1371,409
27,1283,430
27,1384,410
27,1277,380
27,1329,403
27,1331,414
27,1183,460
27,1178,441
27,1188,441
27,1215,511
27,1204,477
27,1217,478
27,1136,494
27,1142,483
27,1161,515
27,1254,546
27,1234,536
27,1262,604
27,1249,597
27,1213,574
27,1231,605
27,1146,567
27,1185,552
27,1177,557
27,1195,556
27,1221,575
27,1236,560
27,1011,736
28,1034,848
28,931,874
28,901,912
28,849,835
28,843,842
28,829,842
28,885,870
28,906,1065
28,787,866
28,1283,758
28,1859,798
28,1125,807
28,1117,808
28,700,604
28,631,425
28,682,426
28,692,429
28,718,437
28,708,424
28,714,433
28,735,938
28,924,287
28,947,283
28,1200,401
28,950,276
28,1133,214
28,1376,409
28,1283,430
28,1389,410
28,1273,380
28,1335,403
28,1335,414
28,1183,453
28,1178,434
28,1187,432
28,1215,505
28,1203,471
28,1215,472
28,1130,487
28,1135,478
28,1159,521
28,1254,553
28,1234,543
28,1269,608
28,1255,601
28,1214,581
28,1237,607
28,1144,573
28,1185,557
28,1178,564
28,1197,560
28,1221,582
28,1235,566
28,982,735
29,1044,849
29,924,872
29,895,917
29,842,832
29,836,843
29,822,844
29,891,866
29,908,1057
29,797,867
29,1284,754
29,1868,797
29,1125,807
29,1117,807
29,700,604
29,631,425
29,682,426
29,692,429
29,718,438
29,708,424
29,714,433
29,735,930
29,924,287
29,951,279
29,1205,403
29,944,275
29,1133,227
29,1137,93
29,1380,409
29,1283,430
29,1393,410
29,1269,380
29,1341,403
29,1340,414
29,1184,446
29,1177,428
29,1185,424
29,1215,499
29,1202,464
29,1213,466
29,1125,481
29,1129,473
29,1156,527
29,1253,559
29,1235,550
29,1276,612
29,1261,605
29,1214,587
29,1243,610
29,1143,580
29,1185,562
29,1179,571
29,1199,564
29,1225,586
29,1236,571
29,954,735
30,1053,849
30,917,872
30,889,923
30,835,830
30,830,845
30,815,846
30,897,863
30,911,1049
30,807,868
30,1284,750
30,1877,795
30,1125,807
30,1117,805
30,700,604
30,631,425
30,682,426
30,692,429
30,718,438
30,708,424
30,713,433
30,924,287
30,956,276
30,1210,405
30,938,277
30,1133,244
30,1137,83
30,1385,409
30,1283,430
30,1397,410
30,1266,379
30,1346,402
30,1344,413
30,1184,440
30,1175,422
30,1183,416
30,1215,493
30,1201,458
30,1211,460
30,1119,475
30,1123,468
30,1156,535
30,1251,565
30,1235,556
30,1282,615
30,1267,609
30,1217,593
30,1248,612
30,1141,585
30,1186,568
30,1182,577
30,1199,567
30,1228,590
30,1238,577
30,926,734
