1,550,688
1,553,712
1,549,723
1,540,733
1,675,697
1,694,708
1,717,697
1,310,710
1,314,699
1,963,686
1,971,696
1,962,708
1,955,716
1,571,751
1,247,752
1,332,740
1,703,721
1,704,727
1,356,696
1,357,705
1,266,724
1,874,741
1,884,759
1,869,755
1,858,760
1,845,737
1,841,749
1,824,737
1,797,733
1,798,743
1,813,698
1,775,716
1,814,684
1,924,746
1,953,730
1,973,735
1,983,754
1,1023,732
1,1040,753
1,514,748
1,504,750
1,905,683
1,1062,764
1,1102,759
1,1104,767
1,1131,678
1,1138,683
1,1204,700
1,1203,710
1,1205,727
1,1195,660
1,1198,668
1,1181,624
1,1191,617
1,1198,623
1,744,743
1,30,808
1,210,743
1,191,723
1,201,727
1,309,691
1,1568,650
1,1565,662
1,1564,675
1,1479,750
1,1737,751
1,1743,762
1,1742,768
1,1529,699
1,1699,738
1,1210,674
1,1210,681
1,1249,647
1,1277,341
1,1261,380
1,1276,377
1,111,401
1,40,409
1,1450,339
1,1450,353
1,1466,347
1,1470,355
1,1469,323
1,1473,331
1,1307,739
1,1293,752
1,1263,365
1,111,708
1,375,383
1,1393,726
1,1295,763
1,1302,771
1,1265,759
1,1256,456
1,1279,523
1,1314,459
1,1537,641
1,860,351
1,819,466
1,1192,335
1,704,347
1,424,383
1,638,339
1,133,360
1,111,356
1,112,338
1,319,347
1,330,338
1,309,332
1,331,333
1,277,347
1,457,347
1,445,336
1,24,356
1,63,347
1,87,330
1,340,324
1,322,330
1,51,707
1,33,716
1,54,737
1,49,732
1,265,733
1,264,745
1,1318,339
1,1400,332
1,1557,757
1,1564,767
1,1018,673
1,1322,619
1,1091,662
1,1773,849
1,1764,885
1,1765,912
1,1767,1075
1,1785,1057
1,1789,900
1,1785,907
1,1785,918
1,1705,268
1,1207,649
1,1105,658
1,1648,716
1,1785,981
1,1768,1017
1,1767,901
1,151,695
1,167,695
1,169,683
1,193,676
1,1209,330
1,42,818
1,148,665
1,199,661
1,352,655
1,354,662
2,560,687
2,561,713
2,556,723
2,549,733
2,670,698
2,689,708
2,712,694
2,303,710
2,307,699
2,959,686
2,966,697
2,954,708
2,949,716
2,577,749
2,253,750
2,339,739
2,696,721
2,697,727
2,349,697
2,350,705
2,261,724
2,879,740
2,891,759
2,876,755
2,863,760
2,851,737
2,847,747
2,830,737
2,803,733
2,805,742
2,813,697
2,766,715
2,814,684
2,920,746
2,947,730
2,967,736
2,989,752
2,1019,731
2,1046,752
2,513,747
2,504,750
2,900,683
2,1062,764
2,1101,758
2,1103,766
2,1135,674
2,1142,679
2,1197,700
2,1196,710
2,1198,726
2,1191,661
2,1194,669
2,1181,623
2,1191,616
2,1198,622
2,750,742
2,30,814
2,216,743
2,191,722
2,201,726
2,315,691
2,1568,649
2,1565,661
2,1564,674
2,1489,750
2,1737,746
2,1741,757
2,1739,764
2,1522,698
2,1705,745
2,1214,670
2,1216,677
2,1250,640
2,1279,349
2,1262,389
2,1276,386
2,119,397
2,44,408
2,1459,338
2,1457,349
2,1473,347
2,1475,355
2,1476,323
2,1480,331
2,1301,739
2,1285,752
2,1265,371
2,105,706
2,373,386
2,1388,727
2,1295,763
2,1302,770
2,1269,758
2,1253,452
2,1279,516
2,1314,466
2,1536,640
2,867,351
2,825,464
2,1199,334
2,698,348
2,430,379
2,643,337
2,125,362
2,113,353
2,115,336
2,317,346
2,330,338
2,309,332
2,331,333
2,273,347
2,457,346
2,445,335
2,19,356
2,61,350
2,87,329
2,340,324
2,322,330
2,50,706
2,33,715
2,54,736
2,48,730
2,259,734
2,255,744
2,1318,338
2,1396,334
2,1561,757
2,1564,767
2,1018,672
2,1320,614
2,1091,662
2,1774,843
2,1763,881
2,1767,918
2,1766,1068
2,1785,1057
2,1789,900
2,1785,907
2,1785,918
2,1698,271
2,1203,651
2,1105,657
2,1654,717
2,1785,981
2,1771,1023
2,1767,907
2,151,694
2,167,694
2,169,682
2,193,676
2,1209,330
2,42,823
2,148,665
2,199,661
2,352,649
2,357,660
3,570,686
3,569,714
3,564,724
3,558,733
3,665,698
3,683,708
3,706,692
3,297,710
3,301,699
3,956,686
3,961,698
3,947,708
3,944,717
3,584,747
3,259,749
3,347,738
3,689,721
3,690,728
3,342,698
3,343,706
3,256,724
3,885,740
3,898,759
3,883,756
3,869,760
3,857,737
3,854,745
3,836,737
3,810,733
3,812,741
3,814,697
3,758,714
3,814,684
3,916,746
3,942,730
3,962,737
3,996,750
3,1015,730
3,1052,752
3,513,746
3,504,750
3,896,684
3,1062,764
3,1101,758
3,1103,766
3,1139,670
3,1146,676
3,1191,701
3,1189,710
3,1192,725
3,1187,663
3,1191,671
3,1181,623
3,1191,616
3,1198,622
3,756,741
3,30,820
3,223,744
3,191,722
3,201,726
3,321,691
3,1568,649
3,1565,661
3,1564,674
3,1499,750
3,1738,741
3,1740,753
3,1737,761
3,1515,698
3,1711,752
3,1219,666
3,1222,673
3,1252,633
3,1281,358
3,1263,398
3,1277,396
3,127,394
3,49,408
3,1469,338
3,1465,346
3,1480,347
3,1481,356
3,1483,323
3,1487,331
3,1295,739
3,1278,752
3,1267,378
3,99,705
3,372,390
3,1383,729
3,1295,763
3,1302,770
3,1273,757
3,1251,448
3,1280,509
3,1314,474
3,1536,640
3,874,351
3,831,462
3,1206,334
3,692,349
3,436,376
3,648,335
3,118,365
3,116,351
3,118,334
3,315,345
3,330,338
3,309,332
3,331,333
3,269,347
3,457,346
3,445,335
3,15,356
3,59,353
3,87,329
3,340,324
3,322,330
3,50,706
3,33,715
3,54,735
3,48,729
3,254,735
3,247,744
3,1318,338
3,1392,337
3,1567,758
3,1564,767
3,1018,672
3,1318,610
3,1091,662
3,1775,837
3,1763,877
3,1770,924
3,1765,1061
3,1785,1057
3,1760,908
3,1789,900
3,1785,907
3,1785,918
3,1691,275
3,1751,234
3,1199,653
3,1105,657
3,1661,718
3,1762,1037
3,1785,981
3,1774,1029
3,1767,913
3,152,694
3,167,693
3,169,682
3,193,676
3,1209,330
3,42,828
3,148,665
3,199,661
3,360,661
4,580,685
4,577,715
4,571,725
4,567,734
4,659,698
4,677,708
4,698,690
4,291,710
4,294,699
4,951,687
4,957,698
4,939,707
4,936,717
4,591,746
4,265,748
4,355,738
4,682,721
4,684,729
4,335,699
4,336,707
4,252,725
4,890,739
4,904,760
4,890,757
4,875,760
4,863,737
4,860,743
4,842,737
4,816,733
4,820,741
4,815,697
4,750,714
4,814,684
4,913,746
4,936,730
4,956,736
4,1002,748
4,1008,730
4,1059,751
4,513,745
4,504,750
4,892,685
4,1062,764
4,1101,758
4,1103,766
4,1144,667
4,1151,673
4,1185,701
4,1182,710
4,1186,724
4,1184,665
4,1188,672
4,1181,623
4,1191,616
4,1198,622
4,763,741
4,30,827
4,229,746
4,191,722
4,201,725
4,327,691
4,1568,648
4,1566,661
4,1565,673
4,1509,750
4,1739,735
4,1737,749
4,1733,756
4,1508,697
4,1224,662
4,1228,669
4,1254,627
4,1283,366
4,1265,407
4,1278,406
4,134,390
4,1476,337
4,1472,344
4,1485,346
4,1486,356
4,1491,324
4,1494,332
4,1289,739
4,1271,753
4,1269,384
4,649,757
4,94,704
4,371,393
4,1378,731
4,1295,763
4,1302,770
4,1278,756
4,1249,445
4,1281,502
4,1315,482
4,1536,639
4,881,351
4,838,460
4,1213,333
4,687,350
4,442,373
4,653,333
4,111,367
4,119,349
4,121,333
4,313,345
4,330,338
4,309,332
4,331,333
4,265,347
4,457,345
4,445,334
4,10,356
4,58,356
4,87,329
4,340,324
4,322,330
4,50,706
4,33,715
4,54,734
4,47,728
4,249,736
4,239,743
4,1318,338
4,1388,339
4,1573,759
4,1565,767
4,1018,672
4,1317,606
4,1091,662
4,1776,831
4,1763,873
4,1773,931
4,1764,1054
4,1785,1057
4,1760,904
4,1761,1018
4,1789,900
4,1785,907
4,1785,918
4,1685,279
4,1751,241
4,1196,655
4,1105,657
4,1667,719
4,1763,1030
4,1785,981
4,1776,1034
4,1767,919
4,153,694
4,168,693
4,169,682
4,193,676
4,1209,330
4,42,833
4,148,665
4,199,661
4,358,657
5,591,684
5,586,716
5,579,725
5,576,734
5,653,698
5,671,707
5,690,689
5,285,710
5,288,699
5,946,689
5,953,697
5,931,706
5,928,716
5,597,744
5,271,747
5,363,737
5,675,721
5,677,729
5,328,701
5,330,708
5,247,725
5,896,739
5,910,761
5,897,757
5,881,760
5,870,737
5,867,742
5,847,736
5,823,733
5,827,740
5,816,696
5,742,714
5,814,684
5,910,747
5,931,730
5,951,735
5,1009,746
5,1001,731
5,1065,751
5,512,744
5,504,750
5,888,686
5,1062,764
5,1101,758
5,1103,766
5,1148,663
5,1155,670
5,1179,702
5,1175,710
5,1180,723
5,1180,666
5,1184,674
5,1182,622
5,1192,615
5,1199,621
5,769,740
5,30,833
5,235,747
5,191,721
5,201,725
5,334,691
5,1568,648
5,1566,661
5,1566,673
5,1519,750
5,1739,730
5,1734,746
5,1730,751
5,1501,697
5,1229,658
5,1234,665
5,1256,620
5,1285,375
5,1266,417
5,1278,416
5,140,385
5,1482,335
5,1479,343
5,1488,346
5,1492,356
5,1498,324
5,1501,332
5,1283,739
5,1264,753
5,1271,391
5,647,755
5,88,703
5,370,397
5,1376,732
5,1295,763
5,1302,769
5,1282,755
5,1247,441
5,1282,495
5,1315,490
5,1536,639
5,1385,624
5,888,351
5,844,458
5,1220,333
5,681,351
5,449,369
5,104,370
5,122,347
5,124,331
5,311,344
5,330,338
5,309,332
5,331,333
5,261,347
5,457,345
5,445,334
5,56,359
5,88,329
5,340,324
5,322,330
5,50,706
5,33,714
5,55,733
5,47,727
5,244,737
5,230,743
5,1318,338
5,1578,759
5,1566,767
5,1018,672
5,1315,601
5,1091,662
5,1778,825
5,1763,868
5,1774,936
5,1763,1047
5,1785,1057
5,1761,900
5,1765,1011
5,1789,900
5,1785,907
5,1785,918
5,1678,283
5,1752,249
5,1192,657
5,1105,657
5,1674,720
5,1733,765
5,1765,1024
5,1785,981
5,1776,1038
5,589,330
5,153,693
5,168,692
5,169,681
5,194,676
5,1509,602
5,1209,330
5,42,839
5,148,665
5,199,661
5,354,653
6,602,684
6,592,717
6,585,726
6,582,734
6,648,698
6,665,707
6,683,689
6,278,710
6,282,698
6,940,691
6,949,696
6,922,706
6,919,715
6,604,742
6,277,745
6,371,737
6,669,720
6,670,728
6,322,699
6,322,707
6,243,726
6,901,739
6,915,761
6,902,756
6,887,760
6,876,737
6,873,742
6,852,736
6,830,733
6,835,740
6,816,696
6,735,714
6,814,684
6,907,748
6,925,730
6,946,734
6,1016,744
6,994,731
6,1072,750
6,512,744
6,504,750
6,884,687
6,1062,764
6,1101,757
6,1103,766
6,1152,660
6,1159,666
6,1173,702
6,1168,710
6,1174,723
6,1177,668
6,1181,675
6,1182,622
6,1192,615
6,1199,621
6,775,740
6,30,839
6,241,749
6,191,721
6,201,724
6,340,691
6,1569,648
6,1566,660
6,1566,673
6,1529,750
6,1739,724
6,1729,739
6,1724,746
6,1494,696
6,1233,654
6,1240,661
6,1258,613
6,1288,384
6,1266,425
6,1278,424
6,147,380
6,71,404
6,1487,333
6,1485,341
6,1491,346
6,1497,355
6,1505,325
6,1508,333
6,1276,740
6,1257,754
6,1273,397
6,646,754
6,82,702
6,369,400
6,1373,734
6,1295,763
6,1303,769
6,1287,754
6,1245,438
6,1283,488
6,1316,497
6,1536,638
6,1392,620
6,895,351
6,850,456
6,1227,332
6,675,353
6,455,366
6,97,370
6,124,345
6,128,329
6,309,344
6,330,338
6,309,332
6,331,333
6,257,347
6,458,344
6,445,333
6,55,362
6,88,329
6,340,324
6,322,330
6,50,706
6,33,714
6,55,732
6,47,726
6,238,738
6,222,743
6,1318,338
6,1584,760
6,1566,767
6,1018,672
6,1314,597
6,1091,662
6,1779,819
6,1774,940
6,1762,1040
6,1785,1057
6,1761,896
6,1766,1006
6,1789,900
6,1785,907
6,1785,918
6,1672,287
6,1752,256
6,1189,659
6,1105,656
6,1741,770
6,1678,722
6,1732,760
6,1766,1018
6,1785,981
6,1776,1041
6,591,332
6,154,693
6,169,692
6,169,681
6,194,676
6,1509,606
6,1209,330
6,42,844
6,148,665
6,199,661
6,354,649
7,613,684
7,597,718
7,592,728
7,589,734
7,642,698
7,659,707
7,676,689
7,271,709
7,276,698
7,935,691
7,945,696
7,915,706
7,911,715
7,611,741
7,283,744
7,378,736
7,663,719
7,663,726
7,316,697
7,315,706
7,239,728
7,906,739
7,921,762
7,907,754
7,893,760
7,883,736
7,879,741
7,856,736
7,836,731
7,840,738
7,817,696
7,727,714
7,814,684
7,901,749
7,920,730
7,941,733
7,1022,741
7,987,732
7,1077,750
7,512,743
7,504,750
7,879,687
7,1062,764
7,1101,757
7,1103,766
7,1157,656
7,1164,663
7,1167,703
7,1161,710
7,1168,722
7,1173,670
7,1178,677
7,1182,622
7,1192,615
7,1199,621
7,782,739
7,30,846
7,16,860
7,246,750
7,192,721
7,201,724
7,346,691
7,1569,647
7,1567,660
7,1567,672
7,1540,750
7,1738,718
7,1725,732
7,1719,740
7,1486,696
7,1238,650
7,1246,658
7,1259,607
7,1290,392
7,1265,432
7,1277,431
7,154,375
7,76,403
7,1493,332
7,1492,340
7,1494,345
7,1502,354
7,1513,325
7,1515,333
7,1270,741
7,1249,756
7,1273,403
7,644,752
7,625,754
7,605,756
7,77,701
7,369,398
7,1369,735
7,1295,763
7,1303,769
7,1291,753
7,1243,433
7,1285,481
7,1318,504
7,1536,638
7,1400,616
7,902,351
7,850,455
7,670,354
7,461,363
7,89,366
7,127,343
7,131,328
7,307,343
7,330,338
7,309,332
7,331,333
7,253,347
7,458,344
7,445,333
7,53,365
7,88,329
7,340,324
7,322,330
7,50,706
7,33,714
7,55,731
7,47,726
7,233,739
7,214,742
7,1318,338
7,1590,761
7,1567,767
7,1019,672
7,1312,592
7,1091,662
7,1779,812
7,1774,945
7,1762,1033
7,1785,1057
7,1761,892
7,1768,1002
7,1789,900
7,1785,907
7,1785,918
7,1665,291
7,1753,264
7,1188,661
7,1105,656
7,1739,766
7,1682,724
7,1730,756
7,1767,1012
7,1785,981
7,1775,1045
7,594,333
7,155,693
7,169,691
7,169,681
7,194,676
7,1510,610
7,1209,330
7,43,849
7,148,665
7,199,661
8,621,684
8,603,719
8,598,729
8,595,734
8,636,698
8,653,705
8,668,689
8,264,708
8,270,698
8,574,720
8,930,691
8,939,696
8,910,707
8,904,715
8,618,739
8,290,743
8,386,736
8,657,718
8,656,725
8,310,696
8,307,706
8,236,729
8,912,739
8,927,763
8,912,752
8,899,760
8,889,735
8,885,741
8,861,736
8,842,730
8,846,737
8,817,695
8,720,714
8,814,684
8,895,750
8,915,729
8,936,731
8,1030,738
8,982,732
8,1083,749
8,511,742
8,504,750
8,875,688
8,1062,764
8,1100,757
8,1102,765
8,1161,653
8,1168,660
8,1161,703
8,1154,710
8,1162,721
8,1170,672
8,1175,679
8,1182,622
8,1192,615
8,1199,621
8,788,739
8,17,853
8,192,721
8,201,723
8,352,691
8,1569,647
8,1567,660
8,1567,672
8,1550,750
8,1738,712
8,1722,727
8,1715,733
8,1478,695
8,1242,645
8,1250,652
8,1260,600
8,1293,401
8,1264,439
8,1276,438
8,161,370
8,81,402
8,1500,331
8,1499,338
8,1499,345
8,1505,353
8,1520,326
8,1522,334
8,1263,742
8,1242,757
8,1274,410
8,643,750
8,626,752
8,609,756
8,71,699
8,370,394
8,1365,736
8,1295,763
8,1303,769
8,1296,752
8,1241,429
8,1287,473
8,1320,510
8,1536,638
8,1408,612
8,909,351
8,848,455
8,664,354
8,467,359
8,82,362
8,130,341
8,136,328
8,305,343
8,330,338
8,309,332
8,331,333
8,250,348
8,458,343
8,445,332
8,52,368
8,89,329
8,340,324
8,322,330
8,50,706
8,34,713
8,55,731
8,47,726
8,228,740
8,205,742
8,1319,338
8,1596,761
8,1567,767
8,1019,672
8,1310,587
8,1091,662
8,1773,947
8,1762,1027
8,1785,1057
8,1762,887
8,1769,997
8,1789,900
8,1785,907
8,1785,918
8,1658,295
8,1752,269
8,1187,664
8,1105,656
8,1736,762
8,1738,774
8,1686,726
8,1729,751
8,1769,1006
8,1785,981
8,1775,1049
8,596,334
8,156,692
8,169,691
8,169,680
8,195,676
8,1510,614
8,1209,330
8,43,854
8,148,665
8,199,661
9,630,684
9,609,720
9,605,729
9,602,735
9,629,697
9,647,702
9,660,689
9,257,706
9,264,698
9,582,721
9,925,690
9,933,697
9,905,708
9,896,715
9,625,738
9,296,743
9,394,735
9,651,718
9,649,724
9,304,694
9,300,705
9,232,731
9,917,740
9,932,761
9,917,751
9,905,759
9,895,735
9,890,741
9,866,734
9,848,728
9,852,736
9,817,695
9,713,713
9,814,684
9,890,751
9,911,728
9,931,728
9,1037,735
9,976,732
9,1089,749
9,511,742
9,504,750
9,870,689
9,1062,764
9,1100,757
9,1102,765
9,1166,650
9,1173,657
9,1155,703
9,1148,711
9,1156,721
9,1165,672
9,1171,679
9,1183,621
9,1193,614
9,1200,620
9,794,738
9,18,846
9,192,720
9,201,723
9,359,691
9,1569,646
9,1568,660
9,1568,671
9,1560,749
9,1737,705
9,1719,721
9,1712,727
9,1470,695
9,1246,639
9,1253,646
9,1261,593
9,1296,410
9,1263,446
9,1274,445
9,168,365
9,1506,330
9,1506,337
9,1503,344
9,1509,352
9,1527,326
9,1529,334
9,1256,743
9,1234,758
9,1275,416
9,641,748
9,627,751
9,613,757
9,65,698
9,63,775
9,370,389
9,1362,738
9,1295,763
9,1303,768
9,1300,751
9,1238,424
9,1290,466
9,1536,637
9,1415,608
9,916,351
9,846,455
9,659,354
9,474,356
9,74,357
9,133,338
9,141,328
9,303,342
9,330,338
9,309,332
9,331,333
9,246,348
9,458,343
9,446,332
9,50,371
9,89,329
9,340,324
9,322,330
9,50,706
9,34,713
9,55,731
9,47,726
9,223,741
9,197,742
9,1319,338
9,1602,762
9,1568,767
9,1019,672
9,1308,582
9,1091,662
9,1773,948
9,1763,1021
9,1785,1057
9,1762,883
9,1770,990
9,1789,900
9,1785,907
9,1785,918
9,1652,298
9,1752,274
9,1185,665
9,1105,656
9,1733,758
9,1734,771
9,1690,728
9,1727,746
9,1769,1000
9,1785,981
9,1758,961
9,1774,1052
9,1764,1071
9,599,335
9,156,692
9,170,690
9,169,680
9,195,676
9,1252,767
9,1511,618
9,1209,330
9,148,665
9,199,661
10,639,685
10,615,721
10,612,729
10,609,736
10,625,696
10,641,702
10,654,687
10,250,705
10,258,698
10,590,721
10,920,690
10,928,697
10,900,709
10,889,715
10,633,738
10,303,743
10,401,733
10,646,715
10,643,721
10,296,694
10,292,705
10,227,732
10,923,741
10,937,759
10,922,750
10,912,759
10,900,736
10,895,742
10,871,733
10,855,727
10,858,735
10,817,694
10,706,712
10,814,684
10,884,752
10,906,727
10,926,726
10,1044,733
10,971,732
10,1095,748
10,511,742
10,504,750
10,865,690
10,1062,764
10,1100,757
10,1102,765
10,1171,647
10,1178,654
10,1148,703
10,1142,711
10,1149,721
10,1161,672
10,1167,680
10,1183,621
10,1193,614
10,1200,620
10,801,738
10,20,839
10,21,857
10,192,720
10,201,722
10,365,691
10,319,751
10,1570,646
10,1568,659
10,1568,671
10,1570,749
10,1737,699
10,1715,715
10,1708,720
10,1462,694
10,1249,634
10,1256,639
10,1263,587
10,1299,419
10,1263,452
10,1273,452
10,176,360
10,1513,328
10,1512,335
10,1508,344
10,1512,351
10,1535,327
10,1536,335
10,1249,744
10,1226,759
10,1275,422
10,640,746
10,627,749
10,617,757
10,61,697
10,63,775
10,371,384
10,1358,739
10,1295,763
10,1303,768
10,1305,751
10,1236,419
10,1292,458
10,1536,637
10,1423,604
10,923,351
10,844,455
10,654,354
10,480,353
10,66,353
10,135,336
10,146,328
10,301,342
10,330,338
10,309,332
10,331,333
10,242,348
10,458,342
10,446,331
10,51,373
10,89,329
10,340,324
10,322,330
10,50,706
10,34,713
10,55,731
10,47,726
10,218,742
10,189,741
10,1319,338
10,1607,763
10,1568,767
10,1019,672
10,1306,577
10,1091,662
10,1772,949
10,1764,1015
10,1785,1057
10,1763,878
10,1771,982
10,1789,900
10,1785,907
10,1785,918
10,1645,302
10,1752,280
10,1180,664
10,1105,655
10,1729,754
10,1729,768
10,1693,730
10,1726,741
10,1769,995
10,1785,981
10,1759,967
10,1774,1056
10,1764,1067
10,601,337
10,157,692
10,170,690
10,169,680
10,195,676
10,1258,764
10,1511,622
10,1209,330
10,148,665
10,199,661
11,649,685
11,621,722
11,619,730
11,615,737
11,620,696
11,635,702
11,648,686
11,243,704
11,252,697
11,597,722
11,914,690
11,923,698
11,889,708
11,880,715
11,640,737
11,310,743
11,408,732
11,641,713
11,638,719
11,289,694
11,285,705
11,222,733
11,928,740
11,940,759
11,927,750
11,918,759
11,905,737
11,900,743
11,876,732
11,861,725
11,863,733
11,817,694
11,698,712
11,814,684
11,878,753
11,902,726
11,920,724
11,1051,731
11,965,731
11,1100,748
11,511,742
11,504,750
11,860,691
11,1062,764
11,1100,756
11,1102,765
11,1176,644
11,1183,650
11,1142,703
11,1137,711
11,1142,721
11,1157,672
11,1163,681
11,1183,621
11,1193,614
11,1200,620
11,807,737
11,21,832
11,22,850
11,192,720
11,201,722
11,370,690
11,329,747
11,1570,646
11,1568,659
11,1569,671
11,1579,749
11,1739,693
11,1711,708
11,1704,714
11,1454,693
11,1252,628
11,1258,633
11,1266,580
11,1302,429
11,1263,458
11,1272,459
11,183,356
11,1519,327
11,1520,334
11,1512,343
11,1517,350
11,1542,327
11,1543,335
11,1242,745
11,1218,759
11,1276,428
11,637,745
11,625,748
11,616,757
11,59,697
11,63,775
11,372,378
11,1355,740
11,1295,763
11,1304,768
11,1309,750
11,1234,415
11,1293,451
11,1536,636
11,931,351
11,842,455
11,648,354
11,486,349
11,58,349
11,137,335
11,151,328
11,299,341
11,330,338
11,309,332
11,331,333
11,238,348
11,459,342
11,446,331
11,53,375
11,90,329
11,340,324
11,322,330
11,50,706
11,34,712
11,55,731
11,47,726
11,214,744
11,180,740
11,1319,338
11,1613,763
11,1569,767
11,1019,672
11,1303,572
11,1091,662
11,1772,951
11,1765,1010
11,1785,1057
11,1764,872
11,1773,974
11,1789,900
11,1785,907
11,1785,918
11,1639,305
11,1751,285
11,1176,663
11,1105,655
11,1724,751
11,1725,765
11,1697,732
11,1725,737
11,1770,990
11,1785,981
11,1759,973
11,1764,1063
11,604,338
11,157,692
11,170,690
11,168,680
11,195,675
11,1265,760
11,1512,626
11,1209,330
11,148,665
11,199,661
12,659,685
12,627,724
12,626,730
12,622,738
12,616,696
12,628,702
12,641,685
12,237,704
12,245,696
12,605,722
12,909,690
12,919,699
12,878,707
12,872,715
12,648,737
12,316,743
12,415,730
12,636,710
12,633,717
12,282,693
12,277,704
12,217,734
12,933,739
12,944,758
12,932,749
12,924,759
12,910,738
12,906,744
12,881,732
12,867,724
12,869,732
12,817,693
12,690,712
12,814,684
12,873,754
12,897,724
12,914,723
12,1058,731
12,959,731
12,1106,747
12,511,741
12,504,750
12,856,692
12,1062,764
12,1100,756
12,1102,765
12,1181,641
12,1188,647
12,1135,702
12,1131,711
12,1136,722
12,1153,672
12,1159,681
12,1183,621
12,1193,614
12,1200,620
12,813,736
12,23,823
12,23,842
12,192,720
12,201,722
12,376,688
12,339,742
12,355,746
12,1570,645
12,1569,659
12,1569,670
12,1588,750
12,1740,687
12,1707,702
12,1700,708
12,1446,693
12,1253,622
12,1260,626
12,1270,573
12,1304,439
12,1263,464
12,1271,466
12,189,352
12,1527,327
12,1529,334
12,1517,341
12,1523,350
12,1549,328
12,1550,336
12,1234,746
12,1210,760
12,1276,435
12,634,744
12,622,748
12,615,757
12,57,696
12,63,775
12,373,373
12,1351,742
12,1295,763
12,1304,767
12,1313,749
12,1231,410
12,1294,444
12,1311,622
12,1320,631
12,1317,648
12,1536,636
12,938,351
12,840,455
12,643,354
12,492,346
12,51,345
12,137,335
12,156,327
12,297,341
12,330,338
12,309,332
12,331,333
12,234,348
12,459,341
12,446,330
12,55,377
12,90,329
12,340,324
12,322,330
12,50,706
12,34,712
12,55,732
12,47,725
12,210,746
12,171,739
12,1319,338
12,1619,763
12,1569,767
12,1020,672
12,1301,567
12,1091,662
12,1771,952
12,1766,1004
12,1785,1057
12,1764,867
12,1774,967
12,1789,900
12,1785,907
12,1785,918
12,1632,309
12,1751,290
12,1171,662
12,1105,655
12,1718,747
12,1721,762
12,1701,734
12,1725,732
12,1770,985
12,1785,981
12,1760,978
12,1764,1058
12,1774,809
12,609,338
12,157,692
12,170,690
12,168,680
12,195,675
12,1272,757
12,1512,630
12,1209,330
12,148,665
12,199,661
13,668,685
13,634,724
13,633,730
13,629,739
13,610,694
13,621,703
13,635,683
13,230,703
13,238,695
13,613,722
13,903,690
13,915,699
13,866,705
13,863,715
13,654,737
13,323,744
13,423,730
13,630,709
13,627,716
13,274,693
13,269,704
13,211,735
13,939,738
13,948,757
13,938,748
13,930,759
13,915,738
13,912,744
13,887,733
13,872,724
13,876,731
13,817,692
13,681,712
13,814,684
13,893,723
13,908,722
13,1064,731
13,953,730
13,1112,747
13,511,741
13,504,750
13,851,693
13,1062,764
13,1100,756
13,1102,765
13,1186,638
13,1193,644
13,1129,702
13,1126,711
13,1129,722
13,1149,674
13,1155,682
13,1184,621
13,1194,614
13,1201,620
13,820,736
13,26,815
13,25,835
13,193,720
13,201,722
13,381,687
13,348,738
13,364,745
13,1570,645
13,1569,659
13,1570,670
13,1597,751
13,1740,679
13,1704,699
13,1695,702
13,1438,692
13,1254,616
13,1262,620
13,1273,566
13,1306,449
13,1261,471
13,1270,473
13,196,348
13,111,399
13,1534,326
13,1537,334
13,1522,339
13,1529,349
13,1556,328
13,1557,336
13,1227,747
13,1202,760
13,1279,441
13,631,743
13,618,748
13,613,757
13,55,696
13,63,775
13,373,367
13,1348,743
13,1295,763
13,1304,767
13,1228,406
13,1294,437
13,1307,624
13,1536,636
13,945,351
13,838,455
13,637,354
13,499,343
13,39,343
13,138,335
13,161,327
13,295,340
13,330,338
13,309,332
13,331,333
13,230,348
13,459,341
13,446,330
13,58,379
13,90,329
13,340,324
13,322,330
13,50,706
13,34,712
13,55,732
13,47,725
13,206,748
13,163,738
13,1319,338
13,1625,763
13,1570,767
13,1020,672
13,1299,561
13,1091,662
13,1771,954
13,1767,998
13,1785,1057
13,1765,861
13,1774,964
13,1789,900
13,1785,907
13,1785,918
13,1626,312
13,1751,296
13,1166,660
13,1105,655
13,1712,744
13,1717,758
13,1703,734
13,1725,728
13,1770,979
13,1785,981
13,1760,984
13,1762,1051
13,1775,815
13,613,338
13,157,692
13,170,690
13,168,680
13,194,675
13,1278,754
13,1512,634
13,1209,330
13,148,665
13,199,661
14,678,687
14,641,724
14,640,730
14,637,739
14,604,693
14,612,703
14,628,681
14,224,703
14,231,694
14,620,721
14,898,690
14,911,700
14,857,705
14,854,715
14,661,737
14,330,745
14,431,730
14,622,710
14,620,717
14,267,693
14,262,704
14,204,737
14,944,738
14,953,756
14,944,748
14,936,759
14,920,738
14,918,744
14,892,733
14,876,725
14,883,731
14,817,692
14,673,712
14,814,684
14,888,721
14,902,720
14,1070,731
14,946,729
14,1118,747
14,511,741
14,504,750
14,846,693
14,1062,764
14,1100,756
14,1102,765
14,1190,635
14,1197,641
14,1122,702
14,1120,711
14,1122,722
14,1146,675
14,1151,683
14,1184,621
14,1194,614
14,1201,620
14,826,736
14,29,807
14,26,828
14,193,720
14,201,722
14,387,686
14,355,734
14,372,743
14,1571,645
14,1570,659
14,1571,670
14,1606,751
14,1741,673
14,1703,695
14,1692,696
14,1431,692
14,1255,610
14,1264,613
14,1276,560
14,1309,457
14,1260,478
14,1268,480
14,205,344
14,116,399
14,1542,325
14,1545,333
14,1527,338
14,1534,348
14,1563,328
14,1564,337
14,1220,748
14,1194,761
14,1281,448
14,628,742
14,615,747
14,611,756
14,53,695
14,63,775
14,374,362
14,1344,744
14,1295,763
14,1304,767
14,1226,401
14,1295,429
14,1301,626
14,1536,636
14,952,351
14,834,456
14,633,353
14,507,341
14,31,337
14,138,335
14,166,327
14,293,340
14,330,338
14,309,332
14,331,333
14,226,348
14,459,340
14,446,329
14,60,381
14,91,329
14,340,324
14,322,330
14,50,706
14,34,712
14,54,732
14,47,725
14,155,738
14,1320,338
14,1631,763
14,1570,767
14,1020,672
14,1297,556
14,1091,662
14,1615,775
14,1770,959
14,1767,992
14,1785,1057
14,1766,855
14,1775,960
14,1789,900
14,1785,907
14,1785,918
14,1620,315
14,1751,302
14,1162,659
14,1105,655
14,1706,741
14,1713,755
14,1706,734
14,1725,723
14,1771,974
14,1785,981
14,1761,989
14,1761,1045
14,1775,820
14,618,338
14,156,693
14,170,690
14,168,680
14,194,674
14,1285,751
14,1512,634
14,1209,330
14,148,665
14,199,661
15,687,689
15,649,724
15,648,730
15,645,739
15,598,693
15,605,703
15,621,681
15,218,703
15,224,694
15,628,721
15,893,690
15,907,701
15,849,706
15,846,716
15,668,736
15,337,746
15,439,730
15,615,711
15,614,718
15,259,693
15,255,704
15,198,738
15,949,738
15,958,755
15,949,748
15,942,759
15,926,739
15,923,744
15,898,734
15,881,727
15,890,730
15,817,692
15,665,712
15,814,684
15,881,720
15,896,720
15,1077,731
15,940,728
15,1124,747
15,511,741
15,504,750
15,845,696
15,1062,764
15,1100,756
15,1102,765
15,1193,632
15,1200,639
15,1116,702
15,1114,711
15,1117,723
15,1142,676
15,1146,684
15,1184,622
15,1194,614
15,1201,620
15,832,736
15,32,799
15,27,820
15,193,721
15,201,722
15,392,684
15,362,731
15,380,742
15,1570,645
15,1569,659
15,1570,670
15,1616,752
15,1741,667
15,1703,692
15,1689,690
15,1424,692
15,1256,604
15,1265,606
15,1276,554
15,1311,466
15,1258,485
15,1267,487
15,213,342
15,122,400
15,1550,324
15,1551,332
15,1532,338
15,1539,346
15,1570,328
15,1571,337
15,1213,751
15,1184,762
15,1284,455
15,625,741
15,612,747
15,610,756
15,51,695
15,63,775
15,377,358
15,1340,746
15,1295,763
15,1304,767
15,1223,396
15,1296,422
15,1296,628
15,1536,636
15,959,351
15,831,459
15,630,352
15,513,342
15,15,335
15,139,335
15,171,327
15,291,339
15,330,338
15,309,332
15,331,333
15,223,349
15,459,340
15,446,329
15,62,383
15,91,329
15,340,324
15,322,330
15,49,705
15,34,712
15,54,732
15,48,725
15,150,739
15,1320,338
15,1638,763
15,1571,767
15,1020,671
15,1295,551
15,1091,662
15,1609,775
15,1769,964
15,1768,985
15,1785,1057
15,1766,850
15,1775,957
15,1789,900
15,1785,907
15,1785,918
15,1613,318
15,1751,308
15,1158,657
15,1106,655
15,1700,739
15,1709,752
15,1708,735
15,1725,719
15,1771,969
15,1785,981
15,1761,995
15,1761,1039
15,1776,825
15,623,338
15,156,693
15,170,690
15,168,680
15,193,674
15,1292,748
15,1512,634
15,1209,330
15,148,665
15,199,661
16,697,692
16,656,724
16,655,729
16,652,740
16,592,694
16,598,703
16,613,681
16,210,704
16,216,695
16,636,720
16,888,690
16,903,702
16,841,707
16,838,717
16,675,736
16,344,748
16,447,730
16,608,712
16,607,719
16,252,697
16,248,706
16,194,739
16,955,738
16,963,753
16,955,748
16,947,760
16,931,740
16,928,745
16,903,735
16,885,728
16,896,730
16,817,692
16,657,712
16,814,684
16,873,719
16,890,719
16,1083,731
16,934,727
16,1130,747
16,511,741
16,504,750
16,845,699
16,1062,764
16,1100,756
16,1102,765
16,1196,630
16,1202,638
16,1109,703
16,1108,712
16,1111,724
16,1138,677
16,1142,685
16,1184,623
16,1194,614
16,1201,620
16,838,737
16,34,790
16,29,813
16,193,721
16,201,723
16,657,755
16,398,684
16,371,729
16,386,742
16,1570,645
16,1569,659
16,1570,670
16,1625,752
16,1741,660
16,1703,693
16,1689,688
16,1416,692
16,1257,598
16,1267,600
16,1276,548
16,1313,475
16,1258,493
16,1266,495
16,222,342
16,128,401
16,1558,324
16,1557,332
16,1538,338
16,1544,345
16,1577,329
16,1578,338
16,1206,754
16,1174,762
16,1287,462
16,622,740
16,609,747
16,608,756
16,50,694
16,63,775
16,380,354
16,1337,747
16,1295,763
16,1305,767
16,1220,392
16,1296,415
16,1290,630
16,1536,636
16,966,351
16,827,461
16,626,351
16,518,345
16,140,335
16,176,327
16,289,339
16,330,338
16,309,332
16,331,333
16,219,349
16,459,340
16,446,329
16,64,385
16,91,329
16,340,324
16,322,330
16,49,705
16,34,712
16,54,733
16,48,725
16,145,740
16,1320,338
16,1644,763
16,1571,767
16,1020,671
16,1293,546
16,1091,662
16,1603,775
16,1769,970
16,1768,979
16,1785,1057
16,1767,844
16,1775,954
16,1762,904
16,1789,900
16,1785,907
16,1785,918
16,1605,319
16,1751,314
16,1156,654
16,1106,655
16,1694,737
16,1703,750
16,1711,735
16,1725,714
16,1771,964
16,1785,981
16,1762,1000
16,1762,1033
16,1777,832
16,628,338
16,155,693
16,169,691
16,168,681
16,193,673
16,1298,746
16,1512,634
16,1209,330
16,148,665
16,199,661
17,706,694
17,664,724
17,663,729
17,660,740
17,587,695
17,592,704
17,604,682
17,203,706
17,208,696
17,645,719
17,884,691
17,899,703
17,833,708
17,829,718
17,682,736
17,350,749
17,455,730
17,600,713
17,600,720
17,245,700
17,242,708
17,192,740
17,960,737
17,969,753
17,960,748
17,953,760
17,937,740
17,933,746
17,908,736
17,892,728
17,902,730
17,817,692
17,649,712
17,814,684
17,866,718
17,885,719
17,1090,731
17,928,726
17,1136,747
17,511,740
17,504,750
17,845,702
17,1062,764
17,1100,756
17,1102,765
17,1199,627
17,1205,636
17,1103,704
17,1102,713
17,1106,726
17,1134,679
17,1138,686
17,1184,624
17,1194,614
17,1201,620
17,843,737
17,38,784
17,30,806
17,193,722
17,201,723
17,664,755
17,404,683
17,379,727
17,393,742
17,1570,645
17,1569,659
17,1570,670
17,1634,752
17,1742,657
17,1703,694
17,1689,687
17,1409,692
17,1260,592
17,1270,594
17,1277,541
17,1313,487
17,1258,501
17,1265,503
17,230,342
17,133,402
17,1565,325
17,1563,332
17,1542,338
17,1548,345
17,1584,329
17,1585,339
17,1202,757
17,1166,765
17,1290,468
17,619,740
17,606,747
17,607,756
17,48,694
17,63,775
17,383,351
17,1333,748
17,1295,763
17,1305,767
17,1217,388
17,1297,407
17,1285,633
17,1536,636
17,972,351
17,824,463
17,623,350
17,523,348
17,140,335
17,175,327
17,286,338
17,330,338
17,309,332
17,331,333
17,215,349
17,459,340
17,446,329
17,68,385
17,91,329
17,340,324
17,322,330
17,49,705
17,34,712
17,54,733
17,48,725
17,139,741
17,1320,338
17,1650,763
17,1572,767
17,1020,671
17,1292,542
17,1091,662
17,1598,775
17,1768,975
17,1769,974
17,1785,1057
17,1768,839
17,1776,949
17,1766,904
17,1789,900
17,1785,907
17,1785,918
17,1596,321
17,1747,321
17,1153,650
17,1106,655
17,1688,735
17,1697,748
17,1714,737
17,1724,710
17,1771,958
17,1785,981
17,1762,1006
17,1764,1029
17,1778,839
17,633,338
17,155,693
17,169,691
17,168,681
17,192,673
17,1304,744
17,1511,634
17,1209,330
17,148,665
17,199,661
18,715,696
18,670,724
18,669,729
18,668,741
18,581,695
18,586,705
18,595,683
18,195,708
18,201,697
18,654,717
18,879,693
18,894,704
18,825,708
18,821,718
18,689,736
18,357,750
18,463,730
18,593,715
18,594,722
18,237,703
18,236,710
18,187,741
18,966,737
18,975,753
18,966,748
18,959,761
18,942,740
18,939,747
18,914,738
18,898,728
18,908,730
18,817,692
18,641,713
18,814,684
18,860,721
18,880,720
18,1097,731
18,924,724
18,1142,748
18,511,740
18,504,750
18,845,705
18,1062,764
18,1100,756
18,1102,765
18,1202,625
18,1207,634
18,1096,705
18,1096,714
18,1100,727
18,1130,680
18,1133,687
18,1184,624
18,1194,614
18,1201,620
18,849,738
18,41,778
18,33,798
18,193,722
18,201,723
18,671,755
18,410,683
18,388,725
18,400,741
18,1570,646
18,1569,659
18,1570,670
18,1644,753
18,1744,654
18,1702,696
18,1689,686
18,1402,691
18,1263,586
18,1272,589
18,1278,535
18,1316,496
18,1256,511
18,1264,512
18,238,343
18,139,403
18,1573,327
18,1569,333
18,1546,338
18,1552,345
18,1591,329
18,1592,339
18,1197,761
18,1293,475
18,613,738
18,602,746
18,603,755
18,47,693
18,63,775
18,385,347
18,1330,750
18,1295,763
18,1305,767
18,1213,385
18,1297,400
18,1279,635
18,1536,636
18,979,351
18,820,465
18,620,349
18,528,351
18,141,335
18,173,328
18,284,337
18,330,338
18,309,332
18,331,333
18,211,349
18,459,340
18,446,329
18,73,384
18,91,328
18,340,324
18,322,330
18,48,705
18,33,712
18,54,733
18,48,725
18,134,742
18,1320,338
18,1656,763
18,1573,767
18,1021,671
18,1290,537
18,1091,662
18,1592,775
18,1767,980
18,1770,970
18,1785,1057
18,1769,833
18,1776,944
18,1770,905
18,1789,900
18,1785,907
18,1785,918
18,1588,322
18,1742,329
18,1152,650
18,1106,655
18,1682,732
18,1691,747
18,1718,741
18,1723,705
18,1771,953
18,1785,981
18,1762,1010
18,1767,1025
18,1779,846
18,636,338
18,155,694
18,169,691
18,168,681
18,192,673
18,1310,742
18,1511,635
18,1209,330
18,148,665
18,199,661
19,724,698
19,677,724
19,676,730
19,675,741
19,576,695
19,580,706
19,587,684
19,188,710
19,193,699
19,664,716
19,874,694
19,889,705
19,816,709
19,813,718
19,696,736
19,363,752
19,471,730
19,586,716
19,587,723
19,230,703
19,229,710
19,181,743
19,971,737
19,981,753
19,972,748
19,965,761
19,947,739
19,945,747
19,919,739
19,904,728
19,914,730
19,817,693
19,633,713
19,814,684
19,854,724
19,876,721
19,1103,731
19,920,721
19,1148,748
19,511,740
19,504,750
19,844,707
19,1062,764
19,1100,756
19,1102,765
19,1205,622
19,1210,633
19,1090,706
19,1090,715
19,1095,728
19,1126,682
19,1130,689
19,1184,625
19,1194,614
19,1201,620
19,855,738
19,45,773
19,35,791
19,193,723
19,201,724
19,677,754
19,416,682
19,397,723
19,406,741
19,1570,646
19,1569,659
19,1570,670
19,1654,754
19,1746,651
19,1701,700
19,1689,687
19,1395,691
19,1266,580
19,1275,583
19,1278,529
19,1321,503
19,1253,521
19,1263,523
19,247,343
19,144,404
19,1580,328
19,1575,335
19,1549,338
19,1555,344
19,1598,329
19,1599,340
19,1191,765
19,1296,482
19,607,737
19,598,745
19,599,754
19,47,693
19,63,775
19,386,342
19,1326,751
19,1295,763
19,1305,767
19,1209,382
19,1297,393
19,1273,637
19,1536,636
19,985,351
19,817,467
19,616,348
19,533,354
19,141,335
19,171,328
19,282,337
19,330,338
19,309,332
19,331,333
19,207,349
19,459,340
19,446,329
19,78,383
19,91,328
19,340,324
19,322,330
19,48,705
19,33,712
19,54,734
19,48,724
19,1320,338
19,1662,763
19,1573,767
19,1021,671
19,1288,533
19,1091,662
19,1586,775
19,1767,986
19,1771,965
19,1785,1057
19,1769,827
19,1776,940
19,1774,905
19,1789,900
19,1785,907
19,1785,918
19,1580,324
19,1738,336
19,1152,650
19,1106,655
19,1676,730
19,1685,745
19,1723,745
19,1722,700
19,1771,948
19,1785,981
19,1762,1014
19,1770,1022
19,1779,853
19,1758,852
19,639,338
19,154,694
19,169,691
19,168,681
19,191,672
19,1511,635
19,1209,330
19,148,665
19,199,661
20,733,699
20,684,724
20,683,731
20,682,742
20,572,695
20,573,706
20,579,684
20,181,710
20,187,700
20,671,712
20,869,696
20,884,706
20,808,709
20,805,718
20,703,736
20,367,752
20,478,730
20,579,716
20,580,723
20,224,702
20,221,710
20,176,746
20,976,737
20,987,753
20,977,748
20,971,761
20,952,738
20,951,747
20,925,741
20,910,728
20,919,730
20,817,693
20,624,713
20,814,684
20,848,727
20,872,723
20,1110,730
20,916,719
20,1154,748
20,511,740
20,504,750
20,840,709
20,1062,764
20,1100,756
20,1102,765
20,1208,619
20,1212,631
20,1083,707
20,1083,716
20,1089,729
20,1123,684
20,1127,691
20,1185,626
20,1194,614
20,1201,620
20,861,739
20,48,767
20,37,783
20,193,723
20,201,724
20,683,754
20,422,682
20,405,721
20,413,741
20,1569,646
20,1568,660
20,1570,670
20,1664,754
20,1748,650
20,1704,708
20,1690,690
20,1389,691
20,1269,574
20,1278,578
20,1279,522
20,1324,513
20,1251,529
20,1264,528
20,255,344
20,150,404
20,1587,329
20,1583,337
20,1553,338
20,1559,343
20,1605,330
20,1606,340
20,1184,768
20,1298,488
20,601,735
20,595,744
20,595,753
20,47,693
20,63,775
20,386,337
20,1322,752
20,1295,763
20,1305,767
20,1205,379
20,1297,386
20,1268,639
20,1536,636
20,991,351
20,814,469
20,613,347
20,538,357
20,142,335
20,170,329
20,279,336
20,330,338
20,309,332
20,331,333
20,203,349
20,458,340
20,446,330
20,83,382
20,90,328
20,340,324
20,322,330
20,48,704
20,33,712
20,54,733
20,48,724
20,1268,335
20,1259,335
20,1321,338
20,1667,763
20,1574,767
20,1021,671
20,1287,528
20,1091,662
20,1580,775
20,1768,1005
20,1772,961
20,1785,1057
20,1770,821
20,1776,935
20,1779,906
20,1789,900
20,1785,907
20,1785,918
20,1574,325
20,1152,650
20,1106,655
20,1670,728
20,1678,743
20,1727,749
20,1721,695
20,1770,943
20,1785,981
20,1761,1018
20,1773,1018
20,1775,858
20,1762,851
20,641,338
20,154,694
20,169,691
20,168,681
20,191,672
20,1511,635
20,1209,330
20,148,665
20,199,661
21,743,700
21,690,724
21,689,732
21,689,742
21,567,696
21,566,706
21,571,684
21,174,710
21,180,701
21,679,707
21,862,696
21,878,706
21,801,709
21,797,718
21,710,736
21,372,753
21,485,729
21,572,716
21,572,723
21,217,701
21,214,710
21,982,737
21,993,753
21,983,747
21,977,761
21,957,737
21,957,746
21,930,741
21,917,725
21,926,729
21,817,693
21,615,713
21,814,684
21,842,729
21,867,724
21,1116,728
21,911,718
21,1160,749
21,511,740
21,504,750
21,837,711
21,1062,764
21,1100,756
21,1102,765
21,1213,616
21,1215,629
21,1077,708
21,1077,717
21,1083,729
21,1120,686
21,1125,694
21,1185,626
21,1194,614
21,1201,620
21,867,739
21,52,761
21,40,776
21,193,723
21,201,724
21,690,754
21,428,681
21,414,719
21,419,740
21,1569,647
21,1568,660
21,1569,671
21,1673,755
21,1707,716
21,1692,694
21,1271,568
21,1281,572
21,1280,516
21,1250,536
21,1263,535
21,262,347
21,156,405
21,725,1026
21,1594,330
21,1590,339
21,1557,337
21,1563,342
21,1612,330
21,1613,341
21,1299,495
21,596,734
21,591,744
21,591,753
21,47,693
21,63,775
21,1319,756
21,1295,763
21,1305,767
21,1201,376
21,1297,378
21,1265,641
21,1536,636
21,997,352
21,810,470
21,610,347
21,543,360
21,142,335
21,168,329
21,277,335
21,330,338
21,309,332
21,331,333
21,199,349
21,458,340
21,446,330
21,88,381
21,90,328
21,340,324
21,322,330
21,47,704
21,32,712
21,55,732
21,48,724
21,133,741
21,1267,341
21,1258,341
21,1321,338
21,1672,763
21,1574,767
21,1021,671
21,1285,524
21,1091,662
21,1575,775
21,1769,1010
21,1772,956
21,1785,1057
21,1770,815
21,1772,929
21,1779,906
21,1789,900
21,1785,907
21,1785,918
21,1568,326
21,1151,650
21,1106,655
21,1662,725
21,1672,742
21,1732,753
21,1720,690
21,1770,938
21,1785,981
21,1761,1022
21,1773,1013
21,1772,863
21,1765,850
21,644,338
21,153,694
21,168,692
21,167,682
21,190,672
21,1510,635
21,1209,330
21,148,665
21,199,661
22,753,701
22,697,724
22,696,732
22,696,742
22,562,696
22,558,706
22,563,684
22,167,711
22,173,702
22,687,704
22,855,697
22,873,707
22,794,708
22,790,718
22,716,736
22,376,753
22,492,728
22,565,717
22,565,723
22,210,701
22,206,710
22,987,736
22,999,753
22,989,747
22,982,760
22,961,737
22,963,746
22,934,740
22,925,723
22,933,728
22,817,693
22,607,713
22,814,684
22,836,729
22,861,725
22,1123,726
22,905,719
22,1166,749
22,511,740
22,504,750
22,834,713
22,1062,764
22,1100,756
22,1102,765
22,1214,611
22,1217,625
22,1071,708
22,1071,717
22,1075,728
22,1116,687
22,1121,695
22,1185,626
22,1194,614
22,1201,620
22,874,740
22,58,754
22,43,769
22,192,723
22,200,724
22,696,753
22,434,681
22,421,717
22,426,740
22,1569,647
22,1568,660
22,1569,671
22,1683,756
22,1709,722
22,1694,697
22,1274,562
22,1283,567
22,1280,510
22,1248,543
22,1261,541
22,270,349
22,161,406
22,728,1021
22,1599,327
22,1597,337
22,1560,337
22,1568,341
22,1619,330
22,1620,342
22,1301,501
22,590,733
22,587,743
22,587,752
22,47,693
22,63,775
22,1317,764
22,1295,763
22,1305,767
22,1197,373
22,1297,371
22,1261,642
22,1536,636
22,1004,352
22,807,471
22,610,344
22,548,362
22,143,335
22,166,330
22,275,335
22,330,338
22,309,332
22,331,333
22,194,349
22,458,340
22,446,330
22,93,380
22,89,327
22,340,324
22,322,330
22,47,704
22,32,712
22,55,732
22,48,724
22,140,736
22,1266,347
22,1258,347
22,1321,338
22,1677,764
22,1575,767
22,1021,671
22,1284,519
22,1091,662
22,1697,610
22,1569,775
22,1769,1008
22,1773,952
22,1785,1057
22,1770,809
22,1769,922
22,1779,906
22,1789,900
22,1785,907
22,1785,918
22,1561,327
22,1151,650
22,1106,655
22,1655,723
22,1666,740
22,1733,755
22,1719,685
22,1770,931
22,1785,981
22,1761,1026
22,1774,1008
22,1769,868
22,1766,848
22,647,338
22,153,694
22,167,692
22,166,682
22,190,672
22,1510,635
22,1209,330
22,148,665
22,199,661
23,763,701
23,704,724
23,702,733
23,703,742
23,558,696
23,551,706
23,555,684
23,159,711
23,166,702
23,695,702
23,851,699
23,869,709
23,785,708
23,781,718
23,723,736
23,381,753
23,499,728
23,558,717
23,558,723
23,203,701
23,201,710
23,992,736
23,1005,753
23,994,746
23,987,759
23,966,737
23,968,746
23,939,739
23,932,720
23,940,727
23,817,694
23,599,712
23,814,684
23,830,729
23,855,727
23,1129,724
23,898,721
23,1172,749
23,511,740
23,504,750
23,830,715
23,1062,764
23,1100,756
23,1102,765
23,1215,607
23,1220,621
23,1065,708
23,1065,717
23,1068,727
23,1113,688
23,1117,697
23,1185,626
23,1194,614
23,1201,620
23,880,740
23,64,748
23,47,763
23,192,723
23,200,724
23,703,753
23,440,681
23,429,715
23,433,740
23,1569,647
23,1568,660
23,1569,671
23,1692,757
23,1712,728
23,1696,700
23,1277,556
23,1286,561
23,1283,504
23,1247,551
23,1261,548
23,278,351
23,167,407
23,728,1012
23,1604,323
23,1603,334
23,1563,336
23,1573,340
23,1626,330
23,1627,342
23,1303,508
23,584,731
23,584,742
23,583,751
23,47,693
23,63,775
23,1317,768
23,1295,763
23,1305,767
23,1193,370
23,1297,364
23,1258,644
23,1536,636
23,1010,352
23,804,473
23,611,342
23,553,365
23,143,335
23,164,331
23,272,334
23,330,338
23,309,332
23,331,333
23,188,349
23,458,340
23,446,330
23,98,380
23,89,327
23,340,324
23,322,330
23,47,704
23,32,712
23,56,731
23,48,724
23,148,735
23,137,743
23,149,742
23,1266,354
23,1257,353
23,1321,338
23,1681,764
23,1575,767
23,1022,671
23,1282,514
23,1091,662
23,1697,614
23,1563,775
23,1767,1012
23,1774,946
23,1785,1057
23,1768,916
23,1779,906
23,1789,900
23,1785,907
23,1785,918
23,1553,327
23,1151,650
23,1106,655
23,1648,720
23,1659,738
23,1735,757
23,1718,681
23,1771,925
23,1785,981
23,1761,1032
23,1774,1002
23,1766,874
23,1766,844
23,649,337
23,152,693
23,166,692
23,166,682
23,189,672
23,1510,636
23,1689,603
23,1209,330
23,148,665
23,199,661
24,772,701
24,711,724
24,709,733
24,710,742
24,552,697
24,544,705
24,547,684
24,152,711
24,159,703
24,703,701
24,847,701
24,865,710
24,776,708
24,771,718
24,730,736
24,386,751
24,505,730
24,551,718
24,551,723
24,195,702
24,196,711
24,998,736
24,1010,753
24,999,746
24,992,758
24,971,737
24,974,746
24,943,738
24,939,717
24,947,725
24,817,694
24,590,711
24,814,684
24,823,729
24,849,728
24,1136,722
24,891,722
24,1179,749
24,511,740
24,504,750
24,827,717
24,1062,764
24,1100,756
24,1102,765
24,1217,602
24,1222,617
24,1059,708
24,1058,716
24,1061,726
24,1110,689
24,1113,699
24,1185,626
24,1194,614
24,1201,620
24,887,741
24,69,741
24,50,756
24,192,722
24,200,724
24,710,753
24,446,681
24,436,713
24,439,739
24,1569,647
24,1568,660
24,1569,671
24,1701,758
24,1714,734
24,1697,704
24,1280,551
24,1288,555
24,1287,498
24,1246,557
24,1258,557
24,286,353
24,172,408
24,728,1004
24,1610,328
24,1566,334
24,1577,338
24,1632,330
24,1634,342
24,1306,514
24,579,730
24,580,742
24,579,751
24,48,692
24,63,775
24,1295,763
24,1305,767
24,1189,367
24,1297,357
24,1254,646
24,1536,636
24,1016,352
24,801,474
24,612,340
24,559,364
24,144,335
24,162,331
24,270,333
24,330,338
24,309,332
24,331,333
24,181,349
24,457,340
24,446,331
24,103,379
24,88,327
24,340,324
24,322,330
24,46,704
24,31,712
24,56,731
24,48,724
24,156,734
24,144,741
24,152,742
24,1265,360
24,1257,359
24,1321,338
24,1686,765
24,1576,767
24,1022,671
24,1280,510
24,1091,662
24,1697,618
24,1557,775
24,1766,1018
24,1774,938
24,1785,1057
24,1767,910
24,1779,906
24,1789,900
24,1785,907
24,1785,918
24,849,756
24,1544,328
24,1151,650
24,1106,655
24,1641,718
24,1653,735
24,1739,760
24,1718,676
24,1772,918
24,1785,981
24,1761,1038
24,1772,997
24,1766,880
24,1766,841
24,652,337
24,608,758
24,151,693
24,165,692
24,165,682
24,189,672
24,1510,636
24,1689,607
24,1209,330
24,148,665
24,199,661
24,1389,608
25,781,701
25,719,725
25,716,733
25,717,741
25,545,697
25,538,705
25,539,685
25,144,711
25,152,703
25,711,699
25,842,702
25,860,711
25,768,709
25,762,717
25,736,736
25,391,750
25,512,733
25,542,717
25,543,722
25,188,702
25,190,711
25,1003,736
25,1015,752
25,1002,746
25,997,757
25,975,736
25,980,746
25,948,737
25,947,717
25,955,725
25,817,694
25,582,710
25,814,684
25,818,731
25,842,729
25,1142,720
25,886,723
25,1185,749
25,511,741
25,504,750
25,822,717
25,1062,764
25,1100,756
25,1102,765
25,1218,597
25,1225,612
25,1054,708
25,1053,716
25,1054,726
25,1106,691
25,1109,700
25,1185,626
25,1194,614
25,1201,620
25,894,741
25,72,734
25,54,750
25,192,722
25,199,724
25,717,753
25,452,681
25,444,711
25,446,739
25,1569,648
25,1568,660
25,1569,671
25,1710,760
25,1716,739
25,1700,708
25,1282,546
25,1290,550
25,1290,491
25,1245,563
25,1255,566
25,294,355
25,177,409
25,727,995
25,1615,321
25,1569,333
25,1579,337
25,1638,328
25,1641,340
25,1310,519
25,574,729
25,577,740
25,575,749
25,48,692
25,63,775
25,1295,763
25,1305,767
25,1185,364
25,1297,350
25,1251,647
25,1536,636
25,1022,353
25,797,475
25,613,338
25,566,363
25,144,335
25,161,331
25,267,332
25,330,338
25,309,332
25,331,333
25,175,349
25,457,340
25,446,331
25,108,378
25,88,327
25,340,324
25,322,330
25,46,703
25,31,712
25,56,730
25,49,723
25,165,733
25,151,739
25,154,743
25,1265,367
25,1257,365
25,1253,329
25,1321,338
25,1318,392
25,1690,766
25,1576,767
25,1022,671
25,1279,505
25,1091,662
25,1697,622
25,1743,608
25,1551,774
25,1766,1024
25,1774,930
25,1785,1057
25,1772,901
25,1779,906
25,1767,859
25,1789,900
25,1785,907
25,1785,918
25,846,750
25,1536,329
25,1150,650
25,1106,655
25,1634,715
25,1646,732
25,1717,671
25,1773,913
25,1785,981
25,1762,1045
25,1772,993
25,1765,885
25,1766,839
25,655,337
25,615,756
25,151,693
25,164,692
25,164,682
25,189,673
25,1509,636
25,1688,612
25,1209,330
25,148,665
25,199,661
25,1394,612
26,790,701
26,727,725
26,723,733
26,724,741
26,539,697
26,531,705
26,531,686
26,137,710
26,145,702
26,721,697
26,837,703
26,855,712
26,759,709
26,753,716
26,743,736
26,396,748
26,518,735
26,534,716
26,535,722
26,181,702
26,183,712
26,1008,736
26,1021,752
26,1004,748
26,1003,757
26,979,735
26,986,745
26,953,737
26,954,717
26,962,725
26,817,694
26,574,710
26,814,684
26,813,734
26,835,731
26,1148,719
26,880,723
26,1191,749
26,511,741
26,504,750
26,817,717
26,1062,764
26,1100,756
26,1102,765
26,1222,594
26,1227,608
26,1048,708
26,1047,715
26,1048,725
26,1103,692
26,1105,702
26,1185,626
26,1194,614
26,1201,620
26,900,741
26,75,728
26,58,744
26,191,721
26,199,724
26,724,753
26,458,681
26,451,709
26,453,739
26,1568,648
26,1567,661
26,1569,671
26,1718,762
26,1719,743
26,1703,714
26,1284,541
26,1292,544
26,1293,485
26,1244,570
26,1253,576
26,301,358
26,727,987
26,1574,333
26,1582,335
26,1643,326
26,1648,338
26,1314,524
26,569,728
26,573,739
26,570,747
26,48,692
26,63,775
26,1295,763
26,1305,767
26,1374,737
26,1181,360
26,1297,343
26,1246,649
26,1536,636
26,1028,353
26,794,476
26,614,336
26,572,362
26,145,335
26,161,331
26,265,332
26,330,338
26,309,332
26,331,333
26,168,349
26,457,340
26,446,331
26,113,377
26,87,327
26,340,324
26,322,330
26,46,703
26,31,712
26,56,728
26,50,721
26,173,732
26,157,736
26,156,744
26,1264,373
26,1256,371
26,1250,337
26,1322,338
26,1695,766
26,1577,767
26,1022,671
26,1277,501
26,1091,662
26,1697,626
26,1743,614
26,1544,772
26,1766,1029
26,1774,923
26,1785,1057
26,1774,895
26,1779,906
26,1772,869
26,1789,900
26,1785,907
26,1785,918
26,843,744
26,1527,329
26,1150,650
26,1106,655
26,1627,711
26,1639,728
26,1716,666
26,1773,911
26,1785,981
26,1763,1052
26,1772,989
26,1764,892
26,1766,838
26,657,337
26,623,755
26,150,692
26,163,692
26,163,682
26,188,673
26,1509,636
26,1688,616
26,1209,330
26,148,665
26,199,661
26,1399,617
27,799,701
27,734,725
27,729,733
27,730,741
27,533,697
27,524,704
27,523,687
27,131,708
27,139,699
27,731,696
27,835,705
27,851,713
27,751,707
27,745,715
27,749,736
27,402,746
27,525,738
27,526,715
27,527,722
27,174,702
27,175,712
27,1013,736
27,1027,751
27,1006,749
27,1009,757
27,983,734
27,992,745
27,958,738
27,962,717
27,970,724
27,817,695
27,565,710
27,814,684
27,807,736
27,828,732
27,1154,717
27,874,723
27,1198,749
27,511,741
27,504,750
27,812,717
27,1062,764
27,1100,756
27,1102,765
27,1223,590
27,1228,603
27,1043,709
27,1041,714
27,1041,724
27,1099,693
27,1101,703
27,1185,626
27,1194,614
27,1201,620
27,906,741
27,78,722
27,61,737
27,191,721
27,199,724
27,731,753
27,464,680
27,459,707
27,459,738
27,1568,648
27,1567,661
27,1569,672
27,1721,747
27,1706,720
27,1285,534
27,1294,537
27,1294,477
27,1242,577
27,1252,581
27,309,360
27,726,978
27,1578,331
27,1585,334
27,1649,325
27,1655,336
27,1318,530
27,565,727
27,569,737
27,566,745
27,48,692
27,63,775
27,74,762
27,1295,763
27,1305,767
27,1378,737
27,1177,357
27,1297,336
27,1242,651
27,1536,636
27,1035,353
27,791,478
27,619,334
27,579,361
27,145,335
27,160,331
27,263,331
27,330,338
27,309,332
27,331,333
27,162,349
27,457,340
27,446,331
27,118,376
27,86,326
27,340,324
27,322,330
27,45,703
27,30,712
27,56,727
27,51,720
27,181,731
27,164,734
27,159,744
27,123,742
27,133,748
27,1264,379
27,1256,377
27,1248,345
27,1317,339
27,1700,767
27,1577,767
27,1022,671
27,1276,496
27,1091,662
27,1696,630
27,1744,621
27,1538,771
27,1766,1035
27,1774,915
27,1785,1057
27,1775,889
27,1779,906
27,1775,880
27,1789,900
27,1785,907
27,1785,918
27,840,738
27,1519,330
27,1150,650
27,1106,655
27,1620,708
27,1633,725
27,1715,661
27,1773,909
27,1785,981
27,1773,985
27,1764,899
27,1766,837
27,657,337
27,630,754
27,149,692
27,162,692
27,162,682
27,188,673
27,1509,636
27,1687,620
27,1209,330
27,148,665
27,199,661
27,1403,621
28,808,701
28,741,726
28,737,734
28,738,741
28,528,697
28,519,704
28,517,687
28,124,706
28,133,696
28,834,706
28,848,713
28,742,704
28,737,714
28,756,736
28,408,745
28,532,740
28,518,715
28,520,722
28,167,701
28,168,712
28,1019,736
28,1033,750
28,1008,750
28,1014,756
28,998,744
28,963,739
28,969,717
28,977,724
28,817,695
28,557,710
28,814,684
28,801,737
28,822,734
28,1161,716
28,867,724
28,1204,749
28,511,742
28,504,750
28,806,717
28,1062,764
28,1100,756
28,1102,765
28,1222,585
28,1230,597
28,1036,709
28,1035,711
28,1036,724
28,1096,694
28,1097,704
28,1185,626
28,1194,614
28,1201,620
28,913,741
28,81,715
28,65,731
28,191,720
28,198,724
28,738,753
28,471,679
28,466,705
28,465,737
28,1568,649
28,1567,661
28,1569,672
28,1724,751
28,1709,727
28,1286,528
28,1296,530
28,1298,472
28,1242,582
28,1249,588
28,317,360
28,724,970
28,1582,330
28,1589,332
28,1654,323
28,1662,334
28,1322,535
28,560,726
28,565,736
28,561,743
28,48,692
28,63,775
28,76,760
28,1295,763
28,1305,767
28,1383,738
28,1173,355
28,1238,653
28,1536,636
28,1041,353
28,788,479
28,623,333
28,586,359
28,146,335
28,159,330
28,260,330
28,330,338
28,309,332
28,331,333
28,155,349
28,456,340
28,446,332
28,123,375
28,86,326
28,340,324
28,322,330
28,45,703
28,30,712
28,56,726
28,52,719
28,189,731
28,171,733
28,161,745
28,131,737
28,139,744
28,1263,386
28,1256,383
28,1246,353
28,1313,340
28,1387,354
28,1704,767
28,1578,767
28,1022,671
28,1275,492
28,1091,662
28,1694,633
28,1745,627
28,1531,769
28,1765,1040
28,1774,907
28,1785,1057
28,1778,883
28,1779,906
28,1775,893
28,1789,900
28,1785,907
28,1785,918
28,835,732
28,1510,331
28,1149,650
28,1106,655
28,1613,706
28,1626,722
28,1714,656
28,1774,907
28,1785,981
28,1773,979
28,1764,906
28,1766,836
28,643,337
28,638,752
28,149,691
28,161,692
28,162,682
28,187,673
28,1509,637
28,1684,624
28,1209,330
28,148,665
28,199,661
28,1408,626
29,818,701
29,747,727
29,744,735
29,745,743
29,523,697
29,513,704
29,510,687
29,117,703
29,127,694
29,833,708
29,844,713
29,734,702
29,728,712
29,763,736
29,414,743
29,540,743
29,511,717
29,512,720
29,160,701
29,160,713
29,1024,736
29,1039,749
29,1010,751
29,1020,755
29,1004,744
29,969,740
29,976,717
29,984,724
29,817,695
29,549,710
29,814,684
29,796,739
29,816,736
29,1167,714
29,860,725
29,1210,749
29,511,742
29,504,750
29,800,718
29,1062,764
29,1100,756
29,1102,765
29,1225,581
29,1232,592
29,1029,710
29,1029,708
29,1030,723
29,1092,695
29,1094,705
29,1185,626
29,1194,614
29,1201,620
29,919,741
29,84,709
29,69,725
29,191,720
29,198,724
29,744,753
29,478,678
29,474,703
29,471,736
29,1568,649
29,1567,661
29,1569,672
29,1728,755
29,1712,733
29,1315,690
29,1287,521
29,1298,523
29,1300,465
29,1239,589
29,1247,596
29,325,360
29,723,961
29,1586,328
29,1592,331
29,1660,322
29,1670,333
29,556,725
29,562,735
29,557,742
29,48,691
29,63,775
29,78,759
29,1295,763
29,1305,767
29,1168,353
29,1233,655
29,1536,636
29,1047,354
29,784,481
29,628,331
29,592,358
29,146,335
29,159,330
29,258,330
29,330,338
29,309,332
29,331,333
29,149,349
29,456,340
29,446,332
29,127,375
29,85,326
29,340,324
29,322,330
29,45,703
29,30,712
29,56,725
29,52,718
29,196,731
29,181,733
29,163,745
29,139,731
29,144,740
29,1263,392
29,1255,389
29,1244,361
29,1309,341
29,1393,355
29,1710,768
29,1578,767
29,1023,671
29,1275,488
29,1091,662
29,1691,637
29,1745,634
29,1525,767
29,1765,1044
29,1774,897
29,1785,1057
29,1780,876
29,1779,906
29,1774,906
29,1789,900
29,1785,907
29,1785,918
29,830,726
29,1502,331
29,1149,650
29,1106,655
29,1605,703
29,1619,719
29,1713,651
29,1774,905
29,1785,981
29,1773,972
29,1764,913
29,1767,828
29,629,337
29,645,751
29,148,691
29,160,692
29,161,682
29,187,673
29,1180,764
29,1512,637
29,1682,627
29,1209,330
29,148,665
29,199,661
29,1415,631
30,827,701
30,753,729
30,751,736
30,752,744
30,520,698
30,505,705
30,502,687
30,109,702
30,119,692
30,832,709
30,840,713
30,726,702
30,720,710
30,769,736
30,422,742
30,547,746
30,504,720
30,504,718
30,152,703
30,152,714
30,1030,736
30,1045,748
30,1013,752
30,1025,754
30,1010,743
30,973,741
30,982,718
30,990,725
30,817,695
30,542,711
30,814,684
30,789,740
30,811,737
30,1173,713
30,853,724
30,1217,749
30,511,742
30,504,750
30,794,719
30,1062,764
30,1100,756
30,1102,765
30,1228,576
30,1234,587
30,1023,710
30,1023,705
30,1025,722
30,1089,697
30,1090,706
30,1185,626
30,1194,614
30,1201,620
30,925,741
30,87,702
30,72,718
30,191,720
30,198,724
30,751,753
30,484,677
30,482,701
30,477,735
30,1568,649
30,1567,661
30,1569,672
30,1733,759
30,1716,738
30,1307,690
30,1288,514
30,1300,516
30,1302,459
30,1236,596
30,1243,605
30,333,360
30,723,953
30,1590,326
30,1596,330
30,1666,320
30,1677,331
30,550,723
30,556,732
30,554,741
30,41,689
30,63,775
30,80,756
30,1295,763
30,1305,767
30,1163,352
30,1229,657
30,1536,636
30,1055,355
30,779,485
30,632,331
30,599,357
30,147,335
30,158,330
30,256,329
30,330,338
30,309,332
30,331,333
30,142,349
30,456,340
30,446,332
30,129,375
30,85,326
30,340,324
30,322,330
30,45,703
30,30,712
30,56,728
30,49,722
30,203,732
30,190,734
30,165,745
30,147,726
30,150,736
30,1262,399
30,1255,395
30,1242,369
30,1304,342
30,1399,356
30,1717,768
30,1579,767
30,1023,671
30,1274,483
30,1091,662
30,1689,640
30,1746,641
30,1518,765
30,1384,753
30,1764,1048
30,1777,882
30,1785,1057
30,1782,870
30,1779,906
30,1774,912
30,1789,900
30,1785,907
30,1785,918
30,826,724
30,1493,332
30,1149,650
30,1106,655
30,1598,701
30,1613,716
30,1710,645
30,1774,914
30,1785,981
30,1771,967
30,1764,920
30,1766,822
30,615,337
30,650,749
30,148,690
30,161,693
30,161,682
30,187,674
30,1190,759
30,1512,635
30,1680,631
30,1209,330
30,148,665
30,199,661
30,1422,635
