1,672,599
1,730,426
1,715,445
1,709,449
1,703,449
1,697,446
1,695,453
1,920,349
1,917,337
1,937,340
1,926,326
1,928,315
1,947,346
1,952,335
1,943,320
1,943,311
1,943,297
1,956,299
1,959,311
1,960,326
1,916,304
1,928,304
1,920,299
1,936,292
1,948,273
1,926,273
1,923,285
1,932,259
1,943,248
1,953,240
1,937,265
1,945,240
1,797,330
1,796,319
1,1113,981
1,1099,963
1,1122,847
1,1225,454
1,1210,454
1,1200,448
1,1186,443
1,1238,576
1,1221,578
1,1230,616
1,1276,621
1,1274,615
1,1253,618
1,1249,599
1,1225,617
1,1598,431
1,1750,438
1,1757,435
1,1296,408
1,1279,421
1,1266,426
1,1129,120
1,17,384
1,22,374
1,1677,794
1,763,598
1,735,704
1,1712,418
1,1712,437
1,1727,431
1,1815,436
1,1828,446
1,1838,439
1,1853,439
1,1861,442
1,1870,439
1,1877,441
1,1905,440
1,1902,446
1,1906,435
1,1916,445
1,1785,445
1,1804,436
2,675,601
2,730,429
2,717,451
2,710,453
2,703,454
2,700,446
2,694,456
2,917,350
2,915,338
2,935,339
2,925,325
2,928,315
2,947,347
2,953,336
2,943,320
2,944,311
2,942,297
2,955,299
2,958,311
2,960,325
2,917,305
2,927,304
2,921,297
2,935,292
2,948,273
2,927,273
2,923,285
2,932,259
2,943,247
2,952,239
2,937,265
2,945,239
2,797,329
2,797,319
2,1113,988
2,1100,961
2,1123,854
2,1225,453
2,1210,453
2,1200,447
2,1186,443
2,1240,568
2,1224,568
2,1229,614
2,1273,621
2,1272,615
2,1251,617
2,1250,595
2,1224,616
2,1604,431
2,1751,438
2,1757,435
2,1303,408
2,1273,421
2,1260,426
2,1130,126
2,12,386
2,15,376
2,1671,794
2,765,591
2,724,704
2,1712,417
2,1712,436
2,1727,431
2,1815,435
2,1828,446
2,1838,439
2,1853,438
2,1861,441
2,1870,438
2,1877,440
2,1905,439
2,1902,445
2,1906,434
2,1916,445
2,1785,445
2,1804,436
3,677,599
3,480,765
3,731,433
3,720,457
3,711,457
3,704,459
3,700,452
3,693,462
3,915,351
3,913,340
3,934,338
3,925,325
3,928,315
3,948,348
3,955,338
3,944,321
3,945,312
3,941,298
3,955,300
3,958,311
3,960,324
3,919,306
3,926,304
3,921,298
3,934,292
3,948,274
3,928,273
3,923,287
3,932,259
3,943,247
3,952,239
3,937,266
3,945,238
3,798,329
3,798,319
3,1112,995
3,1102,959
3,1124,861
3,1225,453
3,1211,453
3,1200,447
3,1186,443
3,1242,558
3,1227,556
3,1228,613
3,1271,622
3,1270,616
3,1249,617
3,1251,592
3,1291,763
3,1223,616
3,1611,431
3,1752,438
3,1757,435
3,1310,409
3,1268,421
3,1254,425
3,1131,133
3,7,389
3,8,379
3,1666,794
3,767,585
3,713,705
3,1712,417
3,1712,436
3,1727,431
3,1815,435
3,1828,446
3,1838,439
3,1853,438
3,1861,441
3,1870,438
3,1877,440
3,1905,439
3,1902,445
3,1906,434
3,1916,445
3,1785,445
3,1804,436
4,678,595
4,472,766
4,732,437
4,723,463
4,712,461
4,705,464
4,699,459
4,692,471
4,912,352
4,912,342
4,932,337
4,925,325
4,928,315
4,944,347
4,954,339
4,945,322
4,946,313
4,941,298
4,954,301
4,958,311
4,960,323
4,921,307
4,926,304
4,921,300
4,933,293
4,948,274
4,929,273
4,923,288
4,932,259
4,944,247
4,951,239
4,937,267
4,945,238
4,798,329
4,799,319
4,1112,1002
4,1103,957
4,1125,969
4,1126,868
4,1226,453
4,1212,453
4,1200,447
4,1186,443
4,1243,548
4,1229,544
4,1227,611
4,1269,623
4,1268,617
4,1248,616
4,1252,589
4,1292,755
4,1223,616
4,1617,431
4,1753,438
4,1757,435
4,1317,409
4,1263,421
4,1247,425
4,1133,140
4,769,579
4,703,705
4,1713,417
4,1712,436
4,1727,431
4,1815,435
4,1828,446
4,1838,439
4,1853,438
4,1861,441
4,1871,438
4,1878,440
4,1905,439
4,1902,445
4,1906,434
4,1916,445
4,1785,445
4,1804,436
5,679,592
5,465,767
5,733,441
5,726,470
5,714,466
5,706,469
5,699,467
5,691,480
5,910,353
5,910,343
5,928,343
5,925,324
5,928,315
5,940,347
5,953,340
5,946,322
5,946,313
5,940,299
5,954,301
5,958,311
5,961,322
5,921,308
5,925,304
5,919,301
5,932,293
5,948,275
5,930,273
5,921,289
5,932,259
5,944,247
5,951,239
5,937,268
5,945,237
5,797,329
5,800,319
5,1112,1010
5,1105,955
5,1125,976
5,1127,875
5,1226,453
5,1213,453
5,1200,447
5,1186,443
5,1244,537
5,1231,531
5,1226,610
5,1267,623
5,1266,618
5,1246,616
5,1253,585
5,1293,747
5,1222,616
5,1624,431
5,1753,438
5,1758,435
5,1324,411
5,1259,420
5,1241,423
5,1134,146
5,772,573
5,1713,416
5,1712,436
5,1727,431
5,1815,435
5,1828,446
5,1838,439
5,1853,438
5,1861,441
5,1871,438
5,1878,440
5,1905,439
5,1902,445
5,1907,434
5,1916,445
5,1785,445
5,1804,436
6,680,588
6,460,767
6,731,446
6,727,479
6,714,471
6,705,475
6,698,474
6,690,486
6,904,355
6,902,344
6,923,346
6,925,324
6,928,315
6,937,346
6,952,341
6,945,323
6,945,313
6,938,304
6,953,302
6,958,311
6,961,321
6,919,309
6,925,304
6,916,301
6,931,294
6,948,276
6,931,273
6,919,289
6,933,260
6,944,246
6,951,239
6,937,269
6,945,236
6,797,330
6,801,319
6,1112,1017
6,1107,953
6,1125,984
6,1128,882
6,1227,453
6,1214,453
6,1201,447
6,1186,443
6,1245,527
6,1232,519
6,1226,612
6,1264,624
6,1265,619
6,1245,616
6,1255,580
6,1294,739
6,1222,615
6,1630,431
6,1753,438
6,1758,435
6,1331,412
6,1254,419
6,1235,421
6,1135,153
6,774,566
6,1714,416
6,1712,436
6,1727,431
6,1815,435
6,1828,446
6,1838,439
6,1854,438
6,1862,441
6,1871,438
6,1878,440
6,1905,439
6,1903,445
6,1907,434
6,1915,445
6,1785,445
6,1804,436
7,681,584
7,453,767
7,730,451
7,728,488
7,714,477
7,704,482
7,698,482
7,690,493
7,899,359
7,897,348
7,918,348
7,925,324
7,928,315
7,933,346
7,948,341
7,943,323
7,943,313
7,937,310
7,953,303
7,958,311
7,961,321
7,917,310
7,924,304
7,914,302
7,931,294
7,948,276
7,931,274
7,917,289
7,933,260
7,945,246
7,950,239
7,937,270
7,945,236
7,798,330
7,802,319
7,1112,1024
7,1108,951
7,1124,993
7,1127,1024
7,1128,889
7,1227,453
7,1215,453
7,1201,447
7,1186,443
7,1245,517
7,1233,508
7,1226,611
7,1262,624
7,1263,619
7,1244,615
7,1259,573
7,1295,733
7,1222,615
7,1637,430
7,1753,438
7,1758,435
7,1338,414
7,1250,418
7,1229,419
7,1137,160
7,778,558
7,1714,416
7,1712,436
7,1727,431
7,1815,435
7,1828,446
7,1838,439
7,1854,438
7,1862,441
7,1872,438
7,1879,440
7,1905,439
7,1903,445
7,1907,434
7,1915,445
7,1785,445
7,1804,436
8,683,580
8,730,457
8,729,497
8,714,484
8,704,489
8,698,490
8,690,499
8,893,364
8,893,353
8,914,349
8,922,326
8,926,318
8,930,346
8,945,340
8,940,323
8,941,313
8,936,317
8,953,303
8,958,311
8,958,323
8,916,310
8,923,304
8,911,302
8,930,295
8,948,277
8,930,278
8,915,289
8,933,260
8,945,246
8,950,239
8,937,271
8,946,235
8,802,330
8,804,320
8,1112,1031
8,1110,949
8,1123,1002
8,1127,1031
8,1128,897
8,1228,452
8,1215,452
8,1201,447
8,1186,443
8,1246,508
8,1234,498
8,1227,611
8,1259,625
8,1261,619
8,1244,614
8,1263,564
8,1296,726
8,1286,757
8,1222,615
8,1645,430
8,1753,438
8,1758,435
8,1346,416
8,1246,417
8,1224,417
8,1138,167
8,782,550
8,1714,415
8,1712,436
8,1727,431
8,1815,435
8,1828,446
8,1838,439
8,1854,438
8,1862,441
8,1872,438
8,1879,440
8,1905,438
8,1903,445
8,1907,434
8,1915,445
8,1785,445
8,1804,436
9,685,573
9,731,463
9,730,505
9,716,490
9,704,499
9,698,498
9,690,506
9,886,371
9,888,358
9,908,352
9,918,330
9,921,322
9,925,345
9,941,340
9,938,323
9,939,313
9,935,322
9,951,304
9,957,312
9,955,327
9,914,311
9,923,304
9,908,302
9,929,295
9,948,278
9,929,283
9,913,289
9,933,260
9,945,246
9,950,239
9,937,272
9,946,234
9,807,330
9,806,321
9,1111,1038
9,1111,944
9,1122,1010
9,1125,1038
9,1127,903
9,1228,452
9,1216,452
9,1201,447
9,1186,443
9,1248,500
9,1234,491
9,1227,610
9,1257,626
9,1259,619
9,1244,613
9,1266,554
9,1296,718
9,1286,747
9,1222,615
9,1652,430
9,1753,438
9,1759,435
9,1352,417
9,1241,416
9,1219,414
9,1139,174
9,786,541
9,1715,415
9,1712,436
9,1727,431
9,1815,435
9,1828,446
9,1838,439
9,1854,438
9,1862,441
9,1873,438
9,1879,440
9,1905,438
9,1903,445
9,1908,434
9,1915,445
9,1785,445
9,1804,436
10,685,565
10,731,469
10,730,513
10,715,497
10,704,507
10,698,506
10,692,512
10,879,377
10,882,363
10,903,355
10,913,334
10,915,326
10,919,344
10,935,341
10,936,323
10,937,313
10,932,325
10,949,305
10,956,313
10,951,330
10,911,313
10,920,305
10,903,305
10,925,296
10,947,281
10,922,283
10,908,289
10,934,261
10,946,245
10,950,238
10,937,273
10,946,234
10,812,330
10,808,321
10,1108,1044
10,1111,937
10,1121,1016
10,1123,1044
10,1127,909
10,1229,452
10,1217,452
10,1202,447
10,1186,443
10,1250,492
10,1235,484
10,1228,610
10,1255,626
10,1258,619
10,1244,613
10,1270,544
10,1296,709
10,1287,737
10,1222,615
10,1659,428
10,1754,438
10,1759,435
10,1359,418
10,1236,416
10,1215,412
10,1140,181
10,790,533
10,1715,415
10,1713,436
10,1727,431
10,1815,434
10,1828,446
10,1838,439
10,1855,438
10,1863,440
10,1873,438
10,1880,440
10,1905,438
10,1904,445
10,1908,434
10,1915,445
10,1785,445
10,1804,436
11,685,557
11,682,685
11,731,475
11,729,521
11,713,502
11,705,515
11,700,513
11,693,519
11,871,382
11,870,370
11,898,359
11,908,337
11,906,330
11,915,347
11,929,343
11,934,323
11,935,313
11,927,329
11,948,305
11,952,313
11,946,333
11,906,315
11,916,307
11,895,311
11,917,295
11,944,285
11,917,281
11,900,291
11,934,261
11,946,244
11,951,238
11,937,274
11,946,233
11,817,329
11,812,321
11,1105,1051
11,1112,931
11,1120,1022
11,1121,1050
11,1127,915
11,1229,452
11,1218,452
11,1202,447
11,1186,443
11,1251,483
11,1236,477
11,1228,609
11,1252,627
11,1256,619
11,1244,612
11,1274,534
11,1296,701
11,1288,727
11,1222,615
11,1666,427
11,1754,438
11,1759,435
11,1366,419
11,1232,415
11,1211,410
11,1140,187
11,795,524
11,1716,415
11,1713,436
11,1727,431
11,1815,434
11,1828,446
11,1838,439
11,1855,438
11,1863,440
11,1873,438
11,1880,440
11,1905,438
11,1904,445
11,1908,434
11,1915,445
11,1785,445
11,1804,436
12,685,549
12,682,675
12,729,704
12,704,697
12,730,480
12,728,529
12,711,508
12,706,524
12,701,521
12,695,526
12,866,388
12,863,376
12,894,364
12,903,340
12,896,333
12,910,350
12,922,345
12,933,321
12,932,312
12,923,333
12,945,306
12,949,313
12,940,334
12,901,317
12,911,310
12,889,317
12,908,293
12,940,288
12,912,278
12,894,292
12,934,261
12,946,244
12,951,237
12,937,275
12,946,232
12,823,328
12,820,320
12,1103,1058
12,1112,925
12,1119,1028
12,1119,1056
12,1126,1011
12,1121,962
12,1127,962
12,1127,921
12,1230,452
12,1219,452
12,1202,447
12,1186,443
12,1252,475
12,1237,470
12,1229,609
12,1250,627
12,1254,620
12,1244,612
12,1278,524
12,1297,693
12,1288,717
12,1222,615
12,1903,803
12,1904,814
12,1673,425
12,1754,438
12,1759,435
12,1372,420
12,1227,415
12,1207,408
12,1141,194
12,800,517
12,1716,415
12,1713,436
12,1727,431
12,1815,434
12,1828,446
12,1838,439
12,1855,438
12,1863,440
12,1874,438
12,1880,440
12,1905,438
12,1904,445
12,1908,434
12,1915,445
12,1785,445
12,1804,436
13,686,542
13,680,666
13,730,695
13,705,687
13,730,486
13,728,537
13,709,514
13,707,532
13,702,529
13,696,533
13,861,394
13,858,381
13,890,369
13,898,346
13,892,336
13,904,355
13,916,346
13,926,320
13,927,311
13,916,336
13,941,307
13,945,314
13,935,338
13,897,321
13,907,314
13,883,323
13,898,290
13,931,293
13,904,275
13,885,293
13,934,261
13,946,243
13,952,237
13,937,276
13,946,232
13,830,326
13,828,319
13,1101,1065
13,1112,920
13,1113,1036
13,1116,1064
13,1122,1019
13,1118,970
13,1125,970
13,1127,927
13,1230,452
13,1220,452
13,1202,447
13,1186,443
13,1252,466
13,1238,462
13,1229,608
13,1248,625
13,1254,620
13,1244,612
13,1284,516
13,1298,685
13,1287,707
13,1222,615
13,1896,802
13,1897,813
13,1679,425
13,1717,414
13,1717,419
13,1754,438
13,1760,435
13,1379,420
13,1225,413
13,1141,201
13,807,510
13,1716,415
13,1713,436
13,1727,431
13,1815,434
13,1828,446
13,1838,439
13,1855,438
13,1863,440
13,1874,438
13,1881,440
13,1905,438
13,1904,445
13,1908,434
13,1915,445
13,1785,445
13,1804,436
14,687,534
14,679,656
14,733,688
14,702,680
14,672,700
14,725,712
14,713,708
14,730,492
14,728,544
14,709,520
14,710,540
14,704,537
14,697,540
14,853,400
14,853,386
14,885,374
14,889,349
14,887,340
14,900,359
14,910,347
14,918,320
14,920,311
14,908,337
14,937,307
14,942,315
14,928,338
14,891,324
14,901,320
14,878,331
14,891,290
14,931,296
14,897,269
14,878,294
14,934,265
14,947,243
14,948,237
14,937,279
14,947,232
14,838,325
14,834,317
14,788,288
14,1100,1071
14,1112,914
14,1110,1043
14,1115,1072
14,1119,1026
14,1115,978
14,1123,977
14,1127,932
14,1230,452
14,1220,452
14,1202,447
14,1186,443
14,1252,457
14,1238,453
14,1230,608
14,1246,624
14,1254,620
14,1244,612
14,1289,508
14,1298,677
14,1286,697
14,1222,615
14,1889,801
14,1890,812
14,1685,425
14,1712,416
14,1712,421
14,1754,438
14,1760,435
14,1386,419
14,1223,412
14,1142,208
14,814,504
14,1716,415
14,1713,436
14,1727,431
14,1815,434
14,1828,446
14,1838,439
14,1855,438
14,1863,440
14,1874,438
14,1881,440
14,1905,438
14,1904,445
14,1908,434
14,1915,445
14,1785,445
14,1804,436
15,470,763
15,689,526
15,680,647
15,733,679
15,702,672
15,672,692
15,726,703
15,714,700
15,731,499
15,729,550
15,710,527
15,712,548
15,705,546
15,698,548
15,846,408
15,847,392
15,878,379
15,882,353
15,880,345
15,896,363
15,904,352
15,910,319
15,914,310
15,902,342
15,933,308
15,938,316
15,922,340
15,885,328
15,894,325
15,871,338
15,881,288
15,926,299
15,888,260
15,871,297
15,933,269
15,948,245
15,941,239
15,931,284
15,947,233
15,845,324
15,841,314
15,797,288
15,1112,909
15,1109,1050
15,1116,1031
15,1112,986
15,1120,985
15,1127,938
15,1231,452
15,1221,452
15,1203,447
15,1186,443
15,1255,451
15,1241,447
15,1230,608
15,1246,623
15,1253,620
15,1244,612
15,1294,500
15,1298,669
15,1286,688
15,1222,615
15,1882,800
15,1884,810
15,1691,424
15,1707,414
15,1704,419
15,1754,438
15,1760,435
15,1392,418
15,1220,410
15,1141,213
15,820,498
15,1716,415
15,1713,435
15,1728,431
15,1815,434
15,1828,446
15,1838,439
15,1856,437
15,1864,440
15,1875,438
15,1881,439
15,1906,437
15,1905,444
15,1909,433
15,1915,445
15,1785,445
15,1804,436
16,479,758
16,690,518
16,681,640
16,731,672
16,700,664
16,671,684
16,728,694
16,716,692
16,732,505
16,729,559
16,709,533
16,713,555
16,706,554
16,699,556
16,842,418
16,838,399
16,871,383
16,877,358
16,873,351
16,895,368
16,897,357
16,903,318
16,908,309
16,897,347
16,929,309
16,934,317
16,917,343
16,879,332
16,890,331
16,861,341
16,871,286
16,920,302
16,878,250
16,863,300
16,932,273
16,949,247
16,938,241
16,925,288
16,947,235
16,853,322
16,847,311
16,806,288
16,1112,906
16,1109,1056
16,1113,1036
16,1108,992
16,1118,990
16,1126,945
16,1117,1014
16,1123,1033
16,1231,452
16,1221,452
16,1203,447
16,1186,443
16,1259,446
16,1244,441
16,1230,608
16,1247,622
16,1253,620
16,1244,612
16,1299,492
16,1297,661
16,1286,679
16,1222,614
16,1875,800
16,1877,808
16,1688,803
16,1687,811
16,1686,817
16,1698,423
16,1699,410
16,1697,417
16,1755,439
16,1761,435
16,1399,417
16,1218,409
16,1141,219
16,1132,16
16,827,491
16,1716,415
16,1713,435
16,1728,431
16,1815,434
16,1828,446
16,1838,439
16,1856,437
16,1864,440
16,1875,438
16,1882,439
16,1906,437
16,1905,444
16,1909,433
16,1915,445
16,1785,445
16,1804,436
17,488,752
17,691,511
17,681,633
17,731,664
17,698,656
17,671,677
17,729,685
17,717,684
17,692,684
17,733,511
17,728,568
17,708,539
17,713,562
17,707,561
17,700,563
17,837,425
17,833,406
17,868,389
17,872,363
17,868,358
17,893,374
17,891,361
17,897,316
17,902,308
17,892,352
17,925,310
17,930,319
17,912,346
17,874,336
17,886,336
17,856,347
17,861,285
17,915,306
17,873,245
17,856,301
17,930,278
17,949,249
17,938,243
17,921,291
17,946,240
17,860,321
17,854,309
17,812,288
17,1112,904
17,1109,1062
17,1111,1043
17,1105,995
17,1116,994
17,1125,952
17,1112,1020
17,1120,1037
17,1231,452
17,1221,452
17,1203,447
17,1186,443
17,1263,440
17,1247,436
17,1229,609
17,1247,622
17,1253,620
17,1244,612
17,1304,484
17,1297,653
17,1286,670
17,1223,614
17,1869,800
17,1871,806
17,1694,803
17,1693,810
17,1694,818
17,1677,808
17,1677,815
17,1705,422
17,1694,410
17,1693,417
17,1755,439
17,1761,435
17,1406,417
17,1216,407
17,1141,225
17,1133,22
17,1141,16
17,833,484
17,507,698
17,1716,415
17,1713,435
17,1728,431
17,1815,434
17,1828,446
17,1838,439
17,1856,437
17,1864,440
17,1876,438
17,1882,439
17,1906,437
17,1905,444
17,1909,433
17,1915,445
17,1785,445
17,1804,436
18,497,747
18,693,505
18,681,623
18,731,656
18,695,649
18,673,671
18,729,677
18,718,678
18,690,677
18,733,517
18,727,576
18,706,544
18,713,568
18,707,568
18,700,570
18,831,431
18,828,413
18,864,395
18,866,369
18,862,365
18,889,379
18,885,364
18,894,313
18,896,303
18,888,356
18,920,311
18,927,323
18,906,350
18,868,340
18,882,342
18,850,353
18,850,289
18,911,311
18,865,235
18,849,306
18,928,282
18,949,252
18,938,246
18,917,293
18,945,245
18,867,319
18,861,306
18,817,289
18,1112,903
18,1109,1069
18,1110,1050
18,1105,1002
18,1115,1001
18,1120,956
18,1112,1028
18,1120,1045
18,1231,452
18,1221,452
18,1203,447
18,1186,443
18,1267,435
18,1250,430
18,1228,609
18,1248,621
18,1253,620
18,1244,612
18,1315,480
18,1296,645
18,1286,661
18,1285,768
18,1225,613
18,1862,800
18,1865,804
18,1701,803
18,1698,810
18,1702,819
18,1682,808
18,1683,816
18,1713,420
18,1689,410
18,1688,417
18,1755,439
18,1761,435
18,1412,416
18,1214,406
18,1140,231
18,1133,28
18,1141,23
18,840,478
18,492,697
18,1716,415
18,1713,435
18,1728,431
18,1815,434
18,1828,446
18,1838,439
18,1856,437
18,1864,440
18,1876,438
18,1882,439
18,1906,437
18,1905,444
18,1909,433
18,1915,445
18,1785,445
18,1804,436
19,505,741
19,696,499
19,681,613
19,731,647
19,693,641
19,674,664
19,729,669
19,718,671
19,688,670
19,733,524
19,726,585
19,705,551
19,714,575
19,708,576
19,701,578
19,825,438
19,823,420
19,858,400
19,861,374
19,856,371
19,885,383
19,878,368
19,890,310
19,892,301
19,885,361
19,916,312
19,924,325
19,901,354
19,864,346
19,877,348
19,844,361
19,840,293
19,907,315
19,857,226
19,842,311
19,926,286
19,948,255
19,936,249
19,913,295
19,943,250
19,875,319
19,867,307
19,822,287
19,1112,901
19,1109,1057
19,1104,1009
19,1114,1007
19,1116,960
19,1125,962
19,1111,1035
19,1119,1053
19,1231,452
19,1221,452
19,1203,447
19,1186,443
19,1271,429
19,1252,424
19,1227,610
19,1248,621
19,1253,618
19,1244,612
19,1321,477
19,1294,637
19,1286,651
19,1289,760
19,1226,613
19,1855,799
19,1858,804
19,1707,803
19,1705,810
19,1709,819
19,1687,808
19,1689,817
19,1721,419
19,1684,411
19,1684,417
19,1755,439
19,1761,435
19,1420,414
19,1140,240
19,1134,36
19,1144,31
19,1131,15
19,847,474
19,477,696
19,1716,415
19,1714,435
19,1728,431
19,1815,433
19,1828,446
19,1838,439
19,1857,437
19,1865,439
19,1876,438
19,1883,439
19,1906,437
19,1906,444
19,1909,433
19,1915,445
19,1785,445
19,1804,436
20,514,736
20,698,492
20,682,604
20,731,638
20,691,633
20,675,657
20,729,661
20,719,663
20,687,663
20,732,530
20,723,593
20,705,559
20,714,582
20,708,583
20,702,585
20,817,444
20,817,427
20,850,404
20,856,380
20,850,375
20,879,385
20,870,374
20,887,308
20,887,299
20,883,369
20,913,316
20,922,324
20,895,360
20,860,352
20,871,353
20,837,369
20,831,297
20,903,320
20,851,218
20,834,314
20,921,290
20,946,260
20,933,254
20,907,294
20,942,254
20,882,319
20,874,309
20,825,288
20,1112,901
20,1109,1064
20,1104,1017
20,1114,1015
20,1115,966
20,1124,970
20,1112,1043
20,1121,1062
20,1231,452
20,1221,452
20,1203,447
20,1186,443
20,1279,427
20,1247,423
20,1227,610
20,1249,622
20,1253,618
20,1244,612
20,1331,473
20,1292,631
20,1289,644
20,1290,752
20,1227,613
20,1848,798
20,1850,804
20,1714,804
20,1711,810
20,1714,819
20,1694,808
20,1696,817
20,1678,411
20,1676,416
20,1755,439
20,1762,435
20,1429,413
20,1139,248
20,1135,44
20,1146,40
20,1134,23
20,854,470
20,462,695
20,1716,415
20,1714,435
20,1728,431
20,1815,433
20,1828,446
20,1838,439
20,1857,437
20,1865,439
20,1877,438
20,1883,439
20,1906,437
20,1906,444
20,1910,433
20,1915,445
20,1785,445
20,1804,436
21,698,485
21,683,596
21,733,630
21,690,625
21,675,649
21,730,653
21,720,654
21,687,655
21,731,537
21,721,601
21,705,567
21,714,590
21,709,591
21,703,592
21,811,450
21,813,435
21,845,408
21,853,387
21,847,383
21,875,391
21,864,379
21,882,306
21,881,298
21,882,378
21,909,319
21,919,325
21,892,366
21,853,360
21,864,360
21,831,379
21,823,300
21,899,325
21,845,210
21,826,318
21,916,292
21,944,265
21,932,260
21,901,293
21,941,259
21,890,317
21,881,310
21,831,287
21,1114,904
21,1111,1071
21,1105,1026
21,1114,1023
21,1113,971
21,1122,976
21,1114,1051
21,1125,1070
21,1231,452
21,1221,452
21,1203,447
21,1186,443
21,1287,424
21,1242,422
21,1232,609
21,1249,623
21,1253,618
21,1244,612
21,1340,469
21,1288,625
21,1290,637
21,1290,743
21,1309,767
21,1227,613
21,1840,796
21,1842,804
21,1720,805
21,1718,811
21,1720,819
21,1701,809
21,1703,817
21,1672,411
21,1670,416
21,1755,439
21,1762,435
21,1434,413
21,1139,257
21,1136,51
21,1148,48
21,1135,30
21,861,466
21,446,694
21,1716,415
21,1714,435
21,1728,431
21,1815,433
21,1828,446
21,1838,439
21,1857,437
21,1865,439
21,1877,438
21,1883,439
21,1906,436
21,1906,444
21,1910,433
21,1915,445
21,1785,445
21,1804,436
22,699,479
22,684,589
22,735,622
22,690,617
22,676,641
22,732,646
22,722,645
22,687,648
22,730,543
22,718,610
22,705,575
22,713,597
22,709,598
22,703,599
22,806,456
22,808,442
22,841,413
22,850,393
22,843,390
22,870,396
22,858,384
22,876,306
22,873,300
22,881,386
22,904,324
22,915,330
22,889,371
22,846,367
22,857,367
22,826,389
22,814,303
22,894,330
22,839,203
22,819,321
22,910,291
22,942,271
22,932,266
22,896,296
22,940,264
22,897,314
22,888,308
22,838,288
22,1115,908
22,1106,1034
22,1114,1031
22,1112,977
22,1121,982
22,1115,1057
22,1231,452
22,1221,452
22,1203,447
22,1186,443
22,1295,422
22,1237,420
22,1232,609
22,1249,623
22,1253,618
22,1244,612
22,1349,465
22,1284,621
22,1290,633
22,1289,737
22,1309,757
22,1226,613
22,1833,794
22,1834,803
22,1726,806
22,1725,811
22,1725,819
22,1707,809
22,1709,817
22,1667,411
22,1664,416
22,1756,439
22,1762,435
22,1438,413
22,1139,265
22,1137,57
22,1148,54
22,1136,36
22,1142,8
22,1149,8
22,868,463
22,430,693
22,1716,415
22,1714,435
22,1728,431
22,1815,433
22,1828,446
22,1838,439
22,1857,437
22,1865,439
22,1878,438
22,1884,439
22,1906,436
22,1906,444
22,1910,433
22,1915,445
22,1785,445
22,1804,436
23,700,472
23,685,580
23,735,613
23,690,608
23,676,633
23,732,637
23,723,637
23,687,639
23,729,550
23,716,618
23,705,581
23,713,605
23,708,604
23,702,606
23,803,466
23,803,450
23,837,418
23,843,399
23,837,394
23,867,401
23,851,386
23,869,306
23,866,300
23,877,395
23,901,326
23,910,330
23,885,379
23,841,375
23,853,375
23,823,398
23,802,301
23,886,336
23,832,194
23,811,323
23,903,290
23,939,274
23,930,268
23,889,297
23,937,269
23,904,310
23,896,307
23,843,291
23,1117,912
23,1107,1043
23,1115,1040
23,1111,983
23,1120,988
23,1115,1061
23,1231,452
23,1221,452
23,1203,447
23,1186,443
23,1303,420
23,1231,419
23,1232,609
23,1248,624
23,1253,618
23,1244,612
23,1358,463
23,1279,617
23,1288,629
23,1288,729
23,1309,748
23,1226,613
23,1826,794
23,1827,802
23,1733,806
23,1732,811
23,1733,819
23,1714,809
23,1716,817
23,1661,412
23,1658,416
23,1756,439
23,1762,435
23,1139,272
23,1138,64
23,1149,61
23,1137,43
23,1142,12
23,1149,11
23,875,459
23,414,692
23,1716,415
23,1714,435
23,1728,431
23,1815,433
23,1828,446
23,1838,439
23,1858,437
23,1866,439
23,1878,438
23,1884,439
23,1906,436
23,1907,444
23,1910,433
23,1914,445
23,1785,445
23,1804,436
24,700,465
24,687,572
24,735,605
24,691,600
24,676,625
24,732,629
24,724,630
24,688,631
24,728,556
24,714,627
24,705,588
24,713,612
24,707,611
24,701,614
24,797,474
24,797,456
24,833,423
24,838,405
24,833,399
24,863,406
24,845,388
24,862,305
24,860,299
24,873,405
24,893,325
24,903,332
24,881,385
24,834,381
24,848,380
24,818,405
24,791,297
24,880,343
24,825,186
24,804,326
24,897,290
24,937,278
24,928,271
24,882,299
24,934,274
24,910,308
24,903,304
24,850,285
24,1116,914
24,1108,1049
24,1116,1046
24,1110,992
24,1117,994
24,1119,1075
24,1231,452
24,1221,452
24,1203,447
24,1186,443
24,1310,420
24,1223,419
24,1231,609
24,1247,624
24,1252,619
24,1244,612
24,1366,462
24,1274,615
24,1284,626
24,1287,720
24,1307,739
24,1226,614
24,1820,793
24,1820,800
24,1740,806
24,1740,811
24,1740,819
24,1721,809
24,1723,817
24,1656,412
24,1653,416
24,1756,439
24,1763,435
24,1139,279
24,1160,386
24,1139,71
24,1149,68
24,1138,49
24,1142,15
24,1148,14
24,882,455
24,398,691
24,1716,415
24,1714,435
24,1728,431
24,1815,433
24,1828,446
24,1838,439
24,1858,437
24,1866,439
24,1878,438
24,1884,439
24,1906,436
24,1907,444
24,1911,433
24,1914,445
24,1785,445
24,1804,436
25,701,458
25,688,564
25,735,597
25,692,591
25,676,617
25,732,620
25,725,623
25,689,623
25,675,691
25,727,562
25,714,635
25,705,595
25,712,620
25,707,618
25,701,620
25,792,481
25,790,466
25,830,429
25,833,411
25,825,406
25,859,411
25,838,392
25,853,304
25,853,298
25,868,415
25,888,326
25,897,335
25,876,390
25,828,386
25,842,383
25,813,414
25,877,349
25,818,178
25,796,330
25,890,290
25,934,281
25,926,273
25,874,299
25,932,276
25,916,306
25,910,302
25,857,282
25,1114,916
25,1110,1055
25,1116,1052
25,1109,1001
25,1115,1000
25,1231,452
25,1221,452
25,1203,447
25,1186,443
25,1317,420
25,1216,418
25,1228,613
25,1246,624
25,1252,619
25,1244,612
25,1375,460
25,1268,613
25,1280,623
25,1286,711
25,1306,731
25,1225,616
25,1813,792
25,1813,799
25,1747,806
25,1747,811
25,1747,819
25,1728,809
25,1730,818
25,1651,412
25,1647,416
25,1756,439
25,1763,435
25,1139,286
25,1165,389
25,1140,79
25,1149,75
25,1139,56
25,1151,41
25,1141,18
25,1148,18
25,887,451
25,382,689
25,1716,415
25,1714,435
25,1728,431
25,1815,433
25,1828,446
25,1838,439
25,1858,437
25,1866,439
25,1879,438
25,1885,439
25,1906,436
25,1907,444
25,1911,433
25,1914,445
25,1785,445
25,1804,436
26,701,448
26,690,556
26,735,589
26,692,583
26,676,610
26,732,612
26,726,615
26,689,615
26,675,682
26,725,568
26,715,644
26,705,602
26,712,626
26,707,625
26,701,627
26,787,488
26,784,474
26,824,434
26,828,417
26,819,412
26,855,417
26,832,394
26,844,303
26,846,297
26,864,424
26,882,328
26,890,337
26,872,396
26,822,392
26,837,389
26,808,423
26,873,356
26,810,169
26,883,290
26,931,284
26,924,275
26,865,300
26,930,278
26,923,303
26,916,299
26,861,282
26,1113,918
26,1112,1061
26,1119,1059
26,1108,1008
26,1115,1006
26,1231,452
26,1221,452
26,1203,447
26,1186,443
26,1324,419
26,1209,417
26,1228,616
26,1246,625
26,1252,619
26,1245,612
26,1383,460
26,1264,611
26,1277,621
26,1285,703
26,1305,723
26,1224,619
26,1807,791
26,1806,797
26,1754,806
26,1754,811
26,1755,819
26,1735,809
26,1737,818
26,1646,412
26,1641,416
26,1756,439
26,1763,435
26,1392,417
26,1139,293
26,1166,396
26,1140,86
26,1149,82
26,1140,64
26,1150,46
26,1141,21
26,1148,22
26,889,445
26,367,688
26,1716,415
26,1714,435
26,1728,431
26,1815,433
26,1828,446
26,1838,439
26,1858,437
26,1866,439
26,1879,438
26,1885,439
26,1906,436
26,1907,444
26,1911,433
26,1914,445
26,1785,445
26,1804,436
27,701,438
27,692,549
27,735,582
27,694,575
27,677,603
27,733,605
27,727,610
27,692,605
27,674,673
27,724,574
27,715,652
27,705,610
27,712,633
27,707,632
27,701,633
27,782,495
27,779,480
27,819,440
27,823,423
27,815,417
27,850,422
27,827,395
27,835,302
27,839,296
27,859,433
27,876,329
27,884,340
27,871,404
27,818,399
27,834,399
27,802,431
27,870,363
27,801,159
27,876,290
27,928,287
27,922,278
27,857,300
27,928,280
27,929,299
27,921,297
27,871,283
27,1112,919
27,1115,1068
27,1123,1066
27,1108,1013
27,1116,1013
27,1231,452
27,1221,452
27,1203,447
27,1186,443
27,1332,418
27,1204,415
27,1231,616
27,1245,625
27,1252,619
27,1245,612
27,1391,460
27,1262,611
27,1274,617
27,1284,697
27,1305,716
27,1223,619
27,1800,791
27,1800,796
27,1760,806
27,1761,811
27,1762,819
27,1742,809
27,1743,818
27,1642,412
27,1635,415
27,1756,439
27,1763,435
27,1382,415
27,1139,300
27,1169,402
27,1140,93
27,1150,89
27,1140,71
27,1150,51
27,1140,25
27,1149,25
27,1156,78
27,890,439
27,351,687
27,1716,415
27,1714,435
27,1728,431
27,1815,433
27,1828,446
27,1838,439
27,1858,437
27,1866,439
27,1879,438
27,1885,439
27,1906,436
27,1907,444
27,1911,433
27,1914,445
27,1785,445
27,1804,436
28,702,431
28,693,542
28,735,574
28,696,566
28,677,595
28,734,597
28,727,603
28,695,596
28,673,664
28,721,580
28,715,661
28,704,616
28,711,641
28,706,639
28,700,641
28,778,503
28,775,486
28,815,446
28,819,429
28,812,422
28,845,427
28,822,395
28,826,301
28,831,296
28,854,441
28,870,330
28,877,341
28,869,411
28,815,407
28,831,408
28,796,439
28,867,369
28,869,290
28,925,290
28,920,280
28,850,301
28,926,282
28,935,295
28,926,294
28,875,279
28,1111,921
28,1108,1018
28,1116,1019
28,1231,452
28,1221,452
28,1203,447
28,1186,443
28,1339,418
28,1199,412
28,1230,616
28,1243,625
28,1251,620
28,1245,612
28,1400,459
28,1262,610
28,1271,616
28,1284,691
28,1305,709
28,1223,618
28,1793,790
28,1794,796
28,1767,806
28,1768,811
28,1769,820
28,1749,809
28,1750,819
28,1638,411
28,1630,414
28,1758,438
28,1768,434
28,1374,413
28,1139,307
28,1174,406
28,1140,100
28,1150,96
28,1141,79
28,1150,56
28,1140,28
28,1149,29
28,1157,80
28,892,433
28,335,686
28,1716,415
28,1715,435
28,1729,432
28,1816,433
28,1828,446
28,1838,439
28,1859,437
28,1867,439
28,1880,438
28,1886,439
28,1907,436
28,1908,444
28,1912,433
28,1915,446
28,1785,445
28,1804,436
29,702,424
29,693,534
29,736,563
29,699,559
29,677,587
29,734,590
29,726,596
29,696,588
29,673,654
29,718,587
29,714,671
29,704,623
29,711,650
29,706,646
29,699,650
29,773,510
29,771,494
29,811,449
29,814,434
29,803,428
29,842,432
29,817,397
29,818,301
29,824,296
29,849,449
29,864,330
29,869,340
29,865,418
29,809,412
29,827,412
29,794,445
29,865,375
29,862,290
29,922,293
29,918,282
29,845,303
29,924,284
29,941,290
29,931,292
29,881,276
29,1111,922
29,1109,1025
29,1117,1025
29,1231,452
29,1221,452
29,1203,447
29,1186,443
29,1347,418
29,1194,410
29,1230,616
29,1241,625
29,1249,622
29,1245,611
29,1409,457
29,1262,610
29,1267,616
29,1284,684
29,1304,701
29,1223,618
29,1786,790
29,1788,796
29,1773,806
29,1773,811
29,1776,820
29,1755,810
29,1756,819
29,1634,411
29,1624,414
29,1761,437
29,1772,433
29,1365,411
29,1138,314
29,1178,411
29,1141,108
29,1151,104
29,1142,87
29,1150,61
29,1140,31
29,1150,32
29,1157,83
29,893,427
29,319,685
29,1716,415
29,1715,435
29,1729,432
29,1816,433
29,1828,446
29,1838,439
29,1859,437
29,1867,439
29,1880,438
29,1886,439
29,1907,436
29,1908,444
29,1912,433
29,1915,446
29,1785,445
29,1804,436
30,693,526
30,735,554
30,703,550
30,677,580
30,734,582
30,725,587
30,698,580
30,674,644
30,716,590
30,714,678
30,704,630
30,710,657
30,705,655
30,697,657
30,768,518
30,767,502
30,807,454
30,809,439
30,796,434
30,839,436
30,811,401
30,809,301
30,817,296
30,845,457
30,857,330
30,861,340
30,861,423
30,803,418
30,821,415
30,789,453
30,861,381
30,856,292
30,917,297
30,914,284
30,841,305
30,919,288
30,945,283
30,935,287
30,887,275
30,1110,926
30,1111,1031
30,1119,1031
30,1231,452
30,1221,452
30,1203,447
30,1186,443
30,1355,419
30,1229,616
30,1239,625
30,1247,623
30,1245,610
30,1418,455
30,1262,610
30,1263,617
30,1285,678
30,1303,693
30,1223,619
30,1779,790
30,1783,796
30,1779,806
30,1779,812
30,1783,821
30,1761,812
30,1762,820
30,1765,437
30,1775,432
30,1357,409
30,1138,321
30,1183,415
30,1141,116
30,1143,95
30,1151,67
30,1141,33
30,1151,34
30,1156,87
30,895,421
30,304,684
30,1716,415
30,1715,435
30,1729,432
30,1816,433
30,1828,446
30,1838,439
30,1859,437
30,1867,439
30,1880,438
30,1886,439
30,1907,436
30,1908,444
30,1912,433
30,1915,446
30,1785,445
30,1804,436
