1,53,727
1,60,724
1,45,715
1,43,721
1,30,731
1,10,728
1,13,718
1,13,695
1,31,872
1,65,785
1,74,779
1,13,769
1,12,761
1,181,751
1,174,743
1,237,741
1,232,727
1,216,721
1,220,724
1,252,713
1,284,739
1,278,758
1,288,751
1,360,741
1,362,734
1,385,718
1,395,708
1,328,755
1,139,678
1,200,675
1,441,670
1,414,760
1,438,746
1,439,760
1,446,753
1,464,765
1,465,756
1,472,756
1,564,719
1,569,730
1,571,727
1,608,727
1,605,734
1,665,766
1,668,758
1,747,757
1,739,713
1,774,712
1,776,722
1,798,719
1,780,749
1,857,717
1,918,719
1,938,741
1,964,721
1,966,728
1,975,703
1,977,716
1,1007,717
1,1001,743
1,1067,709
1,1103,720
1,1144,694
1,1143,702
1,1184,674
1,1179,659
1,1205,655
1,1234,721
1,1171,765
1,1065,737
1,1105,748
1,1157,755
1,1050,764
1,1061,757
1,1099,762
1,1033,780
1,1036,769
1,1053,774
1,787,764
1,794,767
1,882,764
1,736,737
1,736,745
1,673,743
1,594,766
1,594,759
1,497,760
1,507,751
1,547,756
1,547,746
1,1017,687
1,1150,664
1,1201,621
1,1246,633
1,1231,573
1,1243,581
1,1264,581
1,1270,557
1,1275,562
1,1316,573
1,1318,580
1,1192,624
1,1240,488
1,1250,491
1,1251,478
1,1264,533
1,1250,432
1,1275,448
1,1285,441
1,1305,514
1,1310,522
1,1297,392
1,1314,649
1,1300,773
1,1313,781
1,1486,711
1,1497,720
1,1469,748
1,1535,672
1,1549,690
1,1569,723
1,1572,730
1,1583,739
1,1543,633
1,1524,635
1,1639,700
1,1645,646
1,1620,722
1,1649,744
1,1678,735
1,1671,682
1,1677,689
1,1725,627
1,1739,636
1,1747,772
1,1732,767
1,1745,759
1,1783,983
1,1782,885
1,1539,335
1,1546,344
1,1537,354
1,1562,360
1,1325,344
1,1326,355
1,1322,348
1,44,357
1,139,371
1,142,377
1,205,353
1,408,493
1,484,374
1,488,371
1,496,382
1,732,348
1,752,403
1,869,398
1,825,477
1,830,455
1,832,432
1,846,417
1,838,411
1,829,401
1,837,486
1,840,480
1,849,474
1,856,468
1,867,463
1,872,457
1,879,449
1,888,441
1,904,429
1,916,414
1,929,407
1,945,392
1,914,379
1,919,360
1,915,352
1,940,371
1,940,363
1,1020,353
1,1019,344
1,1165,354
1,1163,337
1,1254,368
1,1279,348
1,966,360
1,963,366
1,980,363
1,986,374
1,948,339
1,948,348
1,957,354
1,975,342
1,970,349
2,53,726
2,60,723
2,44,714
2,43,721
2,29,730
2,10,727
2,19,731
2,17,707
2,32,867
2,65,784
2,74,778
2,13,769
2,12,761
2,175,752
2,169,745
2,228,742
2,224,729
2,223,720
2,227,724
2,256,713
2,278,739
2,284,759
2,293,750
2,353,740
2,355,733
2,381,717
2,391,708
2,336,755
2,139,678
2,200,675
2,441,670
2,422,757
2,446,744
2,444,760
2,449,753
2,467,766
2,468,756
2,479,760
2,562,719
2,567,731
2,569,728
2,602,726
2,600,734
2,658,765
2,660,760
2,738,758
2,732,713
2,768,711
2,770,721
2,789,716
2,772,751
2,847,716
2,911,719
2,928,740
2,956,721
2,958,728
2,966,702
2,967,715
2,997,719
2,995,747
2,1058,710
2,1095,720
2,1137,694
2,1136,702
2,1177,678
2,1174,664
2,1201,661
2,1229,720
2,1174,765
2,1073,735
2,1109,745
2,1159,750
2,1055,764
2,1066,757
2,1107,761
2,1033,780
2,1036,769
2,1053,774
2,787,764
2,794,767
2,882,764
2,742,737
2,742,745
2,679,743
2,599,767
2,599,759
2,501,761
2,510,752
2,551,756
2,552,746
2,1016,687
2,1157,662
2,1201,622
2,1241,639
2,1229,579
2,1240,587
2,1261,587
2,1267,563
2,1273,568
2,1310,577
2,1312,583
2,1192,624
2,1239,496
2,1250,498
2,1253,486
2,1265,526
2,1243,426
2,1274,440
2,1284,434
2,1305,511
2,1310,518
2,1299,401
2,1314,647
2,1299,773
2,1315,780
2,1490,720
2,1505,718
2,1479,752
2,1537,672
2,1554,692
2,1561,724
2,1563,730
2,1577,735
2,1544,635
2,1528,633
2,1632,698
2,1647,647
2,1629,725
2,1645,744
2,1686,739
2,1669,684
2,1676,690
2,1728,623
2,1744,632
2,1745,768
2,1732,767
2,1755,763
2,1782,988
2,1783,891
2,1534,335
2,1541,344
2,1532,353
2,1557,360
2,1314,348
2,38,356
2,146,370
2,149,376
2,209,352
2,407,496
2,484,374
2,489,371
2,496,381
2,723,349
2,744,404
2,862,396
2,826,470
2,833,450
2,835,428
2,850,414
2,842,408
2,838,394
2,816,496
2,837,486
2,840,480
2,848,474
2,856,468
2,867,463
2,872,456
2,879,448
2,888,441
2,903,429
2,913,416
2,927,408
2,943,394
2,922,380
2,926,360
2,922,353
2,947,371
2,947,364
2,1027,352
2,1026,343
2,1156,355
2,1173,338
2,1263,369
2,1279,348
2,972,360
2,969,367
2,987,363
2,992,373
2,954,339
2,953,348
2,963,353
2,981,342
2,977,349
3,53,726
3,60,723
3,44,714
3,43,721
3,29,729
3,10,727
3,21,739
3,20,716
3,33,862
3,65,784
3,74,777
3,13,769
3,12,761
3,170,754
3,164,747
3,220,743
3,217,732
3,231,719
3,234,724
3,261,713
3,272,740
3,290,760
3,299,750
3,347,739
3,348,732
3,378,716
3,388,708
3,344,756
3,139,678
3,200,675
3,441,670
3,430,755
3,455,742
3,449,760
3,453,753
3,473,767
3,471,756
3,479,759
3,560,719
3,565,733
3,567,729
3,596,725
3,595,734
3,653,766
3,655,760
3,729,760
3,726,714
3,763,711
3,764,721
3,780,713
3,765,753
3,837,716
3,905,719
3,918,739
3,949,722
3,951,729
3,958,701
3,958,715
3,987,721
3,989,751
3,1049,711
3,1088,721
3,1130,695
3,1129,703
3,1170,683
3,1169,669
3,1197,667
3,1224,720
3,1177,765
3,1081,733
3,1113,743
3,1161,745
3,1060,765
3,1071,757
3,1116,760
3,1033,780
3,1036,769
3,1053,774
3,787,764
3,794,767
3,882,764
3,748,737
3,749,745
3,685,743
3,605,768
3,604,760
3,506,762
3,514,753
3,556,757
3,558,746
3,1016,687
3,1164,660
3,1202,623
3,1237,645
3,1227,586
3,1237,594
3,1258,594
3,1265,569
3,1271,575
3,1304,581
3,1306,587
3,1192,624
3,1239,505
3,1251,506
3,1255,494
3,1267,520
3,1237,421
3,1274,433
3,1284,427
3,1305,508
3,1310,515
3,1301,411
3,1314,645
3,1299,773
3,1318,780
3,1496,724
3,1511,716
3,1489,756
3,1540,673
3,1560,694
3,1554,726
3,1555,731
3,1571,731
3,1546,637
3,1533,631
3,1625,697
3,1650,649
3,1639,728
3,1641,745
3,1694,743
3,1667,687
3,1675,692
3,1731,619
3,1749,628
3,1743,764
3,1732,767
3,1782,994
3,1778,823
3,1785,897
3,1530,335
3,1536,344
3,1527,353
3,1553,361
3,1307,351
3,32,355
3,154,369
3,156,375
3,213,352
3,406,499
3,484,374
3,490,372
3,496,381
3,715,350
3,737,406
3,853,395
3,827,464
3,837,446
3,838,425
3,854,411
3,846,406
3,848,387
3,820,489
3,837,486
3,840,480
3,848,474
3,856,468
3,867,463
3,872,456
3,879,448
3,888,441
3,902,430
3,911,419
3,925,410
3,941,396
3,931,381
3,933,361
3,929,354
3,955,371
3,954,365
3,1035,351
3,1034,343
3,1148,356
3,1184,340
3,1272,370
3,1279,348
3,978,361
3,975,368
3,994,364
3,999,373
3,961,340
3,959,348
3,970,353
3,988,342
3,984,349
4,53,725
4,60,723
4,44,714
4,43,721
4,29,729
4,10,727
4,23,748
4,23,726
4,59,788
4,65,784
4,74,777
4,13,769
4,12,761
4,164,756
4,159,750
4,211,745
4,210,734
4,237,719
4,240,725
4,266,713
4,266,741
4,296,761
4,305,750
4,341,739
4,342,732
4,374,716
4,385,708
4,352,756
4,139,678
4,200,675
4,441,670
4,437,754
4,464,740
4,454,761
4,457,754
4,476,766
4,475,757
4,479,759
4,558,719
4,559,732
4,563,727
4,484,771
4,490,771
4,591,725
4,591,735
4,649,768
4,651,760
4,718,760
4,720,713
4,758,710
4,758,721
4,771,710
4,757,755
4,828,716
4,899,719
4,909,741
4,942,722
4,944,730
4,950,701
4,949,715
4,978,724
4,983,755
4,1040,713
4,1080,722
4,1123,696
4,1122,704
4,1164,688
4,1164,675
4,1193,674
4,1220,719
4,1180,765
4,1090,732
4,1118,741
4,1164,740
4,1065,765
4,1076,757
4,1125,759
4,1033,780
4,1036,769
4,1053,774
4,788,764
4,794,767
4,882,764
4,755,737
4,755,745
4,691,743
4,610,769
4,609,761
4,511,763
4,518,754
4,561,757
4,563,746
4,1016,688
4,1171,658
4,1203,625
4,1233,651
4,1225,593
4,1234,601
4,1256,600
4,1263,576
4,1269,581
4,1298,585
4,1300,591
4,1192,624
4,1239,513
4,1252,513
4,1257,502
4,1268,513
4,1230,415
4,1274,425
4,1283,420
4,1305,505
4,1310,512
4,1303,420
4,1314,644
4,1299,773
4,1316,778
4,1431,779
4,1502,729
4,1517,715
4,1499,760
4,1540,673
4,1566,697
4,1547,728
4,1547,732
4,1566,728
4,1546,639
4,1535,627
4,1618,696
4,1653,651
4,1646,730
4,1635,744
4,1700,748
4,1666,687
4,1674,693
4,1754,624
4,1738,758
4,1732,767
4,1780,998
4,1779,830
4,1787,904
4,1526,335
4,1531,345
4,1523,353
4,1549,362
4,1301,355
4,25,354
4,162,369
4,164,375
4,218,352
4,484,374
4,491,373
4,496,381
4,707,351
4,730,407
4,845,394
4,829,458
4,841,442
4,841,422
4,858,408
4,850,404
4,858,380
4,825,482
4,837,486
4,840,480
4,848,474
4,856,468
4,867,463
4,872,456
4,880,448
4,889,442
4,901,431
4,909,422
4,923,412
4,940,399
4,940,382
4,940,362
4,937,355
4,960,370
4,959,364
4,1043,351
4,1042,343
4,1140,357
4,1195,342
4,1279,368
4,1279,348
4,984,362
4,982,369
4,1001,365
4,1006,373
4,967,341
4,965,349
4,976,353
4,995,343
4,992,350
5,53,725
5,60,722
5,44,714
5,44,721
5,28,728
5,10,727
5,26,757
5,23,735
5,60,779
5,65,784
5,75,776
5,13,769
5,12,761
5,159,758
5,154,752
5,202,746
5,201,735
5,244,719
5,247,726
5,270,714
5,260,741
5,302,762
5,311,750
5,333,737
5,334,732
5,371,715
5,382,709
5,357,756
5,139,678
5,200,675
5,442,670
5,445,751
5,472,740
5,459,761
5,460,754
5,479,765
5,476,755
5,479,759
5,553,719
5,558,729
5,561,728
5,486,768
5,492,770
5,585,725
5,586,735
5,644,766
5,648,761
5,708,760
5,715,712
5,752,710
5,752,721
5,763,707
5,750,758
5,818,715
5,893,719
5,901,743
5,934,723
5,937,731
5,942,700
5,939,714
5,968,725
5,978,759
5,1031,714
5,1073,723
5,1116,696
5,1115,705
5,1157,692
5,1157,678
5,1186,678
5,1215,719
5,1182,765
5,1097,728
5,1121,737
5,1165,733
5,1070,766
5,1081,758
5,1134,758
5,1033,780
5,1036,769
5,1053,774
5,788,764
5,795,767
5,882,764
5,761,738
5,762,745
5,697,743
5,616,770
5,614,762
5,516,765
5,522,755
5,566,758
5,569,746
5,1016,688
5,1178,657
5,1202,625
5,1226,654
5,1223,600
5,1231,607
5,1253,607
5,1261,582
5,1267,588
5,1292,589
5,1294,595
5,1192,624
5,1239,522
5,1253,521
5,1260,511
5,1270,507
5,1224,410
5,1274,418
5,1283,414
5,1304,501
5,1308,507
5,1305,430
5,1314,644
5,1299,774
5,1314,777
5,1426,771
5,1506,732
5,1524,715
5,1508,760
5,1541,674
5,1574,699
5,1538,726
5,1538,731
5,1559,726
5,1547,641
5,1538,623
5,1609,695
5,1653,652
5,1653,733
5,1629,744
5,1707,753
5,1665,687
5,1673,694
5,1733,752
5,1732,767
5,1780,1002
5,1780,837
5,1786,910
5,1521,336
5,1526,345
5,1518,352
5,1545,362
5,1457,375
5,1294,357
5,19,353
5,167,367
5,170,373
5,223,352
5,485,374
5,492,374
5,496,381
5,699,352
5,723,409
5,838,394
5,829,451
5,844,435
5,844,418
5,863,406
5,854,402
5,868,374
5,827,475
5,837,486
5,840,480
5,848,474
5,856,468
5,868,463
5,873,456
5,880,448
5,888,442
5,900,433
5,908,424
5,920,414
5,938,401
5,948,382
5,945,361
5,943,354
5,966,369
5,965,363
5,1050,350
5,1050,343
5,1132,358
5,1204,341
5,1287,366
5,1279,348
5,989,362
5,987,370
5,1009,366
5,1013,373
5,974,341
5,971,349
5,983,353
5,1002,343
5,999,350
6,53,724
6,60,721
6,44,714
6,44,721
6,28,727
6,10,727
6,26,766
6,24,744
6,60,770
6,65,783
6,75,775
6,13,769
6,12,761
6,154,760
6,149,754
6,194,747
6,193,737
6,251,719
6,254,727
6,275,714
6,254,742
6,308,763
6,317,750
6,325,736
6,327,732
6,367,715
6,378,708
6,362,756
6,139,678
6,200,675
6,442,671
6,453,748
6,480,741
6,465,761
6,464,755
6,483,765
6,477,754
6,479,759
6,548,719
6,557,727
6,560,729
6,487,768
6,493,770
6,580,726
6,581,736
6,643,766
6,647,758
6,698,759
6,709,712
6,747,709
6,746,721
6,754,705
6,742,757
6,808,715
6,887,719
6,892,745
6,927,723
6,930,732
6,934,700
6,930,714
6,959,726
6,973,763
6,1022,715
6,1065,723
6,1109,697
6,1108,706
6,1150,696
6,1150,681
6,1179,682
6,1211,718
6,1185,765
6,1105,724
6,1124,733
6,1167,727
6,1076,767
6,1086,758
6,1143,757
6,1033,780
6,1036,769
6,1053,774
6,788,764
6,795,767
6,882,764
6,768,738
6,768,745
6,703,743
6,621,771
6,619,763
6,520,765
6,526,755
6,571,757
6,573,746
6,1016,689
6,1185,655
6,1202,625
6,1219,658
6,1221,607
6,1228,614
6,1250,613
6,1259,589
6,1266,595
6,1287,593
6,1288,599
6,1192,624
6,1238,529
6,1251,528
6,1258,518
6,1271,500
6,1216,404
6,1274,411
6,1282,407
6,1304,498
6,1306,503
6,1307,439
6,1314,644
6,1299,774
6,1313,775
6,1422,764
6,1511,736
6,1531,715
6,1518,761
6,1541,675
6,1582,701
6,1529,724
6,1530,731
6,1553,724
6,1546,641
6,1542,621
6,1600,694
6,1654,653
6,1657,737
6,1622,742
6,1712,758
6,1665,687
6,1672,695
6,1727,748
6,1732,767
6,1781,1007
6,1782,844
6,1786,916
6,1517,336
6,1521,346
6,1514,352
6,1541,363
6,1452,372
6,1288,359
6,13,352
6,173,366
6,176,372
6,228,352
6,485,374
6,493,375
6,496,380
6,691,353
6,715,411
6,830,395
6,829,444
6,848,429
6,847,415
6,865,402
6,857,398
6,879,371
6,829,468
6,815,496
6,837,486
6,840,480
6,848,474
6,856,468
6,868,463
6,873,456
6,880,448
6,888,442
6,899,435
6,908,426
6,918,416
6,936,404
6,957,382
6,951,361
6,950,354
6,972,368
6,971,362
6,1058,350
6,1058,342
6,1124,360
6,1214,340
6,1295,364
6,1279,348
6,995,363
6,993,371
6,1014,364
6,1019,370
6,980,342
6,977,349
6,990,353
6,1009,343
6,1007,351
7,53,724
7,60,721
7,43,714
7,44,721
7,28,727
7,10,727
7,27,774
7,26,752
7,63,762
7,65,783
7,75,775
7,13,769
7,12,761
7,149,762
7,143,758
7,186,749
7,184,738
7,257,719
7,260,727
7,280,714
7,248,743
7,313,761
7,323,749
7,319,739
7,320,733
7,363,715
7,374,707
7,368,756
7,139,678
7,200,675
7,442,671
7,461,746
7,489,742
7,466,761
7,464,754
7,485,763
7,479,752
7,479,759
7,543,717
7,556,727
7,557,731
7,494,763
7,495,769
7,575,727
7,576,737
7,640,764
7,640,757
7,689,758
7,703,712
7,742,709
7,741,721
7,745,703
7,734,757
7,799,715
7,881,719
7,884,747
7,920,724
7,923,733
7,926,699
7,921,714
7,949,728
7,969,767
7,1013,716
7,1058,724
7,1102,698
7,1101,707
7,1144,701
7,1144,685
7,1172,687
7,1206,718
7,1188,765
7,1113,721
7,1127,729
7,1169,721
7,1081,767
7,1090,758
7,1152,756
7,1033,780
7,1036,769
7,1053,774
7,789,764
7,795,767
7,882,764
7,774,738
7,775,745
7,709,743
7,627,773
7,624,764
7,524,765
7,530,756
7,576,757
7,578,746
7,1016,689
7,1192,653
7,1202,626
7,1213,661
7,1219,614
7,1226,621
7,1248,620
7,1255,594
7,1262,599
7,1280,595
7,1282,601
7,1192,624
7,1237,537
7,1249,536
7,1257,526
7,1272,493
7,1208,398
7,1274,404
7,1281,400
7,1304,488
7,1308,495
7,1310,449
7,1314,644
7,1299,774
7,1313,773
7,1418,757
7,1517,739
7,1538,714
7,1526,761
7,1539,676
7,1588,703
7,1521,722
7,1522,729
7,1547,723
7,1545,641
7,1546,620
7,1591,693
7,1655,655
7,1662,741
7,1615,741
7,1718,763
7,1664,687
7,1671,697
7,1721,744
7,1732,767
7,1782,1012
7,1782,849
7,1784,922
7,1513,336
7,1516,346
7,1509,352
7,1537,364
7,1448,370
7,1281,359
7,179,365
7,182,370
7,232,352
7,485,374
7,493,374
7,497,380
7,683,354
7,708,412
7,823,397
7,832,437
7,854,425
7,851,412
7,868,398
7,861,394
7,890,368
7,831,461
7,818,491
7,837,486
7,841,481
7,848,475
7,856,469
7,868,463
7,873,456
7,881,448
7,888,442
7,898,434
7,905,425
7,917,417
7,933,405
7,965,382
7,957,360
7,955,353
7,978,367
7,976,361
7,1066,349
7,1066,342
7,1116,361
7,1224,339
7,1303,362
7,1279,348
7,1001,364
7,999,373
7,1019,362
7,1025,368
7,987,343
7,983,350
7,998,356
7,1016,344
7,1014,351
8,54,723
8,60,720
8,43,714
8,44,721
8,28,726
8,10,726
8,28,782
8,28,760
8,66,754
8,65,783
8,75,774
8,13,769
8,12,761
8,144,765
8,138,763
8,177,750
8,176,740
8,264,719
8,266,727
8,285,714
8,242,743
8,318,760
8,330,749
8,312,740
8,313,733
8,359,714
8,371,706
8,375,754
8,139,678
8,200,675
8,442,671
8,468,744
8,498,743
8,467,762
8,464,754
8,486,762
8,486,748
8,480,759
8,538,716
8,554,727
8,557,731
8,495,761
8,497,770
8,569,728
8,570,738
8,638,762
8,635,754
8,680,760
8,696,714
8,735,709
8,734,721
8,736,701
8,726,757
8,789,714
8,874,718
8,874,748
8,913,725
8,916,734
8,918,699
8,912,714
8,940,729
8,964,772
8,1004,717
8,1050,725
8,1094,699
8,1093,708
8,1137,701
8,1136,688
8,1164,689
8,1202,718
8,1191,765
8,1121,717
8,1130,726
8,1172,714
8,1086,768
8,1095,758
8,1161,755
8,1033,780
8,1036,769
8,1053,774
8,789,764
8,795,767
8,882,764
8,780,738
8,782,745
8,716,743
8,631,770
8,529,765
8,534,756
8,582,757
8,583,747
8,1016,690
8,1199,652
8,1202,625
8,1206,665
8,1215,619
8,1221,626
8,1244,625
8,1251,599
8,1259,604
8,1274,598
8,1276,604
8,1192,624
8,1236,544
8,1248,543
8,1256,533
8,1274,486
8,1200,392
8,1275,397
8,1281,393
8,1303,487
8,1309,488
8,1311,457
8,1314,644
8,1299,775
8,1312,774
8,1389,619
8,1415,750
8,1523,742
8,1545,714
8,1534,761
8,1537,678
8,1595,705
8,1514,721
8,1514,727
8,1542,722
8,1544,641
8,1581,692
8,1656,656
8,1670,744
8,1611,741
8,1723,768
8,1664,687
8,1670,695
8,1714,742
8,1732,767
8,1783,1021
8,1783,854
8,1782,928
8,1509,337
8,1512,347
8,1505,352
8,1533,365
8,1444,368
8,1275,360
8,185,364
8,188,369
8,237,352
8,485,374
8,493,374
8,497,380
8,675,355
8,701,414
8,816,398
8,835,430
8,860,421
8,855,408
8,871,395
8,864,391
8,901,366
8,833,454
8,822,486
8,837,486
8,841,481
8,848,475
8,856,469
8,868,463
8,873,456
8,881,448
8,888,442
8,898,434
8,903,424
8,917,418
8,930,406
8,973,382
8,963,360
8,960,352
8,984,366
8,982,360
8,1074,349
8,1073,342
8,1108,362
8,1234,338
8,1311,360
8,1279,348
8,1008,363
8,1005,371
8,1026,360
8,1032,367
8,993,342
8,989,349
8,1003,355
8,1021,345
8,1021,350
9,54,723
9,60,720
9,43,714
9,45,721
9,27,725
9,10,726
9,29,790
9,28,768
9,69,746
9,66,783
9,76,774
9,13,769
9,12,761
9,169,752
9,168,742
9,270,718
9,272,727
9,288,711
9,236,744
9,323,758
9,337,749
9,305,741
9,306,734
9,355,715
9,382,753
9,139,678
9,200,675
9,443,671
9,478,743
9,505,746
9,468,762
9,464,754
9,488,761
9,490,749
9,480,758
9,533,715
9,553,726
9,555,729
9,500,757
9,499,768
9,564,729
9,565,739
9,632,761
9,631,749
9,671,759
9,691,713
9,728,710
9,728,722
9,727,700
9,718,757
9,779,713
9,867,716
9,865,749
9,905,724
9,907,733
9,909,699
9,902,714
9,931,731
9,995,718
9,1043,726
9,1087,700
9,1086,709
9,1130,702
9,1129,691
9,1156,692
9,1197,717
9,1193,764
9,1129,713
9,1134,723
9,1176,708
9,1091,768
9,1100,758
9,1170,754
9,1033,780
9,1036,769
9,1053,774
9,789,764
9,796,767
9,882,764
9,787,738
9,788,745
9,721,743
9,638,769
9,719,775
9,533,765
9,538,757
9,587,756
9,587,747
9,1016,689
9,1206,648
9,1202,625
9,1200,668
9,1212,624
9,1217,631
9,1241,631
9,1247,604
9,1255,609
9,1268,600
9,1271,607
9,1192,624
9,1235,552
9,1246,551
9,1255,541
9,1275,479
9,1192,388
9,1274,389
9,1280,386
9,1302,478
9,1308,480
9,1326,482
9,1312,465
9,1314,644
9,1299,775
9,1312,776
9,1395,622
9,1413,743
9,1530,744
9,1551,713
9,1543,761
9,1534,680
9,1602,707
9,1507,720
9,1506,725
9,1537,722
9,1543,641
9,1572,692
9,1657,657
9,1677,748
9,1603,740
9,1663,687
9,1670,694
9,1708,740
9,1732,767
9,1784,1030
9,1784,860
9,1782,932
9,1504,336
9,1506,346
9,1499,351
9,1528,364
9,1438,365
9,1268,359
9,189,362
9,197,364
9,242,353
9,486,374
9,493,373
9,497,380
9,667,356
9,809,400
9,838,423
9,866,417
9,860,405
9,874,392
9,868,389
9,913,365
9,835,448
9,820,478
9,837,486
9,841,481
9,818,492
9,848,475
9,856,469
9,869,463
9,874,456
9,881,448
9,888,442
9,898,434
9,904,426
9,916,418
9,929,407
9,982,383
9,969,360
9,966,352
9,990,365
9,988,359
9,1081,348
9,1081,342
9,1100,363
9,1319,356
9,1279,348
9,1015,363
9,1011,370
9,1034,359
9,1039,366
9,1000,342
9,995,349
9,1009,354
9,1026,346
9,1028,350
10,54,722
10,60,720
10,43,714
10,45,721
10,27,725
10,10,726
10,30,798
10,29,776
10,73,737
10,66,782
10,76,773
10,13,769
10,12,761
10,162,753
10,160,743
10,277,718
10,278,727
10,292,711
10,230,745
10,329,756
10,344,749
10,298,742
10,299,735
10,350,713
10,389,751
10,139,678
10,200,675
10,443,671
10,486,740
10,514,747
10,470,763
10,465,754
10,492,757
10,494,750
10,480,757
10,528,715
10,552,723
10,550,726
10,504,757
10,500,767
10,560,731
10,561,741
10,628,757
10,629,747
10,662,758
10,687,713
10,721,710
10,722,723
10,717,700
10,710,756
10,770,712
10,860,715
10,857,751
10,897,724
10,899,732
10,901,700
10,893,714
10,922,731
10,987,720
10,1036,727
10,1080,701
10,1079,710
10,1122,704
10,1121,693
10,1148,694
10,1193,717
10,1195,764
10,1137,710
10,1138,721
10,1180,702
10,1096,769
10,1105,758
10,1179,753
10,1033,780
10,1036,769
10,1053,774
10,789,764
10,796,767
10,882,764
10,793,738
10,795,745
10,727,743
10,646,768
10,725,773
10,538,765
10,542,757
10,593,756
10,592,748
10,1016,688
10,1211,646
10,1202,624
10,1193,672
10,1209,630
10,1213,636
10,1238,637
10,1243,609
10,1252,614
10,1262,603
10,1265,610
10,1192,624
10,1234,560
10,1245,559
10,1254,549
10,1277,473
10,1185,384
10,1273,382
10,1279,379
10,1302,469
10,1307,472
10,1324,477
10,1313,473
10,1314,644
10,1299,775
10,1313,778
10,1410,616
10,1401,625
10,1411,736
10,1537,746
10,1558,713
10,1553,761
10,1532,680
10,1607,709
10,1499,718
10,1498,723
10,1530,720
10,1543,641
10,1563,692
10,1659,659
10,1684,752
10,1596,739
10,1663,687
10,1669,693
10,1702,736
10,1732,767
10,1784,1032
10,1784,865
10,1785,1070
10,1782,936
10,1500,336
10,1501,345
10,1494,351
10,1523,364
10,1433,362
10,1261,359
10,1259,343
10,193,360
10,201,362
10,247,353
10,486,374
10,493,373
10,497,379
10,659,356
10,801,401
10,843,417
10,871,413
10,865,402
10,879,390
10,872,386
10,927,363
10,838,443
10,819,471
10,837,486
10,841,481
10,821,484
10,848,475
10,856,469
10,869,463
10,874,456
10,882,448
10,888,442
10,898,434
10,906,429
10,916,418
10,929,409
10,990,382
10,974,359
10,972,351
10,996,364
10,993,358
10,1089,348
10,1089,342
10,1091,363
10,1328,352
10,1279,348
10,1021,361
10,1018,368
10,1041,357
10,1045,364
10,1006,341
10,1001,349
10,1016,353
10,1033,344
10,1033,348
11,54,722
11,61,720
11,43,714
11,45,721
11,27,724
11,10,726
11,31,804
11,30,784
11,73,727
11,66,782
11,76,772
11,13,769
11,12,761
11,155,755
11,152,744
11,283,719
11,284,727
11,296,710
11,224,746
11,335,756
11,349,748
11,291,741
11,293,735
11,349,714
11,396,750
11,139,678
11,200,675
11,443,671
11,495,739
11,523,748
11,471,762
11,465,753
11,493,754
11,499,749
11,480,757
11,523,715
11,551,721
11,548,724
11,508,756
11,501,766
11,554,731
11,554,741
11,624,752
11,624,743
11,653,757
11,681,712
11,714,711
11,715,723
11,708,700
11,703,755
11,760,711
11,854,714
11,849,752
11,889,723
11,891,731
11,893,700
11,883,714
11,913,732
11,977,720
11,1028,726
11,1073,702
11,1072,711
11,1114,706
11,1114,696
11,1141,696
11,1188,716
11,1197,764
11,1144,706
11,1142,718
11,1185,698
11,1102,770
11,1111,759
11,1188,752
11,1033,780
11,1036,769
11,1053,774
11,790,764
11,796,767
11,882,764
11,800,738
11,801,745
11,733,743
11,653,768
11,731,771
11,542,765
11,546,758
11,598,756
11,597,748
11,1016,687
11,1216,640
11,1203,624
11,1187,676
11,1203,633
11,1206,639
11,1233,641
11,1240,615
11,1249,619
11,1256,606
11,1260,613
11,1192,624
11,1232,568
11,1243,564
11,1250,555
11,1278,465
11,1178,380
11,1272,375
11,1278,372
11,1302,460
11,1307,464
11,1323,472
11,1314,481
11,1314,645
11,1299,776
11,1315,780
11,1415,618
11,1407,628
11,1408,727
11,1543,748
11,1566,715
11,1563,761
11,1530,680
11,1613,712
11,1491,716
11,1490,721
11,1523,718
11,1542,641
11,1554,692
11,1660,660
11,1691,755
11,1589,737
11,1662,687
11,1669,692
11,1697,733
11,1732,767
11,1777,837
11,1785,1034
11,1784,871
11,1784,1066
11,1777,939
11,1495,336
11,1495,344
11,1488,351
11,1518,363
11,1428,360
11,1254,359
11,1254,344
11,197,358
11,206,360
11,252,353
11,486,374
11,493,372
11,497,379
11,651,357
11,793,402
11,848,411
11,877,409
11,870,399
11,885,386
11,875,384
11,939,362
11,841,437
11,818,464
11,837,486
11,841,481
11,825,476
11,848,475
11,856,469
11,869,463
11,874,456
11,882,448
11,888,442
11,898,434
11,905,428
11,916,419
11,928,409
11,998,380
11,980,359
11,978,350
11,1002,363
11,999,357
11,1097,348
11,1097,342
11,1083,364
11,1279,348
11,1028,360
11,1025,367
11,1048,355
11,1052,362
11,1012,340
11,1007,349
11,1023,352
11,1041,342
11,1039,346
12,54,721
12,61,719
12,42,714
12,45,721
12,27,724
12,10,726
12,33,810
12,32,793
12,71,717
12,66,782
12,76,772
12,13,769
12,12,761
12,149,756
12,145,746
12,290,721
12,292,728
12,301,710
12,219,747
12,342,756
12,355,748
12,284,741
12,286,736
12,347,712
12,402,749
12,139,678
12,200,675
12,443,671
12,505,739
12,531,751
12,473,762
12,465,753
12,497,754
12,505,749
12,480,758
12,519,713
12,550,719
12,547,723
12,508,756
12,501,766
12,549,732
12,548,741
12,620,747
12,620,739
12,643,760
12,676,712
12,707,711
12,709,724
12,698,700
12,695,754
12,751,710
12,847,713
12,840,754
12,881,723
12,883,730
12,885,701
12,874,714
12,904,733
12,968,720
12,1021,725
12,1066,703
12,1065,712
12,1106,709
12,1106,698
12,1134,698
12,1184,716
12,1199,764
12,1152,702
12,1146,715
12,1190,694
12,1106,770
12,1115,759
12,1197,751
12,1033,780
12,1036,769
12,1053,774
12,790,764
12,796,767
12,882,764
12,806,739
12,808,745
12,739,743
12,661,767
12,737,770
12,547,766
12,550,759
12,604,756
12,602,749
12,1016,686
12,1221,633
12,1202,624
12,1180,678
12,1197,636
12,1200,642
12,1229,646
12,1237,620
12,1245,624
12,1251,609
12,1255,616
12,1192,624
12,1231,577
12,1241,570
12,1246,562
12,1279,458
12,1171,376
12,1271,368
12,1278,365
12,1302,453
12,1308,456
12,1322,467
12,1316,489
12,1314,645
12,1298,776
12,1314,780
12,1421,621
12,1413,632
12,1406,719
12,1550,751
12,1574,718
12,1573,762
12,1528,680
12,1619,715
12,1484,714
12,1483,720
12,1516,716
12,1541,642
12,1546,693
12,1661,661
12,1699,759
12,1583,736
12,1662,687
12,1669,692
12,1691,731
12,1732,767
12,1783,824
12,1776,842
12,1785,1040
12,1785,877
12,1781,1060
12,1773,942
12,1491,336
12,1490,344
12,1483,351
12,1514,363
12,1423,358
12,1248,359
12,1249,345
12,196,358
12,206,359
12,257,354
12,486,374
12,493,372
12,497,379
12,643,357
12,785,403
12,854,405
12,883,406
12,873,396
12,892,382
12,879,382
12,952,362
12,846,433
12,818,457
12,837,486
12,842,482
12,826,467
12,848,475
12,856,469
12,869,463
12,874,456
12,882,448
12,888,442
12,898,434
12,905,428
12,915,419
12,927,410
12,1006,379
12,986,359
12,985,350
12,1008,363
12,1005,357
12,1104,350
12,1105,343
12,1075,364
12,1280,348
12,1035,359
12,1032,366
12,1056,353
12,1059,360
12,1018,340
12,1014,349
12,1030,351
12,1049,341
12,1045,345
13,54,721
13,62,719
13,42,714
13,46,721
13,25,718
13,10,726
13,34,817
13,35,801
13,48,794
13,70,710
13,58,787
13,66,782
13,77,771
13,13,769
13,12,761
13,6,628
13,140,761
13,137,749
13,296,723
13,299,730
13,305,709
13,213,749
13,349,755
13,361,748
13,277,741
13,279,737
13,343,711
13,409,748
13,139,678
13,200,675
13,444,671
13,510,738
13,538,749
13,474,762
13,465,752
13,499,750
13,511,750
13,480,759
13,513,713
13,547,716
13,546,720
13,508,756
13,501,766
13,544,732
13,543,740
13,616,744
13,615,737
13,634,762
13,670,714
13,701,712
13,703,725
13,689,701
13,688,753
13,741,709
13,840,712
13,832,755
13,873,723
13,875,729
13,877,702
13,865,714
13,895,734
13,959,720
13,1014,725
13,1059,704
13,1058,713
13,1098,711
13,1099,701
13,1127,700
13,1179,715
13,1201,764
13,1160,698
13,1150,712
13,1196,690
13,1111,771
13,1120,760
13,1206,750
13,1033,780
13,1036,769
13,1053,774
13,790,764
13,797,767
13,882,764
13,812,741
13,815,746
13,745,743
13,669,767
13,743,768
13,551,766
13,553,758
13,608,756
13,606,750
13,1017,686
13,1226,627
13,1202,624
13,1173,680
13,1192,640
13,1194,646
13,1225,651
13,1234,625
13,1241,630
13,1246,613
13,1251,620
13,1192,624
13,1230,584
13,1239,577
13,1242,567
13,1280,451
13,1161,373
13,1268,362
13,1276,359
13,1303,446
13,1309,448
13,1322,462
13,1319,498
13,1314,645
13,1298,776
13,1314,781
13,1424,624
13,1417,635
13,1402,710
13,1556,753
13,1581,719
13,1582,763
13,1526,681
13,1624,719
13,1475,712
13,1474,718
13,1509,714
13,1540,642
13,1538,694
13,1663,663
13,1707,762
13,1577,735
13,1658,687
13,1665,693
13,1685,729
13,1732,767
13,1783,830
13,1776,847
13,1786,1047
13,1784,882
13,1781,1053
13,1484,336
13,1484,344
13,1476,351
13,1509,363
13,1418,356
13,1242,359
13,1242,346
13,1297,345
13,1305,347
13,195,358
13,206,359
13,261,354
13,487,374
13,493,372
13,498,379
13,635,358
13,778,404
13,858,400
13,888,402
13,877,393
13,895,379
13,884,378
13,963,363
13,850,428
13,818,450
13,837,486
13,842,482
13,827,458
13,820,493
13,848,476
13,856,470
13,869,463
13,874,455
13,883,448
13,889,442
13,898,434
13,904,428
13,915,419
13,926,411
13,1012,377
13,992,358
13,991,349
13,1013,362
13,1010,356
13,1112,351
13,1112,343
13,1067,366
13,1280,348
13,1041,358
13,1036,364
13,1064,352
13,1065,359
13,1023,340
13,1020,349
13,1036,351
13,1054,340
13,1051,345
14,55,721
14,63,719
14,42,714
14,44,720
14,23,713
14,10,726
14,38,809
14,49,788
14,69,703
14,58,781
14,66,781
14,77,770
14,13,769
14,12,761
14,8,636
14,131,752
14,303,726
14,307,732
14,309,709
14,208,750
14,356,755
14,367,748
14,270,742
14,272,737
14,341,710
14,416,747
14,139,678
14,200,675
14,444,671
14,520,740
14,546,748
14,474,763
14,466,752
14,504,750
14,517,750
14,481,760
14,507,714
14,543,714
14,541,718
14,508,756
14,501,766
14,537,731
14,536,738
14,612,742
14,610,736
14,625,764
14,665,716
14,695,713
14,696,725
14,679,701
14,680,751
14,732,708
14,834,711
14,824,757
14,865,723
14,868,729
14,858,717
14,886,735
14,949,720
14,1007,724
14,1052,706
14,1051,715
14,1091,714
14,1092,704
14,1120,703
14,1175,715
14,1203,763
14,1167,693
14,1153,709
14,1201,686
14,1115,771
14,1124,760
14,1215,749
14,1033,780
14,1036,769
14,1053,774
14,790,764
14,797,767
14,882,764
14,818,741
14,821,746
14,751,743
14,675,767
14,749,767
14,555,766
14,556,757
14,612,757
14,611,751
14,1016,686
14,1229,621
14,1202,624
14,1167,683
14,1185,644
14,1187,650
14,1219,654
14,1231,631
14,1238,636
14,1242,617
14,1247,624
14,1192,624
14,1229,592
14,1238,585
14,1238,572
14,1281,444
14,1151,370
14,1265,356
14,1274,353
14,1304,440
14,1310,441
14,1322,457
14,1322,507
14,1314,645
14,1298,776
14,1314,781
14,1428,628
14,1422,638
14,1398,702
14,1563,756
14,1588,721
14,1591,764
14,1525,680
14,1630,723
14,1466,711
14,1466,716
14,1502,712
14,1539,643
14,1529,694
14,1663,664
14,1715,766
14,1571,734
14,1655,688
14,1662,694
14,1680,727
14,1732,767
14,1784,836
14,1777,852
14,1785,1051
14,1784,888
14,1782,1047
14,1478,337
14,1478,345
14,1470,352
14,1505,364
14,1414,355
14,1236,359
14,1235,347
14,1299,352
14,1306,354
14,195,358
14,207,359
14,266,354
14,487,374
14,493,372
14,498,379
14,625,358
14,770,405
14,863,396
14,894,398
14,881,390
14,898,376
14,889,374
14,975,364
14,855,424
14,818,443
14,837,486
14,842,482
14,830,450
14,824,486
14,848,476
14,856,470
14,869,463
14,874,455
14,883,448
14,889,442
14,898,434
14,904,428
14,915,420
14,926,412
14,1019,375
14,998,358
14,997,349
14,1018,362
14,1015,356
14,1119,353
14,1120,344
14,1060,369
14,1280,348
14,1047,357
14,1041,363
14,1072,352
14,1072,359
14,1029,341
14,1026,349
14,1042,351
14,1060,339
14,1058,345
15,54,718
15,61,717
15,42,714
15,43,720
15,17,707
15,7,723
15,50,779
15,58,775
15,66,781
15,77,770
15,13,769
15,12,761
15,11,644
15,122,756
15,310,728
15,315,734
15,313,711
15,202,751
15,361,755
15,372,748
15,334,763
15,263,743
15,266,738
15,339,710
15,422,745
15,139,678
15,200,675
15,444,671
15,527,743
15,554,744
15,473,763
15,467,752
15,509,750
15,523,750
15,481,761
15,501,715
15,536,713
15,535,718
15,488,765
15,508,756
15,501,766
15,530,730
15,530,737
15,606,740
15,604,733
15,613,766
15,662,715
15,689,714
15,689,725
15,669,702
15,672,750
15,723,707
15,826,711
15,816,757
15,857,722
15,859,729
15,846,717
15,876,733
15,940,720
15,1000,723
15,1045,706
15,1043,715
15,1083,716
15,1084,707
15,1113,707
15,1171,715
15,1205,763
15,1174,689
15,1156,706
15,1206,682
15,1120,772
15,1129,761
15,1224,748
15,1033,780
15,1036,769
15,1053,774
15,790,764
15,797,767
15,882,764
15,825,741
15,827,746
15,757,743
15,682,767
15,756,766
15,559,767
15,560,757
15,616,758
15,616,752
15,1016,686
15,1233,616
15,1202,624
15,1160,685
15,1179,648
15,1181,655
15,1213,658
15,1227,635
15,1233,641
15,1236,621
15,1239,628
15,1192,624
15,1226,599
15,1235,592
15,1234,579
15,1282,437
15,1142,368
15,1263,350
15,1272,347
15,1306,433
15,1312,434
15,1320,453
15,1325,516
15,1314,645
15,1298,777
15,1313,782
15,1431,631
15,1427,641
15,1570,759
15,1595,723
15,1600,765
15,1524,680
15,1636,728
15,1458,710
15,1458,714
15,1495,710
15,1538,643
15,1521,694
15,1664,665
15,1721,770
15,1565,733
15,1652,688
15,1658,695
15,1672,727
15,1732,767
15,1784,842
15,1778,858
15,1785,1056
15,1782,893
15,1781,1040
15,1472,338
15,1472,346
15,1464,352
15,1500,364
15,1407,355
15,1229,357
15,1228,347
15,1302,359
15,1307,361
15,194,359
15,206,359
15,271,354
15,487,374
15,493,372
15,498,379
15,616,358
15,762,406
15,868,392
15,900,394
15,885,387
15,902,374
15,894,370
15,987,365
15,860,419
15,819,436
15,835,488
15,842,482
15,833,443
15,829,479
15,848,476
15,856,470
15,869,463
15,874,455
15,883,448
15,889,442
15,898,434
15,904,428
15,914,420
15,925,413
15,1025,373
15,1004,358
15,1003,348
15,1023,362
15,1020,355
15,1127,354
15,1128,345
15,1052,373
15,1280,348
15,1052,357
15,1046,363
15,1078,351
15,1078,359
15,1035,341
15,1032,349
15,1048,351
15,1065,338
15,1065,345
16,53,716
16,59,715
16,42,714
16,42,720
16,11,701
16,5,720
16,49,772
16,57,769
16,66,781
16,77,769
16,13,769
16,12,761
16,16,650
16,6,628
16,115,758
16,317,729
16,322,735
16,317,713
16,197,753
16,366,755
16,377,748
16,327,760
16,256,743
16,259,739
16,335,710
16,429,744
16,139,678
16,200,675
16,445,672
16,535,746
16,562,744
16,473,763
16,469,752
16,511,750
16,529,754
16,481,762
16,494,714
16,529,713
16,531,719
16,488,762
16,508,756
16,501,766
16,523,729
16,524,737
16,601,739
16,599,731
16,603,769
16,659,718
16,683,715
16,683,725
16,659,703
16,664,748
16,712,706
16,819,710
16,806,756
16,849,722
16,851,730
16,851,706
16,836,718
16,866,732
16,931,720
16,993,723
16,1038,707
16,1036,716
16,1075,719
16,1076,710
16,1106,711
16,1166,714
16,1207,763
16,1182,685
16,1160,703
16,1211,679
16,1125,772
16,1134,761
16,1233,747
16,1033,780
16,1036,769
16,1053,774
16,791,764
16,798,767
16,882,764
16,832,742
16,834,747
16,763,743
16,689,767
16,762,767
16,561,766
16,562,757
16,620,759
16,621,752
16,1016,686
16,1236,611
16,1202,624
16,1154,688
16,1172,652
16,1175,659
16,1208,662
16,1223,640
16,1229,646
16,1231,625
16,1231,632
16,1192,624
16,1223,607
16,1233,600
16,1230,586
16,1283,430
16,1133,367
16,1308,427
16,1315,427
16,1318,447
16,1314,645
16,1298,777
16,1313,782
16,1435,635
16,1432,644
16,1575,761
16,1600,725
16,1608,765
16,1522,680
16,1642,731
16,1449,707
16,1449,713
16,1487,707
16,1538,643
16,1512,692
16,1664,666
16,1727,775
16,1559,732
16,1649,689
16,1655,696
16,1664,728
16,1732,767
16,1785,848
16,1775,865
16,1785,1061
16,1781,898
16,1778,1034
16,1466,339
16,1466,347
16,1458,353
16,1496,365
16,1223,356
16,1220,346
16,1304,365
16,1308,368
16,193,359
16,206,359
16,276,355
16,487,374
16,493,372
16,498,380
16,606,358
16,754,407
16,873,388
16,906,390
16,889,385
16,906,372
16,899,366
16,997,366
16,864,416
16,819,429
16,834,491
16,842,482
16,837,435
16,831,471
16,848,476
16,856,470
16,868,463
16,874,455
16,884,448
16,890,442
16,898,434
16,904,428
16,914,420
16,924,415
16,1032,372
16,1010,358
16,1010,348
16,1028,361
16,1026,355
16,1134,355
16,1135,345
16,1044,376
16,1280,348
16,1057,357
16,1052,364
16,1084,351
16,1085,360
16,1041,342
16,1038,349
16,1054,352
16,1071,338
16,1072,346
17,52,712
17,58,711
17,42,714
17,40,719
17,6,693
17,39,850
17,45,834
17,48,765
17,55,678
17,56,762
17,67,781
17,78,769
17,13,769
17,12,761
17,21,657
17,8,635
17,108,768
17,324,730
17,329,737
17,321,715
17,191,753
17,372,755
17,381,749
17,319,757
17,249,744
17,252,739
17,333,709
17,436,743
17,139,678
17,200,675
17,447,674
17,543,745
17,570,745
17,473,763
17,471,753
17,515,750
17,535,759
17,482,763
17,489,715
17,525,712
17,525,718
17,485,754
17,508,756
17,501,766
17,516,728
17,518,737
17,595,738
17,593,731
17,593,772
17,658,718
17,677,716
17,676,725
17,650,704
17,657,747
17,702,705
17,812,709
17,797,755
17,841,722
17,843,730
17,842,707
17,826,718
17,857,732
17,921,719
17,985,722
17,1031,707
17,1028,716
17,1067,721
17,1068,713
17,1099,715
17,1162,714
17,1209,763
17,1189,682
17,1163,700
17,1215,675
17,1129,773
17,1138,762
17,1242,746
17,1033,780
17,1036,769
17,1053,774
17,791,764
17,798,767
17,882,764
17,839,742
17,840,747
17,768,743
17,696,768
17,768,768
17,564,766
17,565,758
17,624,760
17,626,753
17,1016,686
17,1240,606
17,1202,624
17,1147,690
17,1166,656
17,1169,664
17,1202,667
17,1219,645
17,1225,652
17,1226,629
17,1224,636
17,1192,624
17,1221,615
17,1231,608
17,1227,594
17,1283,423
17,1125,367
17,1310,419
17,1318,419
17,1317,441
17,1314,646
17,1298,777
17,1313,783
17,1439,639
17,1437,648
17,1581,764
17,1606,728
17,1616,766
17,1521,681
17,1648,734
17,1440,705
17,1440,712
17,1480,704
17,1538,643
17,1503,691
17,1665,667
17,1552,731
17,1643,689
17,1650,696
17,1657,729
17,1732,767
17,1785,854
17,1775,870
17,1785,1065
17,1780,903
17,1780,1028
17,1459,339
17,1460,347
17,1451,353
17,1491,364
17,1217,354
17,1213,345
17,1302,371
17,1307,375
17,193,359
17,206,359
17,281,356
17,488,374
17,493,372
17,498,380
17,597,358
17,747,408
17,877,383
17,912,387
17,894,383
17,910,370
17,905,363
17,1008,368
17,869,413
17,819,423
17,825,496
17,843,483
17,841,428
17,834,463
17,848,476
17,856,470
17,868,463
17,873,455
17,884,448
17,890,442
17,898,434
17,904,428
17,914,420
17,924,414
17,1039,371
17,1015,358
17,1016,348
17,1033,361
17,1031,354
17,1142,357
17,1143,346
17,1036,378
17,1280,348
17,1061,355
17,1057,364
17,1093,353
17,1090,359
17,1048,344
17,1044,351
17,1061,349
17,1081,340
17,1079,345
18,51,709
18,57,708
18,41,712
18,39,718
18,46,757
18,50,671
18,55,755
18,67,777
18,77,765
18,13,769
18,12,761
18,26,664
18,11,641
18,332,731
18,336,738
18,325,717
18,185,753
18,377,755
18,386,749
18,312,754
18,243,745
18,245,740
18,333,708
18,441,742
18,139,678
18,200,675
18,449,676
18,551,745
18,578,747
18,472,764
18,473,753
18,520,751
18,537,762
18,482,763
18,485,716
18,519,712
18,520,717
18,482,749
18,508,756
18,501,766
18,510,727
18,511,737
18,590,737
18,588,731
18,655,721
18,672,717
18,670,725
18,640,704
18,649,744
18,692,704
18,805,708
18,788,755
18,833,722
18,835,730
18,833,707
18,816,718
18,851,732
18,912,719
18,978,722
18,1024,708
18,1021,716
18,1060,724
18,1061,716
18,1092,720
18,1157,713
18,1212,763
18,1196,680
18,1167,697
18,1220,672
18,1134,773
18,1143,762
18,1251,745
18,1033,780
18,1036,769
18,1053,774
18,791,764
18,798,767
18,882,764
18,846,742
18,846,748
18,774,743
18,702,767
18,774,769
18,567,766
18,568,759
18,628,762
18,631,754
18,1016,687
18,1244,601
18,1202,624
18,1140,693
18,1159,659
18,1163,667
18,1195,669
18,1214,650
18,1219,656
18,1218,632
18,1217,639
18,1192,624
18,1218,621
18,1228,612
18,1224,602
18,1284,416
18,1117,367
18,1312,412
18,1321,412
18,1317,436
18,1314,646
18,1298,778
18,1313,782
18,1443,643
18,1440,652
18,1587,765
18,1611,731
18,1625,767
18,1522,679
18,1655,738
18,1431,703
18,1432,712
18,1473,702
18,1538,643
18,1494,687
18,1665,668
18,1546,729
18,1638,689
18,1645,697
18,1652,726
18,1732,767
18,1785,860
18,1775,875
18,1785,1071
18,1780,1023
18,1781,1038
18,1453,339
18,1454,347
18,1445,354
18,1486,364
18,1211,353
18,1207,344
18,1300,376
18,1306,381
18,192,360
18,206,359
18,286,357
18,488,374
18,493,372
18,498,381
18,588,358
18,739,409
18,881,379
18,917,384
18,899,381
18,915,367
18,909,360
18,1018,367
18,873,409
18,819,416
18,839,485
18,850,421
18,836,456
18,848,476
18,856,470
18,867,463
18,873,455
18,884,448
18,890,442
18,898,434
18,904,429
18,914,420
18,924,414
18,1046,371
18,1021,358
18,1022,348
18,1038,361
18,1036,354
18,1149,358
18,1151,347
18,1028,377
18,1280,348
18,1065,354
18,1063,365
18,1102,355
18,1096,358
18,1055,339
18,1050,350
18,1066,350
18,1087,342
18,1084,347
19,47,705
19,53,704
19,36,708
19,35,713
19,45,750
19,46,663
19,53,748
19,65,774
19,77,762
19,13,769
19,12,761
19,32,670
19,13,647
19,7,654
19,339,732
19,343,740
19,329,720
19,179,756
19,383,756
19,392,750
19,305,753
19,236,745
19,239,741
19,326,708
19,446,741
19,139,678
19,200,675
19,451,679
19,559,745
19,586,749
19,472,764
19,475,754
19,524,752
19,540,765
19,482,763
19,478,716
19,514,711
19,515,716
19,478,744
19,508,756
19,501,766
19,505,727
19,505,737
19,585,736
19,583,731
19,653,721
19,667,718
19,663,725
19,631,705
19,641,742
19,682,703
19,798,707
19,779,755
19,826,723
19,827,730
19,824,708
19,806,719
19,842,730
19,903,718
19,970,722
19,1017,709
19,1014,717
19,1052,725
19,1053,717
19,1084,722
19,1153,713
19,1214,763
19,1204,678
19,1171,695
19,1225,669
19,1139,774
19,1148,763
19,1260,744
19,1033,780
19,1036,769
19,1053,774
19,791,764
19,798,767
19,882,764
19,853,743
19,853,748
19,779,743
19,708,767
19,780,770
19,570,765
19,572,758
19,632,762
19,635,753
19,1016,687
19,1244,594
19,1202,624
19,1133,696
19,1152,662
19,1157,671
19,1189,672
19,1210,656
19,1214,660
19,1211,635
19,1211,643
19,1192,624
19,1215,627
19,1226,616
19,1222,610
19,1285,409
19,1108,370
19,1315,404
19,1322,405
19,1315,429
19,1314,646
19,1298,778
19,1313,782
19,1447,647
19,1444,656
19,1593,767
19,1617,734
19,1635,768
19,1523,677
19,1662,740
19,1422,702
19,1424,710
19,1466,698
19,1538,643
19,1485,684
19,1666,669
19,1539,728
19,1632,690
19,1640,698
19,1646,729
19,1732,767
19,1786,866
19,1775,881
19,1784,1074
19,1780,1015
19,1781,1029
19,1447,339
19,1449,347
19,1438,354
19,1481,363
19,1204,352
19,1202,343
19,1300,384
19,1306,388
19,1325,508
19,192,360
19,206,359
19,292,358
19,488,374
19,493,373
19,498,381
19,580,356
19,731,410
19,886,374
19,923,381
19,904,379
19,921,364
19,914,358
19,1028,367
19,879,406
19,819,410
19,834,487
19,856,417
19,839,449
19,848,477
19,856,471
19,867,463
19,873,455
19,885,448
19,891,442
19,898,434
19,903,429
19,914,420
19,925,413
19,1050,370
19,1027,358
19,1027,348
19,1044,361
19,1042,354
19,1157,360
19,1159,348
19,1019,377
19,1280,348
19,1073,357
19,1069,362
19,1108,356
19,1103,359
19,1299,344
19,1059,338
19,1055,350
19,1072,349
19,1094,341
19,1090,347
20,43,702
20,49,701
20,32,704
20,32,709
20,42,743
20,41,656
20,51,741
20,64,771
20,76,759
20,13,769
20,12,761
20,38,677
20,17,652
20,9,663
20,88,761
20,347,734
20,350,742
20,333,723
20,173,759
20,388,756
20,397,748
20,298,751
20,230,746
20,231,742
20,321,709
20,452,740
20,139,678
20,200,675
20,455,681
20,567,743
20,594,750
20,472,764
20,474,754
20,529,754
20,544,767
20,482,763
20,471,716
20,509,711
20,511,715
20,472,743
20,508,756
20,501,766
20,498,727
20,498,737
20,580,736
20,578,731
20,648,722
20,663,719
20,656,726
20,622,706
20,633,740
20,671,702
20,791,706
20,771,755
20,818,723
20,819,730
20,815,709
20,796,719
20,834,728
20,894,718
20,963,721
20,1009,711
20,1005,719
20,1044,727
20,1045,719
20,1076,724
20,1149,713
20,1216,763
20,1209,673
20,1175,693
20,1229,664
20,1144,774
20,1152,763
20,1268,745
20,1033,780
20,1036,769
20,1053,774
20,791,764
20,798,767
20,882,764
20,859,743
20,859,749
20,785,743
20,715,767
20,786,771
20,573,765
20,576,757
20,636,763
20,640,753
20,1016,687
20,1245,588
20,1202,624
20,1126,699
20,1146,666
20,1151,675
20,1184,675
20,1204,659
20,1208,663
20,1203,638
20,1203,646
20,1192,624
20,1210,631
20,1223,623
20,1217,617
20,1285,402
20,1098,371
20,1319,397
20,1324,398
20,1316,424
20,1314,646
20,1298,778
20,1312,783
20,1451,652
20,1448,661
20,1598,768
20,1622,737
20,1643,768
20,1522,678
20,1669,742
20,1414,701
20,1416,708
20,1460,695
20,1538,643
20,1477,682
20,1666,670
20,1532,726
20,1627,690
20,1635,699
20,1638,728
20,1732,767
20,1785,872
20,1775,887
20,1779,1006
20,1780,1022
20,1441,339
20,1443,347
20,1432,355
20,1477,363
20,1198,351
20,1196,342
20,1300,392
20,1306,396
20,1321,504
20,191,360
20,205,359
20,297,358
20,488,374
20,493,373
20,498,381
20,573,354
20,723,411
20,891,371
20,930,379
20,909,377
20,925,361
20,918,355
20,1035,367
20,884,403
20,819,404
20,829,490
20,863,411
20,842,442
20,845,479
20,855,472
20,866,463
20,873,455
20,884,448
20,891,441
20,898,434
20,903,429
20,914,420
20,925,413
20,1056,371
20,1033,359
20,1033,348
20,1049,360
20,1047,353
20,1164,360
20,1165,350
20,1011,377
20,1280,348
20,1077,356
20,1075,362
20,1114,356
20,1110,361
20,1301,354
20,1291,344
20,1063,338
20,1061,350
20,1078,349
20,1102,341
20,1097,347
21,39,698
21,45,696
21,27,700
21,28,705
21,40,736
21,34,649
21,48,734
21,63,768
21,76,756
21,13,769
21,12,761
21,45,684
21,21,658
21,13,666
21,87,759
21,354,735
21,356,743
21,337,726
21,167,760
21,393,756
21,403,747
21,291,750
21,223,747
21,224,743
21,316,709
21,457,739
21,139,678
21,200,675
21,459,683
21,575,742
21,602,752
21,472,764
21,473,755
21,532,754
21,548,770
21,482,763
21,465,717
21,502,711
21,505,715
21,466,743
21,508,756
21,501,766
21,492,728
21,492,737
21,575,736
21,573,731
21,643,724
21,658,720
21,650,729
21,612,707
21,625,737
21,661,701
21,784,705
21,763,755
21,810,723
21,811,730
21,806,709
21,786,719
21,826,726
21,885,717
21,955,721
21,1001,709
21,997,717
21,1036,728
21,1037,720
21,1069,727
21,1144,712
21,1217,763
21,1215,668
21,1180,691
21,1233,659
21,1149,774
21,1157,763
21,1277,746
21,1033,780
21,1036,769
21,1053,774
21,791,764
21,798,767
21,882,764
21,866,743
21,866,749
21,790,743
21,721,767
21,792,772
21,576,764
21,580,756
21,640,764
21,645,752
21,1016,687
21,1245,582
21,1202,625
21,1119,702
21,1140,669
21,1144,678
21,1178,678
21,1198,662
21,1203,666
21,1196,642
21,1196,649
21,1192,624
21,1206,635
21,1220,631
21,1213,625
21,1285,396
21,1088,372
21,1320,390
21,1325,390
21,1317,420
21,1314,646
21,1298,779
21,1312,784
21,1456,656
21,1453,664
21,1603,770
21,1628,740
21,1651,768
21,1482,782
21,1522,680
21,1677,745
21,1406,700
21,1409,707
21,1454,692
21,1538,643
21,1469,681
21,1667,671
21,1526,725
21,1622,691
21,1630,700
21,1631,728
21,1732,767
21,1784,879
21,1775,893
21,1778,999
21,1780,1018
21,1749,766
21,1435,339
21,1438,347
21,1426,356
21,1472,362
21,1192,350
21,1190,342
21,1300,400
21,1306,403
21,1317,499
21,190,361
21,204,359
21,303,359
21,488,374
21,493,373
21,498,382
21,566,352
21,716,412
21,897,367
21,936,377
21,913,374
21,930,358
21,923,352
21,1042,367
21,890,399
21,820,399
21,826,492
21,869,406
21,845,436
21,843,482
21,855,474
21,865,464
21,873,455
21,883,448
21,891,441
21,898,434
21,903,429
21,914,420
21,925,412
21,1062,371
21,1038,359
21,1038,348
21,1054,360
21,1052,353
21,1171,361
21,1172,352
21,1002,377
21,1280,348
21,1082,356
21,1081,363
21,1120,356
21,1117,363
21,1257,353
21,1299,361
21,1293,349
21,1071,339
21,1066,349
21,1085,349
21,1107,342
21,1103,348
22,35,694
22,42,692
22,23,696
22,25,701
22,38,730
22,27,642
22,46,726
22,63,764
22,73,751
22,13,769
22,12,761
22,48,689
22,25,663
22,18,670
22,85,757
22,93,758
22,361,736
22,363,744
22,342,728
22,162,764
22,398,756
22,408,746
22,283,749
22,217,748
22,217,744
22,313,707
22,466,738
22,139,678
22,200,675
22,464,685
22,583,742
22,611,754
22,472,764
22,473,755
22,536,754
22,482,763
22,459,717
22,497,709
22,500,715
22,460,743
22,508,756
22,501,766
22,485,727
22,487,735
22,570,737
22,568,731
22,637,724
22,654,722
22,645,732
22,602,708
22,617,735
22,651,700
22,777,704
22,754,755
22,802,724
22,803,730
22,797,710
22,777,720
22,818,724
22,876,717
22,947,721
22,994,708
22,990,716
22,1028,730
22,1029,722
22,1061,729
22,1139,712
22,1219,763
22,1221,663
22,1185,689
22,1238,654
22,1154,775
22,1161,763
22,1285,747
22,1033,780
22,1036,769
22,1053,774
22,791,764
22,798,767
22,882,764
22,873,744
22,872,749
22,796,743
22,728,766
22,813,771
22,580,764
22,584,756
22,645,765
22,650,752
22,1016,688
22,1246,576
22,1202,625
22,1112,705
22,1134,672
22,1138,681
22,1172,682
22,1192,665
22,1198,669
22,1188,646
22,1189,652
22,1192,624
22,1199,639
22,1216,638
22,1209,630
22,1286,390
22,1079,374
22,1321,383
22,1326,383
22,1317,414
22,1314,646
22,1298,778
22,1312,783
22,1461,660
22,1458,667
22,1608,771
22,1634,743
22,1659,769
22,1490,782
22,1522,680
22,1683,747
22,1397,700
22,1401,706
22,1444,687
22,1538,643
22,1461,679
22,1667,672
22,1519,724
22,1616,692
22,1624,701
22,1624,727
22,1732,767
22,1784,886
22,1776,992
22,1780,1012
22,1773,833
22,1745,760
22,1429,339
22,1432,347
22,1418,355
22,1467,362
22,1186,349
22,1184,341
22,1301,408
22,1305,410
22,1313,495
22,190,361
22,203,360
22,309,360
22,488,374
22,493,373
22,498,382
22,559,350
22,708,413
22,904,365
22,943,375
22,918,372
22,935,355
22,927,349
22,1049,367
22,895,396
22,820,393
22,821,492
22,876,402
22,849,430
22,839,484
22,853,475
22,863,466
22,873,456
22,883,449
22,892,441
22,898,434
22,903,429
22,914,420
22,926,412
22,1069,371
22,1044,359
22,1044,349
22,1059,359
22,1058,352
22,1178,361
22,1178,354
22,994,379
22,1281,349
22,1087,356
22,1088,364
22,1127,357
22,1124,365
22,1253,358
22,1298,368
22,1295,354
22,1079,340
22,1071,349
22,1093,349
22,1113,344
22,1110,349
23,31,689
23,37,687
23,19,692
23,18,697
23,34,723
23,21,635
23,42,720
23,63,761
23,70,747
23,13,769
23,12,761
23,51,695
23,29,667
23,23,674
23,84,755
23,93,754
23,368,738
23,370,746
23,346,731
23,404,757
23,417,749
23,276,748
23,209,751
23,210,745
23,311,706
23,469,738
23,139,678
23,200,675
23,468,687
23,592,742
23,619,756
23,472,764
23,472,755
23,540,754
23,483,763
23,453,717
23,493,708
23,494,712
23,453,742
23,508,756
23,501,766
23,479,727
23,482,734
23,565,738
23,564,731
23,632,725
23,648,723
23,638,732
23,593,709
23,610,733
23,641,699
23,771,704
23,746,755
23,793,724
23,795,730
23,789,710
23,768,720
23,809,720
23,866,716
23,939,720
23,987,707
23,983,715
23,1020,732
23,1021,724
23,1054,732
23,1134,712
23,1221,764
23,1224,655
23,1188,687
23,1240,648
23,1159,775
23,1166,763
23,1294,748
23,1033,780
23,1036,769
23,1053,774
23,791,764
23,798,767
23,882,764
23,879,744
23,878,750
23,801,743
23,734,766
23,818,768
23,584,764
23,588,756
23,649,765
23,655,751
23,1016,688
23,1247,570
23,1202,625
23,1104,706
23,1128,675
23,1131,684
23,1166,685
23,1187,668
23,1193,672
23,1181,650
23,1182,656
23,1192,624
23,1193,644
23,1212,645
23,1205,635
23,1284,384
23,1072,376
23,1321,375
23,1327,375
23,1317,408
23,1314,647
23,1299,778
23,1312,782
23,1467,664
23,1463,671
23,1613,772
23,1640,746
23,1667,770
23,1498,781
23,1521,680
23,1690,750
23,1389,701
23,1394,706
23,1437,683
23,1538,643
23,1454,675
23,1668,673
23,1512,724
23,1611,694
23,1618,702
23,1618,727
23,1732,767
23,1783,892
23,1780,1006
23,1774,828
23,1741,755
23,1423,339
23,1427,348
23,1411,355
23,1463,362
23,1180,348
23,1179,340
23,1300,414
23,1305,417
23,1320,471
23,1323,479
23,1308,491
23,189,361
23,202,360
23,314,359
23,488,374
23,493,373
23,498,383
23,552,348
23,700,414
23,910,362
23,949,372
23,923,370
23,940,353
23,932,346
23,1057,368
23,900,393
23,821,388
23,822,497
23,885,398
23,853,425
23,835,487
23,851,477
23,862,467
23,870,457
23,880,451
23,891,442
23,898,434
23,903,429
23,914,420
23,926,412
23,1076,369
23,1050,358
23,1049,349
23,1065,359
23,1063,352
23,1185,361
23,1185,355
23,985,380
23,1281,349
23,1093,357
23,1093,365
23,1134,359
23,1130,367
23,1253,362
23,1250,350
23,1298,372
23,1295,358
23,1082,340
23,1076,349
23,1098,350
23,1121,346
23,1117,350
24,27,685
24,32,683
24,13,687
24,14,693
24,30,717
24,15,628
24,38,714
24,63,758
24,67,743
24,13,769
24,12,761
24,54,700
24,33,672
24,28,679
24,82,753
24,92,750
24,99,759
24,221,762
24,375,739
24,377,747
24,350,734
24,409,757
24,421,749
24,269,747
24,202,754
24,203,747
24,309,705
24,475,739
24,139,678
24,200,675
24,473,690
24,599,743
24,627,758
24,472,764
24,472,755
24,544,755
24,481,764
24,447,717
24,486,708
24,489,712
24,446,741
24,508,756
24,501,766
24,472,726
24,478,733
24,560,739
24,559,732
24,626,724
24,643,724
24,632,732
24,583,709
24,602,732
24,631,699
24,764,704
24,736,758
24,785,724
24,786,730
24,780,711
24,758,720
24,800,717
24,857,715
24,932,719
24,980,707
24,976,715
24,1011,732
24,1012,724
24,1046,733
24,1130,713
24,1223,764
24,1227,647
24,1192,685
24,1243,643
24,1164,775
24,1170,763
24,1302,749
24,1033,780
24,1036,769
24,1053,774
24,791,764
24,798,767
24,882,764
24,885,744
24,885,750
24,807,743
24,741,766
24,824,766
24,588,764
24,592,757
24,654,765
24,660,751
24,1016,688
24,1248,564
24,1202,625
24,1097,708
24,1122,678
24,1125,687
24,1160,689
24,1181,672
24,1187,676
24,1173,653
24,1174,659
24,1192,624
24,1188,649
24,1208,651
24,1200,642
24,1283,378
24,1064,378
24,1322,368
24,1329,367
24,1317,403
24,1313,646
24,1300,777
24,1312,781
24,1471,667
24,1466,675
24,1619,774
24,1647,749
24,1676,771
24,1505,781
24,1521,683
24,1696,752
24,1431,680
24,1538,643
24,1446,671
24,1670,674
24,1505,723
24,1606,696
24,1612,703
24,1611,727
24,1732,767
24,1782,899
24,1780,1003
24,1775,824
24,1735,753
24,1422,351
24,1406,355
24,1457,363
24,1175,347
24,1173,339
24,1300,421
24,1305,424
24,1315,478
24,1322,485
24,1303,487
24,189,361
24,202,361
24,320,359
24,488,374
24,493,373
24,491,385
24,545,346
24,917,362
24,955,370
24,928,368
24,944,353
24,937,345
24,1066,369
24,906,390
24,819,382
24,890,393
24,858,420
24,830,489
24,848,479
24,861,469
24,867,458
24,878,454
24,890,444
24,898,434
24,903,430
24,914,420
24,926,411
24,1083,369
24,1056,358
24,1054,350
24,1070,358
24,1068,351
24,1192,359
24,1191,353
24,976,381
24,1281,349
24,1099,358
24,1099,366
24,1141,361
24,1136,369
24,1247,372
24,1244,357
24,1265,344
24,1258,345
24,1293,381
24,1293,367
24,1303,354
24,1291,352
24,1086,341
24,1082,349
24,1104,352
24,1129,348
24,1125,352
25,22,682
25,29,681
25,8,679
25,10,689
25,26,711
25,11,622
25,35,708
25,61,753
25,66,739
25,13,769
25,12,761
25,52,708
25,36,679
25,30,684
25,80,751
25,92,745
25,99,754
25,229,761
25,382,741
25,384,749
25,355,737
25,414,757
25,426,749
25,262,746
25,196,754
25,196,749
25,308,705
25,480,740
25,139,678
25,200,675
25,480,694
25,607,747
25,635,761
25,472,763
25,471,755
25,546,758
25,480,765
25,441,717
25,479,709
25,485,713
25,438,740
25,508,756
25,500,766
25,466,725
25,475,732
25,555,741
25,554,733
25,621,724
25,638,725
25,625,732
25,574,710
25,594,732
25,621,699
25,757,704
25,727,761
25,777,724
25,778,730
25,771,711
25,749,721
25,791,714
25,848,714
25,924,719
25,973,708
25,969,716
25,1002,732
25,1004,724
25,1038,734
25,1125,714
25,1225,764
25,1230,639
25,1196,683
25,1246,638
25,1169,776
25,1175,763
25,1311,750
25,1067,776
25,1033,780
25,1036,769
25,1053,774
25,791,764
25,798,767
25,882,764
25,890,745
25,891,751
25,813,743
25,747,766
25,829,766
25,592,764
25,597,757
25,658,765
25,665,751
25,1016,688
25,1249,558
25,1202,625
25,1090,710
25,1117,682
25,1119,691
25,1154,693
25,1176,676
25,1181,681
25,1165,657
25,1166,663
25,1192,624
25,1183,654
25,1204,657
25,1195,649
25,1282,372
25,1057,380
25,1324,362
25,1331,359
25,1316,396
25,1313,645
25,1300,777
25,1312,780
25,1476,671
25,1470,679
25,1625,775
25,1653,750
25,1682,772
25,1511,781
25,1519,682
25,1703,755
25,1424,676
25,1538,643
25,1439,666
25,1672,676
25,1499,723
25,1600,698
25,1606,705
25,1604,728
25,1732,767
25,1782,906
25,1777,1052
25,1778,997
25,1774,819
25,1729,750
25,1415,349
25,1401,354
25,1451,363
25,1168,346
25,1166,339
25,1300,427
25,1305,431
25,1310,485
25,1320,490
25,1299,483
25,188,362
25,201,361
25,326,359
25,488,374
25,493,374
25,483,388
25,538,344
25,923,361
25,962,368
25,933,366
25,949,353
25,943,345
25,1073,371
25,911,386
25,818,376
25,896,390
25,862,415
25,825,491
25,845,481
25,858,472
25,864,461
25,875,456
25,888,445
25,898,434
25,902,430
25,914,420
25,927,411
25,1090,368
25,1060,357
25,1058,349
25,1075,358
25,1074,351
25,1198,358
25,1197,351
25,967,383
25,1281,349
25,1106,359
25,1105,368
25,1148,364
25,1142,372
25,1246,374
25,1240,363
25,1264,350
25,1258,353
25,1292,387
25,1296,372
25,1305,362
25,1292,349
25,1291,362
25,1095,341
25,1088,349
25,1110,354
25,1133,349
25,1131,354
26,17,679
26,26,679
26,22,705
26,8,615
26,31,702
26,60,748
26,65,736
26,13,769
26,12,761
26,51,716
26,40,686
26,33,690
26,77,749
26,91,741
26,98,749
26,237,760
26,389,741
26,390,749
26,359,739
26,419,757
26,430,750
26,256,745
26,188,755
26,189,751
26,302,706
26,486,740
26,139,678
26,200,675
26,485,700
26,614,749
26,643,762
26,472,763
26,470,755
26,550,758
26,479,766
26,435,717
26,474,710
26,480,713
26,431,737
26,507,756
26,499,766
26,509,767
26,459,724
26,468,730
26,550,742
26,549,734
26,616,723
26,633,727
26,619,732
26,565,711
26,586,731
26,611,699
26,750,704
26,718,764
26,768,724
26,770,730
26,762,711
26,740,721
26,782,711
26,839,713
26,917,718
26,965,707
26,961,715
26,994,732
26,996,724
26,1031,735
26,1120,715
26,1227,765
26,1230,630
26,1199,679
26,1247,631
26,1176,778
26,1180,763
26,1320,751
26,1068,775
26,1033,780
26,1036,769
26,1053,774
26,791,764
26,798,767
26,882,764
26,896,745
26,897,751
26,818,743
26,754,766
26,835,766
26,596,764
26,601,758
26,663,765
26,670,751
26,1016,688
26,1250,552
26,1202,625
26,1083,712
26,1110,684
26,1112,693
26,1147,694
26,1171,680
26,1175,685
26,1157,661
26,1158,667
26,1192,624
26,1177,659
26,1198,662
26,1192,655
26,1278,368
26,1050,383
26,1317,394
26,1312,645
26,1301,776
26,1312,779
26,1481,675
26,1474,683
26,1632,777
26,1659,751
26,1689,773
26,1517,780
26,1518,682
26,1710,758
26,1417,672
26,1537,643
26,1432,662
26,1672,676
26,1492,722
26,1595,700
26,1600,707
26,1597,729
26,1732,767
26,1782,912
26,1777,1046
26,1777,990
26,1722,747
26,1446,364
26,1162,346
26,1160,338
26,1301,434
26,1306,437
26,1305,492
26,1318,496
26,1294,479
26,187,362
26,200,361
26,331,358
26,488,374
26,493,374
26,472,389
26,533,342
26,930,358
26,968,364
26,938,365
26,953,353
26,948,344
26,1081,372
26,917,383
26,817,370
26,902,384
26,867,411
26,824,493
26,841,485
26,856,475
26,862,464
26,873,458
26,886,446
26,898,434
26,902,430
26,914,420
26,927,410
26,1097,368
26,1064,356
26,1063,348
26,1081,358
26,1079,351
26,1205,356
26,1203,350
26,958,385
26,1281,349
26,1114,361
26,1113,369
26,1154,364
26,1147,374
26,1244,381
26,1237,370
26,1263,359
26,1258,362
26,1290,392
26,1300,377
26,1309,367
26,1295,355
26,1314,349
26,1293,369
26,1305,349
26,1104,341
26,1095,349
26,1117,357
26,1137,350
26,1137,357
27,18,699
27,27,696
27,59,743
27,64,733
27,13,769
27,12,761
27,50,724
27,43,693
27,36,695
27,74,746
27,90,735
27,97,743
27,245,759
27,396,742
27,396,750
27,364,741
27,424,757
27,435,750
27,249,743
27,180,756
27,183,753
27,296,708
27,492,740
27,139,678
27,200,675
27,489,707
27,621,752
27,652,764
27,472,763
27,469,755
27,555,759
27,478,767
27,429,718
27,470,711
27,477,715
27,422,735
27,507,756
27,499,766
27,509,766
27,454,724
27,461,730
27,545,743
27,545,736
27,609,723
27,627,725
27,613,731
27,556,712
27,578,731
27,601,699
27,743,703
27,709,767
27,760,724
27,762,730
27,753,712
27,731,721
27,772,708
27,830,712
27,909,718
27,957,706
27,954,714
27,985,732
27,988,725
27,1023,735
27,1115,717
27,1229,765
27,1230,621
27,1203,675
27,1249,624
27,1180,776
27,1184,762
27,1069,774
27,1033,780
27,1036,769
27,1053,774
27,791,764
27,798,767
27,882,764
27,902,746
27,904,752
27,824,743
27,760,767
27,840,766
27,600,764
27,606,759
27,668,765
27,675,751
27,1016,689
27,1251,546
27,1202,625
27,1076,714
27,1103,686
27,1105,696
27,1141,696
27,1166,684
27,1169,690
27,1149,665
27,1150,671
27,1192,624
27,1171,665
27,1192,668
27,1189,661
27,1277,362
27,1040,381
27,1321,388
27,1312,644
27,1302,776
27,1312,779
27,1486,679
27,1478,688
27,1639,779
27,1666,752
27,1696,774
27,1523,779
27,1525,786
27,1516,682
27,1715,761
27,1411,668
27,1537,643
27,1425,657
27,1672,677
27,1485,721
27,1590,702
27,1594,709
27,1590,727
27,1732,767
27,1782,918
27,1778,1057
27,1777,1040
27,1779,983
27,1716,744
27,1441,364
27,1156,346
27,1153,338
27,1303,440
27,1308,444
27,1300,499
27,1316,501
27,1289,475
27,187,362
27,199,362
27,336,357
27,488,374
27,493,374
27,462,390
27,936,355
27,974,361
27,944,364
27,958,354
27,954,344
27,1090,374
27,922,380
27,817,368
27,909,379
27,871,406
27,821,493
27,837,489
27,852,477
27,859,466
27,871,460
27,884,448
27,898,435
27,902,430
27,914,420
27,927,410
27,1104,366
27,1069,356
27,1068,348
27,1086,357
27,1085,350
27,1212,355
27,1209,348
27,951,387
27,1281,349
27,1120,361
27,1121,370
27,1161,365
27,1152,377
27,1241,389
27,1234,379
27,1263,366
27,1259,369
27,1287,399
27,1301,385
27,1309,375
27,1294,361
27,1318,356
27,1295,376
27,1308,359
27,1107,343
27,1098,351
27,1126,358
27,1148,354
27,1146,358
28,14,692
28,24,690
28,59,738
28,63,728
28,13,769
28,12,761
28,49,732
28,43,700
28,36,701
28,72,744
28,89,729
28,96,738
28,253,757
28,403,743
28,402,751
28,368,743
28,429,757
28,439,750
28,243,742
28,172,758
28,176,753
28,292,708
28,499,741
28,139,678
28,200,675
28,491,714
28,628,753
28,658,762
28,473,762
28,468,754
28,559,759
28,477,768
28,424,718
28,467,712
28,470,715
28,416,732
28,507,755
28,498,766
28,508,766
28,516,770
28,518,768
28,450,724
28,455,731
28,541,743
28,543,735
28,603,723
28,621,725
28,607,730
28,546,711
28,570,728
28,591,699
28,736,703
28,702,769
28,752,724
28,753,730
28,744,712
28,721,722
28,763,705
28,821,711
28,902,717
28,949,706
28,946,713
28,976,732
28,980,725
28,1015,735
28,1110,718
28,1231,766
28,1230,612
28,1206,671
28,1250,617
28,1184,775
28,1188,761
28,1167,780
28,1070,772
28,1033,780
28,1036,769
28,1053,774
28,791,764
28,798,767
28,882,764
28,909,747
28,910,752
28,829,743
28,767,768
28,842,766
28,578,764
28,584,757
28,673,763
28,647,749
28,1016,689
28,1252,541
28,1202,625
28,1069,716
28,1096,688
28,1099,699
28,1134,698
28,1161,689
28,1164,695
28,1141,669
28,1143,675
28,1192,624
28,1164,667
28,1184,672
28,1182,666
28,1277,357
28,1031,379
28,1322,383
28,1312,644
28,1302,776
28,1312,778
28,1490,682
28,1482,690
28,1645,779
28,1672,752
28,1700,776
28,1529,778
28,1531,785
28,1515,682
28,1720,765
28,1403,663
28,1537,643
28,1419,652
28,1673,678
28,1478,720
28,1790,820
28,1583,702
28,1587,709
28,1583,726
28,1732,767
28,1782,924
28,1779,1051
28,1778,1034
28,1782,976
28,1709,740
28,1436,364
28,1149,345
28,1147,337
28,1304,447
28,1309,450
28,1296,506
28,1311,506
28,1284,471
28,186,363
28,199,362
28,341,356
28,488,374
28,493,374
28,451,392
28,943,354
28,981,358
28,950,362
28,964,353
28,961,341
28,1102,374
28,928,377
28,818,366
28,916,374
28,875,401
28,819,493
28,833,489
28,849,479
28,856,467
28,869,461
28,880,450
28,896,436
28,902,430
28,914,420
28,928,410
28,1112,362
28,1073,355
28,1073,347
28,1091,357
28,1090,350
28,1218,353
28,1216,346
28,944,390
28,1281,349
28,1125,362
28,1126,372
28,1163,362
28,1158,379
28,1240,396
28,1231,388
28,1263,372
28,1261,377
28,1283,404
28,1304,389
28,1311,381
28,1293,364
28,1322,363
28,1297,382
28,1311,366
28,1115,339
28,1104,349
28,1130,359
28,1154,353
28,1150,357
29,11,686
29,20,683
29,59,733
29,62,723
29,13,769
29,12,761
29,47,739
29,44,706
29,36,706
29,69,741
29,87,723
29,95,733
29,261,755
29,410,744
29,408,753
29,373,745
29,435,758
29,444,751
29,236,742
29,165,759
29,170,754
29,289,708
29,504,742
29,139,678
29,200,675
29,491,723
29,636,755
29,665,761
29,473,762
29,467,754
29,563,759
29,476,769
29,417,717
29,461,713
29,464,718
29,408,732
29,507,755
29,498,766
29,508,766
29,515,765
29,518,761
29,444,724
29,448,731
29,537,744
29,541,735
29,597,723
29,615,725
29,601,730
29,536,710
29,562,726
29,581,699
29,729,702
29,691,772
29,743,724
29,745,730
29,736,713
29,712,722
29,753,702
29,812,711
29,895,717
29,942,705
29,939,713
29,968,732
29,972,725
29,1007,735
29,1105,719
29,1232,765
29,1231,604
29,1210,668
29,1252,610
29,1189,774
29,1193,760
29,1172,776
29,1071,771
29,1033,780
29,1036,769
29,1053,774
29,791,764
29,798,767
29,882,764
29,917,748
29,917,753
29,835,743
29,774,770
29,844,767
29,556,764
29,562,756
29,679,762
29,620,748
29,1016,689
29,1252,535
29,1202,625
29,1062,718
29,1089,690
29,1092,701
29,1128,699
29,1154,692
29,1157,698
29,1133,672
29,1135,678
29,1192,624
29,1157,669
29,1176,677
29,1176,671
29,1276,348
29,1022,378
29,1322,381
29,1396,616
29,1311,643
29,1302,776
29,1312,777
29,1494,686
29,1487,693
29,1651,779
29,1678,752
29,1696,777
29,1535,777
29,1538,784
29,1511,681
29,1725,769
29,1396,658
29,1537,643
29,1412,647
29,1673,679
29,1471,719
29,1791,825
29,1577,703
29,1581,710
29,1577,725
29,1732,767
29,1780,929
29,1781,1045
29,1778,1028
29,1784,969
29,1700,736
29,1431,364
29,1142,344
29,1141,336
29,1306,453
29,1311,456
29,1292,513
29,1306,511
29,1326,481
29,1279,467
29,186,363
29,198,363
29,9,384
29,346,356
29,488,374
29,493,374
29,435,392
29,559,456
29,650,424
29,948,350
29,986,355
29,955,360
29,969,352
29,967,340
29,1114,376
29,933,374
29,819,364
29,923,369
29,880,396
29,818,494
29,830,490
29,845,481
29,854,469
29,867,463
29,877,453
29,894,437
29,902,430
29,914,420
29,928,409
29,1120,358
29,1078,355
29,1078,346
29,1096,356
29,1095,349
29,1225,351
29,1222,345
29,938,394
29,1281,349
29,1132,365
29,1134,375
29,1169,362
29,1165,381
29,1241,403
29,1230,395
29,1263,377
29,1263,385
29,1279,409
29,1306,394
29,1310,386
29,1292,369
29,1323,367
29,1298,386
29,1312,374
29,1120,342
29,1108,348
29,1136,358
29,1159,354
29,1155,359
30,9,678
30,17,677
30,59,729
30,61,718
30,13,769
30,12,761
30,46,747
30,44,711
30,35,711
30,66,738
30,86,718
30,95,728
30,270,754
30,417,746
30,415,753
30,376,746
30,440,756
30,449,748
30,230,741
30,162,756
30,285,708
30,510,742
30,139,678
30,200,675
30,495,730
30,644,755
30,673,760
30,473,762
30,466,754
30,567,760
30,410,717
30,455,714
30,458,719
30,398,731
30,506,755
30,499,764
30,508,766
30,513,762
30,517,758
30,439,725
30,441,731
30,534,745
30,539,736
30,589,719
30,609,724
30,595,728
30,527,709
30,555,724
30,569,698
30,722,702
30,683,772
30,735,724
30,737,730
30,727,714
30,703,722
30,744,699
30,802,708
30,886,717
30,934,705
30,932,713
30,959,732
30,964,725
30,999,735
30,1100,721
30,1233,764
30,1232,596
30,1213,664
30,1252,604
30,1195,774
30,1197,759
30,1177,773
30,1150,778
30,1072,770
30,1033,780
30,1036,769
30,1053,774
30,791,764
30,798,767
30,882,764
30,922,746
30,924,753
30,840,743
30,846,767
30,535,764
30,541,755
30,684,761
30,593,747
30,1016,689
30,1252,529
30,1202,625
30,1054,719
30,1082,693
30,1085,704
30,1121,701
30,1148,695
30,1151,701
30,1126,675
30,1127,681
30,1192,624
30,1150,672
30,1169,682
30,1170,677
30,1014,377
30,1322,378
30,1402,624
30,1310,643
30,1302,776
30,1312,776
30,1499,690
30,1491,696
30,1655,777
30,1684,752
30,1620,768
30,1541,776
30,1544,783
30,1508,680
30,1729,773
30,1391,652
30,1537,643
30,1406,641
30,1673,680
30,1465,717
30,1792,832
30,1571,703
30,1574,711
30,1570,725
30,1732,767
30,1779,935
30,1781,1038
30,1778,1022
30,1785,962
30,1692,732
30,1427,365
30,1135,343
30,1135,335
30,1308,460
30,1313,463
30,1291,516
30,1298,517
30,1324,488
30,1273,462
30,185,363
30,197,363
30,17,383
30,10,387
30,351,355
30,488,374
30,493,374
30,420,392
30,550,458
30,643,426
30,953,349
30,992,352
30,960,358
30,975,351
30,974,340
30,1126,378
30,939,372
30,823,361
30,931,364
30,883,391
30,817,495
30,828,491
30,842,484
30,852,471
30,863,465
30,874,456
30,893,439
30,902,431
30,914,421
30,928,409
30,1126,355
30,1083,353
30,1083,346
30,1102,356
30,1101,349
30,1232,350
30,1228,343
30,932,399
30,1281,349
30,1137,366
30,1140,376
30,1171,365
30,1170,383
30,1241,410
30,1230,402
30,1265,386
30,1263,391
30,1275,415
30,1308,399
30,1313,392
30,1292,375
30,1327,372
30,1299,389
30,1313,380
30,1125,344
30,1113,348
30,1141,359
30,1164,354
30,1160,359
