1,210,74
1,207,59
1,1100,301
1,1094,291
1,1143,234
1,1145,239
1,1136,199
1,781,191
1,1062,299
1,835,196
1,639,205
1,578,242
1,576,236
1,575,227
1,546,223
1,437,242
1,256,74
1,256,118
1,264,98
1,256,110
1,267,111
1,281,120
1,255,135
1,252,148
1,264,155
1,265,149
1,276,158
1,270,164
1,281,143
1,284,147
1,291,180
1,287,169
1,277,177
1,265,198
1,255,200
1,265,211
1,284,213
1,280,310
1,272,325
1,278,325
1,412,335
1,10,991
1,9,980
1,6,974
1,5,1009
1,26,1020
1,49,1009
1,18,878
1,85,929
1,75,822
1,87,833
1,198,759
1,161,751
1,188,744
1,204,744
1,167,733
1,151,733
1,140,734
1,147,749
1,144,742
1,130,733
1,132,742
1,133,746
1,413,719
1,467,760
1,445,751
1,430,760
1,404,763
1,391,759
1,559,754
1,667,762
1,686,769
1,733,789
1,852,772
1,938,746
1,976,748
1,970,770
1,972,774
1,988,772
1,994,766
1,1053,770
1,1079,770
1,1076,794
1,1081,790
1,1100,817
1,1069,810
1,1142,815
1,1182,815
1,1150,912
1,1156,921
1,1162,924
1,1164,799
1,1194,897
1,1184,1064
1,1191,1073
1,1288,798
1,1242,798
1,1238,809
1,1184,775
1,1260,784
1,1288,772
1,1291,783
1,1387,791
1,1392,783
1,1416,785
1,1416,805
1,1482,779
1,1533,789
1,1566,802
1,1566,790
1,1482,791
1,1556,740
1,1546,742
1,1564,748
1,1573,748
1,1578,746
1,1590,749
1,1595,753
1,1608,750
1,1615,749
1,1584,760
1,1593,764
1,1598,764
1,1674,767
1,1704,775
1,1777,838
1,1776,821
1,1768,818
1,1767,835
1,1786,776
1,1913,801
1,1893,795
1,1857,795
1,1804,758
1,1688,739
1,1811,765
1,1814,769
1,1832,756
1,1853,743
1,1853,751
1,1875,768
1,1889,743
1,1906,744
1,1902,759
1,1795,867
1,1568,929
1,1479,869
1,460,922
1,131,522
1,217,343
1,345,351
1,354,351
2,212,72
2,207,59
2,1100,301
2,1094,290
2,1138,238
2,1140,243
2,1140,205
2,775,190
2,1062,299
2,835,196
2,644,205
2,573,242
2,570,236
2,569,227
2,541,225
2,431,244
2,257,81
2,255,116
2,264,98
2,258,109
2,267,111
2,281,120
2,255,134
2,252,148
2,263,155
2,265,149
2,276,160
2,269,167
2,280,143
2,284,147
2,291,180
2,290,171
2,277,177
2,265,198
2,255,200
2,265,211
2,284,213
2,279,309
2,272,325
2,278,325
2,412,334
2,10,991
2,9,980
2,6,974
2,5,1009
2,24,1024
2,49,1008
2,20,884
2,84,933
2,79,821
2,87,828
2,203,758
2,158,751
2,185,746
2,200,745
2,171,732
2,157,733
2,145,733
2,150,748
2,147,740
2,135,732
2,135,741
2,136,746
2,444,735
2,473,759
2,451,750
2,435,761
2,409,761
2,396,758
2,565,754
2,668,762
2,685,770
2,733,788
2,847,771
2,932,747
2,970,748
2,964,770
2,967,774
2,983,771
2,988,765
2,1058,772
2,1083,771
2,1076,794
2,1081,790
2,1100,817
2,1078,814
2,1071,814
2,1142,815
2,1182,815
2,1150,907
2,1156,914
2,1162,918
2,1167,797
2,1194,902
2,1184,1064
2,1191,1073
2,1248,797
2,1244,809
2,1190,777
2,1254,783
2,1284,771
2,1286,782
2,1383,793
2,1390,785
2,1410,785
2,1425,802
2,1474,779
2,1526,789
2,1574,802
2,1560,790
2,1477,789
2,1548,741
2,1565,747
2,1572,747
2,1578,746
2,1589,749
2,1595,752
2,1608,750
2,1614,750
2,1584,760
2,1592,764
2,1598,765
2,1667,768
2,1698,777
2,1776,832
2,1775,815
2,1769,813
2,1767,829
2,1788,775
2,1914,799
2,1895,794
2,1859,794
2,1798,760
2,1687,739
2,1817,764
2,1820,769
2,1824,755
2,1848,744
2,1848,751
2,1880,767
2,1883,744
2,1899,744
2,1898,759
2,1795,867
2,1576,929
2,1486,869
2,467,920
2,131,522
2,217,343
2,345,351
2,354,351
3,214,71
3,208,59
3,1100,301
3,1094,290
3,1134,242
3,1135,247
3,1145,211
3,769,190
3,1062,299
3,835,196
3,650,205
3,568,243
3,564,237
3,563,228
3,537,228
3,426,246
3,258,89
3,255,115
3,264,98
3,260,108
3,267,111
3,281,120
3,256,133
3,252,148
3,263,155
3,266,150
3,276,163
3,269,170
3,280,143
3,284,147
3,291,180
3,293,173
3,277,177
3,265,198
3,255,200
3,265,212
3,284,213
3,278,309
3,272,325
3,278,325
3,412,334
3,10,991
3,9,980
3,6,974
3,5,1009
3,22,1028
3,49,1007
3,23,890
3,84,937
3,49,1077
3,80,814
3,87,824
3,205,757
3,155,752
3,182,748
3,196,745
3,176,731
3,163,733
3,151,733
3,153,747
3,150,739
3,140,731
3,138,740
3,140,746
3,474,752
3,479,759
3,458,750
3,440,763
3,415,760
3,402,757
3,572,755
3,670,762
3,733,787
3,843,771
3,927,748
3,964,749
3,958,770
3,963,774
3,978,771
3,983,765
3,1062,774
3,1087,772
3,1076,794
3,1081,790
3,1101,817
3,1082,812
3,1079,813
3,1142,815
3,1182,815
3,1151,902
3,1157,907
3,1163,912
3,1173,796
3,1194,907
3,1184,1064
3,1191,1073
3,1254,797
3,1250,809
3,1197,780
3,1248,783
3,1280,771
3,1281,781
3,1384,786
3,1405,786
3,1430,801
3,1467,779
3,1520,789
3,1582,803
3,1555,790
3,1472,788
3,1550,740
3,1564,746
3,1572,747
3,1578,746
3,1589,749
3,1595,752
3,1608,750
3,1614,751
3,1584,760
3,1592,765
3,1599,766
3,1661,769
3,1688,768
3,1693,779
3,1775,827
3,1775,809
3,1770,808
3,1767,824
3,1791,774
3,1898,794
3,1862,794
3,1792,762
3,1687,739
3,1823,764
3,1826,770
3,1817,754
3,1843,745
3,1843,751
3,1885,768
3,1878,745
3,1893,745
3,1894,759
3,1795,867
3,1585,930
3,1494,870
3,474,919
3,131,522
3,217,343
3,345,351
3,354,351
4,216,70
4,208,59
4,1100,301
4,1095,290
4,1129,246
4,1131,251
4,1149,217
4,763,190
4,1062,299
4,835,196
4,657,204
4,563,244
4,558,237
4,558,228
4,533,230
4,421,248
4,258,88
4,254,114
4,264,98
4,263,108
4,268,111
4,282,120
4,257,132
4,253,148
4,263,156
4,266,151
4,275,163
4,269,169
4,280,144
4,284,147
4,291,180
4,296,175
4,277,177
4,265,198
4,255,200
4,265,213
4,284,213
4,277,308
4,272,325
4,278,325
4,412,334
4,10,991
4,9,980
4,6,974
4,5,1010
4,20,1032
4,49,1007
4,25,896
4,84,941
4,51,1072
4,82,807
4,87,817
4,151,753
4,179,750
4,193,746
4,178,729
4,169,733
4,157,733
4,156,746
4,154,738
4,145,730
4,141,739
4,144,746
4,505,769
4,485,759
4,465,750
4,445,765
4,420,759
4,408,756
4,578,756
4,671,762
4,733,786
4,839,771
4,921,749
4,958,749
4,952,771
4,959,775
4,973,771
4,978,765
4,1067,776
4,1092,774
4,1076,794
4,1081,790
4,1101,817
4,1090,811
4,1086,811
4,1142,815
4,1182,815
4,1151,897
4,1158,901
4,1163,906
4,1179,796
4,1194,912
4,1212,934
4,1184,1064
4,1191,1073
4,1260,797
4,1256,809
4,1204,782
4,1242,783
4,1276,771
4,1276,781
4,1400,787
4,1435,801
4,1459,779
4,1514,789
4,1590,803
4,1550,790
4,1467,787
4,1552,739
4,1564,746
4,1571,747
4,1578,746
4,1588,749
4,1596,751
4,1607,751
4,1614,752
4,1584,760
4,1592,766
4,1599,767
4,1654,770
4,1681,767
4,1688,781
4,1775,822
4,1774,803
4,1772,804
4,1767,819
4,1794,774
4,1900,793
4,1865,794
4,1786,764
4,1686,740
4,1829,764
4,1832,770
4,1809,753
4,1839,746
4,1839,752
4,1890,769
4,1873,746
4,1886,745
4,1890,759
4,1795,867
4,1593,930
4,1501,870
4,481,917
4,131,522
4,217,343
4,345,351
4,354,351
5,218,69
5,209,59
5,1100,301
5,1095,290
5,1125,250
5,1126,255
5,1152,221
5,758,190
5,1062,299
5,835,196
5,663,206
5,558,245
5,552,238
5,552,229
5,529,233
5,416,250
5,258,88
5,254,113
5,265,98
5,263,109
5,268,111
5,282,120
5,257,131
5,253,148
5,263,156
5,267,152
5,275,163
5,269,168
5,280,144
5,284,147
5,291,180
5,296,175
5,277,177
5,266,198
5,255,200
5,266,213
5,284,213
5,277,308
5,272,325
5,278,325
5,412,334
5,10,991
5,9,980
5,6,974
5,5,1010
5,17,1037
5,48,1006
5,28,902
5,83,945
5,54,1067
5,80,800
5,89,813
5,128,751
5,201,765
5,148,754
5,176,753
5,189,747
5,181,727
5,174,734
5,162,733
5,160,746
5,156,739
5,150,730
5,144,738
5,148,746
5,501,767
5,491,759
5,470,750
5,445,765
5,426,758
5,414,755
5,585,757
5,673,762
5,733,785
5,835,771
5,916,750
5,947,770
5,953,774
5,968,771
5,973,765
5,1072,776
5,1095,777
5,1076,794
5,1081,790
5,1102,817
5,1098,810
5,1094,810
5,1143,815
5,1182,815
5,1152,892
5,1158,894
5,1163,900
5,1185,796
5,1164,934
5,1192,916
5,1208,938
5,1185,1064
5,1191,1073
5,1266,796
5,1262,809
5,1211,785
5,1235,783
5,1270,770
5,1271,779
5,1394,788
5,1440,800
5,1452,779
5,1508,789
5,1598,804
5,1544,790
5,1462,785
5,1563,745
5,1571,746
5,1578,747
5,1588,749
5,1596,751
5,1606,753
5,1614,754
5,1584,760
5,1591,765
5,1600,769
5,1648,771
5,1673,767
5,1681,780
5,1774,817
5,1774,797
5,1772,798
5,1767,814
5,1796,773
5,1903,793
5,1867,794
5,1781,767
5,1686,740
5,1835,764
5,1838,771
5,1802,753
5,1833,746
5,1834,752
5,1895,770
5,1868,747
5,1880,746
5,1886,760
5,1795,867
5,1602,931
5,1509,871
5,488,916
5,131,522
5,217,343
5,345,351
5,354,351
6,220,68
6,209,59
6,1099,301
6,1095,289
6,1121,254
6,1122,260
6,1158,225
6,752,189
6,1062,299
6,835,196
6,669,207
6,553,246
6,546,238
6,546,229
6,522,235
6,410,252
6,258,88
6,254,112
6,265,98
6,264,111
6,268,111
6,283,120
6,258,130
6,253,149
6,263,156
6,267,152
6,275,163
6,269,167
6,279,144
6,284,147
6,291,180
6,296,175
6,277,177
6,266,198
6,255,200
6,266,214
6,284,213
6,277,308
6,272,325
6,278,325
6,412,334
6,10,991
6,9,980
6,6,974
6,5,1010
6,14,1042
6,47,1006
6,29,907
6,83,949
6,56,1062
6,131,748
6,132,754
6,197,765
6,145,755
6,170,753
6,186,748
6,183,728
6,179,735
6,168,733
6,161,745
6,159,739
6,155,729
6,147,738
6,152,746
6,392,768
6,497,766
6,497,759
6,475,750
6,446,766
6,432,757
6,420,755
6,674,762
6,733,784
6,831,771
6,910,751
6,941,769
6,947,774
6,963,771
6,968,764
6,1078,777
6,1099,779
6,1076,794
6,1081,790
6,1102,818
6,1103,810
6,1099,810
6,1143,815
6,1182,816
6,1152,887
6,1159,887
6,1163,894
6,1191,796
6,1164,930
6,1191,921
6,1204,942
6,1185,1064
6,1191,1073
6,1272,796
6,1268,809
6,1217,788
6,1228,783
6,1265,769
6,1266,778
6,1389,789
6,1445,800
6,1445,779
6,1502,789
6,1606,805
6,1538,791
6,1457,784
6,1563,745
6,1570,746
6,1578,747
6,1589,748
6,1597,751
6,1604,753
6,1612,753
6,1584,761
6,1591,765
6,1601,769
6,1642,772
6,1666,768
6,1674,779
6,1774,812
6,1774,792
6,1772,792
6,1768,807
6,1799,772
6,1905,792
6,1870,794
6,1776,771
6,1686,741
6,1840,764
6,1844,770
6,1794,754
6,1828,746
6,1829,753
6,1902,770
6,1861,746
6,1875,746
6,1882,759
6,1918,742
6,1795,867
6,1607,934
6,1516,872
6,495,914
6,131,522
6,217,343
6,345,351
6,354,351
7,222,67
7,209,59
7,1099,301
7,1095,289
7,1117,257
7,1118,263
7,1169,232
7,1288,250
7,746,189
7,1062,299
7,835,196
7,676,209
7,548,247
7,541,239
7,541,230
7,515,237
7,405,254
7,258,88
7,255,107
7,265,98
7,265,112
7,269,111
7,283,120
7,259,130
7,254,149
7,263,157
7,268,152
7,274,163
7,269,167
7,279,145
7,284,147
7,292,180
7,296,175
7,278,177
7,266,198
7,255,200
7,266,215
7,284,214
7,277,308
7,272,325
7,278,325
7,412,334
7,10,991
7,9,980
7,6,974
7,5,1011
7,12,1047
7,47,1007
7,30,913
7,83,954
7,59,1057
7,135,745
7,134,753
7,193,766
7,142,757
7,166,754
7,182,749
7,185,730
7,182,736
7,173,733
7,162,744
7,162,740
7,160,728
7,151,738
7,155,745
7,396,767
7,493,765
7,503,759
7,480,751
7,445,768
7,437,755
7,425,753
7,675,762
7,732,782
7,826,770
7,905,753
7,936,769
7,941,774
7,958,771
7,963,764
7,1084,778
7,1103,782
7,1076,795
7,1081,790
7,1103,818
7,1109,809
7,1105,810
7,1143,815
7,1182,816
7,1153,882
7,1160,881
7,1164,889
7,1198,796
7,1164,925
7,1190,926
7,1200,946
7,1185,1064
7,1191,1073
7,1278,796
7,1275,809
7,1224,794
7,1222,783
7,1260,768
7,1261,777
7,1288,770
7,1288,779
7,1384,790
7,1452,800
7,1437,779
7,1495,789
7,1613,805
7,1532,791
7,1452,783
7,1559,743
7,1570,746
7,1578,747
7,1587,747
7,1595,751
7,1602,753
7,1610,753
7,1584,761
7,1590,765
7,1602,770
7,1636,773
7,1659,769
7,1668,779
7,1774,807
7,1777,788
7,1772,786
7,1769,801
7,1801,771
7,1908,792
7,1872,793
7,1772,775
7,1685,743
7,1846,764
7,1851,769
7,1786,755
7,1822,746
7,1824,753
7,1908,770
7,1855,746
7,1871,747
7,1878,758
7,1914,742
7,1795,867
7,1612,938
7,1523,873
7,502,912
7,1402,503
7,131,522
7,217,343
7,345,351
7,354,351
8,224,66
8,210,59
8,1099,301
8,1095,289
8,1113,260
8,1115,266
8,1177,232
8,1280,251
8,740,189
8,1062,299
8,836,196
8,682,209
8,542,247
8,534,239
8,535,229
8,509,239
8,400,256
8,258,88
8,257,103
8,265,98
8,266,114
8,269,111
8,283,120
8,260,129
8,254,149
8,263,157
8,271,155
8,274,163
8,269,167
8,279,145
8,284,147
8,292,180
8,296,175
8,278,178
8,266,198
8,255,200
8,267,216
8,284,214
8,277,308
8,272,325
8,278,325
8,413,334
8,10,991
8,9,980
8,6,974
8,5,1011
8,9,1052
8,49,1007
8,31,919
8,82,958
8,62,1052
8,138,745
8,137,753
8,189,767
8,139,760
8,162,756
8,179,751
8,188,730
8,186,737
8,179,734
8,163,744
8,165,740
8,165,728
8,154,737
8,158,744
8,400,766
8,490,765
8,510,759
8,485,751
8,450,766
8,443,754
8,431,751
8,686,750
8,677,762
8,732,780
8,822,770
8,899,755
8,930,769
8,935,773
8,953,770
8,957,764
8,1088,782
8,1105,785
8,1076,795
8,1081,790
8,1103,818
8,1115,812
8,1112,811
8,1144,815
8,1182,816
8,1151,876
8,1159,873
8,1162,882
8,1204,796
8,1179,921
8,1165,921
8,1189,931
8,1196,950
8,1186,1064
8,1191,1073
8,1284,796
8,1281,809
8,1231,794
8,1216,781
8,1254,769
8,1255,781
8,1282,768
8,1283,779
8,1459,801
8,1430,779
8,1488,789
8,1620,805
8,1527,791
8,1447,782
8,1570,746
8,1578,748
8,1587,747
8,1594,752
8,1601,753
8,1609,753
8,1584,761
8,1590,765
8,1601,770
8,1630,775
8,1652,770
8,1661,779
8,1775,802
8,1780,785
8,1773,781
8,1771,796
8,1804,771
8,1910,791
8,1875,793
8,1767,779
8,1684,745
8,1852,763
8,1857,768
8,1778,756
8,1817,746
8,1819,754
8,1915,770
8,1849,746
8,1864,747
8,1874,758
8,1910,742
8,1795,867
8,1618,941
8,1530,875
8,509,911
8,1430,505
8,131,522
8,217,343
8,345,351
8,354,351
9,228,65
9,211,58
9,1099,301
9,1095,290
9,1110,264
9,1112,269
9,1185,232
9,1273,251
9,732,190
9,1062,299
9,836,196
9,689,210
9,536,247
9,528,239
9,529,229
9,502,241
9,395,258
9,258,88
9,257,97
9,266,98
9,268,118
9,269,111
9,284,120
9,262,128
9,254,149
9,263,157
9,270,157
9,274,163
9,269,167
9,279,145
9,284,147
9,292,180
9,296,175
9,278,178
9,267,198
9,255,200
9,266,216
9,284,214
9,278,308
9,272,325
9,278,325
9,413,334
9,10,991
9,9,980
9,6,974
9,5,1012
9,7,1057
9,49,1007
9,32,925
9,82,963
9,65,1046
9,141,741
9,140,747
9,185,768
9,135,761
9,159,758
9,175,751
9,191,731
9,183,734
9,168,744
9,169,740
9,170,727
9,158,737
9,161,743
9,405,765
9,485,763
9,515,759
9,491,752
9,453,764
9,448,752
9,437,749
9,693,750
9,680,763
9,732,779
9,818,770
9,894,756
9,924,769
9,929,773
9,948,770
9,952,764
9,1092,786
9,1108,788
9,1076,795
9,1081,791
9,1104,818
9,1122,814
9,1118,812
9,1144,815
9,1182,816
9,1150,871
9,1159,866
9,1161,874
9,1211,797
9,1178,916
9,1164,916
9,1188,937
9,1194,957
9,1186,1064
9,1191,1073
9,1290,796
9,1287,809
9,1239,795
9,1211,783
9,1249,770
9,1250,781
9,1275,766
9,1277,779
9,1467,802
9,1423,779
9,1481,790
9,1628,805
9,1522,791
9,1441,782
9,1568,745
9,1578,746
9,1587,748
9,1596,751
9,1600,753
9,1609,753
9,1584,761
9,1590,765
9,1600,770
9,1624,776
9,1645,771
9,1655,780
9,1776,796
9,1784,781
9,1777,776
9,1773,790
9,1807,770
9,1913,791
9,1878,793
9,1763,784
9,1682,750
9,1858,763
9,1863,768
9,1771,757
9,1812,746
9,1815,755
9,1843,746
9,1858,747
9,1870,757
9,1906,742
9,1795,867
9,1623,945
9,1537,876
9,516,910
9,1458,508
9,131,522
9,217,343
9,345,351
9,354,351
10,232,64
10,213,57
10,1099,302
10,1095,290
10,1107,266
10,1109,271
10,1194,233
10,1266,252
10,725,191
10,1062,299
10,836,196
10,696,211
10,530,247
10,522,239
10,523,229
10,496,243
10,390,260
10,258,88
10,257,92
10,266,98
10,270,123
10,270,111
10,284,120
10,264,127
10,255,149
10,263,158
10,269,159
10,274,163
10,269,168
10,278,146
10,284,147
10,292,180
10,295,174
10,278,178
10,267,198
10,255,200
10,266,216
10,284,214
10,278,308
10,272,325
10,278,325
10,413,334
10,10,991
10,9,980
10,6,974
10,5,1012
10,49,1008
10,34,931
10,82,968
10,68,1040
10,144,740
10,143,747
10,181,769
10,131,762
10,155,758
10,172,751
10,193,731
10,187,734
10,173,745
10,173,740
10,175,727
10,162,737
10,164,742
10,408,765
10,480,761
10,520,759
10,497,752
10,461,765
10,454,751
10,443,747
10,699,750
10,683,764
10,732,778
10,813,770
10,889,758
10,919,769
10,924,772
10,943,770
10,947,764
10,1097,790
10,1110,791
10,1076,795
10,1081,791
10,1105,819
10,1128,819
10,1123,816
10,1144,815
10,1182,816
10,1148,865
10,1158,858
10,1161,870
10,1217,796
10,1178,911
10,1164,912
10,1186,943
10,1192,964
10,1186,1064
10,1191,1073
10,1296,796
10,1295,806
10,1247,795
10,1206,785
10,1245,771
10,1246,782
10,1268,765
10,1272,779
10,1472,802
10,1416,780
10,1475,788
10,1636,806
10,1517,790
10,1435,783
10,1567,745
10,1577,746
10,1586,748
10,1595,750
10,1600,753
10,1609,754
10,1584,761
10,1590,765
10,1600,770
10,1618,778
10,1638,772
10,1648,781
10,1778,791
10,1788,777
10,1781,772
10,1776,785
10,1811,769
10,1913,790
10,1881,793
10,1759,789
10,1680,755
10,1864,762
10,1869,767
10,1764,758
10,1807,747
10,1810,755
10,1837,747
10,1852,748
10,1866,756
10,1902,742
10,1795,867
10,1629,949
10,1544,878
10,523,908
10,1488,510
10,131,522
10,217,343
10,345,351
10,354,351
11,237,64
11,215,56
11,1099,303
11,1095,290
11,1104,269
11,1106,274
11,1201,233
11,1259,252
11,718,192
11,1062,299
11,836,196
11,702,211
11,524,247
11,516,239
11,517,229
11,489,245
11,383,261
11,259,88
11,257,92
11,266,98
11,271,126
11,270,111
11,285,120
11,266,127
11,255,150
11,263,158
11,269,162
11,273,163
11,269,168
11,278,146
11,284,147
11,292,180
11,295,174
11,278,178
11,267,199
11,255,200
11,266,216
11,284,214
11,278,308
11,272,325
11,278,325
11,413,334
11,10,991
11,9,980
11,6,974
11,5,1012
11,48,1007
11,33,937
11,82,972
11,71,1035
11,147,739
11,146,746
11,177,770
11,129,759
11,151,758
11,169,751
11,197,729
11,192,735
11,177,744
11,177,738
11,180,727
11,165,736
11,167,741
11,411,765
11,477,760
11,526,760
11,503,753
11,466,765
11,460,750
11,449,746
11,706,750
11,686,766
11,732,778
11,809,770
11,883,760
11,914,769
11,919,771
11,937,769
11,942,766
11,1100,794
11,1113,795
11,1076,795
11,1081,791
11,1105,819
11,1134,824
11,1127,821
11,1144,815
11,1182,817
11,1147,860
11,1158,851
11,1161,865
11,1222,796
11,1178,907
11,1163,908
11,1185,949
11,1191,972
11,1186,1064
11,1191,1073
11,1254,796
11,1202,787
11,1241,773
11,1242,783
11,1261,764
11,1267,779
11,1288,769
11,1292,775
11,1477,803
11,1409,781
11,1467,788
11,1644,807
11,1512,789
11,1429,784
11,1566,743
11,1577,746
11,1585,748
11,1595,749
11,1599,753
11,1608,753
11,1585,762
11,1590,765
11,1601,771
11,1612,779
11,1631,773
11,1642,782
11,1780,786
11,1792,775
11,1786,769
11,1779,780
11,1815,768
11,1914,790
11,1883,793
11,1756,795
11,1679,761
11,1871,762
11,1876,767
11,1757,759
11,1803,748
11,1805,756
11,1832,748
11,1846,748
11,1862,756
11,1898,742
11,1795,867
11,1630,952
11,1551,879
11,530,908
11,1521,512
11,131,522
11,217,343
11,345,351
11,354,351
12,241,63
12,215,56
12,1099,305
12,1096,291
12,1101,272
12,1104,277
12,1208,233
12,1251,253
12,1287,248
12,714,194
12,1062,299
12,836,196
12,708,211
12,518,247
12,510,239
12,510,230
12,483,247
12,377,263
12,258,88
12,257,92
12,266,98
12,272,130
12,270,111
12,285,120
12,266,126
12,255,150
12,263,159
12,264,166
12,273,164
12,269,168
12,278,146
12,284,147
12,292,180
12,295,174
12,279,178
12,267,199
12,255,200
12,266,216
12,284,215
12,278,308
12,272,325
12,278,325
12,413,334
12,10,991
12,9,980
12,6,974
12,6,1013
12,48,1007
12,33,944
12,82,977
12,73,1029
12,151,739
12,149,745
12,132,743
12,174,771
12,146,758
12,166,751
12,199,729
12,192,733
12,181,743
12,182,736
12,186,727
12,169,736
12,171,740
12,414,767
12,474,759
12,531,760
12,507,754
12,471,765
12,465,749
12,455,745
12,713,750
12,690,769
12,591,771
12,732,778
12,805,770
12,878,761
12,909,769
12,915,771
12,932,769
12,937,764
12,1104,798
12,1117,800
12,1076,796
12,1081,791
12,1105,819
12,1136,829
12,1131,826
12,1145,815
12,1182,817
12,1146,855
12,1155,844
12,1158,857
12,1227,796
12,1177,902
12,1163,903
12,1185,953
12,1190,977
12,1186,1064
12,1191,1073
12,1382,800
12,1262,798
12,1196,788
12,1236,773
12,1237,784
12,1254,764
12,1263,779
12,1283,769
12,1287,775
12,1482,804
12,1402,782
12,1459,788
12,1652,808
12,1506,789
12,1423,785
12,1566,742
12,1577,746
12,1584,748
12,1595,748
12,1599,754
12,1607,753
12,1585,762
12,1590,765
12,1601,770
12,1606,781
12,1625,774
12,1637,782
12,1784,782
12,1796,773
12,1791,767
12,1783,775
12,1819,768
12,1886,792
12,1754,801
12,1678,767
12,1877,762
12,1882,767
12,1750,760
12,1798,749
12,1800,756
12,1827,749
12,1840,748
12,1857,755
12,1894,742
12,1795,867
12,1631,955
12,1558,880
12,537,908
12,1554,513
12,131,522
12,217,343
12,345,351
12,354,351
13,246,63
13,215,56
13,1098,305
13,1096,291
13,1098,273
13,1103,277
13,1216,233
13,1244,253
13,1281,249
13,707,194
13,1062,299
13,836,196
13,714,211
13,512,247
13,504,240
13,504,231
13,476,249
13,371,265
13,258,88
13,257,92
13,267,98
13,273,133
13,271,112
13,285,120
13,266,126
13,256,150
13,263,164
13,267,173
13,273,164
13,269,169
13,278,147
13,284,148
13,293,180
13,295,174
13,279,178
13,268,199
13,255,200
13,266,217
13,284,215
13,279,309
13,272,325
13,278,325
13,413,334
13,10,991
13,9,980
13,6,974
13,6,1013
13,48,1007
13,33,951
13,82,982
13,76,1024
13,155,740
13,153,745
13,136,742
13,141,759
13,162,752
13,200,752
13,186,743
13,185,738
13,190,729
13,172,736
13,174,740
13,418,769
13,469,758
13,536,760
13,511,756
13,476,766
13,470,749
13,461,744
13,589,771
13,732,778
13,872,763
13,905,769
13,911,771
13,926,768
13,931,764
13,1106,799
13,1120,805
13,1076,796
13,1081,791
13,1105,819
13,1138,835
13,1134,831
13,1145,815
13,1183,817
13,1145,851
13,1152,838
13,1158,851
13,1232,797
13,1177,898
13,1162,899
13,1186,957
13,1189,982
13,1186,1064
13,1191,1073
13,1388,801
13,1268,797
13,1190,789
13,1231,774
13,1232,785
13,1247,764
13,1258,779
13,1279,769
13,1282,775
13,1488,805
13,1395,784
13,1452,789
13,1658,813
13,1501,789
13,1417,785
13,1564,742
13,1577,747
13,1584,748
13,1597,750
13,1598,753
13,1606,753
13,1585,762
13,1590,766
13,1601,770
13,1599,781
13,1617,776
13,1632,782
13,1789,778
13,1801,771
13,1797,765
13,1787,771
13,1822,767
13,1888,792
13,1751,807
13,1678,773
13,1883,762
13,1888,767
13,1744,762
13,1794,750
13,1796,757
13,1822,750
13,1835,748
13,1852,755
13,1891,742
13,1796,867
13,1632,958
13,1566,882
13,544,908
13,1587,514
13,131,522
13,217,343
13,345,351
13,354,351
14,251,66
14,215,56
14,1097,305
14,1097,292
14,1096,275
14,1102,277
14,1223,234
14,1236,253
14,1274,250
14,701,194
14,1062,299
14,836,196
14,720,212
14,506,247
14,498,241
14,497,232
14,470,252
14,365,266
14,258,88
14,257,92
14,267,98
14,274,137
14,271,112
14,286,120
14,266,126
14,256,150
14,263,169
14,269,175
14,272,164
14,269,169
14,278,147
14,284,148
14,293,180
14,295,174
14,279,178
14,268,199
14,255,200
14,266,217
14,284,215
14,279,307
14,272,325
14,278,325
14,413,334
14,10,991
14,9,980
14,6,974
14,6,1013
14,48,1008
14,33,958
14,84,985
14,78,1018
14,159,741
14,156,746
14,140,741
14,136,759
14,158,753
14,197,755
14,188,744
14,187,738
14,194,732
14,176,736
14,178,741
14,465,757
14,541,760
14,516,758
14,482,764
14,475,749
14,467,743
14,587,771
14,732,779
14,867,765
14,921,768
14,925,764
14,1108,801
14,1123,810
14,1076,796
14,1081,791
14,1105,819
14,1139,841
14,1136,837
14,1145,815
14,1183,817
14,1145,845
14,1148,833
14,1156,846
14,1238,797
14,1176,893
14,1162,895
14,1186,962
14,1188,987
14,1187,1065
14,1191,1073
14,1395,802
14,1276,794
14,1184,790
14,1226,774
14,1227,786
14,1240,765
14,1252,779
14,1274,769
14,1277,775
14,1493,803
14,1388,785
14,1445,788
14,1663,818
14,1495,788
14,1411,786
14,1564,739
14,1575,746
14,1583,748
14,1594,750
14,1598,753
14,1605,753
14,1585,762
14,1590,766
14,1601,770
14,1592,782
14,1610,779
14,1625,783
14,1792,776
14,1805,769
14,1800,764
14,1791,769
14,1825,767
14,1891,792
14,1749,813
14,1677,781
14,1889,762
14,1893,767
14,1737,764
14,1788,750
14,1791,758
14,1816,750
14,1829,749
14,1847,755
14,1887,742
14,1796,867
14,1633,961
14,1573,885
14,551,908
14,1618,514
14,131,522
14,217,343
14,345,351
14,354,351
15,257,69
15,215,57
15,1097,305
15,1097,292
15,1094,276
15,1101,277
15,1231,235
15,1228,253
15,1267,251
15,1280,118
15,1279,105
15,1062,299
15,836,197
15,727,212
15,500,248
15,493,242
15,491,234
15,464,252
15,359,268
15,258,89
15,257,92
15,267,98
15,273,138
15,271,112
15,286,120
15,266,126
15,257,151
15,264,175
15,271,177
15,272,164
15,269,169
15,278,148
15,285,149
15,293,180
15,295,174
15,279,179
15,268,199
15,255,200
15,266,217
15,284,215
15,279,306
15,272,325
15,278,325
15,414,333
15,10,991
15,9,980
15,6,974
15,6,1014
15,48,1008
15,33,962
15,86,988
15,81,1013
15,162,742
15,159,748
15,144,741
15,131,760
15,154,754
15,212,755
15,212,745
15,193,754
15,191,745
15,190,738
15,180,736
15,181,741
15,461,756
15,547,761
15,520,760
15,490,763
15,481,748
15,473,742
15,585,771
15,732,781
15,862,767
15,915,768
15,919,764
15,1111,803
15,1125,816
15,1076,796
15,1081,791
15,1105,819
15,1140,847
15,1137,843
15,1145,815
15,1183,817
15,1145,840
15,1145,829
15,1155,842
15,1243,797
15,1176,889
15,1162,891
15,1187,966
15,1187,993
15,1187,1065
15,1191,1073
15,1401,803
15,1284,793
15,1179,792
15,1222,775
15,1223,787
15,1235,764
15,1247,776
15,1270,770
15,1272,776
15,1498,802
15,1381,787
15,1439,788
15,1490,787
15,1405,787
15,1563,741
15,1573,746
15,1583,749
15,1592,749
15,1597,753
15,1604,753
15,1585,762
15,1590,766
15,1602,770
15,1585,782
15,1602,781
15,1618,784
15,1795,774
15,1810,768
15,1804,764
15,1795,767
15,1828,767
15,1894,792
15,1747,818
15,1678,786
15,1895,762
15,1899,767
15,1730,766
15,1783,751
15,1786,759
15,1810,750
15,1824,750
15,1842,755
15,1884,742
15,1796,867
15,1634,965
15,1580,888
15,1645,516
15,131,522
15,217,343
15,345,351
15,354,351
16,263,72
16,215,57
16,1096,305
16,1097,292
16,1092,278
16,1100,277
16,1239,236
16,1220,254
16,1261,252
16,1277,119
16,1275,106
16,1062,299
16,836,197
16,733,212
16,492,248
16,485,242
16,484,234
16,458,253
16,353,270
16,258,89
16,257,93
16,267,98
16,273,139
16,271,112
16,287,120
16,267,126
16,257,149
16,266,176
16,274,180
16,272,164
16,269,170
16,278,149
16,286,149
16,293,180
16,295,174
16,279,179
16,268,199
16,255,200
16,266,217
16,284,215
16,279,305
16,272,325
16,278,325
16,414,333
16,10,991
16,9,980
16,6,974
16,6,1014
16,48,1009
16,33,969
16,87,991
16,82,1008
16,166,743
16,165,748
16,148,740
16,130,760
16,151,755
16,208,758
16,207,748
16,190,755
16,193,739
16,184,734
16,184,742
16,456,755
16,554,760
16,525,762
16,500,766
16,486,748
16,479,741
16,583,772
16,721,759
16,733,782
16,857,767
16,909,768
16,913,764
16,1117,806
16,1127,818
16,1076,796
16,1081,791
16,1105,820
16,1141,854
16,1139,850
16,1145,815
16,1183,818
16,1143,837
16,1141,824
16,1154,838
16,1248,797
16,1174,883
16,1162,886
16,1188,973
16,1185,1000
16,1187,1065
16,1191,1073
16,1392,797
16,1410,804
16,1292,793
16,1173,793
16,1217,776
16,1220,788
16,1225,764
16,1241,776
16,1263,768
16,1266,774
16,1503,801
16,1433,788
16,1484,786
16,1399,787
16,1564,739
16,1572,746
16,1582,749
16,1590,749
16,1596,753
16,1602,753
16,1585,763
16,1590,767
16,1601,770
16,1578,783
16,1595,784
16,1611,786
16,1799,773
16,1814,767
16,1808,763
16,1800,765
16,1831,767
16,1897,792
16,1745,824
16,1677,793
16,1901,762
16,1905,767
16,1724,768
16,1778,752
16,1781,760
16,1804,751
16,1818,750
16,1837,755
16,1880,742
16,1796,867
16,1634,967
16,1586,891
16,1673,517
16,131,522
16,217,343
16,345,351
16,354,351
17,266,76
17,215,57
17,1096,305
17,1098,293
17,1092,278
17,1100,278
17,1247,237
17,1212,254
17,1253,253
17,1274,120
17,1271,108
17,1062,299
17,836,197
17,739,212
17,485,248
17,478,243
17,477,235
17,453,254
17,347,272
17,258,89
17,257,93
17,268,98
17,273,140
17,271,112
17,287,120
17,266,127
17,257,147
17,268,177
17,273,178
17,272,164
17,269,170
17,279,149
17,286,149
17,293,180
17,292,176
17,280,179
17,269,199
17,255,201
17,266,217
17,284,216
17,279,304
17,272,325
17,278,325
17,415,333
17,10,991
17,9,980
17,6,974
17,6,1015
17,48,1009
17,6,959
17,32,976
17,87,996
17,83,1003
17,166,740
17,167,746
17,151,739
17,146,754
17,204,760
17,203,751
17,187,755
17,196,740
17,188,733
17,187,740
17,451,755
17,562,760
17,528,762
17,502,766
17,491,748
17,485,740
17,580,773
17,717,759
17,733,784
17,852,768
17,1118,808
17,1129,821
17,1076,796
17,1081,791
17,1105,819
17,1144,861
17,1141,857
17,1146,815
17,1183,818
17,1141,834
17,1137,820
17,1153,834
17,1255,797
17,1172,878
17,1162,882
17,1189,978
17,1187,1065
17,1191,1073
17,1400,798
17,1415,803
17,1167,794
17,1212,778
17,1217,790
17,1218,766
17,1237,777
17,1257,766
17,1260,773
17,1292,779
17,1510,802
17,1426,788
17,1479,785
17,1393,788
17,1564,737
17,1570,746
17,1581,749
17,1589,749
17,1594,752
17,1600,753
17,1585,763
17,1590,767
17,1601,770
17,1571,782
17,1588,784
17,1604,787
17,1804,774
17,1819,766
17,1812,763
17,1806,767
17,1834,767
17,1899,791
17,1743,829
17,1676,801
17,1908,762
17,1911,768
17,1717,770
17,1773,753
17,1776,761
17,1798,752
17,1812,750
17,1832,755
17,1877,742
17,1796,867
17,1634,970
17,1592,894
17,1700,516
17,131,522
17,217,343
17,345,351
17,354,351
18,269,80
18,215,57
18,1095,305
18,1098,293
18,1092,278
18,1100,279
18,1255,237
18,1204,254
18,1245,253
18,1270,122
18,1268,110
18,1062,299
18,835,197
18,746,212
18,478,248
18,471,243
18,471,236
18,447,255
18,341,272
18,258,89
18,257,93
18,268,98
18,272,141
18,271,112
18,266,128
18,257,146
18,270,179
18,273,176
18,271,164
18,269,170
18,279,150
18,285,149
18,293,180
18,290,178
18,280,179
18,269,199
18,255,201
18,266,218
18,284,216
18,279,304
18,272,325
18,278,325
18,412,334
18,10,991
18,9,980
18,6,974
18,6,1015
18,48,1010
18,10,966
18,32,983
18,87,1000
18,84,998
18,126,740
18,171,741
18,172,747
18,156,738
18,142,754
18,200,762
18,199,754
18,185,756
18,200,741
18,191,738
18,446,756
18,567,760
18,532,762
18,505,766
18,496,748
18,492,739
18,577,774
18,714,760
18,733,785
18,847,769
18,1120,810
18,1131,824
18,1076,797
18,1081,791
18,1105,819
18,1146,867
18,1143,864
18,1145,815
18,1183,818
18,1139,829
18,1133,814
18,1150,831
18,1262,797
18,1171,873
18,1162,878
18,1189,983
18,1187,1065
18,1191,1073
18,1405,795
18,1422,804
18,1162,795
18,1208,781
18,1213,792
18,1212,769
18,1232,776
18,1251,765
18,1254,772
18,1286,780
18,1297,772
18,1517,801
18,1419,788
18,1473,784
18,1387,788
18,1564,736
18,1569,746
18,1581,750
18,1588,749
18,1593,751
18,1599,754
18,1585,763
18,1590,767
18,1601,769
18,1564,782
18,1582,785
18,1598,789
18,1809,775
18,1824,764
18,1812,763
18,1812,769
18,1838,767
18,1902,791
18,1742,835
18,1676,808
18,1911,763
18,1915,766
18,1711,773
18,1767,754
18,1771,762
18,1792,754
18,1807,751
18,1828,756
18,1873,742
18,1796,867
18,1634,973
18,1598,897
18,1729,515
18,131,522
18,217,343
18,345,351
18,354,351
19,272,84
19,215,58
19,1095,306
19,1099,294
19,1092,278
19,1100,280
19,1263,237
19,1196,255
19,1236,253
19,1266,123
19,1264,111
19,1062,299
19,835,197
19,752,212
19,471,248
19,464,244
19,464,236
19,442,256
19,335,273
19,258,90
19,257,93
19,268,98
19,272,142
19,271,112
19,266,129
19,255,144
19,270,179
19,273,174
19,271,164
19,269,171
19,279,151
19,285,149
19,294,181
19,288,181
19,280,179
19,269,199
19,255,201
19,265,218
19,284,216
19,279,305
19,272,325
19,278,325
19,410,335
19,10,991
19,9,980
19,6,974
19,6,1015
19,48,1010
19,14,972
19,32,989
19,87,1005
19,86,994
19,130,738
19,175,741
19,175,747
19,162,737
19,137,753
19,195,762
19,195,754
19,181,757
19,195,737
19,442,757
19,573,760
19,535,762
19,508,767
19,589,765
19,710,760
19,734,787
19,843,770
19,1121,812
19,1133,827
19,1076,797
19,1081,791
19,1105,819
19,1149,874
19,1145,871
19,1145,815
19,1183,818
19,1137,825
19,1130,808
19,1147,829
19,1268,797
19,1169,868
19,1162,874
19,1189,989
19,1187,1065
19,1191,1073
19,1413,795
19,1429,805
19,1158,797
19,1205,784
19,1209,794
19,1206,772
19,1227,775
19,1245,764
19,1247,772
19,1280,781
19,1291,771
19,1522,801
19,1412,788
19,1468,783
19,1568,745
19,1579,750
19,1587,749
19,1592,750
19,1597,753
19,1585,763
19,1590,767
19,1601,769
19,1557,781
19,1576,785
19,1591,790
19,1813,775
19,1829,762
19,1820,760
19,1817,769
19,1841,767
19,1904,791
19,1741,842
19,1675,816
19,1703,774
19,1762,755
19,1766,763
19,1786,756
19,1800,753
19,1824,757
19,1870,742
19,1796,867
19,1634,975
19,1603,900
19,1762,515
19,131,522
19,217,343
19,345,351
19,354,351
20,275,88
20,215,58
20,1095,306
20,1098,294
20,1092,278
20,1100,281
20,1272,237
20,1188,256
20,1228,253
20,1263,124
20,1260,112
20,1062,299
20,834,197
20,759,212
20,464,249
20,457,244
20,458,237
20,436,256
20,329,273
20,258,90
20,257,93
20,268,98
20,272,144
20,271,112
20,266,130
20,254,142
20,270,179
20,273,173
20,271,164
20,269,171
20,280,152
20,286,149
20,296,177
20,287,181
20,280,179
20,270,200
20,255,201
20,265,218
20,284,216
20,279,305
20,272,325
20,278,325
20,408,337
20,10,991
20,9,980
20,6,974
20,6,1016
20,48,1011
20,16,979
20,33,996
20,87,1009
20,88,989
20,135,736
20,180,742
20,178,747
20,164,736
20,133,753
20,190,762
20,191,755
20,177,757
20,199,736
20,438,758
20,578,760
20,539,762
20,515,769
20,685,754
20,587,767
20,707,761
20,736,788
20,838,771
20,1123,814
20,1135,830
20,1076,797
20,1081,791
20,1105,819
20,1152,880
20,1148,877
20,1145,816
20,1183,818
20,1135,821
20,1127,802
20,1144,826
20,1275,797
20,1168,863
20,1163,870
20,1188,995
20,1187,1065
20,1191,1073
20,1421,795
20,1435,806
20,1154,799
20,1199,786
20,1205,797
20,1199,775
20,1222,775
20,1239,763
20,1240,771
20,1274,781
20,1283,770
20,1528,802
20,1405,789
20,1463,782
20,1568,745
20,1577,750
20,1586,749
20,1590,749
20,1596,752
20,1585,763
20,1591,768
20,1601,768
20,1551,781
20,1569,786
20,1585,792
20,1818,775
20,1835,761
20,1828,757
20,1822,770
20,1845,767
20,1907,791
20,1740,849
20,1696,776
20,1757,756
20,1761,764
20,1780,758
20,1794,755
20,1819,758
20,1866,742
20,1796,867
20,1635,978
20,1609,904
20,1796,515
20,131,522
20,217,343
20,345,351
20,354,351
21,277,93
21,215,58
21,1095,307
21,1098,294
21,1092,278
21,1099,281
21,1280,237
21,1180,257
21,1222,253
21,1259,125
21,1256,114
21,1062,299
21,834,197
21,765,212
21,454,250
21,450,245
21,451,238
21,430,257
21,323,274
21,258,90
21,257,94
21,269,98
21,272,145
21,271,112
21,265,131
21,253,140
21,270,179
21,272,171
21,271,165
21,269,171
21,280,151
21,287,149
21,296,173
21,289,181
21,280,179
21,271,199
21,255,201
21,265,218
21,284,216
21,279,306
21,272,325
21,278,325
21,405,338
21,10,991
21,9,980
21,6,974
21,6,1016
21,47,1011
21,18,985
21,33,1002
21,87,1014
21,90,984
21,140,735
21,123,743
21,184,741
21,181,747
21,166,735
21,130,755
21,186,762
21,187,756
21,174,757
21,435,760
21,584,760
21,542,763
21,691,755
21,710,778
21,585,770
21,703,762
21,738,790
21,833,772
21,860,770
21,865,772
21,1125,820
21,1137,833
21,1076,797
21,1081,791
21,1105,819
21,1154,886
21,1151,883
21,1145,816
21,1183,819
21,1133,817
21,1124,797
21,1141,824
21,1283,798
21,1166,859
21,1163,866
21,1188,1002
21,1187,1065
21,1191,1073
21,1430,796
21,1442,807
21,1149,801
21,1197,788
21,1202,799
21,1193,777
21,1217,775
21,1233,763
21,1234,771
21,1268,781
21,1276,769
21,1533,802
21,1398,789
21,1458,781
21,1566,744
21,1575,750
21,1584,748
21,1588,748
21,1595,751
21,1586,764
21,1591,768
21,1602,768
21,1544,780
21,1563,786
21,1579,794
21,1823,774
21,1841,759
21,1834,757
21,1826,767
21,1848,767
21,1910,791
21,1689,778
21,1752,757
21,1757,766
21,1775,761
21,1788,757
21,1815,759
21,1863,742
21,1796,867
21,1636,980
21,1615,908
21,1831,515
21,131,522
21,217,343
21,345,351
21,354,351
22,280,98
22,215,58
22,1095,307
22,1098,294
22,1092,278
22,1099,280
22,1289,237
22,1171,258
22,1216,253
22,1256,127
22,1252,116
22,1062,299
22,834,198
22,772,213
22,445,251
22,443,246
22,445,239
22,425,258
22,318,275
22,258,90
22,257,94
22,269,98
22,272,146
22,271,112
22,265,132
22,251,140
22,270,179
22,272,169
22,271,165
22,269,172
22,281,150
22,288,149
22,290,184
22,281,180
22,272,198
22,255,201
22,265,218
22,284,217
22,279,307
22,272,325
22,278,325
22,402,339
22,10,991
22,9,980
22,6,974
22,6,1017
22,47,1011
22,17,992
22,34,1009
22,87,1018
22,145,734
22,127,742
22,191,743
22,187,748
22,170,736
22,181,762
22,182,755
22,169,756
22,432,762
22,589,760
22,546,763
22,698,756
22,576,745
22,711,779
22,582,768
22,700,763
22,740,791
22,766,774
22,829,773
22,854,770
22,860,772
22,1127,822
22,1139,839
22,1076,797
22,1081,791
22,1105,819
22,1157,893
22,1154,889
22,1145,816
22,1183,819
22,1131,813
22,1121,791
22,1139,822
22,1291,798
22,1165,855
22,1164,862
22,1188,1006
22,1187,1065
22,1191,1073
22,1439,797
22,1448,807
22,1144,803
22,1196,791
22,1199,801
22,1193,778
22,1210,775
22,1228,762
22,1229,771
22,1262,781
22,1268,769
22,1539,802
22,1391,789
22,1453,780
22,1565,744
22,1573,750
22,1583,748
22,1586,748
22,1593,750
22,1586,764
22,1591,768
22,1601,768
22,1537,780
22,1557,787
22,1572,794
22,1829,774
22,1848,757
22,1840,757
22,1830,764
22,1851,767
22,1913,791
22,1681,779
22,1747,759
22,1751,767
22,1770,763
22,1782,759
22,1811,760
22,1860,743
22,1796,867
22,1637,983
22,1621,912
22,1870,516
22,131,522
22,217,343
22,345,351
22,354,351
23,280,102
23,215,59
23,1095,308
23,1098,294
23,1092,278
23,1099,279
23,1297,237
23,1164,259
23,1208,254
23,1252,130
23,1249,119
23,1062,299
23,832,198
23,779,215
23,438,252
23,436,246
23,419,259
23,310,276
23,259,91
23,257,94
23,270,98
23,273,148
23,271,112
23,265,133
23,250,140
23,270,179
23,272,168
23,271,165
23,269,171
23,282,149
23,288,149
23,291,187
23,281,180
23,273,195
23,255,201
23,265,219
23,284,217
23,279,308
23,272,325
23,278,325
23,272,315
23,399,340
23,10,991
23,9,980
23,6,974
23,6,1017
23,47,1012
23,16,999
23,36,1015
23,86,1022
23,150,733
23,132,742
23,193,743
23,189,749
23,175,737
23,176,762
23,178,754
23,165,755
23,208,766
23,499,783
23,429,765
23,595,760
23,550,764
23,522,756
23,703,755
23,570,745
23,713,780
23,579,767
23,697,764
23,740,791
23,762,773
23,823,773
23,849,770
23,855,773
23,1130,825
23,1142,843
23,1076,798
23,1081,792
23,1105,819
23,1160,899
23,1156,896
23,1145,817
23,1183,819
23,1129,809
23,1118,785
23,1135,818
23,1164,852
23,1165,858
23,1188,1011
23,1187,1065
23,1191,1073
23,1450,802
23,1455,807
23,1139,806
23,1192,793
23,1196,803
23,1193,781
23,1203,776
23,1224,762
23,1225,771
23,1256,781
23,1261,768
23,1544,805
23,1385,789
23,1449,780
23,1562,743
23,1571,750
23,1581,749
23,1584,748
23,1592,749
23,1586,764
23,1591,769
23,1601,769
23,1531,780
23,1547,791
23,1566,794
23,1834,772
23,1854,756
23,1846,757
23,1836,762
23,1854,767
23,1674,781
23,1742,761
23,1745,768
23,1765,766
23,1777,762
23,1807,761
23,1856,743
23,1796,867
23,1637,986
23,1624,914
23,1907,516
23,131,522
23,217,343
23,345,351
23,354,351
24,280,106
24,214,59
24,1095,309
24,1098,294
24,1093,278
24,1099,279
24,1156,259
24,1198,254
24,1248,132
24,1245,122
24,1062,299
24,831,198
24,785,216
24,432,253
24,430,246
24,414,260
24,303,277
24,259,91
24,257,94
24,271,99
24,273,149
24,271,112
24,265,134
24,249,141
24,270,179
24,272,166
24,271,165
24,269,170
24,282,148
24,293,186
24,281,180
24,274,193
24,255,201
24,265,219
24,284,217
24,278,308
24,272,325
24,278,325
24,281,316
24,396,341
24,10,991
24,9,980
24,6,974
24,5,1018
24,47,1012
24,6,1055
24,16,1007
24,38,1022
24,86,1027
24,153,732
24,137,742
24,199,746
24,198,751
24,179,736
24,172,763
24,174,753
24,161,754
24,202,767
24,504,782
24,426,767
24,551,763
24,527,757
24,709,754
24,564,746
24,714,782
24,577,766
24,694,765
24,740,792
24,818,773
24,843,771
24,850,774
24,1133,828
24,1145,848
24,1076,798
24,1081,792
24,1105,819
24,1162,906
24,1158,902
24,1144,817
24,1183,819
24,1127,805
24,1115,780
24,1131,814
24,1161,848
24,1163,854
24,1187,1065
24,1191,1073
24,1456,802
24,1462,807
24,1137,807
24,1188,795
24,1195,805
24,1197,788
24,1196,774
24,1220,762
24,1221,771
24,1251,783
24,1254,768
24,1549,803
24,1559,743
24,1569,750
24,1579,751
24,1583,748
24,1591,748
24,1586,764
24,1591,769
24,1600,770
24,1524,781
24,1542,790
24,1559,794
24,1839,770
24,1861,756
24,1853,757
24,1841,757
24,1857,767
24,1667,783
24,1737,763
24,1740,770
24,1760,769
24,1771,764
24,1803,763
24,1852,743
24,1797,868
24,1638,989
24,1627,916
24,131,522
24,217,343
24,345,351
24,354,351
25,280,111
25,213,59
25,1094,309
25,1098,294
25,1092,278
25,1098,280
25,1149,259
25,1189,255
25,1245,134
25,1241,124
25,1062,299
25,830,198
25,791,217
25,426,254
25,424,247
25,407,261
25,300,282
25,259,91
25,257,94
25,271,99
25,274,151
25,271,112
25,264,135
25,248,140
25,270,179
25,272,164
25,271,165
25,269,170
25,283,147
25,292,186
25,281,181
25,272,189
25,254,201
25,265,219
25,284,217
25,278,308
25,272,325
25,278,325
25,291,317
25,391,341
25,10,991
25,9,980
25,6,974
25,5,1018
25,47,1012
25,7,1051
25,17,1014
25,41,1029
25,86,1031
25,156,732
25,142,742
25,200,754
25,183,734
25,167,763
25,170,753
25,157,753
25,197,769
25,510,782
25,424,770
25,552,762
25,532,757
25,715,755
25,558,747
25,716,783
25,572,763
25,692,766
25,740,792
25,812,773
25,838,771
25,845,775
25,854,766
25,862,760
25,1139,832
25,1146,852
25,1076,798
25,1081,792
25,1105,819
25,1165,912
25,1160,909
25,1144,817
25,1184,820
25,1125,802
25,1110,781
25,1127,810
25,1158,844
25,1161,850
25,1147,917
25,1187,1065
25,1191,1073
25,1463,802
25,1469,807
25,1390,798
25,1384,804
25,1136,808
25,1192,797
25,1194,807
25,1194,791
25,1189,775
25,1214,761
25,1214,770
25,1243,781
25,1247,766
25,1555,802
25,1558,742
25,1565,749
25,1576,750
25,1582,748
25,1589,748
25,1586,764
25,1591,769
25,1600,771
25,1518,782
25,1534,790
25,1553,795
25,1844,766
25,1865,757
25,1860,756
25,1847,755
25,1859,766
25,1660,785
25,1733,763
25,1735,771
25,1755,772
25,1766,767
25,1800,765
25,1848,744
25,1795,865
25,1639,992
25,1631,919
25,131,522
25,217,343
25,345,351
25,354,351
26,279,114
26,213,59
26,1094,309
26,1098,294
26,1092,279
26,1098,282
26,1141,259
26,1182,255
26,1241,137
26,1237,127
26,624,202
26,1062,299
26,830,198
26,797,219
26,420,256
26,418,247
26,400,263
26,296,284
26,259,91
26,257,95
26,272,100
26,274,150
26,271,112
26,264,136
26,247,140
26,270,179
26,271,163
26,271,165
26,269,169
26,284,146
26,292,186
26,281,181
26,270,186
26,253,199
26,265,219
26,284,217
26,278,308
26,272,325
26,278,325
26,299,319
26,386,341
26,10,991
26,9,980
26,6,974
26,6,1005
26,5,1019
26,47,1013
26,9,1047
26,18,1020
26,42,1035
26,86,1036
26,163,733
26,147,742
26,202,757
26,188,734
26,163,763
26,166,753
26,152,753
26,192,771
26,399,753
26,420,772
26,554,762
26,536,757
26,543,739
26,553,747
26,718,785
26,567,761
26,690,767
26,740,793
26,807,774
26,833,772
26,840,776
26,847,764
26,854,758
26,1141,838
26,1148,856
26,1076,798
26,1081,792
26,1105,819
26,1167,919
26,1162,916
26,1144,818
26,1184,820
26,1122,802
26,1107,780
26,1121,808
26,1155,840
26,1159,847
26,1147,914
26,1187,1065
26,1191,1073
26,1468,803
26,1475,807
26,1394,803
26,1386,796
26,1134,810
26,1201,802
26,1194,808
26,1187,794
26,1184,776
26,1208,761
26,1208,769
26,1235,780
26,1240,765
26,1293,781
26,1562,806
26,1555,737
26,1561,749
26,1573,749
26,1581,748
26,1587,748
26,1586,765
26,1591,769
26,1600,770
26,1511,783
26,1527,791
26,1545,794
26,1850,763
26,1869,758
26,1867,755
26,1854,754
26,1862,766
26,1652,786
26,1729,763
26,1731,772
26,1750,775
26,1760,769
26,1797,767
26,1844,744
26,1793,863
26,1639,994
26,1633,919
26,131,522
26,217,343
26,345,351
26,354,351
27,278,118
27,212,59
27,1094,310
27,1098,295
27,1092,280
27,1098,283
27,1134,259
27,1175,255
27,1237,140
27,1233,129
27,616,204
27,1062,299
27,830,198
27,803,219
27,415,257
27,411,248
27,394,265
27,292,287
27,259,92
27,257,95
27,273,100
27,275,150
27,271,112
27,263,138
27,246,140
27,270,179
27,271,161
27,271,165
27,269,169
27,284,146
27,291,187
27,281,181
27,268,183
27,252,198
27,265,219
27,284,218
27,278,308
27,272,325
27,278,325
27,307,317
27,381,342
27,10,991
27,9,980
27,6,974
27,8,1006
27,5,1019
27,47,1013
27,10,1043
27,20,1026
27,44,1041
27,86,1040
27,167,734
27,152,742
27,209,762
27,191,734
27,158,763
27,161,753
27,147,753
27,186,777
27,404,755
27,416,774
27,558,763
27,540,757
27,549,739
27,548,747
27,718,786
27,564,760
27,687,767
27,739,794
27,801,774
27,827,771
27,834,775
27,840,763
27,846,757
27,1143,844
27,1150,861
27,1076,798
27,1081,792
27,1105,819
27,1169,926
27,1164,922
27,1144,818
27,1184,820
27,1118,798
27,1105,779
27,1118,804
27,1153,837
27,1158,844
27,1147,907
27,1187,1065
27,1191,1073
27,1474,803
27,1482,807
27,1400,802
27,1396,795
27,1127,812
27,1201,806
27,1189,797
27,1182,777
27,1202,761
27,1202,768
27,1228,780
27,1233,764
27,1287,779
27,1567,807
27,1558,749
27,1570,749
27,1578,747
27,1585,749
27,1586,765
27,1591,770
27,1600,770
27,1505,784
27,1519,792
27,1538,794
27,1855,761
27,1874,760
27,1874,754
27,1861,752
27,1865,766
27,1644,787
27,1726,764
27,1727,773
27,1745,778
27,1755,772
27,1794,769
27,1840,745
27,1790,860
27,1640,996
27,1632,919
27,131,522
27,217,343
27,345,351
27,354,351
28,277,122
28,211,59
28,1094,310
28,1098,295
28,1092,281
28,1098,285
28,1123,261
28,1168,255
28,1233,142
28,1230,131
28,1280,104
28,609,207
28,1062,299
28,830,198
28,809,220
28,410,257
28,406,248
28,387,267
28,288,290
28,259,92
28,257,95
28,274,101
28,275,150
28,271,112
28,263,139
28,246,140
28,270,179
28,271,159
28,271,165
28,269,168
28,284,146
28,291,187
28,281,182
28,265,180
28,251,197
28,265,220
28,284,218
28,278,309
28,272,325
28,278,325
28,314,316
28,277,318
28,376,342
28,10,991
28,9,980
28,6,974
28,11,1008
28,4,1020
28,47,1013
28,13,1037
28,22,1034
28,46,1047
28,85,1044
28,171,735
28,158,743
28,194,735
28,153,762
28,156,754
28,142,753
28,411,755
28,562,764
28,544,756
28,555,740
28,808,761
28,544,748
28,718,787
28,561,760
28,685,767
28,739,795
28,795,774
28,821,771
28,828,774
28,833,762
28,1145,849
28,1153,866
28,1076,798
28,1081,792
28,1105,819
28,1170,932
28,1165,928
28,1144,818
28,1184,820
28,1115,794
28,1103,779
28,1115,800
28,1146,833
28,1154,840
28,1147,901
28,1191,1035
28,1187,1065
28,1191,1073
28,1481,803
28,1489,807
28,1406,802
28,1404,794
28,1123,813
28,1200,815
28,1191,799
28,1178,777
28,1196,761
28,1196,767
28,1221,780
28,1226,764
28,1282,779
28,1571,808
28,1291,789
28,1555,748
28,1568,749
28,1575,747
28,1581,749
28,1586,765
28,1591,770
28,1600,770
28,1499,786
28,1512,793
28,1531,793
28,1861,759
28,1880,760
28,1879,755
28,1869,751
28,1868,766
28,1637,788
28,1722,764
28,1723,774
28,1739,780
28,1749,774
28,1791,771
28,1836,746
28,1788,857
28,1640,998
28,1632,919
28,131,522
28,217,343
28,345,351
28,354,351
29,277,126
29,211,59
29,1094,311
29,1098,296
29,1092,282
29,1098,286
29,1117,262
29,1161,254
29,1229,145
29,1226,133
29,1277,109
29,602,210
29,1062,299
29,830,198
29,815,220
29,405,258
29,401,249
29,380,269
29,284,293
29,259,92
29,257,95
29,274,102
29,276,150
29,271,112
29,262,140
29,246,140
29,270,179
29,271,158
29,271,165
29,269,168
29,284,146
29,291,188
29,281,182
29,262,177
29,250,196
29,265,218
29,284,218
29,276,310
29,272,325
29,278,325
29,322,313
29,283,319
29,371,343
29,10,991
29,9,980
29,6,974
29,12,1015
29,4,1020
29,46,1014
29,16,1030
29,24,1041
29,48,1053
29,85,1048
29,177,736
29,164,743
29,197,736
29,13,829
29,148,762
29,151,754
29,137,753
29,418,755
29,566,765
29,549,755
29,562,742
29,816,763
29,538,750
29,718,788
29,558,760
29,690,765
29,736,789
29,789,775
29,816,771
29,822,774
29,1147,853
29,1156,869
29,1076,798
29,1081,792
29,1105,819
29,1172,940
29,1167,934
29,1144,819
29,1184,820
29,1111,789
29,1098,777
29,1110,798
29,1140,830
29,1151,837
29,1148,894
29,1189,1040
29,1187,1065
29,1191,1073
29,1488,803
29,1496,808
29,1412,803
29,1411,794
29,1381,806
29,1116,812
29,1200,823
29,1191,802
29,1172,777
29,1191,761
29,1191,766
29,1217,781
29,1220,765
29,1278,779
29,1576,809
29,1282,789
29,1553,747
29,1566,749
29,1572,748
29,1577,750
29,1586,765
29,1591,770
29,1600,770
29,1492,786
29,1505,793
29,1524,793
29,1867,757
29,1887,761
29,1885,756
29,1877,750
29,1871,766
29,1629,789
29,1719,764
29,1719,775
29,1734,782
29,1744,777
29,1788,773
29,1833,747
29,1786,853
29,1641,1001
29,1632,920
29,131,522
29,217,343
29,345,351
29,354,351
30,276,128
30,210,59
30,1094,311
30,1098,296
30,1092,283
30,1098,287
30,1110,263
30,1150,253
30,1225,148
30,1222,135
30,1274,114
30,1279,111
30,595,213
30,1062,299
30,830,198
30,822,221
30,401,259
30,396,250
30,374,271
30,280,296
30,259,92
30,257,95
30,274,103
30,276,150
30,271,112
30,262,142
30,246,140
30,270,179
30,271,156
30,271,165
30,269,167
30,284,146
30,293,181
30,281,182
30,259,174
30,249,195
30,266,217
30,284,218
30,276,310
30,272,325
30,278,325
30,329,308
30,288,320
30,274,318
30,366,343
30,10,991
30,9,980
30,6,974
30,9,1021
30,4,1021
30,46,1014
30,19,1024
30,26,1048
30,50,1058
30,85,1051
30,180,736
30,171,744
30,23,824
30,6,846
30,144,762
30,147,754
30,132,754
30,424,754
30,571,766
30,554,753
30,568,745
30,823,765
30,533,751
30,719,790
30,552,761
30,692,766
30,734,784
30,784,775
30,810,771
30,816,773
30,1149,858
30,1159,872
30,1076,798
30,1081,792
30,1105,819
30,1174,949
30,1170,943
30,1144,819
30,1184,820
30,1108,788
30,1093,775
30,1108,797
30,1134,826
30,1148,834
30,1148,888
30,1190,1044
30,1187,1065
30,1191,1073
30,1494,803
30,1502,808
30,1418,805
30,1418,795
30,1388,806
30,1109,813
30,1200,831
30,1190,804
30,1167,778
30,1185,760
30,1184,767
30,1212,783
30,1212,765
30,1273,779
30,1581,810
30,1273,790
30,1671,828
30,1552,747
30,1564,749
30,1568,748
30,1574,751
30,1587,766
30,1592,771
30,1600,770
30,1485,787
30,1498,793
30,1518,793
30,1872,757
30,1894,761
30,1891,757
30,1883,750
30,1874,767
30,1621,790
30,1717,767
30,1716,776
30,1728,784
30,1739,780
30,1783,775
30,1830,748
30,1784,850
30,1641,1004
30,1631,920
30,131,522
30,217,343
30,345,351
30,354,351
