1,267,125
1,253,131
1,267,235
1,269,158
1,273,113
1,254,64
1,408,353
1,253,173
1,266,175
1,35,1024
1,270,178
1,255,200
1,249,210
1,527,239
1,592,235
1,599,237
1,580,250
1,577,254
1,1027,212
1,1010,219
1,1026,256
1,1042,223
1,1095,195
1,1100,202
1,1230,6
1,1053,310
1,1081,303
1,1091,311
1,1854,203
1,24,871
1,8,1028
1,6,994
1,124,774
1,134,769
1,140,763
1,147,767
1,1718,829
1,1897,865
1,1798,766
1,1804,774
1,1786,785
1,1777,786
1,1780,750
1,1586,798
1,1541,796
1,1520,787
1,1626,764
1,1606,761
1,1562,758
1,1548,756
1,1534,757
1,1529,759
1,1523,760
1,1503,757
1,1490,757
1,1513,757
1,1386,806
1,1271,789
1,1210,777
1,1228,796
1,1365,806
1,1104,758
1,1174,831
1,1157,819
1,1134,828
1,1189,844
1,1181,845
1,1153,928
1,1090,829
1,940,756
1,845,769
1,844,776
1,704,733
1,679,770
1,682,760
1,469,779
1,481,765
1,527,781
1,504,779
1,526,795
1,459,774
1,469,759
1,492,771
1,699,753
1,595,750
1,1766,815
1,1800,806
1,1794,820
1,1757,771
1,1757,778
1,1863,812
1,1788,765
2,267,124
2,253,131
2,269,233
2,269,157
2,268,116
2,257,60
2,408,352
2,256,180
2,266,176
2,35,1024
2,271,178
2,255,199
2,249,210
2,520,242
2,592,235
2,599,237
2,580,250
2,577,254
2,1022,213
2,1003,220
2,1017,259
2,1039,224
2,1099,193
2,1105,200
2,1231,7
2,1053,310
2,1081,303
2,1091,311
2,1850,206
2,21,871
2,11,1022
2,6,994
2,120,778
2,130,771
2,138,763
2,145,767
2,1718,829
2,1892,865
2,1805,766
2,1810,774
2,1788,783
2,1780,783
2,1776,751
2,1591,798
2,1548,796
2,1515,789
2,1626,764
2,1606,761
2,1562,757
2,1548,756
2,1536,757
2,1529,759
2,1523,760
2,1503,757
2,1490,757
2,1513,757
2,1393,806
2,1266,789
2,1206,777
2,1232,797
2,1365,806
2,1096,758
2,1174,831
2,1157,819
2,1134,828
2,1192,839
2,1184,839
2,1153,923
2,1164,937
2,1095,830
2,936,757
2,850,770
2,850,778
2,704,734
2,683,771
2,678,761
2,467,779
2,487,768
2,525,781
2,500,781
2,524,794
2,458,773
2,462,761
2,494,773
2,696,754
2,595,750
2,1765,815
2,1798,806
2,1792,821
2,1756,773
2,1759,780
2,1861,812
2,1783,765
3,267,123
3,253,131
3,272,231
3,269,157
3,263,119
3,260,57
3,408,352
3,259,187
3,266,177
3,35,1024
3,272,179
3,255,199
3,249,210
3,514,246
3,592,235
3,599,237
3,580,250
3,577,254
3,1018,215
3,996,222
3,1009,263
3,1036,226
3,1104,191
3,1111,199
3,1233,8
3,1053,310
3,1082,303
3,1091,311
3,1846,209
3,18,872
3,14,1016
3,6,994
3,129,775
3,137,764
3,144,768
3,1718,829
3,1888,865
3,1812,767
3,1817,774
3,1791,781
3,1784,781
3,1773,753
3,1597,798
3,1556,797
3,1510,792
3,1626,764
3,1607,761
3,1562,757
3,1548,756
3,1539,757
3,1529,759
3,1523,760
3,1503,757
3,1490,757
3,1513,757
3,1400,807
3,1262,790
3,1203,777
3,1236,799
3,1366,807
3,1089,759
3,1174,831
3,1157,819
3,1134,828
3,1196,835
3,1187,834
3,1153,918
3,1164,931
3,1101,832
3,932,759
3,856,772
3,856,779
3,705,735
3,687,772
3,466,780
3,496,767
3,522,782
3,496,781
3,523,794
3,458,772
3,456,763
3,497,775
3,694,755
3,595,750
3,1765,816
3,1796,807
3,1790,823
3,1755,776
3,1762,783
3,1860,813
3,1779,766
4,267,123
4,253,131
4,274,230
4,269,156
4,261,121
4,408,352
4,263,194
4,266,179
4,36,1024
4,273,179
4,256,199
4,249,210
4,507,250
4,592,235
4,599,237
4,581,250
4,578,255
4,48,14
4,1014,217
4,989,224
4,1001,266
4,1033,228
4,1108,190
4,1116,198
4,1235,9
4,1054,311
4,1083,304
4,1091,311
4,1841,212
4,14,873
4,17,1010
4,6,994
4,124,779
4,133,764
4,139,770
4,1718,829
4,1883,865
4,1819,767
4,1824,774
4,1796,779
4,1789,776
4,1769,755
4,1728,787
4,1604,797
4,1563,796
4,1504,793
4,1626,764
4,1608,761
4,1562,757
4,1549,756
4,1541,757
4,1529,759
4,1523,760
4,1503,757
4,1490,757
4,1513,757
4,1407,807
4,1282,789
4,1253,789
4,1202,777
4,1242,800
4,1367,807
4,1081,760
4,1174,831
4,1157,819
4,1135,828
4,1198,828
4,1191,827
4,1152,912
4,1164,925
4,1108,833
4,928,760
4,706,737
4,691,774
4,465,780
4,520,782
4,494,780
4,522,794
4,457,772
4,449,764
4,500,777
4,64,827
4,690,755
4,595,750
4,1765,817
4,1794,807
4,1788,825
4,1070,828
4,1755,779
4,1765,786
4,1859,813
4,1775,767
5,267,122
5,253,131
5,274,232
5,270,156
5,258,122
5,408,352
5,265,201
5,266,180
5,36,1024
5,274,180
5,256,199
5,249,210
5,500,251
5,592,235
5,599,237
5,581,251
5,578,255
5,1009,218
5,980,225
5,992,269
5,1030,229
5,1113,188
5,1122,197
5,1234,15
5,1054,311
5,1083,304
5,1091,311
5,1836,212
5,11,874
5,20,1004
5,6,995
5,129,765
5,135,774
5,1718,829
5,1879,865
5,1826,767
5,1830,774
5,1801,776
5,1795,772
5,1764,755
5,1733,785
5,1611,796
5,1570,795
5,1498,793
5,1626,764
5,1608,762
5,1562,757
5,1549,756
5,1543,757
5,1529,759
5,1523,760
5,1504,758
5,1490,757
5,1513,757
5,1414,808
5,1277,789
5,1245,789
5,1201,777
5,1248,801
5,1368,808
5,1074,760
5,1174,831
5,1157,819
5,1135,828
5,1201,820
5,1194,820
5,1150,905
5,1162,919
5,1113,833
5,925,760
5,707,737
5,695,775
5,463,781
5,506,769
5,518,782
5,492,779
5,521,794
5,457,771
5,441,765
5,500,777
5,60,831
5,687,754
5,595,750
5,1765,818
5,1792,807
5,1785,825
5,1077,828
5,1756,783
5,1766,789
5,1857,814
5,359,789
5,1771,767
6,267,122
6,254,131
6,274,233
6,270,156
6,256,123
6,408,352
6,267,208
6,266,182
6,36,1025
6,275,181
6,257,199
6,250,210
6,492,252
6,592,235
6,599,237
6,582,251
6,579,256
6,55,116
6,1004,218
6,969,226
6,984,271
6,1026,230
6,1118,187
6,1128,196
6,1233,21
6,1054,312
6,1084,305
6,1091,311
6,1830,213
6,8,875
6,23,998
6,6,1030
6,6,1039
6,6,995
6,125,767
6,131,778
6,1718,829
6,1875,865
6,1832,767
6,1836,774
6,1804,776
6,1803,769
6,1760,755
6,1739,783
6,1617,795
6,1578,793
6,1493,793
6,1626,764
6,1609,762
6,1563,757
6,1549,756
6,1543,757
6,1529,759
6,1523,760
6,1504,758
6,1490,757
6,1513,757
6,1421,809
6,1272,788
6,1238,786
6,1200,777
6,1255,802
6,1369,808
6,1067,759
6,1174,831
6,1157,819
6,1136,828
6,1205,816
6,1198,815
6,1149,899
6,1160,913
6,1119,834
6,918,760
6,753,786
6,757,793
6,854,799
6,709,736
6,698,775
6,462,781
6,514,771
6,515,783
6,489,777
6,520,794
6,457,771
6,433,765
6,501,778
6,57,835
6,685,753
6,683,765
6,644,782
6,595,750
6,1765,819
6,1789,807
6,1780,825
6,1083,829
6,1758,787
6,1767,792
6,1856,815
6,363,788
6,1766,768
7,268,122
7,254,131
7,274,234
7,270,155
7,254,125
7,272,51
7,409,352
7,267,213
7,266,183
7,284,199
7,37,1025
7,274,182
7,257,199
7,250,210
7,485,254
7,592,235
7,599,237
7,582,251
7,579,256
7,58,191
7,999,218
7,958,227
7,975,273
7,1022,231
7,1121,183
7,1131,192
7,1231,27
7,1055,312
7,1085,305
7,1091,311
7,1826,215
7,7,876
7,27,992
7,7,1029
7,7,1037
7,6,995
7,127,783
7,1718,829
7,1870,865
7,1839,767
7,1843,774
7,1808,775
7,1810,765
7,1755,755
7,1744,782
7,1623,794
7,1586,791
7,1488,794
7,1626,764
7,1610,762
7,1563,757
7,1550,756
7,1543,757
7,1529,759
7,1523,760
7,1504,758
7,1490,757
7,1513,757
7,1428,809
7,1267,787
7,1231,784
7,1198,777
7,1261,803
7,1369,809
7,1060,758
7,1174,831
7,1157,819
7,1136,828
7,1212,814
7,1203,811
7,1149,894
7,1158,907
7,1125,837
7,912,760
7,848,798
7,711,735
7,700,775
7,461,783
7,518,772
7,512,783
7,486,775
7,518,794
7,456,770
7,425,767
7,502,778
7,54,840
7,687,752
7,690,765
7,648,782
7,595,750
7,1765,820
7,1787,811
7,1778,826
7,1089,829
7,1759,791
7,1768,795
7,1855,815
7,367,787
7,1762,769
8,268,122
8,254,131
8,274,234
8,271,155
8,251,127
8,272,51
8,409,352
8,267,219
8,266,185
8,280,195
8,37,1025
8,274,183
8,257,199
8,250,210
8,478,255
8,592,235
8,599,237
8,582,252
8,579,256
8,59,259
8,994,218
8,948,228
8,967,275
8,1018,233
8,1125,180
8,1134,188
8,1230,34
8,1055,313
8,1085,306
8,1091,311
8,1825,218
8,7,876
8,30,987
8,8,1028
8,9,1035
8,6,996
8,1718,830
8,1864,864
8,1845,767
8,1849,774
8,1811,775
8,1818,762
8,1751,756
8,1749,780
8,1628,794
8,1594,788
8,1483,794
8,1626,764
8,1610,762
8,1563,757
8,1550,756
8,1543,757
8,1529,759
8,1523,760
8,1504,758
8,1490,757
8,1513,757
8,1436,810
8,1264,788
8,1225,785
8,1197,777
8,1267,803
8,1370,809
8,1053,757
8,1174,831
8,1157,819
8,1137,828
8,1218,811
8,1208,807
8,1148,889
8,1156,900
8,1131,841
8,902,781
8,843,798
8,711,735
8,703,775
8,522,772
8,510,784
8,482,774
8,517,794
8,456,770
8,417,769
8,503,779
8,50,845
8,689,750
8,696,765
8,655,780
8,595,750
8,1765,821
8,1785,816
8,1776,827
8,1095,829
8,1761,795
8,1770,798
8,1853,816
8,370,786
8,1758,769
9,269,123
9,254,131
9,274,233
9,271,154
9,249,129
9,273,50
9,409,351
9,266,221
9,269,189
9,277,192
9,37,1025
9,273,184
9,258,198
9,250,211
9,470,256
9,592,235
9,599,237
9,583,252
9,580,257
9,68,300
9,987,218
9,938,228
9,958,276
9,1012,234
9,1129,177
9,1137,184
9,1229,40
9,1055,313
9,1086,306
9,1091,311
9,1821,225
9,7,876
9,33,981
9,8,1027
9,10,1033
9,6,996
9,1718,830
9,1858,863
9,1851,767
9,1855,774
9,1816,777
9,1826,762
9,1747,757
9,1755,779
9,1634,794
9,1601,786
9,1478,795
9,1626,764
9,1611,763
9,1563,757
9,1550,756
9,1543,757
9,1529,759
9,1523,760
9,1505,759
9,1490,757
9,1513,757
9,1443,810
9,1260,788
9,1218,786
9,1196,777
9,1272,803
9,1371,810
9,1046,757
9,1174,831
9,1157,819
9,1137,828
9,1225,808
9,1216,804
9,1147,884
9,1154,894
9,1135,842
9,906,781
9,838,798
9,711,735
9,705,776
9,457,785
9,527,773
9,508,785
9,479,774
9,516,794
9,455,769
9,410,771
9,503,779
9,47,850
9,691,749
9,702,765
9,661,780
9,595,750
9,1765,822
9,1783,818
9,1775,828
9,1102,829
9,1762,800
9,1771,801
9,1852,817
9,374,785
9,1754,770
10,269,124
10,254,131
10,275,232
10,271,154
10,247,131
10,273,49
10,409,351
10,265,223
10,271,193
10,277,190
10,38,1026
10,273,185
10,258,198
10,250,211
10,463,257
10,592,235
10,599,237
10,583,252
10,580,257
10,96,351
10,980,219
10,928,228
10,949,277
10,1007,236
10,1132,173
10,1141,180
10,1227,46
10,1056,314
10,1087,306
10,1091,311
10,1815,232
10,36,974
10,10,1026
10,12,1032
10,6,996
10,1718,830
10,1853,863
10,1858,767
10,1862,774
10,1820,777
10,1833,762
10,1743,758
10,1760,779
10,1639,794
10,1608,783
10,1473,796
10,1626,764
10,1611,763
10,1564,757
10,1551,757
10,1543,757
10,1529,759
10,1523,760
10,1505,759
10,1490,757
10,1513,757
10,1449,811
10,1255,787
10,1211,787
10,1196,778
10,1279,804
10,1372,810
10,1039,756
10,1174,831
10,1157,819
10,1137,828
10,1231,805
10,1223,800
10,1146,879
10,1153,890
10,1140,844
10,911,781
10,832,797
10,711,735
10,708,776
10,453,786
10,531,775
10,504,785
10,476,773
10,514,794
10,452,768
10,403,771
10,504,780
10,44,854
10,696,749
10,707,765
10,667,779
10,682,767
10,595,750
10,1765,823
10,1780,826
10,1774,829
10,1108,829
10,1764,804
10,1774,803
10,1851,817
10,378,783
10,1750,771
11,269,125
11,255,131
11,275,232
11,272,154
11,245,133
11,274,49
11,409,351
11,265,224
11,273,198
11,278,187
11,38,1026
11,272,186
11,259,198
11,251,211
11,455,258
11,592,235
11,599,237
11,584,253
11,581,258
11,103,358
11,973,220
11,918,228
11,940,278
11,1001,237
11,1136,172
11,1144,177
11,1226,52
11,1056,314
11,1087,306
11,1091,311
11,1811,236
11,39,968
11,12,1023
11,16,1028
11,6,982
11,6,997
11,1718,830
11,1847,863
11,1865,767
11,1868,775
11,1824,775
11,1840,763
11,1739,759
11,1765,779
11,1644,794
11,1614,781
11,1468,796
11,1626,764
11,1612,763
11,1564,757
11,1551,757
11,1543,757
11,1529,759
11,1523,760
11,1505,759
11,1490,757
11,1513,757
11,1456,812
11,1250,785
11,1203,788
11,1196,778
11,1284,804
11,1373,811
11,1031,756
11,1174,831
11,1157,819
11,1138,828
11,1237,802
11,1229,797
11,1144,874
11,1151,886
11,1144,850
11,917,780
11,825,796
11,711,735
11,710,777
11,449,787
11,536,776
11,500,785
11,473,773
11,511,795
11,450,768
11,396,771
11,505,780
11,41,858
11,701,749
11,713,767
11,672,778
11,688,767
11,595,750
11,1760,829
11,1777,831
11,1769,829
11,1113,830
11,1767,807
11,1777,804
11,1849,818
11,1745,771
12,270,126
12,255,131
12,275,231
12,272,153
12,243,135
12,274,48
12,409,351
12,264,225
12,275,201
12,278,185
12,38,1026
12,272,187
12,259,198
12,251,211
12,448,259
12,592,235
12,599,237
12,584,253
12,581,258
12,967,221
12,910,229
12,931,280
12,996,238
12,1149,175
12,1224,59
12,1056,314
12,1087,306
12,1091,311
12,1806,240
12,43,961
12,15,1021
12,21,1025
12,6,982
12,6,997
12,1718,830
12,1841,863
12,1871,768
12,1874,776
12,1827,774
12,1847,764
12,1735,760
12,1770,779
12,1650,794
12,1620,779
12,1462,796
12,1626,764
12,1613,763
12,1564,757
12,1552,757
12,1543,757
12,1529,759
12,1523,760
12,1506,760
12,1490,757
12,1513,757
12,1462,812
12,1244,785
12,1195,788
12,1197,778
12,1373,811
12,1022,756
12,1174,831
12,1157,819
12,1138,828
12,1242,800
12,1234,795
12,1142,869
12,1150,881
12,1148,855
12,923,779
12,819,796
12,711,735
12,711,778
12,447,785
12,541,777
12,495,783
12,469,771
12,509,795
12,446,768
12,505,781
12,37,861
12,704,748
12,711,758
12,719,768
12,677,777
12,694,768
12,595,751
12,1755,834
12,1775,836
12,1764,828
12,1118,832
12,1770,810
12,1780,806
12,1848,818
12,1741,772
13,270,126
13,255,132
13,275,231
13,272,153
13,242,137
13,275,47
13,410,351
13,263,223
13,276,204
13,280,182
13,39,1026
13,272,187
13,259,198
13,251,211
13,439,259
13,592,235
13,599,237
13,584,253
13,581,258
13,962,221
13,903,230
13,922,282
13,993,238
13,1151,171
13,1224,64
13,728,193
13,1056,314
13,1087,306
13,1091,311
13,1808,246
13,46,955
13,18,1018
13,25,1022
13,6,982
13,6,997
13,75,824
13,1718,830
13,1836,863
13,1877,769
13,1880,777
13,1830,775
13,1856,765
13,1730,760
13,1776,778
13,1656,794
13,1625,777
13,1455,796
13,1626,764
13,1613,763
13,1564,757
13,1552,757
13,1543,757
13,1529,759
13,1523,760
13,1506,760
13,1490,757
13,1513,757
13,1468,813
13,1239,785
13,1188,787
13,1197,778
13,1013,756
13,1174,831
13,1157,819
13,1139,828
13,1247,797
13,1238,792
13,1140,863
13,1147,874
13,1151,860
13,930,778
13,814,797
13,711,735
13,713,778
13,590,778
13,446,783
13,546,778
13,491,782
13,466,769
13,508,795
13,440,767
13,506,781
13,34,865
13,708,747
13,707,760
13,682,776
13,700,770
13,1750,837
13,1771,839
13,1760,829
13,1123,833
13,1774,812
13,1783,808
13,1846,818
13,1737,773
14,271,126
14,255,132
14,276,230
14,272,152
14,240,139
14,275,47
14,410,351
14,262,221
14,277,207
14,39,1026
14,276,165
14,272,187
14,260,198
14,251,211
14,429,260
14,592,235
14,599,237
14,584,253
14,582,258
14,956,221
14,895,231
14,913,283
14,989,239
14,1153,167
14,1223,70
14,734,197
14,1056,314
14,1087,306
14,1091,311
14,1808,254
14,49,948
14,21,1016
14,30,1019
14,6,982
14,6,998
14,74,825
14,1718,831
14,1830,863
14,1883,770
14,1886,777
14,1832,776
14,1865,765
14,1726,761
14,1781,778
14,1662,794
14,1631,775
14,1448,796
14,1626,764
14,1613,763
14,1565,757
14,1552,757
14,1543,757
14,1529,759
14,1523,760
14,1506,760
14,1490,757
14,1513,757
14,1475,813
14,1236,785
14,1181,787
14,1198,778
14,1004,757
14,1174,831
14,1157,819
14,1139,828
14,1250,796
14,1241,790
14,1140,859
14,1145,868
14,1154,865
14,911,767
14,911,774
14,935,779
14,809,798
14,711,735
14,714,778
14,443,781
14,554,777
14,488,780
14,463,768
14,506,794
14,436,768
14,507,782
14,31,869
14,680,764
14,702,760
14,687,775
14,707,771
14,1746,840
14,1766,842
14,1755,831
14,1128,835
14,434,944
14,1778,815
14,1785,809
14,1844,818
14,1733,773
15,271,124
15,256,132
15,276,229
15,270,150
15,238,141
15,276,46
15,410,351
15,262,220
15,278,209
15,39,1027
15,275,165
15,272,187
15,260,198
15,252,211
15,420,260
15,592,235
15,599,237
15,584,252
15,582,258
15,951,221
15,888,233
15,904,285
15,985,239
15,1158,166
15,1223,76
15,738,200
15,1056,314
15,1088,306
15,1091,311
15,1808,263
15,52,942
15,22,1012
15,32,1014
15,7,982
15,6,998
15,73,827
15,1718,831
15,1825,863
15,1890,771
15,1892,779
15,1836,775
15,1872,766
15,1723,762
15,1787,778
15,1917,757
15,1669,793
15,1638,773
15,1442,795
15,1626,764
15,1614,763
15,1565,757
15,1553,757
15,1543,757
15,1529,759
15,1523,760
15,1506,760
15,1490,757
15,1513,757
15,1481,814
15,1662,827
15,1232,785
15,1175,786
15,1198,778
15,996,755
15,1174,831
15,1157,819
15,1140,828
15,1254,794
15,1244,788
15,1136,857
15,1144,864
15,1155,869
15,940,780
15,805,799
15,712,734
15,715,778
15,584,779
15,441,781
15,561,775
15,485,778
15,460,767
15,505,793
15,434,768
15,507,782
15,28,873
15,684,764
15,698,760
15,692,775
15,711,771
15,571,763
15,706,763
15,1742,843
15,1760,845
15,1751,833
15,1132,837
15,441,942
15,1782,817
15,1788,811
15,1842,817
15,1729,774
16,271,123
16,256,132
16,276,229
16,268,149
16,235,141
16,276,45
16,410,350
16,263,219
16,279,211
16,40,1027
16,274,165
16,272,187
16,261,195
16,252,211
16,412,261
16,592,235
16,599,237
16,584,252
16,583,258
16,945,221
16,881,234
16,895,287
16,982,239
16,1162,165
16,1222,81
16,742,203
16,1056,314
16,1088,306
16,1091,311
16,1809,269
16,56,935
16,23,1007
16,33,1009
16,11,1077
16,7,982
16,6,998
16,73,829
16,1718,831
16,1820,862
16,1896,772
16,1898,780
16,1840,774
16,1879,767
16,1720,762
16,1793,778
16,1916,757
16,1676,792
16,1645,770
16,1436,794
16,1626,764
16,1614,763
16,1565,757
16,1553,757
16,1543,757
16,1529,759
16,1523,760
16,1506,760
16,1490,757
16,1513,757
16,1488,814
16,1670,827
16,1751,861
16,1228,785
16,1169,785
16,1198,778
16,989,754
16,1174,831
16,1157,819
16,1140,828
16,1258,792
16,1248,785
16,1135,852
16,1143,859
16,1155,874
16,945,780
16,799,799
16,712,734
16,715,778
16,581,779
16,440,782
16,566,773
16,482,776
16,457,766
16,504,792
16,432,767
16,508,782
16,25,878
16,688,764
16,693,758
16,697,775
16,715,771
16,563,763
16,703,763
16,1739,845
16,1754,849
16,1747,835
16,1137,838
16,449,940
16,1785,820
16,1791,813
16,1840,817
16,1725,775
17,271,122
17,256,132
17,276,229
17,267,148
17,233,141
17,277,45
17,410,350
17,264,218
17,280,213
17,40,1027
17,273,187
17,261,191
17,252,212
17,403,261
17,592,235
17,599,237
17,584,251
17,583,257
17,940,220
17,876,235
17,886,290
17,977,239
17,1167,164
17,1221,87
17,725,198
17,746,206
17,1056,314
17,1088,305
17,1091,311
17,1810,273
17,59,929
17,24,1002
17,35,1004
17,11,1075
17,7,982
17,6,998
17,72,830
17,83,821
17,1718,831
17,1815,861
17,1903,773
17,1904,781
17,1843,773
17,1887,768
17,1799,778
17,1915,757
17,1683,791
17,1652,768
17,1430,793
17,1626,764
17,1614,763
17,1565,757
17,1553,757
17,1543,757
17,1529,759
17,1523,760
17,1506,760
17,1490,757
17,1513,757
17,1495,813
17,1671,822
17,1754,857
17,1224,785
17,1162,784
17,1194,778
17,981,753
17,1174,831
17,1157,819
17,1140,828
17,1261,790
17,1251,783
17,1135,849
17,1143,856
17,1155,879
17,951,779
17,712,734
17,716,778
17,579,779
17,437,781
17,572,771
17,479,774
17,454,765
17,504,791
17,430,766
17,508,782
17,22,882
17,693,765
17,690,758
17,703,771
17,553,762
17,699,763
17,1737,849
17,1750,853
17,1746,837
17,1142,841
17,457,938
17,1789,822
17,1793,814
17,1837,817
17,1721,776
18,270,121
18,256,132
18,276,229
18,267,146
18,231,141
18,277,44
18,410,350
18,266,217
18,280,215
18,40,1027
18,273,187
18,261,187
18,252,212
18,395,261
18,592,235
18,599,237
18,584,251
18,584,257
18,934,220
18,872,236
18,877,294
18,973,238
18,1171,161
18,1220,93
18,729,201
18,750,208
18,1056,314
18,1088,305
18,1091,311
18,62,923
18,25,998
18,37,998
18,12,1072
18,7,982
18,6,998
18,71,832
18,81,824
18,1718,831
18,1810,861
18,1911,774
18,1910,782
18,1847,772
18,1897,768
18,1804,778
18,1913,757
18,1690,791
18,1425,792
18,1626,764
18,1615,763
18,1566,757
18,1554,758
18,1543,757
18,1529,759
18,1523,760
18,1506,760
18,1490,757
18,1513,757
18,1502,812
18,1672,818
18,1758,854
18,1220,785
18,1156,784
18,1190,778
18,974,752
18,1174,831
18,1157,819
18,1141,828
18,1266,789
18,1253,782
18,1133,844
18,1142,853
18,1155,885
18,956,778
18,712,734
18,716,778
18,577,779
18,435,780
18,579,772
18,475,773
18,451,765
18,503,790
18,428,766
18,509,782
18,18,886
18,697,766
18,687,759
18,708,769
18,544,763
18,696,763
18,1736,854
18,1747,854
18,1741,838
18,1146,843
18,465,937
18,1793,823
18,1796,815
18,1835,817
18,1718,777
19,270,120
19,256,132
19,276,230
19,268,144
19,229,141
19,278,43
19,411,350
19,267,216
19,281,217
19,41,1027
19,273,187
19,261,183
19,252,212
19,387,261
19,592,235
19,599,237
19,584,250
19,584,257
19,929,219
19,867,237
19,869,297
19,968,238
19,1175,157
19,1219,99
19,734,204
19,754,211
19,1056,314
19,1088,305
19,1091,311
19,66,916
19,26,993
19,38,993
19,13,1071
19,7,981
19,5,998
19,1718,831
19,1805,860
19,1915,776
19,1851,771
19,1905,769
19,1810,777
19,1909,756
19,1696,791
19,1415,792
19,1626,764
19,1615,763
19,1566,757
19,1554,758
19,1543,757
19,1529,759
19,1523,760
19,1506,760
19,1490,757
19,1513,757
19,1509,812
19,1675,815
19,1761,849
19,1216,785
19,1149,783
19,1187,778
19,966,752
19,1174,831
19,1157,819
19,1141,828
19,1271,788
19,1255,781
19,1132,841
19,1141,850
19,1155,890
19,962,778
19,712,734
19,717,777
19,433,781
19,587,773
19,472,771
19,448,764
19,503,789
19,449,1019
19,427,766
19,509,782
19,15,891
19,700,767
19,684,759
19,713,769
19,536,764
19,693,764
19,1732,856
19,1743,859
19,1736,841
19,1151,846
19,473,935
19,1797,825
19,1798,816
19,1833,816
19,1714,778
20,270,120
20,257,132
20,275,229
20,269,142
20,227,141
20,281,42
20,411,350
20,268,215
20,281,216
20,41,1027
20,274,186
20,261,179
20,253,212
20,379,261
20,592,235
20,599,237
20,584,249
20,585,256
20,922,219
20,866,238
20,860,300
20,963,238
20,1179,154
20,1218,104
20,739,207
20,757,213
20,1056,314
20,1089,305
20,1091,311
20,69,910
20,29,988
20,40,989
20,15,1065
20,7,981
20,5,998
20,1718,832
20,1800,859
20,1855,770
20,1911,771
20,1702,766
20,1815,777
20,1903,756
20,1702,790
20,1668,760
20,1411,794
20,1626,764
20,1615,763
20,1566,757
20,1554,758
20,1543,757
20,1529,759
20,1523,760
20,1506,760
20,1490,757
20,1513,757
20,1515,811
20,1679,813
20,1763,844
20,1211,785
20,1141,783
20,1183,778
20,959,752
20,1174,831
20,1157,819
20,1142,828
20,1276,787
20,1258,780
20,1131,838
20,1140,847
20,1154,895
20,968,779
20,712,734
20,718,777
20,431,782
20,589,771
20,468,770
20,445,764
20,503,789
20,450,1012
20,424,765
20,509,782
20,14,897
20,704,768
20,680,759
20,529,764
20,688,766
20,1731,848
20,1156,848
20,481,933
20,1800,827
20,1801,817
20,1831,816
20,1711,779
21,270,120
21,257,132
21,274,228
21,269,140
21,224,141
21,285,40
21,411,350
21,269,215
21,280,213
21,41,1027
21,274,186
21,262,175
21,253,212
21,371,262
21,592,235
21,599,237
21,587,248
21,587,255
21,916,219
21,865,239
21,851,303
21,958,239
21,1183,152
21,1216,110
21,744,210
21,759,213
21,1056,314
21,1089,305
21,1091,311
21,71,903
21,31,984
21,42,985
21,17,1059
21,7,981
21,5,997
21,1718,832
21,1795,858
21,1859,769
21,1915,770
21,1697,767
21,1820,776
21,1897,755
21,1919,753
21,1918,762
21,1707,789
21,1673,759
21,1406,794
21,1626,764
21,1616,763
21,1566,757
21,1554,758
21,1543,757
21,1529,759
21,1523,760
21,1506,760
21,1490,757
21,1513,757
21,1522,810
21,1683,811
21,1765,839
21,1207,786
21,1134,783
21,1179,778
21,951,752
21,1174,831
21,1157,819
21,1142,828
21,1280,785
21,1260,779
21,1127,833
21,1139,844
21,1153,901
21,974,779
21,712,734
21,718,777
21,429,784
21,465,769
21,442,764
21,500,788
21,451,1004
21,423,765
21,510,782
21,12,903
21,709,767
21,523,763
21,683,766
21,1727,850
21,1160,851
21,490,933
21,1804,828
21,1803,817
21,1829,816
21,1707,780
22,271,120
22,257,132
22,274,227
22,269,140
22,222,141
22,289,38
22,411,350
22,270,214
22,278,210
22,42,1027
22,274,186
22,262,172
22,253,212
22,363,263
22,592,235
22,599,237
22,590,247
22,589,254
22,910,219
22,864,240
22,841,301
22,953,240
22,1187,149
22,1214,116
22,749,214
22,760,214
22,1056,314
22,1089,305
22,1091,311
22,74,896
22,33,980
22,43,981
22,19,1053
22,7,981
22,5,997
22,6,1074
22,87,831
22,130,759
22,1718,832
22,1790,857
22,1862,769
22,1692,768
22,1825,776
22,1891,755
22,1919,753
22,1915,762
22,1712,788
22,1677,757
22,1400,795
22,1626,764
22,1616,763
22,1566,757
22,1554,758
22,1543,757
22,1529,759
22,1523,760
22,1506,760
22,1490,757
22,1513,757
22,1529,809
22,1687,809
22,1767,834
22,1203,786
22,1126,783
22,1176,778
22,943,752
22,1174,831
22,1157,819
22,1143,828
22,1284,785
22,1264,778
22,1124,827
22,1136,841
22,1152,906
22,979,780
22,713,734
22,719,777
22,427,785
22,595,769
22,462,768
22,439,764
22,497,785
22,451,998
22,422,766
22,510,782
22,11,908
22,713,766
22,677,765
22,1164,854
22,499,932
22,1805,828
22,1804,817
22,1827,815
22,1704,780
23,271,120
23,257,132
23,273,227
23,268,141
23,220,141
23,411,350
23,271,213
23,277,208
23,42,1026
23,274,186
23,263,169
23,253,212
23,356,264
23,592,235
23,599,237
23,592,246
23,590,254
23,904,219
23,863,241
23,832,300
23,948,241
23,1190,146
23,1212,121
23,744,155
23,754,217
23,762,214
23,1056,314
23,1089,305
23,1091,311
23,76,889
23,36,975
23,45,977
23,22,1048
23,7,981
23,5,997
23,6,1070
23,82,1075
23,85,834
23,135,759
23,1718,832
23,1784,855
23,1866,770
23,1830,775
23,1885,755
23,1919,754
23,1913,762
23,1718,787
23,1681,755
23,1395,796
23,1626,764
23,1616,763
23,1566,757
23,1554,758
23,1543,757
23,1529,759
23,1523,760
23,1506,760
23,1490,757
23,1513,757
23,1535,809
23,1691,807
23,1768,830
23,1198,787
23,1119,782
23,1172,779
23,1385,811
23,936,753
23,1174,831
23,1157,819
23,1143,828
23,1272,778
23,1121,822
23,1133,838
23,1151,910
23,984,780
23,715,734
23,720,776
23,426,788
23,615,769
23,458,768
23,438,762
23,495,782
23,451,992
23,421,766
23,511,782
23,10,912
23,718,765
23,1166,859
23,508,931
23,1806,827
23,1805,817
23,1825,815
23,1700,781
24,272,120
24,257,132
24,273,226
24,268,141
24,218,141
24,411,349
24,272,210
24,276,205
24,42,1026
24,275,186
24,264,165
24,254,213
24,348,266
24,592,235
24,599,237
24,595,245
24,594,252
24,897,219
24,862,242
24,823,299
24,943,242
24,1194,143
24,1209,126
24,759,221
24,764,215
24,1056,314
24,1089,305
24,1091,311
24,79,882
24,38,971
24,47,973
24,23,1042
24,8,981
24,5,997
24,7,1066
24,84,1073
24,83,837
24,141,759
24,127,769
24,1718,832
24,1779,854
24,1869,770
24,1836,775
24,1879,755
24,1919,754
24,1910,762
24,1724,785
24,1684,754
24,1389,796
24,1626,764
24,1617,763
24,1566,757
24,1554,758
24,1543,757
24,1529,759
24,1523,760
24,1506,760
24,1490,757
24,1513,757
24,1542,808
24,1695,805
24,1766,828
24,1194,787
24,1112,782
24,1170,779
24,1387,809
24,930,754
24,1174,831
24,1157,819
24,1143,828
24,1277,780
24,1119,816
24,1130,835
24,1151,915
24,989,780
24,717,734
24,725,776
24,421,788
24,618,769
24,455,769
24,437,761
24,492,780
24,451,985
24,417,765
24,511,782
24,10,916
24,722,763
24,1168,864
24,517,931
24,1808,827
24,1806,817
24,1823,815
24,1697,782
25,272,121
25,258,132
25,272,225
25,268,141
25,216,141
25,412,349
25,272,206
25,274,202
25,43,1026
25,275,186
25,267,164
25,254,213
25,340,266
25,592,235
25,599,237
25,597,245
25,598,250
25,891,219
25,861,242
25,814,298
25,938,242
25,1197,139
25,1206,132
25,766,223
25,769,215
25,1056,314
25,1089,305
25,1091,311
25,80,874
25,41,966
25,50,971
25,25,1037
25,8,981
25,5,996
25,6,1059
25,85,1072
25,77,1077
25,67,1077
25,81,841
25,146,759
25,131,768
25,1718,832
25,1774,853
25,1873,771
25,1841,774
25,1873,755
25,1915,751
25,1904,761
25,1731,783
25,1686,752
25,1383,796
25,1626,764
25,1617,763
25,1566,757
25,1554,758
25,1543,757
25,1529,759
25,1523,760
25,1506,760
25,1490,757
25,1513,757
25,1549,807
25,1699,803
25,1763,825
25,1191,787
25,1105,782
25,1167,779
25,1390,807
25,924,754
25,1174,831
25,1157,819
25,1143,828
25,1283,783
25,1117,811
25,1123,831
25,1152,921
25,994,781
25,417,788
25,621,769
25,453,767
25,434,761
25,489,780
25,451,979
25,415,765
25,513,782
25,9,921
25,7,893
25,1171,870
25,1078,830
25,525,931
25,1809,826
25,1807,817
25,1821,814
25,1693,783
26,272,121
26,258,131
26,272,224
26,268,141
26,214,142
26,412,349
26,272,201
26,273,199
26,43,1026
26,275,186
26,278,129
26,271,162
26,254,213
26,331,266
26,592,235
26,599,237
26,599,245
26,601,248
26,886,219
26,861,242
26,805,297
26,933,242
26,1201,135
26,1204,137
26,772,225
26,773,216
26,1056,314
26,1089,305
26,1091,311
26,81,867
26,44,962
26,53,968
26,27,1032
26,8,981
26,5,996
26,85,1072
26,77,1076
26,65,1076
26,80,845
26,151,759
26,136,767
26,1719,833
26,1769,851
26,1876,772
26,1847,773
26,1867,755
26,1910,751
26,1898,760
26,1737,781
26,1687,751
26,1379,798
26,1626,764
26,1617,763
26,1566,757
26,1554,758
26,1543,757
26,1529,759
26,1523,760
26,1506,760
26,1490,757
26,1513,757
26,1555,806
26,1703,801
26,1763,821
26,1186,788
26,1098,781
26,1163,780
26,1393,805
26,916,755
26,1174,831
26,1157,819
26,1143,828
26,1113,806
26,1117,827
26,1153,927
26,999,781
26,414,790
26,625,770
26,452,766
26,431,761
26,486,780
26,452,972
26,413,765
26,515,782
26,9,927
26,807,780
26,7,900
26,1174,876
26,1082,830
26,534,932
26,1810,825
26,1808,816
26,1819,814
26,1690,784
27,273,121
27,258,131
27,271,224
27,269,141
27,217,141
27,412,349
27,272,197
27,272,196
27,43,1025
27,275,186
27,273,129
27,273,162
27,254,213
27,322,266
27,592,235
27,599,237
27,599,245
27,601,247
27,880,219
27,861,241
27,796,295
27,929,241
27,1204,131
27,1201,143
27,779,227
27,778,216
27,1056,314
27,1088,305
27,1091,311
27,82,859
27,47,958
27,56,966
27,28,1027
27,8,981
27,5,996
27,85,1072
27,78,1074
27,64,1075
27,78,849
27,155,760
27,140,766
27,1719,834
27,1764,849
27,1880,773
27,1852,773
27,1861,755
27,1905,751
27,1891,759
27,1742,781
27,1687,749
27,1626,764
27,1616,763
27,1566,757
27,1554,758
27,1543,757
27,1529,759
27,1523,760
27,1506,760
27,1490,757
27,1513,757
27,1562,806
27,1707,799
27,1763,817
27,1180,788
27,1090,781
27,1158,780
27,1396,803
27,1174,831
27,1157,819
27,1143,828
27,1108,802
27,1110,824
27,1153,933
27,1003,781
27,708,782
27,412,790
27,628,770
27,450,764
27,429,761
27,482,780
27,453,966
27,412,765
27,518,783
27,7,933
27,812,780
27,7,907
27,1177,881
27,1086,830
27,1811,825
27,1809,816
27,1817,814
27,1686,785
28,273,121
28,259,130
28,271,223
28,269,140
28,220,141
28,412,349
28,272,193
28,270,194
28,44,1025
28,275,184
28,269,131
28,273,162
28,254,213
28,313,266
28,592,235
28,599,237
28,599,245
28,602,246
28,874,219
28,861,240
28,786,294
28,925,240
28,1208,127
28,1198,148
28,755,112
28,784,228
28,784,217
28,1056,314
28,1088,306
28,1091,311
28,83,851
28,51,954
28,59,963
28,30,1021
28,8,981
28,5,996
28,85,1072
28,78,1073
28,62,1074
28,77,854
28,159,760
28,145,766
28,1719,835
28,1760,847
28,1883,773
28,1858,772
28,1855,755
28,1900,751
28,1885,758
28,1748,780
28,1687,748
28,1626,764
28,1615,763
28,1566,757
28,1554,758
28,1543,757
28,1529,759
28,1523,760
28,1506,760
28,1490,757
28,1513,757
28,1569,805
28,1710,798
28,1762,812
28,1174,788
28,1083,780
28,1153,781
28,1399,801
28,1174,831
28,1157,819
28,1143,828
28,1104,800
28,1104,821
28,1008,781
28,706,780
28,409,790
28,631,770
28,448,763
28,426,760
28,478,779
28,411,765
28,520,784
28,5,937
28,819,779
28,5,917
28,1180,885
28,1088,830
28,1813,824
28,1810,816
28,1815,813
28,426,777
28,1683,786
29,274,121
29,259,130
29,270,225
29,270,140
29,223,140
29,412,349
29,272,189
29,269,191
29,44,1025
29,275,183
29,265,134
29,273,162
29,254,213
29,304,266
29,592,235
29,599,237
29,599,245
29,603,245
29,869,219
29,861,240
29,777,292
29,920,240
29,1211,123
29,1192,150
29,757,103
29,789,228
29,789,218
29,1056,314
29,1087,306
29,1091,311
29,53,950
29,61,959
29,33,1016
29,7,981
29,6,996
29,85,1072
29,78,1071
29,64,1071
29,73,1076
29,65,1075
29,75,858
29,164,761
29,150,767
29,1719,836
29,1755,845
29,1887,774
29,1671,774
29,1864,772
29,1849,756
29,1894,751
29,1878,758
29,1755,780
29,1688,747
29,1626,764
29,1613,763
29,1566,757
29,1554,758
29,1543,757
29,1529,759
29,1523,760
29,1506,760
29,1490,757
29,1513,757
29,1575,804
29,1714,797
29,1762,807
29,1169,787
29,1075,780
29,1147,781
29,1402,799
29,1174,831
29,1157,819
29,1143,828
29,1101,798
29,1381,810
29,1098,820
29,1014,780
29,638,765
29,445,762
29,425,761
29,473,778
29,456,951
29,410,766
29,523,784
29,827,778
29,583,786
29,5,923
29,1183,889
29,1091,830
29,1814,824
29,1811,816
29,1812,813
29,430,775
29,1679,787
30,274,121
30,259,129
30,268,228
30,270,140
30,226,140
30,412,349
30,272,185
30,268,188
30,44,1025
30,275,182
30,263,135
30,273,162
30,254,213
30,295,266
30,592,235
30,599,237
30,599,245
30,604,244
30,864,219
30,861,239
30,768,291
30,915,239
30,1214,118
30,1185,153
30,759,94
30,794,228
30,795,219
30,1056,314
30,1087,306
30,1091,311
30,56,945
30,63,953
30,35,1010
30,7,982
30,6,996
30,85,1072
30,77,1069
30,67,1066
30,75,1075
30,65,1073
30,72,861
30,170,761
30,156,768
30,1717,837
30,1750,844
30,1891,774
30,1667,774
30,1867,772
30,1843,758
30,1889,751
30,1871,758
30,1762,780
30,1689,746
30,1626,764
30,1612,763
30,1566,757
30,1554,758
30,1543,757
30,1529,759
30,1523,760
30,1506,760
30,1490,757
30,1513,757
30,1580,805
30,1718,796
30,1762,803
30,1165,786
30,1069,782
30,1142,780
30,1403,798
30,1174,831
30,1157,819
30,1143,828
30,1096,795
30,1385,809
30,1093,819
30,1019,779
30,702,776
30,645,762
30,442,760
30,424,762
30,469,777
30,460,944
30,410,767
30,834,778
30,582,785
30,6,929
30,1186,892
30,1095,830
30,1815,823
30,1813,816
30,1810,813
30,433,773
30,1676,788
