1,657,953
1,756,789
1,714,904
1,791,920
1,739,817
1,756,766
1,793,851
1,744,750
1,794,765
1,793,718
1,795,676
1,719,778
1,678,805
1,685,788
1,705,651
1,723,639
1,683,609
1,697,609
1,601,613
1,611,628
1,594,626
1,551,626
1,506,625
1,426,616
1,488,629
1,300,610
1,195,618
1,91,637
1,38,597
1,61,633
1,40,635
1,47,628
1,52,564
1,11,516
1,100,549
1,83,563
1,81,555
1,110,578
1,77,615
1,122,548
1,117,542
1,163,565
1,130,566
1,6,527
1,101,511
1,28,515
1,49,517
1,94,494
1,103,458
1,145,506
1,192,504
1,238,515
1,239,524
1,243,507
1,362,539
1,257,520
1,244,541
1,238,548
1,226,539
1,268,555
1,338,530
1,344,571
1,358,562
1,390,550
1,453,562
1,447,521
1,402,514
1,471,533
1,526,528
1,372,521
1,492,589
1,435,560
1,497,511
1,285,511
1,532,569
1,583,524
1,597,517
1,657,506
1,419,514
1,605,571
1,766,522
1,658,589
1,701,543
1,690,489
1,697,482
1,729,585
1,800,537
1,725,605
1,722,479
1,797,659
1,741,465
1,750,466
1,826,493
1,843,611
1,838,624
1,809,602
1,817,603
1,825,619
1,821,603
1,798,445
1,790,429
1,871,607
1,800,425
1,745,456
1,817,475
1,848,423
1,769,391
1,790,381
1,771,369
1,773,290
1,792,354
1,806,338
1,768,411
1,856,412
1,845,381
1,850,371
1,847,364
1,789,192
1,761,397
1,781,376
1,773,202
1,777,158
1,794,255
1,786,255
1,784,139
1,805,123
1,772,126
1,794,126
1,823,141
1,812,117
1,778,115
1,788,111
1,783,116
1,810,87
1,830,83
1,783,41
1,784,19
1,797,263
1,774,68
1,799,8
1,774,27
1,778,32
1,719,120
1,718,109
1,715,103
1,710,97
1,706,139
1,808,141
1,780,93
1,871,499
1,867,493
1,868,514
1,893,517
1,914,517
1,941,523
1,915,581
1,910,591
1,1115,564
1,1111,556
1,1063,555
1,1029,555
1,1015,555
1,972,557
1,903,599
1,920,481
1,914,485
1,981,509
1,977,517
1,917,500
1,942,503
1,949,503
1,902,493
1,1000,509
1,963,502
1,1092,523
1,1102,506
1,926,504
1,1152,550
1,1149,530
1,1077,558
1,1133,499
1,1135,471
1,1171,481
1,1222,498
1,1196,541
1,1171,517
1,1190,526
1,1186,494
1,1163,509
1,1212,477
1,1205,515
1,1225,518
1,1228,511
1,1265,563
1,1270,549
1,1284,581
1,1277,481
1,1271,474
1,1346,553
1,1338,549
1,1282,606
1,1389,602
1,1421,544
1,1354,520
1,1290,598
1,1385,484
1,1395,503
1,1393,474
1,1382,480
1,1282,492
1,1385,463
1,1450,456
1,1441,485
1,1425,510
1,1432,520
1,1443,519
1,1521,460
1,1608,443
1,1633,475
1,1615,488
1,1672,471
1,1669,456
1,1668,464
1,1689,426
1,1729,487
1,1752,450
1,1773,472
1,1774,465
1,1789,479
1,1789,470
1,1735,394
1,1663,451
1,1757,519
1,1715,519
1,1839,558
1,1775,506
1,1816,70
1,1798,86
1,1792,333
1,1875,522
1,1818,782
1,1804,810
1,1822,995
1,1819,970
1,1899,493
1,1837,494
1,1900,534
1,1889,528
1,1852,532
1,1000,566
1,929,582
1,929,591
1,632,497
1,612,498
1,706,637
2,657,961
2,753,796
2,719,908
2,791,926
2,737,824
2,754,771
2,793,846
2,747,746
2,795,762
2,793,724
2,798,674
2,718,777
2,678,799
2,685,782
2,708,650
2,722,634
2,683,609
2,695,609
2,595,614
2,608,627
2,588,626
2,544,626
2,501,624
2,419,616
2,481,629
2,294,614
2,204,616
2,96,637
2,38,603
2,58,632
2,37,635
2,44,629
2,51,569
2,94,549
2,87,563
2,86,556
2,108,578
2,77,614
2,108,554
2,120,551
2,117,544
2,170,565
2,132,559
2,6,521
2,94,512
2,33,513
2,54,514
2,100,495
2,104,463
2,150,508
2,188,503
2,233,514
2,234,523
2,242,508
2,352,540
2,263,520
2,250,542
2,245,549
2,232,540
2,276,557
2,343,530
2,349,571
2,363,562
2,395,549
2,459,562
2,443,522
2,403,515
2,463,534
2,517,528
2,371,520
2,498,584
2,441,560
2,492,513
2,285,511
2,539,569
2,579,523
2,592,517
2,651,508
2,421,514
2,618,572
2,758,522
2,664,589
2,701,537
2,686,489
2,693,482
2,730,589
2,806,535
2,722,604
2,721,483
2,802,658
2,737,465
2,746,465
2,831,497
2,846,606
2,836,619
2,809,597
2,820,599
2,824,619
2,820,602
2,801,441
2,792,435
2,872,607
2,796,426
2,745,456
2,822,482
2,845,424
2,769,393
2,790,377
2,770,366
2,774,300
2,794,347
2,806,338
2,769,411
2,856,412
2,845,381
2,850,371
2,848,364
2,787,201
2,762,396
2,782,371
2,773,205
2,777,155
2,794,251
2,786,251
2,786,145
2,803,126
2,772,129
2,794,130
2,821,144
2,811,112
2,777,117
2,789,106
2,784,112
2,810,82
2,832,83
2,785,46
2,786,26
2,797,260
2,774,64
2,803,7
2,774,28
2,778,30
2,719,120
2,720,110
2,716,103
2,710,97
2,705,139
2,808,139
2,780,96
2,867,500
2,863,493
2,876,517
2,898,513
2,921,518
2,947,524
2,915,576
2,909,586
2,1120,564
2,1116,557
2,1071,554
2,1036,558
2,1019,555
2,975,557
2,904,607
2,924,476
2,917,484
2,982,509
2,973,517
2,918,499
2,941,501
2,948,503
2,902,493
2,1000,508
2,965,504
2,1088,522
2,1100,506
2,926,504
2,1150,552
2,1159,530
2,1085,562
2,1134,500
2,1136,471
2,1170,480
2,1215,499
2,1196,545
2,1174,515
2,1197,524
2,1191,491
2,1162,510
2,1221,477
2,1211,514
2,1232,521
2,1228,511
2,1271,564
2,1269,552
2,1290,581
2,1282,481
2,1276,474
2,1350,548
2,1343,543
2,1282,602
2,1395,605
2,1423,536
2,1358,524
2,1290,598
2,1384,484
2,1396,501
2,1397,475
2,1384,474
2,1279,498
2,1391,463
2,1450,464
2,1441,493
2,1427,508
2,1432,520
2,1440,525
2,1515,461
2,1603,446
2,1625,475
2,1623,488
2,1668,471
2,1665,457
2,1664,465
2,1699,428
2,1737,487
2,1759,451
2,1769,473
2,1770,466
2,1784,480
2,1783,472
2,1730,396
2,1658,452
2,1767,525
2,1724,524
2,1857,561
2,1785,511
2,1818,76
2,1798,86
2,1793,338
2,1873,516
2,1820,773
2,1803,817
2,1825,1003
2,1821,978
2,1894,494
2,1838,494
2,1900,534
2,1889,528
2,1852,532
2,1000,566
2,929,582
2,929,591
2,632,497
2,612,498
2,706,637
3,658,970
3,750,803
3,725,912
3,784,1058
3,791,933
3,735,832
3,753,776
3,794,842
3,751,743
3,796,759
3,793,730
3,802,672
3,717,776
3,678,793
3,685,777
3,712,649
3,722,630
3,683,610
3,694,610
3,613,618
3,590,615
3,605,627
3,583,627
3,538,626
3,496,624
3,413,616
3,474,630
3,288,618
3,213,615
3,38,610
3,56,631
3,34,636
3,41,630
3,50,575
3,88,550
3,91,564
3,91,557
3,125,576
3,107,578
3,77,614
3,119,555
3,117,547
3,178,565
3,135,552
3,7,516
3,88,514
3,11,455
3,39,511
3,59,512
3,106,497
3,105,468
3,114,456
3,156,511
3,162,506
3,185,503
3,228,514
3,230,523
3,241,509
3,343,541
3,270,521
3,257,543
3,252,550
3,238,542
3,284,559
3,349,530
3,354,571
3,368,563
3,401,548
3,465,563
3,439,523
3,404,516
3,456,535
3,509,529
3,371,520
3,505,580
3,448,561
3,488,515
3,285,511
3,547,570
3,575,523
3,587,517
3,646,510
3,423,514
3,630,574
3,751,523
3,670,590
3,701,532
3,682,489
3,690,482
3,732,593
3,812,534
3,719,603
3,720,488
3,806,654
3,689,473
3,726,472
3,734,465
3,743,464
3,836,501
3,850,601
3,835,614
3,810,592
3,822,595
3,824,620
3,819,602
3,804,438
3,794,442
3,873,608
3,792,428
3,745,456
3,828,489
3,842,425
3,769,396
3,790,374
3,770,364
3,775,310
3,686,468
3,796,341
3,807,338
3,770,412
3,856,412
3,845,381
3,850,371
3,850,365
3,786,210
3,764,396
3,783,366
3,774,208
3,778,153
3,795,247
3,787,248
3,788,152
3,802,130
3,772,133
3,794,135
3,819,148
3,810,107
3,777,119
3,791,102
3,786,108
3,810,77
3,835,83
3,787,52
3,788,33
3,797,258
3,774,60
3,774,29
3,779,28
3,719,120
3,719,112
3,716,105
3,710,97
3,705,140
3,808,138
3,780,99
3,864,501
3,860,493
3,885,520
3,903,509
3,928,520
3,954,525
3,916,572
3,909,581
3,1126,565
3,1121,558
3,1079,553
3,1041,560
3,1023,556
3,978,558
3,921,484
3,984,509
3,970,518
3,919,499
3,941,501
3,948,503
3,902,493
3,1000,508
3,967,505
3,1085,521
3,1099,507
3,926,505
3,1149,555
3,1169,530
3,1089,562
3,1135,501
3,1138,472
3,1170,480
3,1208,500
3,1197,549
3,1177,513
3,1204,523
3,1197,489
3,1161,511
3,1228,477
3,1217,513
3,1233,524
3,1228,511
3,1278,565
3,1268,556
3,1297,582
3,1253,477
3,1287,482
3,1281,474
3,1354,543
3,1348,538
3,1284,597
3,1402,608
3,1425,529
3,1362,529
3,1290,598
3,1383,485
3,1398,499
3,1401,476
3,1387,471
3,1280,500
3,1396,463
3,1450,472
3,1441,501
3,1429,505
3,1432,520
3,1438,532
3,1508,462
3,1597,448
3,1618,476
3,1631,488
3,1665,471
3,1662,458
3,1661,466
3,1709,431
3,1746,488
3,1767,453
3,1765,475
3,1766,467
3,1780,482
3,1777,474
3,1726,399
3,1653,453
3,1776,530
3,1733,530
3,1873,564
3,1795,515
3,1821,82
3,1798,86
3,1794,344
3,1871,511
3,1823,765
3,1803,825
3,1827,1010
3,1823,986
3,1890,496
3,1840,495
3,1900,534
3,1889,528
3,1852,532
3,1000,566
3,929,582
3,929,591
3,632,497
3,612,498
3,706,637
4,659,979
4,747,810
4,730,917
4,777,1059
4,792,940
4,733,839
4,752,782
4,794,837
4,754,739
4,798,756
4,793,737
4,805,670
4,716,775
4,678,787
4,685,771
4,716,649
4,722,625
4,683,611
4,693,611
4,606,617
4,585,616
4,602,627
4,578,627
4,532,627
4,491,624
4,406,616
4,467,631
4,282,622
4,222,614
4,38,617
4,53,630
4,32,637
4,39,631
4,49,581
4,83,551
4,96,564
4,96,558
4,129,573
4,106,578
4,77,614
4,112,567
4,118,558
4,117,550
4,186,565
4,137,545
4,7,510
4,81,516
4,14,459
4,44,510
4,65,510
4,112,498
4,107,473
4,115,462
4,161,513
4,167,508
4,182,503
4,223,514
4,225,523
4,240,510
4,334,542
4,277,522
4,263,544
4,259,551
4,245,544
4,291,561
4,354,531
4,360,572
4,373,564
4,407,548
4,471,564
4,436,525
4,405,517
4,449,536
4,501,530
4,371,520
4,510,577
4,454,562
4,483,517
4,285,511
4,552,572
4,571,522
4,582,517
4,641,513
4,426,514
4,638,574
4,743,524
4,677,591
4,701,527
4,679,487
4,687,480
4,734,597
4,818,532
4,716,603
4,719,493
4,810,651
4,688,474
4,734,472
4,731,465
4,739,463
4,843,505
4,854,597
4,834,609
4,810,587
4,823,591
4,823,620
4,818,602
4,808,435
4,796,449
4,874,608
4,788,429
4,745,456
4,834,497
4,837,426
4,769,399
4,790,371
4,770,361
4,776,320
4,685,469
4,798,334
4,808,339
4,772,413
4,856,412
4,845,381
4,850,371
4,851,365
4,785,219
4,765,396
4,785,361
4,774,212
4,779,150
4,795,244
4,788,245
4,786,156
4,800,134
4,773,137
4,794,139
4,817,152
4,810,103
4,777,121
4,792,98
4,788,105
4,810,73
4,838,84
4,788,58
4,791,41
4,798,255
4,775,56
4,774,29
4,780,26
4,797,14
4,719,120
4,719,113
4,716,106
4,711,97
4,705,140
4,714,67
4,808,137
4,780,102
4,861,502
4,857,493
4,893,521
4,907,502
4,934,522
4,960,525
4,919,569
4,909,576
4,1130,566
4,1124,559
4,1085,550
4,1043,559
4,1027,556
4,981,558
4,921,481
4,985,510
4,967,518
4,920,499
4,941,501
4,948,503
4,902,493
4,1000,507
4,967,505
4,1082,521
4,1098,507
4,927,505
4,1146,556
4,1178,531
4,1093,561
4,1136,502
4,1140,473
4,1170,480
4,1203,502
4,1194,551
4,1177,510
4,1207,522
4,1199,487
4,1160,512
4,1234,477
4,1221,509
4,1234,527
4,1229,512
4,1285,567
4,1267,560
4,1304,583
4,1252,480
4,1290,481
4,1286,473
4,1356,537
4,1349,532
4,1287,592
4,1405,611
4,1426,521
4,1365,533
4,1290,598
4,1383,486
4,1396,495
4,1404,478
4,1391,471
4,1281,500
4,1400,463
4,1450,478
4,1440,506
4,1433,499
4,1432,520
4,1435,539
4,1501,462
4,1590,448
4,1610,476
4,1639,488
4,1662,472
4,1659,459
4,1658,467
4,1715,430
4,1752,489
4,1774,455
4,1760,476
4,1762,467
4,1775,484
4,1771,476
4,1718,405
4,1648,454
4,1782,534
4,1741,536
4,1886,564
4,1802,517
4,1822,86
4,1798,86
4,1795,350
4,1869,505
4,1825,757
4,1803,834
4,1828,1018
4,1824,992
4,1886,498
4,1841,495
4,1900,534
4,1889,528
4,1852,532
4,1000,566
4,929,582
4,929,591
4,632,497
4,612,498
4,706,637
5,660,988
5,744,817
5,736,921
5,771,1060
5,786,1041
5,792,947
5,732,847
5,751,787
5,795,833
5,758,736
5,799,752
5,793,743
5,809,669
5,715,774
5,678,781
5,685,766
5,719,648
5,722,621
5,681,614
5,692,612
5,617,608
5,600,617
5,580,617
5,599,627
5,573,628
5,526,627
5,487,623
5,400,616
5,461,631
5,278,627
5,232,613
5,39,623
5,51,629
5,29,638
5,36,633
5,49,587
5,77,552
5,100,564
5,101,558
5,133,569
5,105,578
5,77,614
5,113,572
5,117,562
5,117,552
5,194,565
5,136,538
5,8,505
5,75,518
5,18,463
5,50,508
5,70,508
5,119,500
5,108,478
5,116,468
5,117,451
5,166,516
5,172,511
5,179,503
5,218,513
5,221,523
5,239,511
5,324,542
5,283,523
5,270,546
5,266,552
5,252,546
5,299,562
5,360,531
5,365,572
5,378,564
5,412,547
5,478,564
5,432,526
5,406,518
5,442,537
5,493,531
5,370,520
5,514,576
5,461,562
5,479,519
5,285,511
5,556,574
5,566,521
5,577,519
5,633,513
5,427,515
5,645,574
5,736,525
5,684,591
5,698,520
5,676,484
5,683,478
5,735,598
5,825,531
5,713,603
5,719,498
5,814,647
5,687,475
5,743,472
5,728,465
5,736,462
5,850,510
5,856,592
5,833,604
5,811,583
5,824,587
5,823,621
5,817,602
5,809,431
5,800,454
5,875,609
5,784,431
5,746,456
5,840,503
5,833,427
5,769,402
5,790,368
5,770,359
5,777,328
5,684,470
5,800,328
5,809,339
5,772,413
5,856,412
5,845,381
5,850,371
5,853,366
5,783,227
5,767,395
5,786,356
5,774,214
5,780,148
5,796,240
5,789,241
5,783,161
5,800,138
5,773,141
5,794,144
5,815,157
5,809,98
5,776,123
5,794,94
5,789,101
5,810,68
5,841,84
5,785,64
5,793,48
5,798,253
5,775,52
5,775,28
5,780,24
5,797,20
5,719,120
5,718,115
5,716,107
5,711,97
5,704,141
5,709,71
5,809,135
5,780,105
5,858,502
5,853,493
5,900,523
5,909,496
5,939,523
5,965,525
5,921,566
5,909,570
5,1133,567
5,1126,560
5,1090,546
5,1046,558
5,1032,556
5,984,559
5,921,480
5,987,510
5,964,518
5,922,499
5,941,501
5,949,503
5,902,493
5,1000,507
5,967,504
5,1079,520
5,1093,508
5,927,506
5,1144,556
5,1187,531
5,1097,560
5,1137,503
5,1140,473
5,1170,480
5,1198,505
5,1191,554
5,1178,508
5,1210,520
5,1203,485
5,1159,513
5,1240,478
5,1226,506
5,1235,528
5,1229,512
5,1291,567
5,1265,563
5,1311,584
5,1252,484
5,1294,480
5,1291,472
5,1357,532
5,1350,526
5,1289,587
5,1409,614
5,1428,514
5,1368,537
5,1290,598
5,1378,487
5,1395,492
5,1406,478
5,1395,470
5,1281,500
5,1403,463
5,1450,483
5,1437,511
5,1435,493
5,1432,520
5,1433,546
5,1494,464
5,1583,446
5,1602,476
5,1645,488
5,1655,472
5,1653,458
5,1655,467
5,1720,429
5,1757,490
5,1782,457
5,1753,475
5,1758,467
5,1768,484
5,1766,476
5,1710,410
5,1643,454
5,1788,539
5,1748,541
5,1899,563
5,1809,520
5,1824,90
5,1798,86
5,1796,356
5,1865,499
5,1824,749
5,1806,845
5,1832,1023
5,1823,996
5,1820,1070
5,1882,499
5,1841,495
5,1900,534
5,1889,528
5,1852,532
5,1000,566
5,929,582
5,929,591
5,632,497
5,612,498
5,706,637
6,661,997
6,741,824
6,741,925
6,764,1061
6,785,1046
6,793,954
6,730,855
6,750,793
6,796,828
6,762,732
6,800,749
6,793,750
6,812,667
6,715,774
6,678,775
6,686,760
6,723,648
6,722,616
6,679,618
6,690,612
6,613,609
6,594,616
6,575,619
6,596,626
6,567,629
6,520,628
6,482,623
6,393,616
6,454,632
6,278,632
6,241,611
6,91,643
6,42,628
6,49,628
6,27,639
6,33,634
6,48,592
6,71,553
6,103,562
6,103,556
6,138,566
6,104,579
6,77,614
6,114,578
6,116,565
6,116,557
6,202,565
6,135,531
6,8,499
6,68,519
6,21,467
6,55,507
6,75,506
6,124,502
6,109,483
6,118,474
6,115,456
6,170,518
6,177,514
6,176,502
6,213,513
6,216,523
6,238,512
6,314,540
6,289,524
6,276,547
6,272,553
6,259,548
6,306,562
6,365,531
6,371,572
6,383,565
6,416,547
6,484,565
6,429,527
6,407,519
6,435,539
6,485,532
6,370,520
6,519,574
6,467,563
6,474,519
6,285,511
6,560,575
6,561,521
6,572,522
6,626,513
6,428,515
6,654,575
6,728,526
6,692,591
6,693,511
6,674,482
6,682,476
6,737,600
6,831,529
6,709,603
6,719,502
6,820,643
6,687,476
6,750,472
6,725,466
6,733,461
6,857,514
6,859,587
6,831,599
6,811,578
6,824,583
6,822,621
6,816,602
6,811,427
6,804,460
6,877,610
6,781,433
6,746,456
6,846,507
6,832,426
6,767,406
6,790,365
6,770,357
6,777,336
6,683,471
6,802,321
6,810,340
6,771,413
6,856,412
6,845,381
6,850,371
6,854,367
6,781,234
6,767,395
6,787,351
6,773,216
6,781,145
6,797,236
6,790,238
6,780,165
6,801,144
6,773,145
6,794,148
6,813,161
6,809,93
6,776,125
6,795,90
6,791,96
6,810,63
6,843,84
6,783,70
6,795,56
6,798,250
6,776,49
6,776,26
6,781,23
6,796,26
6,719,120
6,718,117
6,716,109
6,712,98
6,704,142
6,709,75
6,809,134
6,780,109
6,857,501
6,852,493
6,907,524
6,909,491
6,944,523
6,970,525
6,924,562
6,911,565
6,1136,568
6,1129,560
6,1096,543
6,1048,558
6,1037,556
6,987,559
6,921,480
6,988,511
6,961,518
6,923,499
6,941,501
6,950,504
6,902,493
6,1000,507
6,967,504
6,1076,520
6,1088,508
6,928,507
6,1141,556
6,1195,531
6,1102,559
6,1137,504
6,1140,473
6,1170,480
6,1193,507
6,1188,555
6,1178,506
6,1215,518
6,1208,482
6,1159,514
6,1247,478
6,1231,505
6,1235,528
6,1230,513
6,1297,566
6,1263,565
6,1318,585
6,1252,485
6,1299,480
6,1295,472
6,1360,527
6,1354,521
6,1287,582
6,1413,618
6,1430,506
6,1371,541
6,1290,598
6,1377,485
6,1394,487
6,1408,475
6,1399,468
6,1281,500
6,1405,463
6,1449,488
6,1435,516
6,1437,487
6,1432,520
6,1431,553
6,1488,466
6,1576,447
6,1593,475
6,1654,488
6,1649,472
6,1647,457
6,1653,467
6,1726,427
6,1763,490
6,1788,458
6,1747,474
6,1754,467
6,1762,484
6,1760,476
6,1702,414
6,1638,453
6,1794,544
6,1754,546
6,1911,562
6,1814,524
6,1825,94
6,1798,86
6,1796,360
6,1860,493
6,1808,856
6,1832,1027
6,1823,999
6,1820,1063
6,1877,499
6,1841,495
6,1900,534
6,1889,528
6,1852,532
6,1000,566
6,929,582
6,929,591
6,632,497
6,612,498
6,706,637
7,738,831
7,747,930
7,758,1064
7,780,1051
7,793,961
7,728,862
7,746,799
7,796,824
7,765,730
7,800,745
7,794,755
7,816,665
7,714,773
7,678,769
7,686,755
7,727,647
7,721,612
7,677,622
7,689,613
7,609,611
7,588,616
7,569,620
7,593,626
7,562,629
7,514,628
7,477,623
7,386,617
7,447,633
7,250,609
7,91,640
7,45,633
7,46,628
7,24,640
7,31,635
7,47,597
7,66,554
7,106,560
7,106,553
7,142,563
7,102,575
7,77,614
7,114,583
7,116,569
7,116,562
7,210,565
7,135,524
7,8,494
7,62,521
7,26,471
7,60,505
7,80,503
7,129,504
7,111,489
7,120,479
7,114,461
7,107,452
7,174,520
7,181,516
7,173,502
7,208,513
7,212,522
7,234,512
7,304,538
7,294,525
7,283,547
7,279,553
7,266,549
7,312,563
7,369,531
7,376,573
7,389,565
7,420,547
7,490,566
7,425,528
7,409,519
7,427,539
7,477,533
7,370,520
7,523,573
7,474,564
7,470,520
7,285,511
7,565,577
7,556,520
7,567,524
7,620,514
7,429,516
7,663,576
7,721,527
7,699,590
7,693,506
7,672,479
7,682,474
7,739,602
7,836,527
7,704,603
7,719,507
7,825,638
7,687,477
7,757,472
7,721,466
7,729,460
7,864,515
7,861,582
7,829,595
7,811,573
7,824,579
7,822,622
7,815,602
7,813,423
7,807,465
7,876,609
7,774,434
7,746,456
7,852,511
7,831,426
7,766,410
7,790,361
7,770,354
7,777,345
7,682,472
7,802,316
7,810,342
7,771,413
7,856,412
7,845,381
7,850,371
7,856,367
7,778,244
7,766,394
7,789,346
7,773,217
7,782,141
7,797,233
7,790,234
7,779,171
7,802,149
7,774,149
7,794,153
7,878,180
7,810,166
7,809,88
7,775,127
7,797,86
7,792,91
7,810,59
7,843,84
7,783,72
7,796,62
7,799,247
7,776,45
7,776,21
7,782,21
7,796,32
7,719,120
7,715,117
7,713,109
7,711,99
7,704,142
7,710,79
7,809,133
7,780,111
7,853,500
7,850,493
7,914,524
7,909,486
7,950,522
7,973,523
7,929,561
7,916,562
7,1139,568
7,1133,561
7,1101,539
7,1050,557
7,1041,554
7,990,559
7,922,481
7,989,512
7,958,518
7,924,499
7,941,501
7,950,504
7,902,493
7,1000,506
7,967,504
7,1073,520
7,1084,508
7,930,508
7,1140,557
7,1202,533
7,1107,558
7,1138,505
7,1140,473
7,1170,480
7,1188,510
7,1184,556
7,1182,503
7,1220,515
7,1211,480
7,1158,515
7,1252,479
7,1233,502
7,1235,528
7,1230,513
7,1304,566
7,1262,565
7,1324,586
7,1253,487
7,1304,481
7,1298,473
7,1363,522
7,1357,516
7,1287,577
7,1413,624
7,1432,500
7,1374,546
7,1290,598
7,1374,485
7,1391,481
7,1410,476
7,1402,468
7,1281,499
7,1408,464
7,1449,493
7,1432,521
7,1440,483
7,1432,520
7,1430,561
7,1482,467
7,1570,449
7,1585,476
7,1662,490
7,1644,467
7,1641,455
7,1645,462
7,1735,426
7,1769,489
7,1794,460
7,1740,473
7,1750,467
7,1754,484
7,1753,477
7,1694,416
7,1633,451
7,1799,549
7,1760,551
7,1819,527
7,1827,98
7,1798,86
7,1796,365
7,1858,487
7,1810,866
7,1829,1030
7,1823,1002
7,1821,1058
7,1869,650
7,1872,499
7,1842,494
7,1900,534
7,1889,528
7,1852,532
7,1000,566
7,929,582
7,929,591
7,632,497
7,612,498
7,706,637
8,735,838
8,752,933
8,751,1067
8,773,1055
8,793,967
8,726,870
8,743,801
8,797,820
8,769,728
8,799,739
8,796,759
8,819,664
8,714,773
8,678,763
8,686,750
8,730,645
8,716,608
8,676,625
8,688,614
8,605,613
8,583,617
8,564,622
8,590,626
8,557,630
8,508,628
8,473,623
8,379,617
8,258,605
8,138,626
8,91,638
8,49,638
8,43,628
8,21,641
8,28,637
8,46,603
8,63,555
8,109,558
8,108,550
8,147,560
8,100,571
8,78,614
8,114,588
8,118,574
8,115,568
8,218,565
8,132,519
8,8,488
8,56,522
8,33,474
8,65,503
8,85,501
8,134,506
8,113,497
8,122,484
8,112,466
8,109,456
8,178,522
8,184,518
8,169,502
8,203,512
8,207,521
8,231,512
8,294,535
8,300,525
8,290,547
8,285,553
8,273,551
8,318,564
8,374,530
8,382,573
8,395,565
8,425,547
8,495,568
8,422,528
8,411,518
8,420,540
8,468,533
8,369,520
8,527,573
8,480,564
8,465,521
8,285,511
8,571,578
8,551,519
8,560,525
8,614,515
8,430,516
8,672,576
8,712,527
8,706,590
8,694,501
8,670,475
8,682,471
8,740,603
8,841,524
8,701,602
8,719,512
8,830,633
8,687,477
8,764,470
8,870,516
8,866,580
8,825,590
8,809,568
8,822,572
8,821,621
8,814,602
8,816,420
8,811,470
8,876,609
8,767,436
8,746,456
8,858,515
8,829,426
8,764,413
8,790,357
8,770,352
8,777,353
8,681,473
8,803,310
8,810,343
8,771,413
8,856,412
8,845,381
8,850,371
8,854,364
8,777,250
8,766,394
8,790,341
8,772,219
8,783,138
8,798,229
8,790,230
8,777,177
8,802,154
8,774,153
8,793,157
8,878,172
8,809,171
8,809,82
8,775,129
8,800,83
8,793,86
8,810,54
8,844,84
8,782,74
8,795,67
8,799,243
8,776,42
8,776,17
8,782,19
8,796,38
8,719,120
8,713,117
8,711,109
8,711,100
8,704,143
8,710,84
8,809,131
8,780,113
8,772,81
8,850,500
8,849,493
8,921,524
8,910,481
8,956,522
8,977,521
8,934,560
8,921,560
8,1143,568
8,1137,561
8,1106,536
8,1052,556
8,1045,553
8,994,559
8,922,483
8,992,513
8,955,517
8,926,499
8,941,501
8,951,503
8,902,493
8,1000,506
8,967,504
8,1071,521
8,1082,508
8,931,508
8,1140,559
8,1209,536
8,1111,557
8,1139,506
8,1140,473
8,1170,480
8,1182,514
8,1182,557
8,1180,501
8,1225,511
8,1214,477
8,1156,515
8,1257,480
8,1236,499
8,1236,529
8,1230,513
8,1311,567
8,1262,566
8,1333,588
8,1253,488
8,1309,481
8,1302,473
8,1368,520
8,1362,511
8,1291,574
8,1432,494
8,1378,551
8,1290,598
8,1370,486
8,1390,477
8,1411,477
8,1406,468
8,1281,499
8,1409,462
8,1448,498
8,1429,526
8,1443,479
8,1432,520
8,1429,569
8,1476,468
8,1563,450
8,1578,476
8,1670,491
8,1640,465
8,1633,455
8,1638,460
8,1743,424
8,1776,487
8,1799,461
8,1735,470
8,1747,467
8,1747,484
8,1745,477
8,1685,417
8,1628,450
8,1805,554
8,1766,556
8,1825,529
8,1827,101
8,1798,86
8,1797,369
8,1856,483
8,1811,876
8,1831,1037
8,1824,1008
8,1821,1051
8,1862,653
8,1866,498
8,1842,494
8,1900,534
8,1889,528
8,1852,532
8,1000,566
8,929,582
8,929,591
8,632,497
8,612,498
8,706,637
9,733,845
9,757,936
9,746,1069
9,767,1060
9,794,974
9,725,877
9,743,803
9,797,815
9,773,726
9,798,734
9,797,763
9,822,662
9,714,774
9,679,757
9,686,744
9,734,643
9,712,604
9,676,629
9,687,615
9,601,615
9,577,619
9,559,624
9,587,626
9,552,630
9,502,629
9,468,623
9,371,618
9,266,600
9,142,626
9,91,635
9,52,643
9,39,629
9,19,642
9,26,638
9,45,608
9,60,555
9,112,556
9,111,548
9,153,560
9,98,567
9,78,614
9,114,593
9,119,579
9,114,573
9,226,564
9,128,513
9,8,482
9,50,524
9,40,477
9,69,501
9,90,498
9,139,508
9,115,504
9,125,489
9,110,471
9,111,461
9,182,524
9,188,519
9,166,502
9,198,512
9,203,520
9,227,512
9,284,533
9,306,525
9,297,546
9,291,553
9,279,552
9,324,564
9,378,530
9,387,574
9,401,565
9,429,546
9,500,569
9,419,529
9,414,519
9,413,541
9,459,533
9,369,520
9,532,573
9,487,565
9,461,522
9,285,511
9,577,579
9,546,517
9,553,526
9,609,517
9,431,516
9,682,575
9,703,527
9,714,590
9,695,495
9,668,471
9,681,468
9,742,605
9,846,522
9,698,602
9,719,516
9,832,627
9,687,478
9,771,468
9,876,517
9,871,578
9,821,585
9,808,562
9,821,563
9,821,621
9,813,602
9,820,417
9,813,476
9,876,609
9,760,436
9,747,456
9,864,513
9,827,426
9,763,416
9,790,352
9,770,349
9,779,361
9,681,473
9,803,305
9,771,413
9,856,412
9,845,381
9,850,371
9,775,258
9,766,394
9,790,335
9,771,221
9,784,134
9,798,224
9,790,226
9,776,183
9,802,159
9,774,157
9,792,161
9,877,165
9,808,176
9,809,76
9,775,132
9,802,79
9,795,81
9,811,50
9,845,84
9,782,76
9,794,72
9,799,238
9,776,39
9,777,13
9,783,16
9,796,43
9,719,120
9,710,118
9,709,110
9,711,101
9,703,143
9,710,84
9,809,129
9,780,115
9,772,80
9,846,498
9,847,492
9,928,524
9,910,474
9,962,520
9,981,520
9,943,560
9,927,557
9,1146,568
9,1142,561
9,1111,532
9,1055,553
9,1050,551
9,997,559
9,921,482
9,994,513
9,953,517
9,926,499
9,941,501
9,951,502
9,902,493
9,1000,506
9,966,505
9,1067,521
9,1079,508
9,933,509
9,1139,560
9,1218,537
9,1116,555
9,1140,506
9,1140,473
9,1170,480
9,1176,515
9,1179,557
9,1181,500
9,1228,508
9,1217,475
9,1153,515
9,1263,478
9,1240,497
9,1236,529
9,1230,513
9,1317,570
9,1261,566
9,1340,590
9,1254,490
9,1312,480
9,1305,472
9,1373,516
9,1368,507
9,1292,568
9,1433,486
9,1381,556
9,1290,598
9,1366,487
9,1388,473
9,1413,477
9,1407,467
9,1282,499
9,1411,460
9,1444,504
9,1429,532
9,1443,474
9,1432,520
9,1429,577
9,1471,469
9,1557,451
9,1344,454
9,1570,476
9,1676,490
9,1637,468
9,1623,455
9,1632,462
9,1749,420
9,1781,484
9,1804,463
9,1729,468
9,1744,467
9,1739,485
9,1737,477
9,1675,417
9,1623,449
9,1811,559
9,1773,561
9,1831,532
9,1827,105
9,1798,86
9,1797,374
9,1848,480
9,1813,886
9,1832,1043
9,1824,1013
9,1821,1043
9,1855,657
9,1861,497
9,1842,494
9,1900,534
9,1889,528
9,1852,532
9,1000,566
9,929,582
9,929,591
9,632,497
9,612,498
9,706,637
10,731,852
10,762,939
10,741,1071
10,761,1064
10,794,980
10,724,885
10,740,815
10,798,811
10,777,724
10,797,728
10,798,767
10,825,659
10,715,774
10,679,750
10,686,739
10,737,641
10,707,600
10,676,632
10,686,616
10,597,616
10,572,621
10,553,625
10,583,626
10,547,631
10,496,629
10,464,624
10,364,618
10,274,595
10,253,625
10,146,626
10,92,633
10,56,646
10,36,630
10,15,643
10,23,639
10,44,613
10,56,556
10,118,553
10,115,544
10,159,560
10,95,562
10,78,614
10,114,598
10,120,583
10,114,579
10,233,564
10,125,508
10,8,476
10,44,524
10,46,481
10,74,499
10,93,495
10,144,511
10,117,510
10,127,494
10,109,475
10,114,465
10,186,525
10,192,521
10,163,502
10,192,511
10,198,519
10,223,512
10,274,533
10,313,524
10,303,546
10,298,553
10,284,552
10,331,564
10,389,532
10,393,574
10,406,564
10,434,546
10,506,570
10,415,530
10,415,520
10,406,541
10,449,533
10,369,520
10,536,572
10,493,565
10,456,523
10,285,511
10,584,581
10,541,516
10,547,527
10,603,517
10,432,517
10,691,575
10,695,527
10,721,591
10,696,489
10,745,607
10,851,520
10,695,600
10,718,522
10,834,620
10,687,477
10,777,465
10,883,518
10,876,576
10,816,580
10,807,557
10,819,557
10,821,620
10,812,602
10,824,415
10,815,483
10,876,609
10,754,435
10,747,456
10,871,512
10,824,426
10,761,419
10,790,348
10,770,344
10,780,369
10,680,474
10,804,299
10,771,413
10,856,412
10,845,381
10,850,371
10,774,266
10,766,394
10,791,329
10,771,223
10,785,131
10,798,220
10,790,222
10,776,189
10,801,164
10,774,161
10,791,165
10,875,158
10,807,182
10,809,69
10,775,135
10,805,75
10,797,75
10,812,45
10,845,84
10,781,78
10,794,77
10,799,234
10,776,36
10,777,11
10,783,12
10,795,49
10,719,120
10,707,119
10,707,112
10,710,102
10,703,144
10,708,82
10,809,127
10,780,118
10,773,78
10,844,497
10,844,491
10,935,524
10,967,517
10,985,519
10,947,560
10,933,556
10,1149,569
10,1146,561
10,1116,529
10,1060,550
10,1056,548
10,1000,558
10,921,482
10,998,513
10,951,517
10,926,499
10,941,501
10,951,502
10,902,493
10,1000,505
10,966,506
10,1062,519
10,1077,508
10,936,510
10,1139,561
10,1227,537
10,1121,554
10,1142,506
10,1140,473
10,1170,480
10,1172,517
10,1177,557
10,1182,498
10,1230,506
10,1150,514
10,1266,477
10,1242,494
10,1236,529
10,1230,513
10,1323,573
10,1260,566
10,1347,592
10,1257,491
10,1316,479
10,1309,471
10,1378,511
10,1373,502
10,1290,563
10,1434,479
10,1384,559
10,1290,598
10,1363,488
10,1387,469
10,1415,475
10,1408,467
10,1282,499
10,1411,459
10,1442,510
10,1429,538
10,1443,469
10,1432,520
10,1429,584
10,1466,471
10,1551,450
10,1337,455
10,1562,476
10,1682,489
10,1632,468
10,1617,454
10,1627,462
10,1757,417
10,1785,481
10,1809,465
10,1723,465
10,1741,467
10,1732,485
10,1729,477
10,1664,418
10,1618,448
10,1817,565
10,1779,565
10,1838,535
10,1827,110
10,1798,86
10,1798,379
10,1843,475
10,1814,896
10,1833,1048
10,1826,1018
10,1821,1037
10,1850,663
10,1860,496
10,1843,493
10,1900,534
10,1889,528
10,1852,532
10,1000,566
10,929,582
10,929,591
10,632,497
10,612,498
10,706,637
11,729,859
11,768,942
11,756,1067
11,795,986
11,723,892
11,740,822
11,799,806
11,781,722
11,796,723
11,800,771
11,828,656
11,715,775
11,679,743
11,686,732
11,740,639
11,703,597
11,676,635
11,683,620
11,592,619
11,566,622
11,548,627
11,613,622
11,579,626
11,490,630
11,460,624
11,357,618
11,282,591
11,259,625
11,151,625
11,94,632
11,60,647
11,32,630
11,18,638
11,43,618
11,53,557
11,123,550
11,120,542
11,166,559
11,93,558
11,78,613
11,114,603
11,120,588
11,113,584
11,241,564
11,123,502
11,8,470
11,38,524
11,53,484
11,78,497
11,95,490
11,149,513
11,118,515
11,129,499
11,108,480
11,117,470
11,190,525
11,196,521
11,159,502
11,186,511
11,193,518
11,219,513
11,265,532
11,320,524
11,310,546
11,304,553
11,289,552
11,338,563
11,391,529
11,398,574
11,412,564
11,439,546
11,511,572
11,412,530
11,417,522
11,399,541
11,441,533
11,369,520
11,543,570
11,499,564
11,451,523
11,285,511
11,590,582
11,537,515
11,540,527
11,597,517
11,433,517
11,698,575
11,686,527
11,729,592
11,696,483
11,678,463
11,749,610
11,856,518
11,691,598
11,717,527
11,836,613
11,687,475
11,784,463
11,890,518
11,881,575
11,812,575
11,802,553
11,818,552
11,821,620
11,810,601
11,816,489
11,876,609
11,748,434
11,747,456
11,879,512
11,822,426
11,760,418
11,791,344
11,771,339
11,782,378
11,679,475
11,804,294
11,768,413
11,856,412
11,845,381
11,850,371
11,774,274
11,766,394
11,792,323
11,771,224
11,785,128
11,798,216
11,791,219
11,777,195
11,800,169
11,774,165
11,790,169
11,874,152
11,806,186
11,809,63
11,775,138
11,807,71
11,799,69
11,812,41
11,845,84
11,780,80
11,793,82
11,799,230
11,776,33
11,777,9
11,784,9
11,794,55
11,719,120
11,710,104
11,703,145
11,809,124
11,779,119
11,773,77
11,842,497
11,841,489
11,941,524
11,972,515
11,989,519
11,940,556
11,912,609
11,1152,569
11,1151,561
11,1121,525
11,1065,548
11,1060,545
11,1003,558
11,921,482
11,1002,514
11,946,517
11,927,499
11,941,501
11,950,503
11,902,493
11,1000,505
11,966,506
11,1059,519
11,1074,508
11,937,510
11,1021,509
11,1138,562
11,1236,538
11,1127,551
11,1143,506
11,1140,473
11,1170,480
11,1164,519
11,1175,557
11,1183,496
11,1231,503
11,1148,514
11,1270,477
11,1244,492
11,1237,530
11,1230,513
11,1330,575
11,1258,566
11,1353,593
11,1260,492
11,1321,478
11,1314,471
11,1384,508
11,1378,498
11,1290,558
11,1434,470
11,1387,562
11,1290,598
11,1361,488
11,1386,463
11,1417,475
11,1408,466
11,1283,498
11,1411,458
11,1441,515
11,1427,546
11,1446,463
11,1432,520
11,1429,591
11,1461,474
11,1544,451
11,1332,457
11,1553,477
11,1689,490
11,1628,468
11,1612,453
11,1622,462
11,1762,412
11,1790,477
11,1813,466
11,1715,465
11,1736,465
11,1724,484
11,1722,475
11,1651,419
11,1613,448
11,1823,570
11,1786,570
11,1846,537
11,1828,114
11,1798,86
11,1798,383
11,1842,466
11,1814,904
11,1833,1052
11,1828,1022
11,1821,1031
11,1845,669
11,1858,495
11,1843,493
11,1900,534
11,1889,528
11,1852,532
11,1000,566
11,929,582
11,929,591
11,632,497
11,612,498
11,706,637
12,728,866
12,773,945
12,751,1069
12,795,993
12,722,900
12,738,827
12,799,802
12,785,721
12,795,716
12,801,775
12,830,653
12,716,776
12,679,736
12,686,725
12,744,637
12,698,593
12,680,624
12,588,622
12,561,624
12,545,627
12,607,621
12,575,626
12,483,630
12,455,625
12,350,618
12,290,587
12,265,625
12,155,625
12,94,632
12,64,648
12,26,630
12,13,637
12,42,624
12,49,558
12,128,548
12,125,539
12,172,559
12,91,553
12,78,613
12,114,607
12,119,592
12,112,588
12,248,566
12,122,495
12,7,464
12,31,524
12,58,486
12,83,494
12,98,486
12,154,515
12,119,520
12,130,503
12,108,484
12,120,475
12,193,526
12,200,521
12,156,502
12,181,509
12,189,517
12,206,504
12,215,513
12,255,532
12,325,523
12,316,546
12,311,553
12,296,553
12,345,563
12,394,526
12,403,573
12,417,564
12,444,546
12,516,572
12,409,531
12,418,523
12,391,541
12,432,534
12,368,520
12,549,569
12,506,563
12,447,524
12,285,511
12,597,583
12,534,513
12,534,528
12,590,517
12,433,518
12,705,576
12,677,527
12,736,594
12,695,479
12,753,613
12,861,516
12,688,596
12,716,533
12,837,607
12,686,476
12,791,460
12,897,519
12,886,573
12,808,570
12,798,549
12,813,547
12,821,619
12,806,599
12,817,495
12,876,609
12,747,456
12,885,512
12,820,426
12,760,418
12,791,339
12,772,334
12,783,386
12,679,476
12,804,288
12,765,412
12,856,412
12,845,381
12,850,371
12,775,283
12,766,394
12,792,316
12,771,224
12,785,125
12,798,212
12,792,216
12,777,200
12,798,173
12,773,168
12,789,173
12,873,146
12,806,190
12,809,56
12,775,141
12,809,66
12,801,64
12,812,34
12,845,84
12,780,80
12,793,88
12,798,226
12,776,31
12,793,62
12,719,120
12,710,105
12,703,145
12,808,121
12,778,121
12,773,75
12,837,496
12,838,488
12,948,524
12,977,514
12,993,519
12,947,556
12,912,601
12,1155,570
12,1154,562
12,1125,521
12,1071,545
12,1066,543
12,1006,558
12,920,481
12,1007,516
12,941,516
12,927,500
12,941,501
12,950,501
12,902,493
12,1000,505
12,965,507
12,1055,519
12,1071,508
12,938,509
12,1019,509
12,1137,564
12,1246,540
12,1134,548
12,1145,505
12,1140,473
12,1170,480
12,1157,521
12,1173,557
12,1184,495
12,1234,500
12,1145,513
12,1277,478
12,1249,488
12,1239,532
12,1230,513
12,1337,575
12,1257,566
12,1360,594
12,1263,492
12,1326,477
12,1319,471
12,1390,505
12,1385,496
12,1289,552
12,1435,462
12,1390,565
12,1290,598
12,1359,487
12,1384,458
12,1417,475
12,1408,466
12,1283,498
12,1411,458
12,1438,520
12,1426,553
12,1449,458
12,1432,520
12,1429,598
12,1455,477
12,1538,451
12,1544,478
12,1697,491
12,1623,468
12,1608,450
12,1616,461
12,1767,405
12,1794,474
12,1818,467
12,1707,463
12,1732,462
12,1715,481
12,1717,472
12,1643,419
12,1609,446
12,1828,575
12,1792,574
12,1853,540
12,1828,119
12,1798,86
12,1796,388
12,1815,912
12,1833,1057
12,1831,1027
12,1821,1026
12,1840,673
12,1855,492
12,1843,493
12,1900,534
12,1889,528
12,1852,532
12,1000,566
12,929,582
12,929,591
12,632,497
12,612,498
12,706,637
13,727,873
13,778,948
13,796,1000
13,721,907
13,737,832
13,799,798
13,787,719
13,795,709
13,803,779
13,833,651
13,717,777
13,680,729
13,686,718
13,747,635
13,694,589
13,677,628
13,584,625
13,555,626
13,541,628
13,601,621
13,571,627
13,477,630
13,451,625
13,343,618
13,299,584
13,271,625
13,159,625
13,94,632
13,68,648
13,21,629
13,42,629
13,46,558
13,132,546
13,131,536
13,178,559
13,89,546
13,78,613
13,114,612
13,118,597
13,111,593
13,255,568
13,120,489
13,7,459
13,25,524
13,63,489
13,87,490
13,100,481
13,159,517
13,121,525
13,131,508
13,107,489
13,123,480
13,197,526
13,205,521
13,184,516
13,211,506
13,210,513
13,246,531
13,329,523
13,322,546
13,318,553
13,303,553
13,351,563
13,396,524
13,407,572
13,423,564
13,448,544
13,521,573
13,405,532
13,419,523
13,384,541
13,423,535
13,368,520
13,555,569
13,512,562
13,442,525
13,285,511
13,602,584
13,531,512
13,526,528
13,584,516
13,433,518
13,714,576
13,668,527
13,742,596
13,694,474
13,758,615
13,867,515
13,684,594
13,715,539
13,835,602
13,686,478
13,798,457
13,905,521
13,891,571
13,803,566
13,794,544
13,806,541
13,821,619
13,802,597
13,818,501
13,876,608
13,748,456
13,892,513
13,816,425
13,759,417
13,744,444
13,791,334
13,773,329
13,782,393
13,679,477
13,803,282
13,762,412
13,856,412
13,845,381
13,850,371
13,775,292
13,766,393
13,793,310
13,771,225
13,785,123
13,797,208
13,792,212
13,778,206
13,797,178
13,771,170
13,788,177
13,871,138
13,806,194
13,809,50
13,775,144
13,811,61
13,801,59
13,811,29
13,845,84
13,780,81
13,794,95
13,797,223
13,776,29
13,793,68
13,719,120
13,710,106
13,807,120
13,777,122
13,774,73
13,834,496
13,835,488
13,955,523
13,982,514
13,997,519
13,954,556
13,912,593
13,1159,570
13,1156,562
13,1129,517
13,1077,541
13,1072,541
13,1009,557
13,920,481
13,1012,518
13,938,514
13,928,500
13,941,501
13,950,500
13,902,493
13,999,505
13,965,507
13,1050,518
13,1066,509
13,940,508
13,1017,509
13,1136,564
13,1256,541
13,1139,546
13,1147,505
13,1140,473
13,1170,480
13,1152,522
13,1171,557
13,1185,493
13,1237,497
13,1142,513
13,1282,478
13,1253,486
13,1240,534
13,1230,513
13,1344,575
13,1256,566
13,1366,594
13,1266,492
13,1279,468
13,1330,476
13,1323,470
13,1396,502
13,1391,494
13,1288,545
13,1435,454
13,1393,568
13,1290,598
13,1358,487
13,1383,453
13,1418,475
13,1408,465
13,1284,498
13,1411,458
13,1435,526
13,1425,558
13,1432,520
13,1430,604
13,1451,480
13,1532,451
13,1536,479
13,1704,491
13,1618,468
13,1604,449
13,1611,460
13,1772,400
13,1800,470
13,1822,469
13,1700,460
13,1729,460
13,1707,478
13,1710,469
13,1636,417
13,1604,445
13,1832,579
13,1799,577
13,1860,543
13,1828,123
13,1798,86
13,1794,393
13,1815,921
13,1834,1062
13,1831,1032
13,1822,1019
13,1837,678
13,1851,487
13,1843,493
13,1900,534
13,1889,528
13,1852,532
13,1000,566
13,929,582
13,929,591
13,632,497
13,612,498
13,706,637
14,725,880
14,784,952
14,792,1032
14,797,1008
14,720,915
14,735,838
14,799,794
14,789,718
14,794,703
14,806,783
14,798,913
14,835,648
14,717,777
14,680,723
14,686,711
14,751,633
14,689,585
14,676,633
14,579,628
14,550,628
14,535,628
14,595,620
14,567,627
14,471,631
14,446,625
14,336,618
14,308,581
14,277,626
14,162,625
14,94,631
14,73,649
14,16,628
14,42,634
14,44,558
14,136,544
14,136,533
14,183,559
14,87,540
14,78,613
14,113,617
14,118,602
14,110,598
14,263,571
14,118,489
14,7,454
14,19,524
14,68,491
14,92,487
14,105,473
14,163,520
14,122,531
14,132,513
14,106,493
14,127,486
14,202,526
14,209,521
14,179,514
14,216,508
14,205,513
14,236,531
14,333,522
14,327,546
14,324,553
14,310,553
14,357,563
14,400,524
14,411,570
14,429,564
14,452,541
14,526,573
14,402,532
14,420,523
14,377,541
14,415,536
14,367,520
14,560,569
14,518,561
14,437,527
14,285,511
14,608,585
14,532,511
14,517,527
14,577,516
14,433,518
14,722,576
14,659,528
14,748,598
14,764,618
14,872,515
14,681,592
14,713,545
14,834,596
14,688,478
14,805,454
14,913,522
14,895,570
14,798,562
14,790,539
14,800,535
14,820,619
14,796,597
14,819,506
14,877,608
14,748,456
14,899,514
14,812,424
14,759,417
14,748,446
14,791,329
14,773,324
14,780,401
14,679,478
14,802,276
14,759,411
14,856,412
14,845,381
14,850,371
14,777,300
14,766,393
14,793,304
14,772,225
14,785,121
14,797,204
14,792,208
14,779,212
14,795,182
14,769,172
14,786,180
14,869,131
14,805,198
14,809,44
14,775,147
14,812,55
14,802,54
14,811,24
14,845,84
14,779,81
14,794,102
14,796,221
14,776,27
14,793,74
14,719,120
14,710,106
14,806,118
14,777,124
14,774,72
14,831,494
14,833,488
14,961,521
14,986,514
14,1000,518
14,974,559
14,960,555
14,912,587
14,1162,570
14,1159,562
14,1132,513
14,1083,539
14,1077,535
14,1013,557
14,920,481
14,1017,519
14,935,512
14,928,500
14,941,501
14,950,500
14,902,493
14,997,505
14,962,504
14,1046,517
14,1062,509
14,942,508
14,1014,508
14,1135,565
14,1265,543
14,1143,544
14,1150,507
14,1140,473
14,1170,480
14,1147,524
14,1169,556
14,1185,491
14,1241,493
14,1138,513
14,1287,478
14,1258,484
14,1241,535
14,1230,513
14,1349,575
14,1249,565
14,1371,595
14,1270,490
14,1284,468
14,1333,476
14,1327,469
14,1403,500
14,1397,492
14,1287,542
14,1397,573
14,1290,598
14,1356,486
14,1418,475
14,1408,465
14,1284,498
14,1411,458
14,1434,532
14,1425,567
14,1432,520
14,1433,610
14,1444,480
14,1525,452
14,1527,480
14,1712,490
14,1614,467
14,1600,450
14,1607,461
14,1776,394
14,1806,467
14,1828,470
14,1693,457
14,1724,459
14,1700,475
14,1702,468
14,1628,417
14,1600,444
14,1836,583
14,1805,581
14,1868,546
14,1829,128
14,1798,86
14,1793,398
14,1815,930
14,1835,1068
14,1831,1037
14,1823,1010
14,1834,684
14,1847,485
14,1844,492
14,1900,534
14,1889,528
14,1852,532
14,1000,566
14,929,582
14,929,591
14,632,497
14,612,498
14,706,637
15,724,887
15,784,958
15,791,1025
15,797,1016
15,719,922
15,733,843
15,798,790
15,791,717
15,794,696
15,798,909
15,838,645
15,718,778
15,680,716
15,686,704
15,755,632
15,683,582
15,679,638
15,545,629
15,530,628
15,589,619
15,563,627
15,465,631
15,440,625
15,329,618
15,318,577
15,283,627
15,165,626
15,94,631
15,80,651
15,10,628
15,42,639
15,43,558
15,139,544
15,140,533
15,189,560
15,84,533
15,77,613
15,112,623
15,116,607
15,109,602
15,105,582
15,270,573
15,115,483
15,6,449
15,13,524
15,73,493
15,94,483
15,110,466
15,167,522
15,123,536
15,133,517
15,105,498
15,127,492
15,207,526
15,213,521
15,173,513
15,221,510
15,200,513
15,226,531
15,337,522
15,332,546
15,329,554
15,317,554
15,364,564
15,403,524
15,416,569
15,434,564
15,456,538
15,532,574
15,399,533
15,421,523
15,369,541
15,408,537
15,366,520
15,565,569
15,524,561
15,433,528
15,285,511
15,614,586
15,534,510
15,510,529
15,570,515
15,433,519
15,730,577
15,650,529
15,754,600
15,767,620
15,878,514
15,677,590
15,712,551
15,832,591
15,689,480
15,812,451
15,919,523
15,899,569
15,793,558
15,787,534
15,795,529
15,820,618
15,789,597
15,820,512
15,878,607
15,748,456
15,905,516
15,809,423
15,758,417
15,753,448
15,791,324
15,773,318
15,778,408
15,679,479
15,801,270
15,756,411
15,856,412
15,845,381
15,850,371
15,778,308
15,766,393
15,795,299
15,772,226
15,785,118
15,797,199
15,792,205
15,780,217
15,793,185
15,767,174
15,784,184
15,866,124
15,805,204
15,809,38
15,774,153
15,813,50
15,802,49
15,811,19
15,845,84
15,779,82
15,795,109
15,796,218
15,777,25
15,794,80
15,719,120
15,710,106
15,804,116
15,776,125
15,774,70
15,828,493
15,830,488
15,968,519
15,991,515
15,1003,518
15,980,558
15,967,555
15,912,581
15,1167,570
15,1161,561
15,1137,509
15,1087,536
15,1081,529
15,1016,557
15,918,480
15,1023,522
15,930,512
15,928,500
15,941,501
15,950,500
15,902,493
15,994,505
15,961,504
15,1042,516
15,1060,508
15,945,509
15,1011,507
15,1134,567
15,1272,545
15,1148,542
15,1154,510
15,1140,473
15,1170,480
15,1142,530
15,1167,556
15,1189,489
15,1244,489
15,1133,514
15,1292,479
15,1263,483
15,1243,538
15,1230,513
15,1355,576
15,1240,565
15,1274,488
15,1289,469
15,1336,476
15,1331,468
15,1409,497
15,1403,490
15,1283,539
15,1401,577
15,1290,598
15,1353,486
15,1417,475
15,1408,464
15,1285,497
15,1411,458
15,1432,538
15,1425,575
15,1432,520
15,1435,615
15,1438,480
15,1518,454
15,1519,481
15,1719,489
15,1611,467
15,1596,451
15,1603,463
15,1780,388
15,1809,463
15,1833,472
15,1685,456
15,1718,458
15,1693,473
15,1694,466
15,1618,419
15,1596,445
15,1841,588
15,1812,584
15,1875,549
15,1829,133
15,1798,86
15,1791,400
15,1815,939
15,1838,1073
15,1832,1044
15,1824,1004
15,1831,690
15,1843,483
15,1844,492
15,1900,534
15,1889,528
15,1852,532
15,1000,566
15,929,582
15,929,591
15,632,497
15,612,498
15,706,637
16,722,895
16,785,965
16,676,1068
16,719,930
16,729,848
16,798,786
16,794,716
16,793,689
16,798,906
16,841,642
16,718,779
16,681,711
16,685,699
16,758,631
16,677,578
16,681,642
16,540,631
16,524,629
16,583,619
16,559,627
16,435,624
16,322,618
16,327,574
16,289,628
16,168,627
16,94,630
16,42,644
16,42,558
16,144,542
16,144,531
16,194,560
16,82,528
16,76,613
16,112,628
16,115,612
16,108,607
16,107,577
16,277,577
16,113,477
16,6,444
16,79,495
16,95,479
16,109,466
16,169,523
16,127,539
16,135,521
16,104,503
16,127,498
16,211,525
16,218,520
16,168,513
16,226,513
16,194,513
16,215,531
16,340,521
16,338,547
16,335,554
16,323,555
16,370,565
16,406,524
16,421,567
16,440,564
16,460,535
16,536,574
16,394,533
16,421,524
16,361,541
16,401,539
16,366,520
16,571,569
16,529,562
16,428,530
16,285,511
16,620,586
16,535,509
16,503,527
16,564,514
16,432,518
16,737,577
16,641,529
16,760,602
16,770,621
16,883,513
16,674,589
16,711,557
16,830,585
16,689,482
16,818,449
16,925,524
16,902,568
16,788,554
16,784,529
16,790,523
16,820,618
16,783,597
16,822,520
16,879,607
16,748,456
16,912,517
16,805,422
16,758,417
16,757,449
16,792,319
16,773,313
16,776,415
16,680,480
16,800,264
16,752,411
16,856,412
16,845,381
16,850,371
16,779,316
16,766,393
16,796,293
16,772,226
16,785,116
16,797,195
16,792,201
16,780,223
16,792,187
16,765,176
16,783,189
16,805,209
16,809,33
16,774,158
16,813,45
16,803,45
16,811,14
16,845,84
16,779,82
16,795,116
16,795,215
16,777,23
16,794,86
16,719,120
16,710,105
16,803,115
16,775,127
16,775,69
16,825,492
16,828,488
16,974,518
16,997,515
16,1005,518
16,984,556
16,973,554
16,912,575
16,1172,569
16,1166,561
16,1142,505
16,1090,533
16,1084,526
16,1019,556
16,916,479
16,1028,525
16,926,511
16,928,500
16,941,501
16,950,500
16,902,493
16,992,505
16,961,505
16,1040,515
16,1059,508
16,947,509
16,1007,506
16,1132,571
16,1281,546
16,1154,542
16,1155,512
16,1140,473
16,1170,480
16,1137,532
16,1163,556
16,1193,488
16,1248,484
16,1128,515
16,1296,479
16,1267,483
16,1244,541
16,1230,513
16,1362,578
16,1234,565
16,1278,487
16,1294,469
16,1340,475
16,1336,467
16,1416,495
16,1408,488
16,1278,536
16,1405,581
16,1290,598
16,1350,486
16,1417,474
16,1408,464
16,1285,497
16,1411,458
16,1430,545
16,1425,583
16,1432,520
16,1432,480
16,1513,456
16,1510,483
16,1727,489
16,1604,468
16,1591,451
16,1599,462
16,1783,383
16,1818,462
16,1838,474
16,1676,455
16,1712,459
16,1685,473
16,1684,465
16,1609,420
16,1592,446
16,1846,593
16,1819,588
16,1880,552
16,1829,137
16,1798,86
16,1789,403
16,1815,947
16,1832,1048
16,1825,998
16,1829,696
16,1839,481
16,1844,492
16,1900,534
16,1889,528
16,1852,532
16,1000,566
16,929,582
16,929,591
16,632,497
16,612,498
16,706,637
17,721,902
17,786,971
17,676,1062
17,719,937
17,725,854
17,798,782
17,796,715
17,793,682
17,798,902
17,842,637
17,718,780
17,681,706
17,685,694
17,762,630
17,672,575
17,684,647
17,518,629
17,578,621
17,555,627
17,429,624
17,314,617
17,342,626
17,335,572
17,294,628
17,171,628
17,94,630
17,41,648
17,40,558
17,148,539
17,149,530
17,200,561
17,79,522
17,76,613
17,114,617
17,107,612
17,108,573
17,284,581
17,110,472
17,84,498
17,97,475
17,111,460
17,172,522
17,132,541
17,137,525
17,102,509
17,127,504
17,216,525
17,222,520
17,162,512
17,231,514
17,189,513
17,204,531
17,342,520
17,343,548
17,340,555
17,329,556
17,375,565
17,411,525
17,426,566
17,445,563
17,462,532
17,541,575
17,383,530
17,422,524
17,353,540
17,393,540
17,366,519
17,575,567
17,535,563
17,423,533
17,285,511
17,627,586
17,537,508
17,497,525
17,558,514
17,432,518
17,743,577
17,632,529
17,766,605
17,773,624
17,889,513
17,671,587
17,710,563
17,828,580
17,689,484
17,824,446
17,930,522
17,906,567
17,783,550
17,779,525
17,785,517
17,820,617
17,777,596
17,850,398
17,823,527
17,880,606
17,747,455
17,919,518
17,801,421
17,757,418
17,762,448
17,793,314
17,772,307
17,771,423
17,680,481
17,799,258
17,748,412
17,856,412
17,845,381
17,850,371
17,779,324
17,766,393
17,798,288
17,772,226
17,785,113
17,797,190
17,794,199
17,780,228
17,790,190
17,761,176
17,781,194
17,805,215
17,809,28
17,773,164
17,813,41
17,803,40
17,811,10
17,844,84
17,778,82
17,794,123
17,795,211
17,777,21
17,794,92
17,719,120
17,710,105
17,802,114
17,774,128
17,775,68
17,822,490
17,826,485
17,979,520
17,1003,516
17,1006,519
17,988,555
17,979,554
17,913,570
17,1176,568
17,1171,560
17,1146,504
17,1094,530
17,1088,524
17,1023,556
17,913,479
17,1033,529
17,923,510
17,928,500
17,941,501
17,950,500
17,902,493
17,989,506
17,960,506
17,1036,515
17,1057,509
17,950,509
17,1004,505
17,1289,547
17,1160,542
17,1157,515
17,1140,473
17,1170,480
17,1128,537
17,1159,558
17,1196,485
17,1251,482
17,1123,517
17,1300,478
17,1270,481
17,1245,543
17,1230,513
17,1369,579
17,1226,564
17,1279,486
17,1298,469
17,1344,475
17,1340,466
17,1423,493
17,1412,486
17,1275,535
17,1409,585
17,1290,598
17,1346,486
17,1416,473
17,1408,464
17,1286,497
17,1411,458
17,1428,552
17,1425,591
17,1432,520
17,1425,481
17,1507,458
17,1501,484
17,1734,490
17,1597,469
17,1586,451
17,1596,462
17,1789,375
17,1819,454
17,1845,474
17,1669,452
17,1708,459
17,1678,471
17,1676,463
17,1599,421
17,1589,447
17,1851,598
17,1826,593
17,1884,555
17,1830,142
17,1798,86
17,1787,406
17,1814,955
17,1832,1051
17,1825,991
17,1829,705
17,1901,548
17,1833,480
17,1845,492
17,1900,534
17,1889,528
17,1852,532
17,1000,566
17,929,582
17,929,591
17,632,497
17,612,498
17,706,637
18,720,910
18,787,978
18,676,1055
18,719,944
18,725,859
18,797,778
18,799,714
18,793,676
18,798,899
18,844,632
18,717,783
18,681,701
18,684,688
18,766,628
18,666,572
18,686,652
18,513,629
18,572,624
18,552,627
18,423,623
18,306,616
18,336,626
18,344,570
18,174,629
18,94,629
18,40,652
18,39,558
18,153,537
18,153,528
18,206,562
18,76,516
18,75,613
18,113,622
18,107,617
18,110,568
18,291,586
18,109,466
18,90,500
18,99,475
18,114,455
18,184,524
18,137,544
18,139,529
18,100,515
18,129,510
18,220,525
18,227,519
18,157,511
18,237,516
18,184,513
18,194,531
18,345,519
18,349,550
18,346,556
18,335,558
18,380,566
18,414,526
18,432,565
18,451,562
18,465,529
18,546,575
18,379,531
18,423,524
18,348,538
18,383,541
18,366,518
18,578,566
18,540,563
18,419,536
18,285,511
18,632,588
18,538,507
18,491,524
18,554,514
18,431,518
18,752,578
18,624,529
18,774,607
18,779,634
18,894,515
18,668,585
18,709,570
18,825,576
18,689,486
18,830,444
18,937,521
18,910,566
18,779,546
18,774,522
18,779,513
18,820,617
18,773,594
18,853,396
18,825,535
18,881,606
18,746,455
18,925,519
18,798,420
18,756,419
18,766,448
18,793,310
18,772,301
18,766,431
18,680,482
18,799,252
18,744,412
18,856,412
18,845,381
18,850,371
18,779,333
18,766,393
18,798,282
18,770,223
18,785,111
18,797,185
18,794,195
18,780,233
18,788,194
18,756,176
18,780,199
18,805,220
18,809,23
18,773,169
18,813,36
18,804,34
18,844,84
18,778,82
18,792,129
18,796,206
18,777,19
18,793,97
18,719,120
18,710,104
18,801,113
18,774,130
18,775,67
18,819,488
18,824,483
18,985,520
18,1008,517
18,1006,519
18,994,554
18,984,552
18,918,566
18,1180,568
18,1176,560
18,1151,502
18,1098,527
18,1091,523
18,1027,556
18,908,479
18,1038,534
18,919,509
18,928,500
18,941,501
18,950,501
18,902,493
18,986,509
18,960,506
18,1029,515
18,1055,510
18,952,507
18,1001,505
18,1298,548
18,1167,542
18,1158,518
18,1140,473
18,1170,480
18,1120,541
18,1156,559
18,1198,481
18,1255,480
18,1118,518
18,1304,477
18,1273,479
18,1247,545
18,1230,513
18,1377,580
18,1219,564
18,1280,481
18,1301,468
18,1349,475
18,1344,466
18,1428,489
18,1418,485
18,1273,534
18,1412,589
18,1290,598
18,1342,485
18,1416,473
18,1407,464
18,1287,497
18,1411,459
18,1428,560
18,1428,599
18,1432,520
18,1419,482
18,1498,459
18,1493,485
18,1742,490
18,1592,470
18,1577,452
18,1591,462
18,1794,367
18,1824,452
18,1848,475
18,1662,450
18,1705,459
18,1671,470
18,1668,462
18,1590,423
18,1585,448
18,1857,604
18,1834,597
18,1889,558
18,1831,146
18,1798,86
18,1785,408
18,1814,964
18,1831,1056
18,1825,986
18,1829,714
18,1892,547
18,1827,479
18,1846,492
18,1900,534
18,1889,528
18,1852,532
18,1000,566
18,929,582
18,929,591
18,632,497
18,612,498
18,706,637
19,718,917
19,788,985
19,662,1005
19,720,952
19,726,865
19,797,774
19,802,714
19,795,670
19,798,895
19,845,628
19,716,785
19,681,697
19,684,683
19,770,626
19,660,568
19,688,657
19,523,630
19,507,629
19,567,626
19,548,627
19,418,623
19,298,616
19,330,625
19,367,629
19,353,568
19,94,629
19,38,558
19,157,535
19,157,526
19,211,562
19,73,511
19,74,612
19,112,627
19,106,622
19,112,564
19,298,590
19,108,460
19,95,503
19,100,475
19,188,524
19,142,546
19,141,532
19,99,522
19,131,515
19,224,525
19,231,519
19,151,510
19,242,518
19,180,513
19,186,531
19,347,518
19,355,550
19,351,556
19,341,559
19,386,566
19,417,527
19,438,565
19,456,562
19,467,525
19,551,576
19,375,532
19,424,524
19,343,535
19,372,542
19,365,519
19,582,565
19,546,564
19,413,537
19,285,511
19,636,589
19,540,506
19,485,524
19,549,514
19,431,517
19,762,578
19,615,529
19,781,609
19,780,640
19,899,516
19,665,584
19,708,576
19,823,572
19,689,488
19,837,442
19,943,521
19,911,563
19,774,543
19,769,520
19,774,510
19,820,616
19,768,593
19,858,391
19,826,542
19,882,605
19,746,455
19,932,520
19,794,420
19,755,420
19,770,447
19,793,305
19,771,296
19,761,439
19,680,483
19,798,246
19,856,412
19,845,381
19,850,371
19,779,340
19,766,392
19,799,277
19,769,223
19,785,108
19,797,181
19,793,190
19,780,238
19,788,198
19,752,176
19,780,204
19,805,226
19,809,18
19,773,175
19,813,31
19,804,29
19,844,84
19,778,81
19,790,136
19,796,201
19,776,17
19,791,104
19,719,120
19,710,104
19,801,112
19,773,132
19,775,66
19,817,486
19,822,482
19,990,520
19,1013,515
19,1007,520
19,1001,552
19,989,549
19,924,563
19,1184,568
19,1180,559
19,1157,500
19,1101,527
19,1094,523
19,1031,556
19,902,482
19,1043,537
19,916,509
19,928,500
19,941,501
19,950,501
19,902,493
19,983,511
19,960,504
19,1026,515
19,1047,509
19,953,507
19,999,506
19,1306,549
19,1172,542
19,1160,522
19,1140,473
19,1170,480
19,1114,544
19,1154,560
19,1202,480
19,1258,478
19,1113,518
19,1308,478
19,1274,482
19,1250,548
19,1230,513
19,1383,581
19,1214,565
19,1281,477
19,1305,468
19,1354,474
19,1349,465
19,1434,486
19,1424,484
19,1269,531
19,1416,593
19,1290,598
19,1339,484
19,1416,473
19,1407,464
19,1286,497
19,1411,459
19,1398,611
19,1428,568
19,1432,608
19,1432,520
19,1412,483
19,1495,463
19,1484,486
19,1748,489
19,1588,470
19,1568,454
19,1586,462
19,1797,360
19,1826,447
19,1854,477
19,1656,450
19,1701,457
19,1665,469
19,1662,461
19,1580,424
19,1580,449
19,1862,610
19,1842,602
19,1894,562
19,1833,150
19,1798,86
19,1781,412
19,1814,973
19,1830,1063
19,1825,981
19,1828,722
19,1884,546
19,1821,478
19,1847,492
19,1900,534
19,1889,528
19,1852,532
19,1000,566
19,929,582
19,929,591
19,632,497
19,612,498
19,706,637
20,717,925
20,793,987
20,662,999
20,675,1043
20,720,959
20,726,872
20,796,770
20,798,665
20,798,891
20,847,623
20,714,788
20,681,692
20,683,678
20,775,624
20,654,565
20,689,663
20,517,629
20,501,629
20,561,628
20,544,627
20,413,623
20,291,615
20,324,624
20,360,629
20,362,567
20,95,628
20,37,558
20,162,534
20,162,525
20,217,563
20,70,506
20,74,611
20,106,627
20,113,558
20,305,593
20,108,455
20,101,505
20,103,471
20,191,523
20,147,548
20,143,536
20,97,529
20,134,520
20,229,525
20,236,519
20,146,510
20,248,520
20,176,514
20,178,530
20,350,518
20,360,550
20,356,557
20,347,560
20,392,566
20,420,528
20,442,565
20,460,562
20,470,523
20,556,576
20,370,533
20,425,525
20,338,532
20,362,542
20,364,521
20,585,564
20,553,565
20,407,538
20,285,511
20,641,591
20,479,524
20,544,515
20,431,517
20,771,578
20,606,529
20,786,612
20,781,647
20,904,517
20,662,582
20,709,582
20,821,568
20,689,488
20,845,440
20,950,519
20,916,563
20,770,539
20,762,514
20,768,506
20,819,616
20,763,594
20,859,388
20,826,548
20,883,605
20,746,455
20,939,521
20,791,420
20,754,421
20,774,446
20,793,301
20,771,291
20,755,447
20,680,485
20,797,240
20,856,412
20,845,381
20,850,371
20,779,348
20,766,392
20,800,271
20,769,223
20,785,105
20,798,178
20,793,186
20,780,243
20,788,203
20,752,176
20,779,208
20,805,231
20,809,12
20,775,181
20,813,25
20,804,24
20,844,84
20,778,81
20,789,143
20,797,197
20,775,15
20,789,111
20,719,120
20,710,103
20,800,111
20,772,133
20,775,65
20,815,484
20,820,481
20,995,524
20,1019,516
20,1008,521
20,1007,552
20,996,546
20,930,560
20,1189,568
20,1185,559
20,1162,498
20,1104,526
20,1097,523
20,1034,556
20,897,484
20,1049,540
20,912,509
20,928,500
20,941,501
20,950,501
20,902,493
20,979,510
20,960,505
20,1022,513
20,1043,509
20,952,507
20,997,506
20,1315,550
20,1178,542
20,1162,526
20,1140,473
20,1170,479
20,1109,545
20,1152,561
20,1207,480
20,1263,477
20,1105,516
20,1313,479
20,1278,480
20,1253,551
20,1230,513
20,1390,583
20,1210,567
20,1282,475
20,1311,469
20,1359,473
20,1354,465
20,1439,482
20,1429,480
20,1265,528
20,1417,599
20,1290,598
20,1336,484
20,1416,473
20,1407,464
20,1286,497
20,1411,459
20,1391,605
20,1429,575
20,1434,614
20,1432,520
20,1405,482
20,1489,465
20,1476,489
20,1755,489
20,1582,470
20,1565,455
20,1581,463
20,1801,356
20,1829,442
20,1861,479
20,1651,450
20,1696,455
20,1659,469
20,1657,460
20,1571,426
20,1575,449
20,1867,615
20,1850,606
20,1898,566
20,1833,155
20,1798,86
20,1775,416
20,1814,982
20,1828,1070
20,1826,976
20,1830,731
20,1874,543
20,1813,477
20,1848,493
20,1900,534
20,1889,528
20,1852,532
20,1000,566
20,929,582
20,929,591
20,632,497
20,612,498
20,706,637
21,717,931
21,661,993
21,674,1036
21,720,967
21,727,878
21,796,766
21,800,659
21,799,888
21,848,618
21,712,788
21,682,688
21,683,673
21,780,623
21,648,563
21,691,668
21,511,628
21,496,628
21,556,631
21,541,627
21,407,622
21,283,615
21,318,624
21,354,629
21,371,565
21,96,626
21,79,645
21,32,551
21,166,533
21,167,525
21,222,563
21,67,501
21,74,611
21,115,552
21,312,596
21,107,507
21,105,467
21,198,523
21,153,551
21,147,539
21,95,535
21,137,525
21,14,490
21,233,525
21,240,519
21,140,509
21,254,522
21,172,515
21,171,530
21,353,517
21,365,550
21,361,557
21,353,561
21,398,566
21,423,529
21,447,565
21,464,563
21,472,520
21,561,577
21,366,534
21,426,525
21,334,528
21,353,542
21,363,523
21,589,561
21,559,565
21,401,539
21,285,511
21,645,593
21,473,527
21,538,516
21,430,517
21,779,578
21,597,529
21,791,615
21,782,654
21,909,519
21,659,582
21,711,588
21,818,564
21,689,489
21,853,439
21,957,519
21,920,563
21,765,535
21,756,509
21,761,503
21,819,616
21,757,595
21,863,383
21,827,555
21,884,604
21,746,455
21,945,522
21,788,419
21,754,421
21,778,445
21,794,296
21,771,286
21,749,454
21,680,487
21,796,235
21,856,412
21,845,381
21,850,371
21,779,355
21,766,391
21,800,266
21,769,223
21,785,102
21,798,174
21,793,181
21,780,249
21,788,207
21,753,176
21,779,213
21,805,236
21,776,187
21,813,20
21,804,18
21,844,84
21,778,80
21,787,149
21,797,194
21,775,14
21,787,117
21,719,120
21,710,103
21,800,110
21,771,135
21,775,63
21,813,481
21,819,480
21,1000,526
21,1024,517
21,1008,521
21,1014,552
21,1003,544
21,937,560
21,1192,566
21,1189,559
21,1168,497
21,1108,524
21,1103,523
21,1037,556
21,892,487
21,1054,544
21,909,509
21,927,500
21,941,501
21,950,501
21,915,470
21,902,493
21,976,508
21,959,506
21,1017,511
21,1040,510
21,950,507
21,993,507
21,1324,550
21,1185,542
21,1163,531
21,1140,473
21,1170,479
21,1104,545
21,1148,563
21,1212,479
21,1268,477
21,1098,513
21,1317,479
21,1281,479
21,1256,554
21,1230,513
21,1395,583
21,1205,569
21,1283,472
21,1317,469
21,1362,473
21,1357,464
21,1444,478
21,1433,477
21,1262,524
21,1420,603
21,1290,598
21,1332,486
21,1417,474
21,1407,464
21,1285,497
21,1411,459
21,1386,599
21,1430,583
21,1432,520
21,1401,482
21,1482,467
21,1468,491
21,1762,489
21,1577,470
21,1563,455
21,1576,463
21,1804,349
21,1832,439
21,1870,480
21,1644,449
21,1691,454
21,1650,467
21,1649,459
21,1563,428
21,1570,449
21,1870,620
21,1857,611
21,1903,569
21,1833,160
21,1798,86
21,1770,419
21,1816,992
21,1826,969
21,1829,739
21,1864,543
21,1807,476
21,1848,493
21,1900,534
21,1889,528
21,1852,532
21,1000,566
21,929,582
21,929,591
21,632,497
21,612,498
21,706,637
22,717,938
22,661,987
22,674,1030
22,721,974
22,728,885
22,796,762
22,803,654
22,799,884
22,850,614
22,710,788
22,682,683
22,683,668
22,785,622
22,641,563
22,692,674
22,505,628
22,490,628
22,550,632
22,537,627
22,402,622
22,275,614
22,312,623
22,347,629
22,380,564
22,98,623
22,74,643
22,26,544
22,170,532
22,171,524
22,228,563
22,64,496
22,74,610
22,117,547
22,320,600
22,113,509
22,108,463
22,205,523
22,158,551
22,153,541
22,93,542
22,139,530
22,21,491
22,237,524
22,244,519
22,135,509
22,260,523
22,168,516
22,163,529
22,356,516
22,370,549
22,367,557
22,359,563
22,404,566
22,426,530
22,452,566
22,469,563
22,474,517
22,566,578
22,362,534
22,426,525
22,333,523
22,345,541
22,362,525
22,593,557
22,565,566
22,395,539
22,285,511
22,652,594
22,467,529
22,532,516
22,430,517
22,787,578
22,588,529
22,797,618
22,782,660
22,916,519
22,656,581
22,712,594
22,816,558
22,688,490
22,860,437
22,963,522
22,924,562
22,761,532
22,751,507
22,753,500
22,819,615
22,751,596
22,862,381
22,827,561
22,885,604
22,746,455
22,952,523
22,784,419
22,753,422
22,782,444
22,794,291
22,771,280
22,743,460
22,680,488
22,796,229
22,856,412
22,845,381
22,850,371
22,778,362
22,767,390
22,799,261
22,769,223
22,786,100
22,800,171
22,793,177
22,780,256
22,788,212
22,751,177
22,779,218
22,805,241
22,777,192
22,813,14
22,804,13
22,844,84
22,778,80
22,785,156
22,797,190
22,775,12
22,787,124
22,719,120
22,710,102
22,798,110
22,771,136
22,775,61
22,812,478
22,819,477
22,1008,527
22,1031,518
22,1006,521
22,1020,552
22,1011,541
22,945,559
22,1195,564
22,1192,557
22,1175,496
22,1113,523
22,1109,523
22,1040,556
22,888,491
22,1058,548
22,906,510
22,927,500
22,941,501
22,950,502
22,911,472
22,902,493
22,973,509
22,958,508
22,1013,510
22,1034,511
22,949,508
22,988,508
22,1332,551
22,1192,542
22,1167,533
22,1140,473
22,1170,478
22,1096,546
22,1144,564
22,1217,477
22,1270,476
22,1092,513
22,1322,479
22,1283,477
22,1259,556
22,1230,513
22,1400,583
22,1200,571
22,1282,469
22,1322,470
22,1366,473
22,1361,464
22,1448,473
22,1436,471
22,1259,520
22,1423,607
22,1290,598
22,1329,486
22,1417,474
22,1407,465
22,1285,497
22,1411,459
22,1328,589
22,1380,594
22,1430,589
22,1432,520
22,1397,482
22,1478,471
22,1462,493
22,1768,489
22,1574,470
22,1560,456
22,1571,463
22,1808,343
22,1834,437
22,1875,478
22,1636,447
22,1687,453
22,1641,465
22,1641,458
22,1554,431
22,1565,448
22,1874,625
22,1863,614
22,1908,570
22,1832,165
22,1798,86
22,1765,421
22,1817,999
22,1826,960
22,1827,748
22,1853,543
22,1802,476
22,1849,493
22,1900,534
22,1889,528
22,1852,532
22,1000,566
22,929,582
22,929,591
22,632,497
22,612,498
22,706,637
23,717,944
23,660,981
23,673,1023
23,721,981
23,728,891
23,795,757
23,807,649
23,799,880
23,853,610
23,708,786
23,683,678
23,681,664
23,790,621
23,634,562
23,692,680
23,499,627
23,484,627
23,534,627
23,397,622
23,268,614
23,306,623
23,340,629
23,389,562
23,99,620
23,69,640
23,22,539
23,175,531
23,176,523
23,234,563
23,62,491
23,74,609
23,119,542
23,327,603
23,120,511
23,110,460
23,211,522
23,163,552
23,160,543
23,92,548
23,142,536
23,27,492
23,15,484
23,242,524
23,248,519
23,122,493
23,129,509
23,266,523
23,165,517
23,156,529
23,359,515
23,377,549
23,373,557
23,366,563
23,410,565
23,431,528
23,458,566
23,475,563
23,477,514
23,570,578
23,358,535
23,427,525
23,333,518
23,336,541
23,361,526
23,597,553
23,571,566
23,389,539
23,285,511
23,659,596
23,460,532
23,527,515
23,429,516
23,794,578
23,579,529
23,802,621
23,783,666
23,923,520
23,653,581
23,714,600
23,814,551
23,688,490
23,866,435
23,972,525
23,929,561
23,757,528
23,746,505
23,747,497
23,819,615
23,745,596
23,828,567
23,888,603
23,746,455
23,959,526
23,781,419
23,752,423
23,786,443
23,794,286
23,771,275
23,737,466
23,680,488
23,796,224
23,856,412
23,845,381
23,850,371
23,778,370
23,767,390
23,798,256
23,769,223
23,785,99
23,801,167
23,793,173
23,781,262
23,786,219
23,744,177
23,778,222
23,805,246
23,777,197
23,844,85
23,778,80
23,783,163
23,797,187
23,775,10
23,787,130
23,719,120
23,711,102
23,795,111
23,771,141
23,775,60
23,810,475
23,818,473
23,1015,527
23,1038,519
23,1004,521
23,1026,550
23,1018,540
23,1198,563
23,1194,555
23,1181,496
23,1119,521
23,1113,521
23,1043,556
23,884,493
23,1063,553
23,902,510
23,927,500
23,941,501
23,950,502
23,907,474
23,902,493
23,970,510
23,957,509
23,1010,511
23,1030,510
23,947,508
23,987,508
23,1341,551
23,1200,542
23,1170,536
23,1140,473
23,1171,478
23,1090,546
23,1141,566
23,1221,475
23,1272,475
23,1086,513
23,1327,479
23,1284,474
23,1262,558
23,1230,513
23,1407,584
23,1196,571
23,1280,464
23,1327,470
23,1372,472
23,1366,464
23,1451,468
23,1439,465
23,1255,516
23,1426,612
23,1290,598
23,1326,486
23,1417,474
23,1407,465
23,1284,498
23,1411,459
23,1331,587
23,1374,590
23,1430,596
23,1432,520
23,1390,483
23,1473,474
23,1454,495
23,1775,490
23,1571,471
23,1558,456
23,1566,463
23,1812,338
23,1881,478
23,1629,445
23,1682,452
23,1631,464
23,1632,457
23,1544,434
23,1561,448
23,1869,618
23,1832,170
23,1798,86
23,1760,422
23,1818,1007
23,1826,953
23,1825,757
23,1840,539
23,1798,476
23,1850,493
23,1900,534
23,1889,528
23,1852,532
23,1000,566
23,929,582
23,929,591
23,632,497
23,612,498
23,706,637
24,717,951
24,659,975
24,672,1016
24,722,989
24,728,898
24,794,752
24,812,644
24,799,877
24,856,607
24,706,784
24,684,673
24,679,661
24,795,620
24,627,562
24,692,687
24,494,625
24,478,626
24,530,626
24,392,621
24,261,613
24,301,622
24,334,629
24,399,561
24,101,618
24,64,638
24,19,534
24,178,531
24,180,523
24,239,563
24,60,486
24,73,609
24,120,537
24,334,606
24,126,513
24,113,455
24,218,522
24,169,553
24,167,544
24,94,555
24,146,541
24,34,493
24,23,484
24,9,488
24,246,523
24,253,518
24,120,493
24,124,509
24,272,523
24,161,518
24,148,528
24,362,515
24,383,548
24,379,556
24,374,563
24,416,565
24,436,527
24,464,566
24,482,562
24,479,512
24,575,579
24,353,536
24,428,526
24,333,516
24,326,541
24,362,527
24,600,549
24,578,567
24,384,539
24,285,511
24,666,598
24,453,535
24,522,514
24,429,516
24,803,577
24,571,529
24,807,626
24,783,672
24,929,521
24,650,580
24,715,606
24,812,544
24,689,491
24,871,435
24,981,528
24,934,559
24,753,525
24,739,502
24,742,493
24,819,614
24,740,595
24,830,573
24,891,603
24,746,455
24,966,530
24,779,419
24,751,424
24,790,442
24,794,282
24,771,270
24,731,472
24,681,485
24,796,218
24,856,412
24,845,381
24,850,371
24,777,379
24,767,389
24,797,251
24,769,224
24,785,99
24,802,163
24,793,169
24,781,269
24,785,225
24,736,177
24,778,227
24,805,252
24,777,203
24,842,84
24,778,80
24,782,170
24,797,183
24,785,135
24,719,120
24,711,101
24,793,112
24,771,147
24,788,25
24,788,17
24,775,58
24,809,472
24,816,471
24,1021,526
24,1045,520
24,1001,520
24,1032,549
24,1025,539
24,1202,561
24,1197,553
24,1188,496
24,1124,522
24,1116,519
24,1046,556
24,879,494
24,1065,558
24,899,509
24,927,499
24,941,501
24,950,502
24,905,478
24,902,493
24,913,472
24,968,510
24,955,509
24,1007,512
24,1027,509
24,946,508
24,985,508
24,1349,551
24,1207,542
24,1174,539
24,1140,473
24,1171,477
24,1084,546
24,1138,567
24,1224,474
24,1274,474
24,1080,513
24,1332,479
24,1287,473
24,1264,560
24,1230,513
24,1414,586
24,1191,570
24,1333,468
24,1377,469
24,1370,463
24,1454,463
24,1444,460
24,1251,513
24,1430,616
24,1290,598
24,1323,485
24,1417,474
24,1407,465
24,1284,498
24,1411,459
24,1334,582
24,1368,587
24,1430,603
24,1432,520
24,1383,485
24,1469,477
24,1446,496
24,1781,490
24,1568,469
24,1553,456
24,1561,463
24,1816,334
24,1887,478
24,1621,445
24,1678,451
24,1622,464
24,1623,456
24,1534,437
24,1557,449
24,1875,622
24,1831,175
24,1798,86
24,1756,424
24,1820,1015
24,1827,947
24,1825,765
24,1826,535
24,1789,477
24,1849,494
24,1900,534
24,1889,528
24,1852,532
24,1000,566
24,929,582
24,929,591
24,632,497
24,612,498
24,706,637
25,717,957
25,659,969
25,672,1009
25,722,996
25,728,904
25,794,748
25,817,640
25,799,839
25,799,873
25,858,603
25,706,782
25,685,668
25,677,659
25,800,620
25,620,561
25,692,693
25,488,624
25,473,626
25,526,626
25,387,621
25,254,613
25,295,621
25,328,629
25,408,559
25,195,624
25,102,615
25,59,635
25,76,648
25,16,530
25,182,531
25,184,522
25,245,563
25,57,481
25,73,610
25,121,532
25,342,607
25,133,514
25,117,450
25,225,522
25,174,554
25,173,546
25,96,561
25,149,546
25,41,496
25,32,484
25,12,485
25,251,522
25,258,518
25,117,494
25,119,509
25,279,524
25,157,519
25,139,528
25,365,514
25,390,547
25,385,556
25,381,563
25,422,564
25,441,526
25,470,566
25,488,560
25,482,510
25,580,580
25,349,536
25,429,526
25,317,541
25,368,526
25,604,545
25,584,568
25,379,538
25,285,511
25,673,599
25,447,536
25,517,512
25,429,516
25,812,577
25,562,529
25,810,628
25,783,678
25,934,523
25,647,580
25,716,613
25,810,537
25,690,492
25,985,528
25,938,557
25,749,520
25,731,498
25,737,490
25,819,614
25,734,594
25,832,579
25,893,603
25,745,455
25,974,533
25,778,420
25,750,425
25,794,442
25,794,277
25,771,265
25,724,478
25,681,482
25,796,213
25,856,412
25,845,381
25,850,371
25,777,387
25,768,388
25,797,244
25,769,224
25,787,101
25,803,158
25,793,165
25,779,274
25,785,229
25,733,176
25,778,232
25,805,258
25,777,208
25,841,84
25,779,80
25,781,177
25,797,179
25,784,141
25,719,120
25,711,101
25,790,113
25,771,152
25,790,35
25,788,27
25,775,56
25,808,470
25,815,468
25,1027,525
25,1052,521
25,998,520
25,1037,548
25,1032,537
25,966,554
25,1206,559
25,1199,551
25,1194,495
25,1129,520
25,1123,518
25,1050,556
25,873,496
25,1067,563
25,895,509
25,927,499
25,941,501
25,950,502
25,902,481
25,902,493
25,914,474
25,967,510
25,953,509
25,1003,514
25,1024,509
25,945,509
25,982,508
25,1357,550
25,1213,543
25,1178,542
25,1140,473
25,1171,477
25,1078,546
25,1226,473
25,1279,474
25,1071,512
25,1338,480
25,1292,472
25,1267,563
25,1230,513
25,1419,590
25,1185,568
25,1339,466
25,1381,466
25,1374,460
25,1458,455
25,1446,454
25,1247,510
25,1433,620
25,1290,598
25,1319,485
25,1418,475
25,1407,465
25,1283,498
25,1411,460
25,1337,575
25,1362,586
25,1430,608
25,1432,520
25,1376,486
25,1465,481
25,1438,496
25,1787,489
25,1565,467
25,1548,456
25,1556,463
25,1817,327
25,1892,479
25,1613,444
25,1673,450
25,1613,463
25,1613,455
25,1525,440
25,1553,450
25,1881,625
25,1831,180
25,1798,86
25,1751,426
25,1821,1025
25,1827,941
25,1824,775
25,1811,530
25,1781,477
25,1846,494
25,1900,534
25,1889,528
25,1852,532
25,1000,566
25,929,582
25,929,591
25,632,497
25,612,498
25,706,637
26,717,964
26,659,962
26,672,1001
26,676,1065
26,722,1003
26,728,910
26,793,743
26,823,636
26,797,845
26,799,869
26,861,599
26,707,780
26,684,665
26,675,656
26,803,619
26,614,561
26,692,699
26,482,623
26,467,626
26,523,625
26,382,621
26,247,612
26,289,621
26,322,629
26,417,557
26,204,622
26,104,611
26,55,633
26,71,646
26,13,526
26,187,530
26,189,522
26,251,563
26,55,476
26,72,611
26,122,527
26,349,608
26,139,515
26,232,522
26,181,555
26,180,546
26,98,568
26,152,551
26,46,499
26,41,485
26,16,482
26,256,522
26,262,518
26,115,494
26,113,509
26,285,524
26,153,523
26,131,528
26,365,514
26,396,547
26,391,556
26,388,562
26,429,563
26,446,525
26,475,567
26,494,558
26,484,508
26,585,581
26,344,536
26,430,526
26,308,540
26,374,525
26,608,543
26,591,570
26,375,538
26,285,511
26,679,599
26,441,537
26,511,511
26,428,516
26,818,577
26,553,529
26,813,631
26,782,684
26,939,525
26,643,578
26,717,619
26,809,532
26,692,494
26,992,528
26,942,555
26,745,516
26,726,495
26,732,487
26,819,614
26,727,593
26,834,585
26,896,603
26,745,455
26,982,536
26,776,421
26,749,427
26,798,441
26,794,272
26,772,260
26,717,484
26,682,479
26,796,208
26,856,412
26,845,381
26,850,371
26,776,394
26,768,388
26,745,411
26,797,237
26,769,224
26,787,103
26,803,154
26,794,161
26,777,279
26,785,234
26,733,176
26,777,237
26,778,213
26,843,80
26,779,80
26,781,184
26,798,175
26,782,146
26,719,120
26,711,100
26,787,114
26,770,157
26,791,45
26,788,37
26,776,55
26,806,467
26,813,464
26,1036,524
26,1060,521
26,995,520
26,1047,544
26,1039,536
26,972,553
26,1210,556
26,1202,549
26,1200,493
26,1134,518
26,1130,516
26,1054,556
26,867,497
26,1069,567
26,892,509
26,926,499
26,941,501
26,950,502
26,899,484
26,902,493
26,915,475
26,965,510
26,950,509
26,998,514
26,1021,509
26,943,509
26,980,508
26,1365,549
26,1220,544
26,1181,543
26,1140,473
26,1171,477
26,1073,547
26,1284,473
26,1063,511
26,1344,478
26,1295,470
26,1269,565
26,1230,513
26,1424,593
26,1179,565
26,1345,464
26,1386,465
26,1378,460
26,1243,506
26,1290,598
26,1315,484
26,1418,475
26,1407,465
26,1283,498
26,1411,460
26,1341,570
26,1354,584
26,1430,612
26,1432,520
26,1370,488
26,1460,484
26,1430,497
26,1792,488
26,1561,466
26,1543,456
26,1551,462
26,1820,320
26,1897,480
26,1605,444
26,1668,449
26,1605,463
26,1605,454
26,1515,443
26,1547,451
26,1830,185
26,1798,86
26,1746,428
26,1822,1033
26,1827,934
26,1823,785
26,1797,526
26,1773,476
26,1843,495
26,1900,534
26,1889,528
26,1852,532
26,1000,566
26,929,582
26,929,591
26,632,497
26,612,498
26,706,637
27,716,970
27,659,956
27,672,994
27,675,1060
27,722,1010
27,728,918
27,792,738
27,829,632
27,795,850
27,799,864
27,864,596
27,709,779
27,682,664
27,806,619
27,606,560
27,691,706
27,476,622
27,462,626
27,519,625
27,674,649
27,377,620
27,239,612
27,285,621
27,426,555
27,213,621
27,106,606
27,51,630
27,66,643
27,10,522
27,192,530
27,194,521
27,257,564
27,52,471
27,72,612
27,125,522
27,357,609
27,144,515
27,239,522
27,188,556
27,186,547
27,100,575
27,155,555
27,110,454
27,52,503
27,47,487
27,19,479
27,260,524
27,267,518
27,113,495
27,108,509
27,291,524
27,150,526
27,122,528
27,352,516
27,402,547
27,397,556
27,395,562
27,436,563
27,439,526
27,481,568
27,498,556
27,487,505
27,590,582
27,339,536
27,431,527
27,300,539
27,380,525
27,612,540
27,598,571
27,371,538
27,285,511
27,685,599
27,436,538
27,506,511
27,428,515
27,826,577
27,544,529
27,816,634
27,782,690
27,944,527
27,638,576
27,717,625
27,809,527
27,691,496
27,998,528
27,944,553
27,742,511
27,722,493
27,727,485
27,818,611
27,720,591
27,834,591
27,899,603
27,745,455
27,991,539
27,774,422
27,748,428
27,802,440
27,794,267
27,773,256
27,709,490
27,683,476
27,797,202
27,856,412
27,845,381
27,850,371
27,775,401
27,768,387
27,748,410
27,797,231
27,769,224
27,784,105
27,804,150
27,795,157
27,776,284
27,785,239
27,733,176
27,777,242
27,778,218
27,845,78
27,779,80
27,780,191
27,798,171
27,782,154
27,719,120
27,711,99
27,783,115
27,770,163
27,792,55
27,789,48
27,774,53
27,805,463
27,812,461
27,1041,524
27,1066,522
27,988,520
27,1055,542
27,1046,535
27,978,552
27,1214,554
27,1205,547
27,1207,492
27,1138,515
27,1133,514
27,1058,556
27,859,496
27,889,509
27,926,499
27,941,501
27,950,503
27,896,487
27,902,493
27,917,477
27,963,514
27,949,510
27,992,514
27,1016,509
27,942,509
27,977,508
27,1373,548
27,1227,546
27,1184,544
27,1140,473
27,1171,477
27,1068,547
27,1282,470
27,1055,510
27,1350,476
27,1298,468
27,1272,566
27,1230,513
27,1430,594
27,1172,564
27,1352,462
27,1390,465
27,1382,460
27,1240,504
27,1290,598
27,1312,484
27,1418,475
27,1408,466
27,1282,499
27,1411,460
27,1345,566
27,1346,583
27,1430,617
27,1432,520
27,1365,489
27,1455,488
27,1422,498
27,1799,486
27,1558,465
27,1538,454
27,1547,461
27,1823,313
27,1902,481
27,1596,443
27,1663,448
27,1596,462
27,1598,453
27,1505,446
27,1541,450
27,1830,190
27,1798,86
27,1740,429
27,1820,1039
27,1827,929
27,1823,794
27,1783,521
27,1765,476
27,1840,496
27,1900,534
27,1889,528
27,1852,532
27,1000,566
27,929,582
27,929,591
27,632,497
27,612,498
27,706,637
28,716,978
28,659,950
28,672,986
28,673,1055
28,723,1017
28,725,926
28,792,733
28,834,627
28,793,855
28,799,859
28,867,592
28,710,777
28,682,663
28,810,619
28,598,560
28,690,713
28,468,621
28,456,626
28,515,625
28,676,643
28,678,651
28,382,629
28,372,620
28,232,613
28,281,621
28,435,553
28,220,623
28,260,623
28,108,601
28,47,628
28,61,640
28,9,520
28,197,529
28,199,520
28,263,565
28,50,466
28,72,614
28,128,517
28,364,610
28,150,515
28,245,522
28,194,556
28,192,547
28,101,580
28,159,560
28,110,458
28,58,506
28,23,477
28,264,525
28,272,520
28,110,495
28,297,524
28,146,530
28,113,527
28,339,519
28,408,548
28,403,556
28,402,562
28,444,563
28,426,527
28,486,569
28,502,554
28,594,583
28,335,536
28,431,525
28,291,538
28,384,526
28,617,538
28,605,570
28,366,536
28,285,511
28,691,600
28,427,538
28,501,511
28,428,515
28,834,575
28,535,529
28,819,636
28,782,696
28,949,529
28,634,574
28,717,631
28,809,522
28,689,496
28,1007,529
28,949,552
28,738,507
28,717,491
28,722,483
28,817,609
28,712,589
28,834,597
28,900,603
28,745,455
28,1002,538
28,771,423
28,743,433
28,747,430
28,806,439
28,794,262
28,773,251
28,702,496
28,683,473
28,798,195
28,856,412
28,845,381
28,850,371
28,774,409
28,769,387
28,752,409
28,797,226
28,770,224
28,783,109
28,805,146
28,795,152
28,775,289
28,785,244
28,733,176
28,777,247
28,779,223
28,848,80
28,780,80
28,780,199
28,798,167
28,782,162
28,719,120
28,711,99
28,779,116
28,770,169
28,793,65
28,791,58
28,773,52
28,805,460
28,811,458
28,1050,523
28,1073,522
28,982,520
28,1061,540
28,1056,534
28,985,550
28,1218,551
28,1209,545
28,1213,491
28,1143,512
28,1137,511
28,1063,556
28,853,496
28,886,509
28,926,499
28,941,501
28,950,503
28,894,490
28,902,493
28,918,479
28,956,514
28,947,511
28,987,514
28,1012,509
28,941,510
28,975,508
28,1380,544
28,1234,547
28,1187,546
28,1140,473
28,1171,478
28,1061,547
28,1285,468
28,1050,511
28,1355,474
28,1302,466
28,1275,568
28,1230,513
28,1436,595
28,1165,562
28,1358,461
28,1394,464
28,1386,459
28,1239,504
28,1290,598
28,1309,484
28,1418,475
28,1408,466
28,1282,499
28,1411,460
28,1350,561
28,1339,581
28,1432,520
28,1358,490
28,1450,490
28,1414,499
28,1808,483
28,1554,465
28,1534,456
28,1543,461
28,1828,306
28,1907,483
28,1588,442
28,1659,447
28,1588,461
28,1590,452
28,1498,450
28,1536,450
28,1829,195
28,1798,86
28,1734,430
28,1818,1046
28,1827,924
28,1823,801
28,1767,517
28,1759,476
28,1838,498
28,1900,534
28,1889,528
28,1852,532
28,1000,566
28,929,582
28,929,591
28,632,497
28,612,498
28,1231,476
28,706,637
29,715,985
29,659,944
29,672,978
29,672,1050
29,723,1024
29,724,931
29,791,729
29,840,623
29,791,861
29,798,854
29,871,589
29,711,775
29,681,661
29,813,619
29,590,560
29,689,719
29,460,620
29,451,627
29,511,624
29,680,644
29,682,653
29,376,628
29,367,620
29,226,615
29,278,621
29,304,633
29,444,552
29,227,626
29,255,620
29,110,596
29,44,625
29,57,637
29,202,528
29,203,520
29,269,565
29,47,462
29,74,614
29,131,514
29,371,611
29,155,514
29,252,522
29,201,557
29,199,548
29,102,585
29,164,565
29,111,462
29,64,509
29,25,473
29,270,526
29,276,522
29,108,496
29,304,525
29,142,534
29,105,527
29,326,521
29,414,548
29,409,556
29,408,562
29,450,563
29,413,529
29,491,570
29,506,552
29,598,584
29,330,536
29,437,525
29,281,537
29,388,528
29,621,535
29,611,568
29,361,535
29,285,511
29,695,601
29,419,538
29,496,511
29,427,515
29,843,574
29,525,529
29,821,637
29,782,701
29,954,531
29,633,573
29,717,637
29,809,517
29,688,496
29,1016,531
29,955,551
29,734,502
29,712,489
29,717,481
29,817,605
29,705,588
29,836,603
29,901,604
29,745,455
29,1009,540
29,767,426
29,747,433
29,746,432
29,810,439
29,794,258
29,774,246
29,695,501
29,684,470
29,799,189
29,856,412
29,845,381
29,850,371
29,774,416
29,773,387
29,753,404
29,798,220
29,770,224
29,779,111
29,806,142
29,796,148
29,774,294
29,785,248
29,732,176
29,776,251
29,780,228
29,780,80
29,780,205
29,798,163
29,782,168
29,719,120
29,711,98
29,789,121
29,769,172
29,793,75
29,792,67
29,772,52
29,714,69
29,804,457
29,811,455
29,1056,519
29,1080,520
29,976,520
29,1066,540
29,1064,532
29,992,548
29,1221,547
29,1212,543
29,1218,490
29,1147,509
29,1142,507
29,1067,557
29,849,496
29,883,509
29,926,499
29,941,501
29,950,503
29,891,493
29,902,493
29,919,481
29,954,516
29,945,511
29,983,515
29,1010,510
29,939,510
29,973,508
29,1387,541
29,1241,548
29,1190,547
29,1140,473
29,1170,478
29,1056,551
29,1044,512
29,1360,473
29,1278,571
29,1230,513
29,1441,597
29,1158,561
29,1364,460
29,1397,462
29,1390,458
29,1238,503
29,1290,598
29,1306,483
29,1417,475
29,1408,466
29,1281,499
29,1411,460
29,1353,557
29,1333,580
29,1432,520
29,1352,489
29,1447,493
29,1406,500
29,1814,481
29,1546,465
29,1527,456
29,1538,462
29,1831,300
29,1580,442
29,1654,446
29,1580,460
29,1583,451
29,1490,454
29,1531,450
29,1829,200
29,1798,86
29,1727,431
29,1816,1052
29,1828,917
29,1824,809
29,1753,511
29,1753,476
29,1837,498
29,1900,534
29,1889,528
29,1852,532
29,1000,566
29,929,582
29,929,591
29,632,497
29,612,498
29,1224,477
29,706,637
30,715,993
30,659,938
30,672,972
30,671,1045
30,723,1031
30,724,937
30,790,724
30,845,620
30,790,866
30,798,849
30,874,586
30,712,774
30,818,619
30,582,560
30,688,726
30,453,619
30,445,627
30,508,624
30,684,646
30,686,654
30,370,626
30,363,619
30,219,617
30,274,621
30,453,552
30,233,629
30,251,616
30,260,626
30,112,591
30,40,623
30,52,634
30,207,527
30,208,519
30,275,566
30,43,457
30,76,614
30,136,511
30,377,615
30,161,514
30,257,525
30,208,558
30,206,548
30,168,569
30,111,466
30,70,511
30,67,495
30,28,470
30,275,527
30,281,523
30,106,496
30,311,525
30,138,538
30,96,527
30,313,523
30,421,549
30,416,556
30,416,561
30,457,564
30,400,530
30,497,571
30,511,550
30,603,585
30,327,536
30,443,525
30,272,536
30,393,529
30,624,533
30,618,566
30,356,533
30,285,511
30,700,602
30,412,539
30,493,512
30,427,515
30,849,572
30,515,530
30,821,638
30,782,706
30,960,532
30,632,572
30,716,643
30,809,512
30,687,497
30,1023,531
30,960,550
30,730,498
30,708,486
30,712,479
30,819,601
30,698,587
30,837,609
30,903,605
30,745,455
30,1017,541
30,765,426
30,740,419
30,751,434
30,745,434
30,812,439
30,794,253
30,774,241
30,688,506
30,695,472
30,685,467
30,800,183
30,856,412
30,845,381
30,850,371
30,774,424
30,776,388
30,755,399
30,798,215
30,770,224
30,777,112
30,807,138
30,796,144
30,774,300
30,786,252
30,732,176
30,776,256
30,784,233
30,780,80
30,781,212
30,797,159
30,782,175
30,719,120
30,711,98
30,800,126
30,769,173
30,793,85
30,792,77
30,772,52
30,711,69
30,804,455
30,813,453
30,1065,518
30,1085,520
30,969,524
30,1071,542
30,1069,530
30,999,547
30,1223,543
30,1214,541
30,1224,488
30,1152,507
30,1147,505
30,1070,557
30,844,497
30,879,510
30,926,499
30,941,501
30,950,503
30,889,497
30,902,493
30,921,481
30,951,519
30,944,513
30,983,516
30,1007,511
30,938,510
30,971,508
30,1393,536
30,1247,548
30,1193,548
30,1140,473
30,1170,479
30,1048,551
30,1040,514
30,1367,472
30,1280,573
30,1230,513
30,1446,599
30,1150,560
30,1369,459
30,1398,461
30,1392,457
30,1237,502
30,1290,598
30,1304,483
30,1417,475
30,1408,466
30,1281,499
30,1411,460
30,1356,554
30,1327,576
30,1432,520
30,1345,487
30,1444,496
30,1397,502
30,1818,480
30,1539,467
30,1522,457
30,1531,460
30,1834,295
30,1572,441
30,1650,445
30,1572,459
30,1575,450
30,1482,458
30,1525,449
30,1829,205
30,1798,86
30,1721,432
30,1816,1059
30,1831,912
30,1825,817
30,1739,506
30,1743,476
30,1837,498
30,1900,534
30,1889,528
30,1852,532
30,1000,566
30,929,582
30,929,591
30,632,497
30,612,498
30,1218,478
30,706,637
