1,1310,485
1,1438,466
1,1460,489
1,1183,486
1,1472,498
1,1462,506
1,1568,451
1,1550,433
1,1535,464
1,1184,498
1,1492,504
1,1517,498
1,1514,489
1,1511,471
1,1515,476
1,1505,479
1,1580,489
1,1610,497
1,1663,478
1,1662,489
1,1671,501
1,1728,491
1,1751,507
1,1592,506
1,1860,437
1,1116,520
1,1106,552
1,1074,479
1,1071,484
1,1101,445
1,1099,428
1,1091,576
1,1117,568
1,1098,599
1,1091,598
1,1080,599
1,1072,640
1,1084,658
1,1080,445
1,1053,438
1,1044,439
1,1048,403
1,1073,732
1,1067,733
1,1070,762
1,1076,788
1,1087,794
1,1093,801
1,1111,786
1,1118,735
1,1052,657
1,1051,675
1,1064,805
1,1066,813
1,1108,829
1,1101,829
1,1101,844
1,1072,866
1,1061,882
1,1101,982
1,1080,984
1,1076,907
1,1081,927
1,1075,933
1,1089,953
1,1068,949
1,1105,926
1,1107,935
1,1111,978
1,1101,1005
1,1104,1023
1,1118,1070
1,1104,1068
1,1116,1003
1,1117,1013
1,1256,459
1,949,381
1,943,379
1,898,549
1,1061,361
1,1029,412
1,1060,379
1,1043,379
1,1048,363
1,1053,366
1,1029,361
1,1020,363
1,1016,355
1,1005,355
1,995,354
1,990,362
1,988,349
1,883,1013
1,872,998
1,866,998
1,883,979
1,874,982
1,871,738
1,885,735
1,894,734
1,877,810
1,904,819
1,895,857
1,881,880
1,1739,133
1,1761,136
1,1754,159
1,1779,153
1,1789,176
1,1630,142
1,1566,154
1,1591,173
1,1263,150
1,1494,159
1,1238,156
1,1495,141
1,1078,157
1,1053,166
1,1041,149
1,1044,171
1,988,146
1,994,132
1,1052,202
1,1005,201
1,1065,214
1,1023,179
1,1022,167
1,1015,162
1,981,215
1,967,219
1,961,215
1,1017,215
1,1046,215
1,1031,230
1,1007,224
1,997,230
1,1034,257
1,1026,268
1,1046,268
1,866,219
1,775,204
1,802,248
1,813,245
1,484,200
1,461,213
1,525,137
1,526,148
1,379,185
1,383,199
1,282,173
1,270,163
1,293,200
1,296,207
1,285,210
1,398,216
1,463,219
1,182,137
1,250,133
1,482,259
1,186,173
1,113,219
1,970,350
1,957,352
1,881,447
1,1265,466
1,1262,457
1,1253,466
1,786,411
1,761,400
1,738,401
1,717,401
1,425,411
1,699,397
1,402,413
1,469,416
1,445,418
1,473,425
1,362,414
1,319,416
2,1300,488
2,1430,467
2,1464,488
2,1189,485
2,1466,499
2,1457,504
2,1559,454
2,1549,433
2,1525,462
2,1188,497
2,1488,503
2,1519,499
2,1519,489
2,1515,469
2,1519,475
2,1511,479
2,1575,489
2,1617,497
2,1669,479
2,1667,488
2,1676,500
2,1733,490
2,1746,507
2,1592,506
2,1860,437
2,1113,515
2,1106,546
2,1073,474
2,1067,478
2,1110,450
2,1109,435
2,1087,582
2,1118,574
2,1098,592
2,1093,591
2,1082,607
2,1070,649
2,1084,663
2,1077,440
2,1051,433
2,1041,436
2,1043,397
2,1072,728
2,1067,730
2,1070,762
2,1077,780
2,1089,789
2,1093,797
2,1112,792
2,1119,744
2,1052,657
2,1051,675
2,1065,800
2,1068,807
2,1107,826
2,1100,825
2,1099,839
2,1072,872
2,1061,877
2,1101,975
2,1080,981
2,1075,911
2,1081,932
2,1075,939
2,1093,961
2,1068,955
2,1105,921
2,1109,931
2,1110,984
2,1103,1014
2,1107,1031
2,1114,1066
2,1099,1070
2,1116,1003
2,1117,1013
2,1256,459
2,948,382
2,940,380
2,899,545
2,1064,364
2,1029,406
2,1060,376
2,1044,379
2,1047,362
2,1053,366
2,1028,361
2,1020,362
2,1016,354
2,1005,355
2,996,352
2,990,360
2,987,349
2,888,1017
2,879,1003
2,870,1003
2,886,981
2,876,983
2,872,733
2,886,729
2,895,729
2,877,805
2,904,813
2,896,852
2,882,875
2,1732,133
2,1754,136
2,1748,159
2,1772,153
2,1784,176
2,1624,140
2,1573,155
2,1598,173
2,1254,149
2,1499,156
2,1237,157
2,1487,142
2,1054,161
2,1037,147
2,1046,176
2,988,142
2,994,132
2,1052,202
2,1005,208
2,1064,216
2,1023,179
2,1022,167
2,1015,162
2,982,204
2,969,211
2,961,209
2,1017,210
2,1046,219
2,1033,225
2,1008,226
2,998,233
2,1032,250
2,1025,262
2,1043,262
2,872,223
2,768,205
2,801,247
2,813,245
2,484,200
2,461,213
2,531,135
2,533,146
2,384,185
2,380,200
2,288,170
2,272,158
2,301,200
2,303,210
2,292,209
2,398,216
2,463,219
2,188,136
2,256,133
2,482,259
2,169,173
2,113,219
2,970,349
2,957,351
2,881,446
2,1263,465
2,1262,457
2,1252,466
2,786,411
2,760,400
2,738,401
2,717,401
2,431,413
2,699,397
2,406,413
2,466,419
2,441,421
2,467,426
2,357,414
2,314,417
3,1295,490
3,1423,466
3,1469,487
3,1193,484
3,1458,498
3,1451,505
3,1552,452
3,1549,434
3,1517,461
3,1190,495
3,1485,503
3,1524,499
3,1524,488
3,1518,469
3,1524,475
3,1518,480
3,1570,491
3,1624,497
3,1676,479
3,1674,488
3,1681,500
3,1739,489
3,1750,480
3,1740,507
3,1592,506
3,1186,505
3,1860,437
3,1110,510
3,1107,540
3,1072,470
3,1063,472
3,1119,455
3,1118,441
3,1085,588
3,1118,580
3,1098,586
3,1093,584
3,1083,614
3,1069,659
3,1084,670
3,1075,435
3,1049,429
3,1039,433
3,1039,391
3,1072,725
3,1068,727
3,1070,762
3,1079,773
3,1090,785
3,1093,794
3,1113,797
3,1120,752
3,1052,657
3,1051,675
3,1067,795
3,1070,802
3,1107,822
3,1100,822
3,1097,834
3,1073,879
3,1062,872
3,1102,969
3,1081,979
3,1074,915
3,1081,938
3,1076,945
3,1095,965
3,1069,960
3,1106,915
3,1110,925
3,1109,990
3,1103,1018
3,1107,1033
3,1111,1063
3,1116,1003
3,1117,1013
3,1256,459
3,947,383
3,938,382
3,900,542
3,1067,368
3,1028,401
3,1061,375
3,1044,380
3,1047,362
3,1053,366
3,1028,361
3,1020,362
3,1016,354
3,1005,355
3,997,350
3,992,358
3,987,349
3,893,1022
3,885,1008
3,875,1008
3,889,983
3,878,985
3,873,728
3,887,723
3,895,724
3,878,801
3,904,807
3,897,847
3,883,871
3,1725,134
3,1748,137
3,1742,159
3,1765,153
3,1779,177
3,1618,139
3,1581,157
3,1247,148
3,1506,156
3,1229,159
3,1480,142
3,1054,156
3,1033,145
3,1048,181
3,988,139
3,994,132
3,1052,202
3,1005,215
3,1064,218
3,1023,179
3,1022,167
3,1015,162
3,983,194
3,970,204
3,961,203
3,1017,205
3,1046,224
3,1035,220
3,1009,229
3,1000,236
3,1031,243
3,1024,256
3,1041,256
3,879,227
3,761,206
3,800,246
3,813,245
3,484,200
3,461,214
3,537,134
3,541,145
3,391,184
3,376,201
3,295,167
3,275,153
3,308,198
3,309,209
3,299,208
3,398,216
3,463,219
3,197,134
3,262,134
3,483,259
3,150,173
3,113,219
3,970,349
3,957,351
3,882,446
3,1262,465
3,1262,458
3,1252,466
3,786,411
3,760,400
3,738,401
3,717,401
3,437,415
3,699,397
3,410,414
3,461,421
3,435,421
3,461,427
3,352,415
3,310,418
4,1289,492
4,1417,468
4,1475,487
4,1198,484
4,1455,497
4,1447,505
4,1546,451
4,1549,434
4,1508,460
4,1194,495
4,1482,503
4,1528,499
4,1529,488
4,1525,468
4,1529,476
4,1523,481
4,1565,494
4,1632,497
4,1681,479
4,1679,489
4,1685,499
4,1744,488
4,1736,495
4,1743,479
4,1734,507
4,1592,507
4,1192,505
4,1860,437
4,1107,505
4,1108,534
4,1069,465
4,1060,467
4,1128,458
4,1127,446
4,1084,594
4,1118,585
4,1099,578
4,1093,579
4,1085,621
4,1067,667
4,1084,676
4,1072,429
4,1046,424
4,1037,428
4,1039,390
4,1072,722
4,1067,722
4,1070,762
4,1080,768
4,1091,780
4,1093,789
4,1114,803
4,1122,760
4,1052,657
4,1051,675
4,1068,789
4,1071,796
4,1107,818
4,1100,819
4,1094,829
4,1074,886
4,1062,867
4,1104,964
4,1082,974
4,1074,920
4,1080,940
4,1075,948
4,1096,969
4,1069,963
4,1106,909
4,1111,918
4,1106,995
4,1103,1023
4,1107,1036
4,1107,1059
4,1116,1003
4,1117,1013
4,1256,459
4,945,385
4,936,383
4,898,537
4,1070,375
4,1027,398
4,1061,373
4,1043,376
4,1046,361
4,1053,366
4,1028,361
4,1020,362
4,1016,354
4,1005,355
4,997,350
4,993,358
4,987,349
4,896,1027
4,890,1012
4,880,1013
4,892,985
4,880,986
4,872,722
4,886,718
4,896,722
4,879,796
4,905,801
4,898,842
4,884,866
4,1718,134
4,1742,137
4,1736,160
4,1759,153
4,1774,178
4,1609,139
4,1586,155
4,1613,179
4,1241,148
4,1514,155
4,1218,161
4,1630,179
4,1470,142
4,1454,190
4,1053,151
4,1032,145
4,1050,186
4,989,138
4,994,133
4,1052,202
4,1004,220
4,1063,220
4,1024,179
4,1022,167
4,1015,162
4,983,185
4,972,198
4,961,196
4,1016,200
4,1046,229
4,1036,212
4,1010,233
4,1002,240
4,1031,236
4,1024,251
4,1039,251
4,1273,275
4,885,230
4,756,207
4,800,246
4,813,245
4,484,201
4,461,214
4,544,133
4,546,145
4,398,184
4,371,204
4,300,164
4,277,147
4,314,195
4,314,206
4,305,206
4,398,216
4,463,219
4,205,132
4,266,135
4,483,260
4,480,264
4,134,173
4,113,220
4,970,349
4,957,351
4,882,446
4,1260,464
4,1262,458
4,1251,466
4,786,411
4,760,400
4,738,402
4,717,401
4,443,416
4,699,397
4,414,414
4,456,422
4,429,421
4,455,429
4,346,416
4,306,419
5,1280,493
5,1410,469
5,1478,487
5,1203,484
5,1449,497
5,1443,507
5,1540,452
5,1549,434
5,1503,461
5,1197,494
5,1479,504
5,1532,497
5,1534,488
5,1529,470
5,1535,477
5,1528,482
5,1563,495
5,1640,498
5,1687,479
5,1683,488
5,1689,499
5,1748,488
5,1741,495
5,1736,477
5,1728,507
5,1592,507
5,1196,503
5,1860,437
5,1104,501
5,1108,528
5,1066,458
5,1056,462
5,1135,461
5,1134,449
5,1083,600
5,1118,591
5,1101,572
5,1092,571
5,1085,627
5,1065,675
5,1085,683
5,1069,423
5,1043,419
5,1035,422
5,1037,387
5,1073,717
5,1066,717
5,1070,762
5,1081,762
5,1091,774
5,1094,783
5,1114,810
5,1123,768
5,1052,657
5,1051,675
5,1070,783
5,1073,790
5,1108,814
5,1100,816
5,1092,824
5,1074,894
5,1062,862
5,1106,958
5,1084,968
5,1074,926
5,1079,944
5,1074,952
5,1096,973
5,1069,966
5,1108,905
5,1112,915
5,1106,1001
5,1103,1028
5,1108,1039
5,1104,1054
5,1116,1003
5,1117,1013
5,1256,459
5,943,387
5,936,383
5,1074,380
5,1026,395
5,1062,369
5,1044,377
5,1046,361
5,1053,366
5,1028,361
5,1020,362
5,1016,354
5,1005,355
5,997,349
5,993,358
5,987,349
5,900,1031
5,896,1015
5,886,1017
5,897,986
5,883,989
5,871,716
5,879,790
5,905,794
5,900,836
5,884,860
5,1712,135
5,1736,138
5,1730,160
5,1752,154
5,1770,179
5,1601,139
5,1592,154
5,1618,179
5,1234,147
5,1521,154
5,1211,161
5,1637,178
5,1461,141
5,1446,193
5,1048,147
5,1030,145
5,1053,188
5,990,137
5,994,133
5,1052,202
5,1002,224
5,1062,220
5,1024,180
5,1022,167
5,1015,162
5,986,178
5,972,193
5,962,191
5,1013,194
5,1046,234
5,1037,205
5,1010,238
5,1002,244
5,1030,230
5,1024,246
5,1038,246
5,1268,271
5,891,232
5,752,207
5,800,246
5,813,245
5,484,201
5,461,215
5,550,133
5,551,146
5,405,184
5,364,204
5,304,160
5,281,143
5,319,193
5,321,204
5,310,204
5,398,216
5,463,219
5,211,132
5,270,135
5,484,260
5,482,266
5,118,172
5,113,220
5,970,349
5,957,350
5,883,446
5,1259,464
5,1263,459
5,1251,466
5,786,411
5,759,400
5,738,402
5,717,401
5,449,416
5,699,397
5,419,415
5,449,423
5,424,423
5,341,416
5,299,418
6,1273,495
6,1403,471
6,1481,487
6,1209,483
6,1444,497
6,1436,506
6,1534,451
6,1549,434
6,1494,460
6,1201,493
6,1475,504
6,1537,496
6,1537,488
6,1534,471
6,1539,478
6,1534,482
6,1560,498
6,1648,498
6,1692,479
6,1688,488
6,1694,498
6,1752,487
6,1746,494
6,1728,475
6,1722,508
6,1592,507
6,1579,503
6,1199,502
6,1860,437
6,1100,496
6,1108,523
6,1061,454
6,1052,458
6,1142,465
6,1141,453
6,1083,606
6,1117,596
6,1100,565
6,1091,565
6,1085,633
6,1063,682
6,1086,689
6,1066,417
6,1041,415
6,1033,417
6,1034,383
6,1073,712
6,1066,713
6,1070,762
6,1081,753
6,1091,770
6,1095,778
6,1114,813
6,1123,775
6,1052,657
6,1051,675
6,1072,777
6,1074,784
6,1108,811
6,1100,813
6,1090,819
6,1075,903
6,1062,857
6,1108,952
6,1085,965
6,1074,932
6,1077,952
6,1074,957
6,1095,977
6,1069,970
6,1110,901
6,1114,912
6,1105,1007
6,1102,1033
6,1108,1042
6,1097,1047
6,1116,1003
6,1117,1013
6,1256,459
6,941,388
6,935,384
6,1077,385
6,1025,395
6,1062,365
6,1046,373
6,1046,361
6,1053,367
6,1028,361
6,1020,362
6,1016,354
6,1005,355
6,997,349
6,994,357
6,987,349
6,903,1036
6,901,1018
6,892,1021
6,903,987
6,888,993
6,862,1000
6,880,785
6,905,788
6,901,831
6,884,855
6,1706,135
6,1731,140
6,1724,159
6,1746,155
6,1766,180
6,1593,139
6,1598,155
6,1620,178
6,1228,150
6,1526,153
6,1205,160
6,1454,141
6,1439,192
6,1091,163
6,1043,143
6,1028,143
6,1055,191
6,989,132
6,994,134
6,1052,202
6,1001,229
6,1061,221
6,1024,180
6,1022,167
6,1015,162
6,987,170
6,972,188
6,963,187
6,1010,188
6,1044,237
6,1037,198
6,1011,242
6,1004,245
6,1028,223
6,1024,241
6,1037,240
6,1267,266
6,896,234
6,746,207
6,800,246
6,813,245
6,484,201
6,461,215
6,556,133
6,556,146
6,412,184
6,358,206
6,309,157
6,285,141
6,325,190
6,327,203
6,315,203
6,398,216
6,463,219
6,218,132
6,273,135
6,485,261
6,484,267
6,101,171
6,113,221
6,971,349
6,957,350
6,884,446
6,1257,463
6,1263,459
6,1250,466
6,786,411
6,759,400
6,738,403
6,717,401
6,456,416
6,699,397
6,423,415
6,442,423
6,419,422
6,333,416
6,292,416
7,1267,497
7,1394,473
7,1483,486
7,1213,484
7,1438,498
7,1430,506
7,1526,451
7,1549,434
7,1483,462
7,1203,493
7,1471,504
7,1541,496
7,1541,489
7,1539,471
7,1543,478
7,1538,482
7,1557,501
7,1657,499
7,1697,479
7,1694,488
7,1700,498
7,1756,487
7,1750,494
7,1721,473
7,1717,509
7,1592,508
7,1583,502
7,1202,502
7,1860,437
7,1097,493
7,1108,517
7,1057,450
7,1047,453
7,1151,469
7,1149,456
7,1083,612
7,1117,602
7,1101,559
7,1091,559
7,1086,641
7,1062,689
7,1086,695
7,1063,410
7,1038,411
7,1029,414
7,1034,382
7,1074,708
7,1066,709
7,1070,762
7,1080,745
7,1091,765
7,1095,773
7,1114,818
7,1123,781
7,1052,657
7,1051,675
7,1074,772
7,1075,779
7,1108,807
7,1101,810
7,1088,814
7,1074,910
7,1063,853
7,1109,947
7,1087,961
7,1074,938
7,1076,957
7,1073,962
7,1095,982
7,1070,974
7,1109,896
7,1115,906
7,1104,1013
7,1101,1037
7,1107,1046
7,1094,1042
7,1116,1003
7,1117,1013
7,1256,459
7,940,389
7,935,384
7,1080,391
7,1027,390
7,1063,363
7,1046,374
7,1046,361
7,1053,367
7,1028,361
7,1020,362
7,1016,353
7,1005,355
7,997,348
7,995,357
7,987,349
7,908,1039
7,904,1023
7,897,1026
7,908,991
7,894,997
7,861,1007
7,880,780
7,905,782
7,902,826
7,884,849
7,1699,136
7,1725,141
7,1718,159
7,1739,155
7,1761,180
7,1586,139
7,1604,156
7,1622,177
7,1218,150
7,1533,154
7,1199,158
7,1447,141
7,1431,189
7,1094,165
7,1041,140
7,1026,141
7,1055,196
7,989,129
7,994,134
7,1052,202
7,1003,233
7,1060,222
7,1025,180
7,1022,167
7,1015,162
7,987,163
7,972,182
7,963,182
7,1007,183
7,1043,239
7,1037,192
7,1012,244
7,1005,246
7,1024,218
7,1024,236
7,1036,234
7,1266,261
7,902,237
7,740,209
7,800,246
7,813,245
7,484,202
7,461,216
7,563,135
7,563,146
7,417,184
7,353,208
7,315,154
7,288,141
7,330,189
7,333,201
7,320,201
7,398,216
7,463,219
7,225,133
7,276,136
7,485,261
7,484,269
7,85,171
7,114,221
7,971,349
7,957,350
7,884,446
7,1256,463
7,1263,460
7,1250,466
7,786,411
7,759,400
7,738,403
7,717,401
7,462,416
7,699,397
7,428,415
7,438,424
7,412,420
7,325,418
7,289,414
7,373,413
8,1259,500
8,1388,473
8,1488,486
8,1217,484
8,1433,498
8,1426,506
8,1520,452
8,1549,434
8,1474,465
8,1206,495
8,1467,504
8,1547,497
8,1546,489
8,1544,473
8,1548,478
8,1542,482
8,1553,503
8,1664,498
8,1703,480
8,1699,488
8,1705,498
8,1760,486
8,1755,494
8,1714,472
8,1712,509
8,1592,508
8,1589,500
8,1206,503
8,1860,437
8,1094,489
8,1107,512
8,1052,446
8,1043,448
8,1160,473
8,1158,460
8,1084,618
8,1116,607
8,1101,552
8,1089,551
8,1087,650
8,1059,698
8,1086,700
8,1061,403
8,1034,407
8,1026,411
8,1035,381
8,1075,705
8,1066,706
8,1070,762
8,1081,741
8,1091,758
8,1095,768
8,1112,823
8,1121,789
8,1052,657
8,1051,675
8,1075,766
8,1077,774
8,1109,803
8,1101,804
8,1088,808
8,1073,917
8,1063,848
8,1109,941
8,1089,957
8,1074,943
8,1076,962
8,1073,967
8,1095,987
8,1070,979
8,1109,891
8,1116,901
8,1106,1020
8,1100,1041
8,1106,1050
8,1091,1036
8,1116,1003
8,1117,1013
8,1256,459
8,1221,506
8,939,389
8,935,385
8,1083,398
8,1027,388
8,1062,362
8,1046,375
8,1046,360
8,1053,367
8,1028,361
8,1020,362
8,1016,353
8,1005,355
8,997,347
8,994,357
8,987,349
8,913,1041
8,908,1027
8,902,1031
8,913,996
8,899,1001
8,860,1014
8,880,775
8,905,776
8,902,822
8,885,842
8,1691,137
8,1718,141
8,1712,160
8,1733,156
8,1756,180
8,1580,140
8,1609,157
8,1624,177
8,1209,151
8,1539,156
8,1192,157
8,1441,141
8,1428,188
8,1097,167
8,1036,135
8,1024,138
8,1055,196
8,995,134
8,1052,202
8,1007,237
8,1060,223
8,1025,180
8,1022,167
8,1015,162
8,987,155
8,972,177
8,963,177
8,1004,179
8,1042,243
8,1037,186
8,1014,247
8,1007,248
8,1021,213
8,1021,230
8,1035,229
8,1265,257
8,908,239
8,733,210
8,800,246
8,813,245
8,485,202
8,462,216
8,569,136
8,569,146
8,422,186
8,347,210
8,320,151
8,291,141
8,335,189
8,338,199
8,325,199
8,398,216
8,463,219
8,232,134
8,279,138
8,488,262
8,481,270
8,69,171
8,114,222
8,971,348
8,957,350
8,885,446
8,1254,462
8,1263,460
8,1249,466
8,786,411
8,759,400
8,738,404
8,717,401
8,467,417
8,699,397
8,432,416
8,435,425
8,320,420
8,286,410
8,366,412
9,1252,500
9,1379,475
9,1493,486
9,1223,484
9,1429,499
9,1421,507
9,1513,451
9,1549,434
9,1465,467
9,1210,495
9,1463,504
9,1551,497
9,1551,489
9,1549,473
9,1554,478
9,1545,483
9,1551,506
9,1671,498
9,1709,481
9,1705,488
9,1709,498
9,1764,486
9,1759,494
9,1707,470
9,1706,508
9,1593,509
9,1595,498
9,1209,504
9,1860,437
9,1089,484
9,1106,508
9,1048,442
9,1041,444
9,1169,475
9,1167,463
9,1084,625
9,1116,613
9,1099,545
9,1086,544
9,1086,658
9,1058,706
9,1085,706
9,1060,396
9,1031,404
9,1024,407
9,1032,379
9,1074,699
9,1067,702
9,1070,762
9,1078,733
9,1089,754
9,1095,763
9,1111,827
9,1120,798
9,1052,657
9,1051,675
9,1075,759
9,1078,767
9,1109,799
9,1101,800
9,1088,800
9,1073,924
9,1063,843
9,1109,936
9,1090,953
9,1074,948
9,1078,966
9,1074,974
9,1095,992
9,1071,984
9,1109,886
9,1116,896
9,1104,1025
9,1099,1045
9,1105,1055
9,1089,1029
9,1116,1003
9,1117,1013
9,1256,459
9,939,388
9,934,385
9,1085,406
9,1027,387
9,1062,361
9,1046,376
9,1046,360
9,1053,367
9,1028,361
9,1020,362
9,1016,353
9,1005,355
9,997,347
9,994,357
9,987,349
9,916,1045
9,913,1032
9,908,1037
9,918,1001
9,905,1006
9,858,1021
9,880,770
9,904,770
9,903,817
9,885,837
9,1683,138
9,1711,141
9,1703,159
9,1727,157
9,1752,180
9,1575,140
9,1614,159
9,1631,176
9,1201,152
9,1546,157
9,1185,158
9,1432,141
9,1426,185
9,1100,169
9,1034,131
9,1023,138
9,1056,197
9,995,135
9,1052,202
9,1012,242
9,1059,224
9,1025,181
9,1022,167
9,1015,162
9,987,147
9,973,173
9,964,172
9,1002,173
9,1042,247
9,1037,182
9,1013,247
9,1006,248
9,1018,206
9,1019,225
9,1035,223
9,1265,253
9,914,241
9,726,211
9,800,246
9,813,245
9,485,202
9,462,217
9,574,136
9,574,146
9,427,187
9,341,211
9,324,150
9,295,141
9,342,190
9,344,198
9,330,196
9,398,216
9,463,219
9,239,133
9,282,139
9,490,262
9,480,271
9,53,170
9,114,222
9,971,348
9,957,349
9,886,445
9,1253,462
9,1264,461
9,1249,467
9,786,411
9,759,400
9,739,404
9,717,401
9,472,418
9,699,397
9,436,417
9,432,424
9,315,421
9,282,406
9,361,413
10,1250,500
10,1374,476
10,1497,486
10,1229,486
10,1424,499
10,1420,507
10,1507,455
10,1549,435
10,1457,469
10,1213,495
10,1459,504
10,1554,497
10,1555,490
10,1553,473
10,1559,478
10,1548,486
10,1550,508
10,1679,498
10,1715,481
10,1712,488
10,1716,499
10,1768,486
10,1764,494
10,1701,470
10,1701,508
10,1593,510
10,1599,499
10,1213,505
10,1860,437
10,1085,479
10,1105,503
10,1045,438
10,1038,440
10,1178,477
10,1177,464
10,1084,633
10,1116,617
10,1097,539
10,1085,537
10,1086,666
10,1058,714
10,1086,712
10,1059,388
10,1028,401
10,1022,404
10,1033,375
10,1073,695
10,1067,697
10,1070,762
10,1078,726
10,1089,750
10,1095,758
10,1110,835
10,1118,805
10,1052,657
10,1051,675
10,1075,753
10,1079,761
10,1109,795
10,1102,797
10,1088,794
10,1073,930
10,1063,836
10,1107,931
10,1092,950
10,1075,953
10,1080,970
10,1075,980
10,1096,997
10,1071,989
10,1109,881
10,1116,890
10,1104,1030
10,1097,1048
10,1104,1058
10,1088,1024
10,1116,1003
10,1117,1013
10,1256,459
10,1229,507
10,939,388
10,933,386
10,880,470
10,1088,414
10,1028,385
10,1064,360
10,1045,378
10,1046,360
10,1053,368
10,1028,360
10,1020,362
10,1016,353
10,1005,355
10,997,347
10,993,357
10,987,349
10,918,1049
10,917,1034
10,912,1040
10,923,1006
10,912,1010
10,857,1029
10,881,764
10,904,765
10,903,811
10,884,831
10,1678,139
10,1706,142
10,1697,159
10,1720,157
10,1749,181
10,1569,140
10,1619,161
10,1636,175
10,1194,152
10,1554,159
10,1179,160
10,1424,139
10,1421,179
10,1100,173
10,1030,130
10,1021,136
10,1057,198
10,995,135
10,1052,202
10,1015,245
10,1058,225
10,1026,181
10,1022,167
10,1015,162
10,986,138
10,974,168
10,965,168
10,999,167
10,1041,250
10,1037,177
10,1013,248
10,1006,248
10,1015,199
10,1019,219
10,1036,218
10,1264,248
10,921,243
10,721,211
10,800,246
10,813,245
10,485,203
10,462,217
10,580,137
10,579,146
10,433,189
10,335,212
10,328,149
10,301,142
10,350,190
10,350,198
10,335,194
10,398,216
10,463,219
10,246,133
10,287,142
10,493,262
10,484,271
10,37,170
10,114,223
10,971,348
10,957,349
10,886,445
10,1251,461
10,1264,461
10,1248,467
10,786,411
10,759,400
10,739,405
10,717,401
10,477,419
10,699,397
10,439,418
10,427,423
10,308,424
10,282,400
10,356,415
11,1244,499
11,1366,477
11,1501,486
11,1235,485
11,1419,498
11,1417,506
11,1500,455
11,1549,435
11,1450,470
11,1216,495
11,1455,504
11,1560,497
11,1559,490
11,1559,471
11,1563,478
11,1557,483
11,1687,498
11,1720,481
11,1719,488
11,1722,499
11,1773,486
11,1768,494
11,1694,469
11,1695,508
11,1593,511
11,1604,500
11,1216,505
11,1860,437
11,1082,475
11,1103,498
11,1042,433
11,1036,436
11,1188,477
11,1188,466
11,1084,640
11,1116,621
11,1095,532
11,1085,532
11,1086,674
11,1058,721
11,1085,718
11,1059,383
11,1025,397
11,1019,402
11,1033,372
11,1074,693
11,1067,692
11,1070,762
11,1077,721
11,1088,745
11,1095,754
11,1108,840
11,1115,811
11,1052,657
11,1051,675
11,1075,748
11,1078,755
11,1109,792
11,1102,793
11,1089,789
11,1075,937
11,1063,831
11,1107,925
11,1094,946
11,1076,957
11,1081,974
11,1078,986
11,1097,1001
11,1070,996
11,1109,876
11,1116,885
11,1104,1036
11,1096,1053
11,1103,1061
11,1088,1019
11,1116,1003
11,1117,1013
11,1257,459
11,938,389
11,932,387
11,878,468
11,1091,421
11,1030,384
11,1065,359
11,1044,380
11,1046,360
11,1053,368
11,1028,360
11,1020,362
11,1016,353
11,1005,355
11,996,347
11,993,356
11,987,349
11,922,1051
11,920,1036
11,916,1042
11,927,1010
11,916,1015
11,892,1063
11,857,1038
11,881,759
11,904,760
11,901,806
11,884,825
11,1673,139
11,1700,143
11,1693,159
11,1714,157
11,1744,181
11,1563,139
11,1625,162
11,1187,152
11,1560,158
11,1175,160
11,1673,175
11,1416,138
11,1421,175
11,1102,176
11,1023,134
11,1058,199
11,995,136
11,1052,202
11,1019,248
11,1057,226
11,1026,181
11,1022,167
11,1015,162
11,973,162
11,965,164
11,999,161
11,1041,254
11,1037,171
11,1012,249
11,1006,248
11,1012,193
11,1016,215
11,1032,210
11,1263,241
11,928,243
11,714,213
11,800,246
11,813,245
11,485,203
11,462,218
11,586,137
11,584,147
11,439,190
11,329,213
11,334,147
11,308,142
11,357,189
11,356,197
11,339,194
11,398,216
11,463,219
11,254,134
11,292,145
11,497,262
11,488,271
11,23,170
11,114,223
11,972,348
11,957,349
11,887,445
11,1250,461
11,1264,462
11,1248,467
11,786,411
11,759,400
11,739,405
11,717,401
11,483,420
11,699,397
11,444,421
11,416,422
11,302,425
11,282,394
11,351,416
12,1240,497
12,1361,477
12,1507,485
12,1240,484
12,1415,499
12,1413,506
12,1493,456
12,1549,435
12,1441,471
12,1219,497
12,1451,504
12,1564,497
12,1563,491
12,1565,470
12,1569,477
12,1565,483
12,1695,499
12,1727,479
12,1724,488
12,1727,501
12,1779,486
12,1773,494
12,1688,469
12,1689,508
12,1594,512
12,1609,502
12,1220,505
12,1860,437
12,1080,472
12,1102,493
12,1039,429
12,1033,432
12,1198,477
12,1198,468
12,1084,646
12,1116,626
12,1094,525
12,1084,525
12,1086,680
12,1058,729
12,1084,723
12,1062,380
12,1023,393
12,1017,399
12,1034,366
12,1075,689
12,1067,688
12,1070,762
12,1077,714
12,1088,741
12,1095,748
12,1104,846
12,1110,817
12,1052,657
12,1051,675
12,1074,742
12,1078,748
12,1109,788
12,1102,789
12,1090,784
12,1075,944
12,1063,827
12,1106,919
12,1096,941
12,1076,961
12,1083,980
12,1079,989
12,1098,1006
12,1069,1001
12,1110,871
12,1116,880
12,1102,1040
12,1094,1060
12,1103,1065
12,1087,1011
12,1116,1003
12,1117,1013
12,1257,459
12,938,390
12,932,387
12,877,466
12,1093,427
12,1031,382
12,1066,358
12,1044,380
12,1046,359
12,1053,368
12,1029,360
12,1020,362
12,1016,352
12,1005,355
12,996,347
12,992,356
12,987,349
12,927,1052
12,925,1038
12,921,1044
12,930,1014
12,919,1019
12,892,1056
12,857,1043
12,882,754
12,902,753
12,900,801
12,885,820
12,1667,138
12,1695,144
12,1688,160
12,1708,157
12,1740,181
12,1557,140
12,1632,162
12,1182,152
12,1566,157
12,1165,158
12,1681,175
12,1411,135
12,1421,170
12,1104,178
12,1058,199
12,995,136
12,1052,202
12,1022,251
12,1056,227
12,1026,182
12,1022,167
12,1015,162
12,972,156
12,965,158
12,999,155
12,1041,257
12,1036,164
12,1012,249
12,1005,249
12,1010,189
12,1014,210
12,1028,204
12,1262,235
12,934,243
12,707,214
12,800,246
12,813,245
12,485,204
12,462,218
12,593,137
12,591,147
12,445,191
12,322,213
12,340,145
12,315,141
12,363,189
12,362,197
12,345,193
12,398,216
12,463,219
12,261,136
12,298,146
12,501,264
12,491,271
12,115,223
12,972,348
12,957,348
12,887,445
12,1250,461
12,1265,463
12,1247,467
12,786,411
12,759,400
12,739,406
12,717,401
12,488,420
12,699,397
12,448,423
12,295,425
12,280,388
12,345,417
13,1233,496
13,1353,479
13,1511,485
13,1246,484
13,1409,498
13,1408,506
13,1488,458
13,1549,435
13,1432,473
13,1221,498
13,1445,506
13,1568,500
13,1567,492
13,1570,469
13,1575,477
13,1571,485
13,1702,500
13,1733,479
13,1729,488
13,1733,502
13,1782,485
13,1779,494
13,1682,470
13,1684,507
13,1594,513
13,1614,503
13,1225,505
13,1860,437
13,1075,468
13,1099,487
13,1036,424
13,1030,428
13,1208,478
13,1208,470
13,1085,652
13,1115,631
13,1093,518
13,1084,518
13,1087,685
13,1058,736
13,1083,728
13,1061,374
13,1021,390
13,1015,397
13,1035,366
13,1075,686
13,1068,686
13,1070,762
13,1077,708
13,1090,735
13,1095,742
13,1103,851
13,1107,825
13,1052,657
13,1051,675
13,1073,735
13,1078,742
13,1109,785
13,1103,786
13,1091,779
13,1076,952
13,1064,822
13,1124,783
13,1103,912
13,1098,937
13,1075,967
13,1083,984
13,1079,991
13,1098,1011
13,1067,1006
13,1111,867
13,1116,875
13,1101,1044
13,1091,1065
13,1101,1069
13,1089,1003
13,1116,1003
13,1117,1013
13,1257,459
13,937,391
13,931,388
13,875,464
13,1096,433
13,1031,380
13,1065,358
13,1043,379
13,1047,359
13,1053,368
13,1029,360
13,1020,362
13,1016,352
13,1005,355
13,996,346
13,992,356
13,986,347
13,930,1054
13,931,1040
13,928,1045
13,932,1017
13,924,1023
13,892,1050
13,858,1049
13,882,750
13,901,747
13,900,794
13,885,813
13,1661,137
13,1690,144
13,1680,160
13,1702,158
13,1735,181
13,1551,143
13,1637,163
13,1176,153
13,1571,157
13,1160,158
13,1688,173
13,1409,134
13,1421,165
13,1106,179
13,1058,198
13,995,136
13,1052,202
13,1023,257
13,1055,227
13,1027,182
13,1022,167
13,1015,162
13,973,151
13,965,154
13,999,150
13,1041,259
13,1034,158
13,1011,250
13,1005,249
13,1009,184
13,1011,203
13,1024,198
13,1258,229
13,941,244
13,700,216
13,800,246
13,813,245
13,485,204
13,462,219
13,600,137
13,597,147
13,451,191
13,317,214
13,344,143
13,321,141
13,368,189
13,369,197
13,351,193
13,398,216
13,463,219
13,269,138
13,303,146
13,508,264
13,495,271
13,115,222
13,972,348
13,957,348
13,888,445
13,1250,461
13,1265,463
13,1247,467
13,786,411
13,759,400
13,739,406
13,717,401
13,493,420
13,699,397
13,453,425
13,289,425
13,279,382
13,339,418
14,1225,493
14,1347,478
14,1516,487
14,1252,485
14,1404,499
14,1404,508
14,1481,458
14,1549,435
14,1425,472
14,1223,500
14,1442,507
14,1573,501
14,1572,492
14,1577,469
14,1581,477
14,1577,485
14,1710,500
14,1739,480
14,1735,488
14,1738,503
14,1786,486
14,1784,494
14,1675,472
14,1679,507
14,1594,514
14,1619,503
14,1229,505
14,1860,437
14,1071,464
14,1096,482
14,1033,419
14,1027,424
14,1218,479
14,1216,472
14,1085,659
14,1114,637
14,1091,511
14,1083,513
14,1086,692
14,1058,746
14,1083,733
14,1061,372
14,1018,389
14,1014,395
14,1036,363
14,1076,679
14,1069,683
14,1070,762
14,1077,700
14,1090,730
14,1095,737
14,1103,857
14,1105,832
14,1052,657
14,1051,675
14,1073,729
14,1076,736
14,1111,782
14,1104,783
14,1091,772
14,1078,958
14,1064,816
14,1103,907
14,1099,933
14,1074,971
14,1083,987
14,1079,993
14,1097,1016
14,1067,1010
14,1111,862
14,1116,871
14,1101,1049
14,1088,1070
14,1102,1072
14,1092,994
14,1116,1003
14,1117,1013
14,1062,1068
14,1257,459
14,937,393
14,930,390
14,873,461
14,1098,440
14,1032,378
14,1065,358
14,1043,378
14,1047,359
14,1053,369
14,1029,360
14,1020,361
14,1016,352
14,1005,355
14,996,346
14,991,355
14,985,343
14,933,1057
14,936,1042
14,933,1047
14,935,1018
14,928,1026
14,891,1044
14,858,1054
14,882,745
14,901,741
14,899,788
14,885,806
14,1655,138
14,1682,145
14,1675,160
14,1695,159
14,1732,182
14,1544,145
14,1170,153
14,1578,159
14,1153,158
14,1422,160
14,1058,198
14,996,137
14,1052,202
14,1025,263
14,1054,228
14,1027,182
14,1022,167
14,1015,162
14,974,147
14,966,151
14,1000,145
14,1041,261
14,1033,151
14,1011,251
14,1005,249
14,1006,179
14,1009,197
14,1020,192
14,1255,224
14,948,245
14,696,216
14,800,246
14,813,245
14,485,204
14,462,219
14,604,138
14,602,149
14,458,190
14,311,216
14,349,141
14,326,141
14,374,190
14,375,197
14,359,193
14,398,216
14,463,219
14,276,138
14,308,147
14,514,265
14,499,271
14,116,221
14,972,347
14,957,348
14,889,445
14,1250,461
14,1265,464
14,1247,467
14,786,411
14,759,400
14,739,407
14,717,401
14,499,420
14,699,397
14,458,426
14,277,376
14,335,420
15,1338,480
15,1522,488
15,1257,485
15,1398,500
15,1398,508
15,1474,461
15,1549,435
15,1415,474
15,1226,500
15,1438,508
15,1577,501
15,1574,492
15,1582,469
15,1585,478
15,1581,484
15,1719,501
15,1744,480
15,1741,488
15,1742,505
15,1791,486
15,1789,494
15,1669,473
15,1676,506
15,1624,502
15,1233,505
15,1860,437
15,1068,461
15,1092,476
15,1031,415
15,1024,421
15,1225,480
15,1225,474
15,1085,667
15,1114,642
15,1088,504
15,1082,508
15,1086,699
15,1058,755
15,1083,738
15,1062,369
15,1018,386
15,1013,392
15,1036,359
15,1075,679
15,1070,680
15,1070,762
15,1077,695
15,1092,724
15,1096,732
15,1101,863
15,1103,839
15,1052,657
15,1051,675
15,1073,723
15,1074,729
15,1112,779
15,1105,781
15,1091,766
15,1080,965
15,1063,811
15,1100,902
15,1099,929
15,1074,977
15,1083,993
15,1079,999
15,1096,1021
15,1067,1014
15,1111,857
15,1116,867
15,1099,1056
15,1087,1073
15,1103,1075
15,1093,988
15,1116,1003
15,1117,1013
15,1060,1063
15,1257,459
15,936,395
15,928,393
15,871,459
15,1101,448
15,1032,377
15,1143,524
15,1065,358
15,1043,377
15,1047,358
15,1053,369
15,1029,359
15,1020,361
15,1016,352
15,1005,355
15,995,346
15,991,355
15,984,340
15,937,1058
15,940,1044
15,937,1050
15,938,1020
15,931,1031
15,890,1036
15,857,1060
15,883,741
15,901,736
15,898,783
15,885,799
15,1650,139
15,1674,147
15,1669,160
15,1685,159
15,1728,184
15,1537,146
15,1162,153
15,1585,161
15,1146,157
15,1424,156
15,1058,198
15,996,137
15,1052,202
15,1025,265
15,1051,230
15,1027,182
15,1022,167
15,1015,162
15,975,142
15,968,144
15,1002,141
15,1041,262
15,1031,145
15,1011,251
15,1005,249
15,1005,172
15,1008,192
15,1015,187
15,1250,218
15,954,247
15,690,216
15,800,246
15,813,245
15,486,204
15,465,223
15,608,139
15,608,149
15,464,190
15,303,216
15,353,141
15,333,138
15,379,190
15,381,198
15,367,195
15,398,216
15,463,219
15,282,139
15,314,145
15,521,266
15,504,270
15,116,220
15,972,347
15,957,348
15,889,445
15,1250,461
15,1265,464
15,1246,467
15,786,411
15,759,400
15,739,407
15,717,401
15,504,420
15,699,397
15,462,427
15,393,417
15,362,417
15,277,366
15,328,420
16,1210,493
16,1331,480
16,1528,488
16,1261,487
16,1394,501
16,1393,509
16,1468,461
16,1549,435
16,1408,472
16,1229,500
16,1432,511
16,1581,501
16,1579,493
16,1586,470
16,1588,479
16,1585,486
16,1727,503
16,1750,480
16,1746,488
16,1748,505
16,1797,485
16,1794,494
16,1662,473
16,1674,505
16,1629,502
16,1238,504
16,1860,437
16,1066,458
16,1089,471
16,1030,412
16,1023,417
16,1234,480
16,1233,474
16,1086,673
16,1114,647
16,1086,498
16,1078,499
16,1085,706
16,1058,762
16,1082,743
16,1059,366
16,1016,383
16,1011,389
16,1035,357
16,1076,674
16,1070,676
16,1070,762
16,1079,691
16,1094,718
16,1097,729
16,1103,867
16,1101,846
16,1052,657
16,1051,675
16,1072,716
16,1074,722
16,1113,775
16,1105,778
16,1092,762
16,1080,971
16,1062,806
16,1113,800
16,1095,895
16,1099,924
16,1075,983
16,1084,998
16,1079,1004
16,1095,1026
16,1067,1019
16,1113,852
16,1117,863
16,1096,1063
16,1094,981
16,1116,1003
16,1117,1013
16,1058,1059
16,1257,459
16,933,399
16,926,396
16,869,457
16,892,485
16,886,485
16,1103,456
16,1032,375
16,1142,528
16,1065,358
16,1043,377
16,1047,358
16,1053,369
16,1029,359
16,1020,361
16,1016,352
16,1005,355
16,995,346
16,990,355
16,983,331
16,941,1060
16,944,1045
16,941,1051
16,940,1024
16,932,1035
16,889,1026
16,856,1065
16,883,738
16,901,731
16,897,777
16,885,793
16,1647,139
16,1669,146
16,1680,159
16,1720,181
16,1530,147
16,1155,153
16,1593,162
16,1137,159
16,1425,152
16,1058,198
16,996,137
16,1052,202
16,1025,267
16,1047,232
16,1028,183
16,1022,167
16,1015,162
16,975,137
16,969,138
16,1002,134
16,1041,262
16,1029,139
16,1011,252
16,1004,250
16,1005,164
16,1006,187
16,1013,178
16,956,250
16,684,216
16,800,246
16,813,245
16,486,204
16,466,226
16,614,138
16,616,148
16,469,191
16,296,216
16,358,140
16,339,135
16,385,188
16,387,198
16,375,196
16,398,216
16,463,219
16,291,140
16,320,144
16,524,263
16,508,268
16,117,220
16,973,347
16,957,347
16,895,440
16,1251,461
16,1266,464
16,1246,467
16,786,411
16,759,400
16,740,408
16,717,401
16,509,421
16,699,397
16,389,416
16,358,416
16,276,356
17,1204,494
17,1325,481
17,1533,487
17,1266,489
17,1389,502
17,1386,510
17,1460,463
17,1549,435
17,1398,474
17,1233,499
17,1586,502
17,1583,494
17,1593,470
17,1597,479
17,1594,486
17,1735,506
17,1756,480
17,1751,488
17,1755,503
17,1801,485
17,1798,493
17,1657,474
17,1670,505
17,1634,501
17,1247,504
17,1860,437
17,1064,454
17,1086,466
17,1028,408
17,1021,413
17,1243,480
17,1242,473
17,1086,678
17,1114,652
17,1084,491
17,1077,493
17,1084,713
17,1059,770
17,1082,749
17,1058,363
17,1014,379
17,1007,387
17,1034,356
17,1077,670
17,1070,671
17,1070,762
17,1080,686
17,1095,712
17,1097,725
17,1103,872
17,1100,852
17,1052,657
17,1051,675
17,1072,709
17,1074,715
17,1114,771
17,1105,776
17,1093,756
17,1081,977
17,1061,801
17,1108,807
17,1094,889
17,1100,920
17,1075,988
17,1085,1003
17,1079,1009
17,1095,1030
17,1068,1024
17,1114,847
17,1118,858
17,1095,1071
17,1095,974
17,1116,1003
17,1117,1013
17,1055,1054
17,1257,459
17,929,403
17,924,400
17,868,456
17,892,481
17,886,480
17,1105,462
17,1032,373
17,1140,531
17,1065,358
17,1043,377
17,1047,358
17,1053,369
17,1029,359
17,1020,361
17,1016,351
17,1005,355
17,995,346
17,990,355
17,982,322
17,945,1062
17,948,1045
17,945,1051
17,941,1027
17,934,1039
17,890,1020
17,855,1070
17,883,733
17,901,725
17,895,771
17,885,788
17,1645,138
17,1664,146
17,1676,159
17,1525,147
17,1150,153
17,1601,166
17,1132,159
17,1426,148
17,1058,198
17,996,137
17,1052,202
17,1025,269
17,1044,234
17,1028,183
17,1022,167
17,1015,162
17,975,132
17,968,132
17,963,145
17,1000,131
17,1041,263
17,1029,131
17,1011,252
17,1004,251
17,1004,157
17,1004,182
17,1010,172
17,959,254
17,678,216
17,800,246
17,813,245
17,486,204
17,464,225
17,621,136
17,623,147
17,475,192
17,291,216
17,363,139
17,343,134
17,392,188
17,394,199
17,383,198
17,398,216
17,463,219
17,300,141
17,324,143
17,528,260
17,513,266
17,120,219
17,973,347
17,957,347
17,905,433
17,1251,461
17,1266,463
17,1244,467
17,786,411
17,759,400
17,740,408
17,717,401
17,513,422
17,699,397
17,382,416
17,350,416
17,273,344
18,1197,496
18,1319,481
18,1538,487
18,1273,489
18,1384,500
18,1384,508
18,1455,464
18,1549,435
18,1391,472
18,1236,498
18,1591,502
18,1588,494
18,1599,471
18,1603,479
18,1600,487
18,1743,507
18,1762,480
18,1756,488
18,1761,503
18,1806,485
18,1803,493
18,1652,477
18,1665,505
18,1639,498
18,1256,503
18,1860,437
18,1062,449
18,1083,460
18,1026,405
18,1019,410
18,1252,480
18,1252,473
18,1085,685
18,1114,656
18,1084,483
18,1076,487
18,1083,719
18,1060,779
18,1082,755
18,1058,359
18,1013,377
18,1004,385
18,1032,353
18,1077,666
18,1070,667
18,1070,762
18,1082,680
18,1096,706
18,1098,719
18,1103,877
18,1103,860
18,1052,657
18,1051,675
18,1072,703
18,1075,709
18,1116,768
18,1105,773
18,1094,750
18,1084,983
18,1060,796
18,1107,812
18,1093,883
18,1100,916
18,1075,992
18,1085,1004
18,1079,1010
18,1096,1034
18,1068,1030
18,1115,842
18,1118,853
18,1094,1071
18,1095,966
18,1116,1003
18,1117,1013
18,1055,1049
18,1257,459
18,924,408
18,919,404
18,1207,500
18,868,454
18,892,478
18,886,474
18,1106,467
18,1033,371
18,1138,534
18,1065,358
18,1043,377
18,1048,357
18,1053,369
18,1029,359
18,1020,361
18,1016,351
18,1005,355
18,995,341
18,990,350
18,981,313
18,949,1064
18,951,1046
18,949,1051
18,940,1028
18,936,1041
18,890,1014
18,855,1075
18,884,727
18,901,717
18,895,765
18,886,782
18,1644,137
18,1659,145
18,1669,159
18,1520,148
18,1679,177
18,1144,152
18,1716,175
18,1427,145
18,1058,198
18,996,137
18,1052,202
18,1025,271
18,1042,237
18,1028,183
18,1022,167
18,1015,162
18,963,152
18,1041,264
18,1011,253
18,1004,252
18,1001,154
18,999,176
18,1009,163
18,961,257
18,672,216
18,800,246
18,813,245
18,487,204
18,463,225
18,628,134
18,629,146
18,481,193
18,286,216
18,368,138
18,347,134
18,398,188
18,400,199
18,390,199
18,398,216
18,463,219
18,308,142
18,329,142
18,532,256
18,517,264
18,123,218
18,973,347
18,957,347
18,914,426
18,1251,461
18,1266,462
18,1242,466
18,786,411
18,759,400
18,740,408
18,717,401
18,518,424
18,699,397
18,376,416
18,343,416
18,271,333
18,312,427
19,1189,498
19,1313,482
19,1542,487
19,1278,489
19,1380,500
19,1378,508
19,1447,464
19,1549,435
19,1381,473
19,1239,498
19,1598,503
19,1593,494
19,1603,472
19,1606,479
19,1605,487
19,1750,507
19,1766,480
19,1762,488
19,1766,503
19,1810,485
19,1808,492
19,1648,479
19,1660,505
19,1644,496
19,1264,503
19,1860,437
19,1057,444
19,1080,455
19,1025,402
19,1018,408
19,1260,479
19,1260,472
19,1085,691
19,1115,661
19,1080,477
19,1072,480
19,1082,725
19,1062,785
19,1082,762
19,1055,358
19,1013,375
19,1001,383
19,1031,350
19,1077,663
19,1069,663
19,1070,762
19,1083,675
19,1096,700
19,1098,713
19,1102,882
19,1106,867
19,1052,657
19,1051,675
19,1074,697
19,1076,703
19,1117,765
19,1105,770
19,1094,744
19,1086,989
19,1058,790
19,1106,817
19,1092,876
19,1100,913
19,1074,999
19,1084,1009
19,1078,1015
19,1098,1038
19,1069,1036
19,1117,836
19,1119,848
19,1094,1075
19,1095,958
19,1116,1003
19,1117,1013
19,1053,1045
19,1257,459
19,919,412
19,914,408
19,1213,495
19,868,453
19,894,473
19,887,470
19,1108,473
19,1034,369
19,1136,537
19,1064,358
19,1043,377
19,1048,357
19,1053,370
19,1030,359
19,1020,361
19,1016,351
19,1005,355
19,992,336
19,989,346
19,980,305
19,951,1064
19,955,1047
19,952,1052
19,940,1031
19,937,1044
19,887,1002
19,868,994
19,883,723
19,900,714
19,895,760
19,888,777
19,1642,137
19,1656,145
19,1663,158
19,1515,148
19,1684,177
19,1138,152
19,1121,158
19,1722,176
19,1427,143
19,1058,198
19,996,137
19,1052,202
19,1025,273
19,1039,239
19,1028,183
19,1022,167
19,1015,162
19,964,159
19,1041,265
19,1011,253
19,1004,253
19,1003,147
19,998,170
19,1009,156
19,1233,200
19,962,261
19,665,217
19,800,246
19,813,245
19,487,204
19,463,225
19,634,133
19,635,145
19,487,194
19,279,213
19,373,137
19,353,134
19,405,189
19,406,198
19,397,200
19,398,216
19,463,219
19,316,143
19,334,139
19,535,251
19,522,263
19,126,218
19,973,347
19,957,346
19,920,421
19,1251,461
19,1267,461
19,1240,465
19,786,411
19,759,400
19,740,408
19,717,401
19,523,425
19,699,397
19,371,417
19,338,416
19,268,321
19,306,428
20,1183,500
20,1306,482
20,1546,487
20,1283,489
20,1374,500
20,1374,509
20,1441,464
20,1549,435
20,1375,473
20,1243,498
20,1602,503
20,1598,493
20,1610,472
20,1611,479
20,1609,487
20,1760,510
20,1770,480
20,1767,488
20,1770,503
20,1815,485
20,1812,492
20,1644,483
20,1656,506
20,1648,495
20,1272,503
20,1860,437
20,1053,439
20,1077,449
20,1023,399
20,1016,405
20,1269,478
20,1269,470
20,1084,696
20,1116,666
20,1074,471
20,1067,474
20,1081,732
20,1064,791
20,1082,768
20,1054,357
20,1011,371
20,998,380
20,1030,347
20,1078,658
20,1069,658
20,1070,762
20,1088,669
20,1095,694
20,1099,708
20,1099,886
20,1108,873
20,1052,657
20,1051,675
20,1076,690
20,1077,697
20,1118,761
20,1106,765
20,1094,738
20,1087,996
20,1057,784
20,1105,821
20,1092,869
20,1101,911
20,1074,1005
20,1084,1015
20,1077,1020
20,1096,1041
20,1069,1042
20,1117,832
20,1120,842
20,1095,950
20,1116,1003
20,1117,1013
20,1051,1040
20,1257,459
20,914,417
20,910,412
20,1217,491
20,868,451
20,896,468
20,889,466
20,1108,482
20,1035,367
20,1135,542
20,1064,358
20,1043,377
20,1048,357
20,1053,370
20,1030,359
20,1020,361
20,1016,351
20,1005,355
20,991,331
20,988,340
20,980,297
20,954,1064
20,956,1048
20,955,1054
20,941,1034
20,939,1046
20,886,995
20,867,1063
20,874,988
20,872,999
20,873,623
20,894,753
20,890,769
20,1638,137
20,1652,145
20,1643,156
20,1658,157
20,1509,147
20,1675,165
20,1689,177
20,1130,153
20,1617,166
20,1114,158
20,1729,177
20,1428,141
20,1450,140
20,1058,198
20,996,137
20,1052,202
20,1025,275
20,1037,242
20,1028,183
20,1022,167
20,1015,162
20,964,168
20,950,140
20,943,136
20,1041,266
20,1011,254
20,1004,254
20,1006,140
20,998,164
20,1009,149
20,1227,198
20,963,264
20,659,217
20,800,246
20,813,245
20,487,204
20,463,225
20,640,133
20,641,145
20,492,195
20,273,212
20,378,137
20,359,134
20,411,189
20,412,198
20,404,201
20,398,216
20,463,219
20,324,144
20,340,138
20,540,244
20,527,263
20,126,218
20,973,346
20,957,346
20,927,416
20,1227,498
20,1252,461
20,1267,460
20,1238,463
20,786,411
20,759,400
20,740,408
20,717,401
20,530,425
20,699,397
20,476,426
20,364,418
20,330,418
20,264,307
20,299,430
21,1176,503
21,1298,482
21,1550,487
21,1287,490
21,1368,499
21,1368,508
21,1435,467
21,1549,435
21,1365,471
21,1247,499
21,1604,504
21,1602,493
21,1614,472
21,1616,479
21,1614,488
21,1775,480
21,1772,487
21,1775,503
21,1821,484
21,1815,492
21,1637,488
21,1652,507
21,1653,495
21,1280,504
21,1860,437
21,1051,435
21,1073,444
21,1021,396
21,1015,402
21,1279,476
21,1277,469
21,1083,703
21,1115,671
21,1072,464
21,1064,467
21,1080,740
21,1066,797
21,1082,773
21,1054,357
21,1008,367
21,995,378
21,1029,342
21,1078,652
21,1068,654
21,1070,762
21,1090,661
21,1094,689
21,1099,702
21,1096,890
21,1111,879
21,1052,657
21,1051,675
21,1078,684
21,1078,692
21,1120,758
21,1107,761
21,1092,731
21,1088,1002
21,1057,779
21,1104,826
21,1091,863
21,1101,910
21,1074,1007
21,1083,1019
21,1075,1026
21,1095,1045
21,1070,1049
21,1117,828
21,1122,837
21,1095,940
21,1116,1003
21,1117,1013
21,1050,1036
21,1061,1073
21,1258,459
21,909,421
21,906,418
21,1221,488
21,868,449
21,898,463
21,891,462
21,1109,489
21,1035,365
21,1064,358
21,1043,377
21,1048,357
21,1053,370
21,1030,358
21,1020,361
21,1016,351
21,1005,355
21,990,326
21,987,333
21,982,289
21,956,1065
21,956,1050
21,956,1057
21,942,1037
21,939,1048
21,885,988
21,867,1057
21,876,1071
21,877,993
21,875,1003
21,872,616
21,888,631
21,899,630
21,892,747
21,891,763
21,1634,138
21,1646,145
21,1639,158
21,1654,157
21,1502,147
21,1682,162
21,1125,153
21,1622,166
21,1106,160
21,1735,178
21,1429,139
21,1461,137
21,1455,140
21,1058,198
21,996,137
21,1052,202
21,1025,277
21,1036,244
21,1028,183
21,1022,167
21,1015,162
21,962,176
21,950,142
21,944,141
21,1041,267
21,1011,254
21,1004,256
21,1008,135
21,996,159
21,1010,144
21,1220,197
21,964,267
21,650,216
21,800,246
21,813,245
21,487,204
21,463,225
21,645,134
21,647,144
21,499,196
21,269,212
21,383,138
21,365,134
21,417,190
21,418,199
21,411,201
21,398,216
21,463,219
21,333,146
21,344,138
21,545,237
21,531,260
21,126,218
21,974,346
21,957,346
21,932,409
21,1235,495
21,1252,461
21,1267,459
21,1238,463
21,786,411
21,759,400
21,740,408
21,717,401
21,536,425
21,699,397
21,481,426
21,358,418
21,324,420
21,260,293
22,1168,504
22,1293,482
22,1556,487
22,1292,491
22,1364,500
22,1364,507
22,1428,466
22,1549,435
22,1358,475
22,1252,500
22,1607,506
22,1606,493
22,1621,472
22,1622,480
22,1620,488
22,1781,480
22,1777,487
22,1780,503
22,1826,484
22,1820,491
22,1634,492
22,1647,507
22,1658,495
22,1288,504
22,1860,437
22,1048,431
22,1069,438
22,1019,394
22,1013,399
22,1288,475
22,1287,467
22,1081,709
22,1115,677
22,1068,458
22,1060,460
22,1080,746
22,1069,805
22,1082,779
22,1053,357
22,1006,365
22,994,375
22,1027,335
22,1077,648
22,1068,651
22,1070,762
22,1091,655
22,1095,683
22,1099,695
22,1094,894
22,1113,888
22,1052,657
22,1051,675
22,1080,678
22,1080,686
22,1122,755
22,1109,756
22,1093,725
22,1089,1010
22,1057,775
22,1106,833
22,1091,857
22,1101,908
22,1074,1010
22,1082,1024
22,1075,1033
22,1095,1048
22,1070,1054
22,1117,822
22,1122,831
22,1095,935
22,1116,1003
22,1117,1013
22,1050,1030
22,1061,1068
22,1258,459
22,905,426
22,901,424
22,1228,488
22,868,446
22,902,460
22,896,457
22,1110,496
22,1035,361
22,1064,358
22,1043,377
22,1048,356
22,1053,370
22,1030,358
22,1020,361
22,1016,350
22,1005,355
22,989,319
22,985,327
22,982,280
22,957,1066
22,956,1051
22,958,1059
22,943,1039
22,939,1049
22,883,981
22,866,1050
22,876,1063
22,880,998
22,878,1008
22,874,960
22,887,625
22,899,624
22,892,740
22,891,759
22,1631,139
22,1639,145
22,1629,159
22,1649,157
22,1497,149
22,1690,159
22,1121,153
22,1626,167
22,1102,160
22,1741,179
22,1429,139
22,1467,138
22,1460,140
22,1058,198
22,996,137
22,1052,202
22,1026,284
22,1034,246
22,1028,183
22,1022,167
22,1015,162
22,960,184
22,953,147
22,945,146
22,1041,267
22,1011,255
22,1003,257
22,1009,131
22,995,155
22,1013,138
22,1215,195
22,965,271
22,642,215
22,800,246
22,813,245
22,488,204
22,463,225
22,650,135
22,652,144
22,506,198
22,266,213
22,389,138
22,370,135
22,424,190
22,425,199
22,419,202
22,398,216
22,463,219
22,341,146
22,350,138
22,549,232
22,534,258
22,126,218
22,974,346
22,957,346
22,938,402
22,1241,492
22,1252,461
22,1268,458
22,1238,463
22,786,411
22,759,400
22,740,408
22,717,401
22,541,425
22,699,397
22,485,425
22,352,419
22,318,420
22,257,280
22,616,415
22,1750,127
23,1162,510
23,1286,483
23,1561,487
23,1297,491
23,1359,499
23,1359,507
23,1421,469
23,1549,435
23,1348,475
23,1257,500
23,1611,505
23,1610,492
23,1625,471
23,1625,483
23,1626,488
23,1787,480
23,1783,486
23,1785,504
23,1831,483
23,1825,491
23,1630,494
23,1642,507
23,1663,496
23,1295,503
23,1860,437
23,1044,427
23,1066,433
23,1019,391
23,1012,396
23,1297,473
23,1296,464
23,1081,715
23,1115,682
23,1063,453
23,1055,456
23,1081,752
23,1070,813
23,1082,784
23,1053,357
23,1005,365
23,994,372
23,1025,327
23,1077,644
23,1068,646
23,1070,762
23,1092,648
23,1095,681
23,1102,689
23,1092,902
23,1116,896
23,1052,657
23,1051,675
23,1082,672
23,1082,680
23,1123,751
23,1111,751
23,1094,719
23,1090,1017
23,1057,771
23,1106,840
23,1092,848
23,1102,906
23,1074,1016
23,1082,1028
23,1075,1037
23,1096,1053
23,1070,1059
23,1117,816
23,1122,827
23,1095,928
23,1116,1003
23,1117,1013
23,1050,1025
23,1061,1059
23,1258,459
23,901,430
23,897,429
23,1236,486
23,867,442
23,907,458
23,902,452
23,1110,503
23,1037,359
23,1064,358
23,1043,377
23,1049,356
23,1054,370
23,1030,358
23,1020,361
23,1016,350
23,1006,355
23,987,314
23,983,320
23,982,272
23,959,1067
23,959,1053
23,959,1060
23,944,1040
23,940,1051
23,882,973
23,868,1042
23,875,1057
23,885,1003
23,881,1013
23,873,966
23,888,621
23,899,619
23,892,736
23,891,753
23,1625,137
23,1633,145
23,1623,160
23,1491,152
23,1696,157
23,1115,152
23,1634,166
23,1099,160
23,1429,138
23,1472,140
23,1464,140
23,1058,198
23,996,137
23,1052,202
23,1028,290
23,1033,248
23,1028,183
23,1022,167
23,1015,162
23,958,192
23,955,151
23,945,151
23,1041,268
23,1011,255
23,1003,258
23,993,150
23,1016,131
23,965,276
23,637,215
23,800,246
23,813,245
23,488,204
23,463,225
23,656,135
23,658,143
23,511,198
23,260,214
23,395,137
23,375,135
23,431,189
23,432,197
23,427,202
23,398,216
23,463,219
23,349,146
23,358,136
23,554,227
23,537,256
23,126,218
23,974,346
23,957,345
23,942,394
23,1248,492
23,1252,461
23,1268,457
23,1238,463
23,786,411
23,759,400
23,740,408
23,717,401
23,545,426
23,699,397
23,490,423
23,348,420
23,313,421
23,257,267
23,312,430
23,621,414
23,1759,127
24,1156,514
24,1280,483
24,1566,487
24,1302,490
24,1353,498
24,1354,507
24,1413,469
24,1549,435
24,1341,474
24,1261,501
24,1615,505
24,1616,491
24,1632,471
24,1634,478
24,1632,487
24,1792,480
24,1788,485
24,1790,504
24,1836,482
24,1830,490
24,1625,497
24,1637,508
24,1668,496
24,1303,501
24,1860,437
24,1042,423
24,1063,427
24,1019,387
24,1011,394
24,1306,471
24,1305,464
24,1081,721
24,1115,686
24,1057,447
24,1050,451
24,1081,759
24,1070,821
24,1083,790
24,1054,356
24,1003,364
24,992,369
24,1023,321
24,1077,640
24,1068,642
24,1070,762
24,1093,642
24,1097,675
24,1102,682
24,1089,905
24,1116,903
24,1052,657
24,1051,675
24,1083,666
24,1084,675
24,1124,747
24,1113,747
24,1095,713
24,1091,1024
24,1057,764
24,1107,846
24,1093,843
24,1103,903
24,1074,1022
24,1082,1032
24,1076,1041
24,1096,1058
24,1070,1064
24,1118,811
24,1122,822
24,1095,920
24,1116,1003
24,1117,1013
24,1050,1023
24,1061,1052
24,1258,459
24,897,436
24,893,434
24,1242,485
24,867,440
24,911,453
24,905,447
24,1109,510
24,1037,358
24,1062,356
24,1043,377
24,1049,356
24,1054,370
24,1030,358
24,1020,361
24,1016,350
24,1005,352
24,985,309
24,981,314
24,984,264
24,959,1067
24,961,1053
24,961,1061
24,945,1041
24,941,1051
24,882,964
24,868,1035
24,874,1052
24,889,1007
24,883,1016
24,873,971
24,899,613
24,894,732
24,893,746
24,1620,136
24,1628,145
24,1619,160
24,1485,154
24,1701,156
24,1711,178
24,1109,152
24,1093,160
24,1745,180
24,1429,138
24,1476,140
24,1469,138
24,1058,198
24,996,137
24,1052,202
24,1029,297
24,1033,250
24,1028,183
24,1022,167
24,1015,162
24,957,200
24,955,154
24,944,156
24,1041,269
24,1011,256
24,1003,259
24,990,145
24,965,281
24,632,216
24,800,246
24,813,245
24,488,204
24,463,225
24,664,132
24,664,143
24,517,198
24,253,214
24,400,137
24,381,134
24,439,188
24,439,197
24,437,202
24,398,216
24,463,219
24,358,145
24,364,134
24,561,226
24,540,251
24,126,218
24,974,346
24,957,345
24,946,387
24,1254,492
24,1252,461
24,1269,457
24,1238,463
24,786,411
24,759,400
24,740,408
24,717,401
24,549,427
24,699,397
24,495,420
24,307,422
24,257,253
24,488,430
24,626,412
24,1767,127
25,1151,517
25,1274,481
25,1571,486
25,1308,490
25,1351,499
25,1348,506
25,1407,467
25,1549,435
25,1330,476
25,1266,502
25,1621,505
25,1618,490
25,1637,471
25,1640,478
25,1637,487
25,1797,479
25,1794,485
25,1795,504
25,1841,482
25,1834,490
25,1618,497
25,1631,509
25,1673,496
25,1311,499
25,1860,437
25,1040,418
25,1060,422
25,1017,384
25,1010,392
25,1315,471
25,1315,464
25,1082,728
25,1115,693
25,1053,440
25,1046,447
25,1081,767
25,1070,829
25,1083,795
25,1052,354
25,1000,363
25,990,366
25,1022,314
25,1077,635
25,1069,637
25,1070,762
25,1092,636
25,1097,668
25,1102,679
25,1086,910
25,1114,911
25,1052,657
25,1051,675
25,1085,659
25,1086,668
25,1125,744
25,1115,744
25,1095,707
25,1091,1031
25,1057,758
25,1109,852
25,1095,838
25,1103,900
25,1073,1028
25,1083,1035
25,1076,1043
25,1096,1063
25,1070,1069
25,1120,807
25,1124,816
25,1095,915
25,1116,1003
25,1117,1013
25,1050,1022
25,1061,1046
25,1258,459
25,894,442
25,890,439
25,1246,485
25,867,439
25,915,449
25,908,443
25,1107,518
25,1037,357
25,1062,353
25,1043,377
25,1049,355
25,1054,369
25,1030,358
25,1020,361
25,1016,350
25,1005,350
25,982,303
25,979,308
25,984,254
25,959,1068
25,961,1053
25,961,1061
25,946,1041
25,942,1051
25,883,956
25,796,1017
25,868,1029
25,874,1045
25,893,1012
25,888,1021
25,876,978
25,899,608
25,894,725
25,893,739
25,1616,136
25,1623,146
25,1615,160
25,1478,157
25,1706,156
25,1714,178
25,1103,152
25,1087,161
25,1755,180
25,1428,138
25,1480,140
25,1475,136
25,1058,198
25,996,137
25,1052,202
25,1029,303
25,1033,251
25,1028,183
25,1022,167
25,1015,162
25,956,207
25,956,157
25,944,161
25,1041,270
25,1011,256
25,1003,260
25,988,140
25,965,288
25,628,217
25,800,246
25,813,245
25,488,204
25,463,225
25,668,131
25,669,142
25,523,198
25,246,214
25,405,137
25,387,133
25,445,188
25,446,196
25,445,202
25,398,216
25,463,219
25,366,145
25,370,133
25,569,225
25,542,247
25,126,218
25,974,346
25,957,345
25,950,378
25,1260,493
25,1253,461
25,1268,456
25,1237,463
25,786,411
25,759,400
25,740,408
25,717,401
25,553,427
25,699,397
25,499,420
25,301,422
25,258,239
25,492,429
25,631,412
25,1239,505
25,1776,126
26,1146,522
26,1268,479
26,1575,485
26,1313,490
26,1346,501
26,1344,507
26,1404,468
26,1549,435
26,1324,478
26,1270,503
26,1625,505
26,1622,490
26,1641,470
26,1645,477
26,1642,489
26,1802,478
26,1799,485
26,1799,505
26,1845,482
26,1840,489
26,1613,499
26,1625,509
26,1679,496
26,1318,496
26,1860,437
26,1036,414
26,1058,417
26,1016,381
26,1009,388
26,1324,470
26,1324,463
26,1083,736
26,1115,697
26,1047,436
26,1042,442
26,1081,774
26,1071,837
26,1083,801
26,1051,350
26,997,360
26,988,363
26,1021,308
26,1078,631
26,1069,633
26,1070,762
26,1090,629
26,1097,664
26,1104,674
26,1087,917
26,1111,919
26,1052,657
26,1051,675
26,1087,652
26,1088,661
26,1127,739
26,1118,740
26,1097,702
26,1091,1037
26,1058,753
26,1110,858
26,1098,833
26,1102,897
26,1073,1035
26,1085,1040
26,1078,1051
26,1094,1066
26,1071,1073
26,1120,801
26,1125,810
26,1094,907
26,1116,1003
26,1117,1013
26,1050,1022
26,1061,1038
26,1258,459
26,890,446
26,885,445
26,1252,486
26,867,439
26,917,444
26,911,437
26,1108,526
26,1038,357
26,1062,351
26,1043,377
26,1049,355
26,1054,368
26,1031,358
26,1020,359
26,1016,350
26,1004,348
26,981,296
26,977,301
26,985,248
26,959,1068
26,961,1054
26,960,1060
26,946,1040
26,944,1051
26,885,948
26,794,1025
26,868,1022
26,875,1039
26,898,1017
26,893,1026
26,880,986
26,899,604
26,894,718
26,894,734
26,1611,137
26,1618,147
26,1607,160
26,1630,161
26,1472,159
26,1710,157
26,1717,178
26,1097,151
26,1084,161
26,1764,180
26,1424,140
26,1485,141
26,1481,135
26,1058,198
26,996,137
26,1052,202
26,1031,310
26,1033,252
26,1028,183
26,1022,167
26,1015,162
26,954,214
26,956,161
26,945,166
26,1042,271
26,1011,257
26,1003,261
26,987,135
26,966,295
26,623,217
26,800,246
26,813,245
26,489,204
26,463,225
26,673,130
26,675,142
26,529,200
26,244,214
26,409,138
26,392,134
26,452,188
26,452,196
26,451,202
26,398,216
26,463,219
26,373,146
26,375,133
26,576,224
26,543,242
26,126,218
26,977,343
26,957,345
26,954,370
26,1265,495
26,1253,461
26,1268,456
26,1237,463
26,786,411
26,759,400
26,740,408
26,717,401
26,699,397
26,503,420
26,296,424
26,258,229
26,472,429
26,496,429
26,637,411
26,1242,505
26,1786,125
27,1142,527
27,1263,478
27,1580,485
27,1317,490
27,1341,500
27,1338,508
27,1395,470
27,1549,435
27,1312,479
27,1274,505
27,1630,505
27,1628,490
27,1647,469
27,1651,477
27,1646,489
27,1807,478
27,1804,485
27,1803,506
27,1850,481
27,1846,489
27,1608,501
27,1620,509
27,1684,496
27,1325,494
27,1860,437
27,1034,410
27,1055,411
27,1014,378
27,1008,383
27,1333,470
27,1333,463
27,1085,742
27,1117,702
27,1044,431
27,1038,437
27,1081,781
27,1072,845
27,1083,807
27,1050,346
27,994,357
27,986,359
27,1021,302
27,1078,625
27,1069,628
27,1070,762
27,1092,622
27,1097,661
27,1106,667
27,1088,923
27,1111,927
27,1052,657
27,1051,675
27,1089,645
27,1089,654
27,1128,737
27,1120,735
27,1099,696
27,1091,1042
27,1060,749
27,1111,863
27,1100,825
27,1102,894
27,1074,1039
27,1087,1043
27,1079,1056
27,1093,1070
27,1120,796
27,1094,900
27,1116,1003
27,1117,1013
27,1049,1023
27,1063,1031
27,1258,459
27,886,449
27,880,451
27,1259,486
27,868,437
27,918,438
27,913,432
27,890,457
27,1109,533
27,1038,357
27,1062,350
27,1043,377
27,1049,355
27,1055,367
27,1031,356
27,1021,356
27,1016,347
27,1004,346
27,979,289
27,975,293
27,987,241
27,959,1068
27,959,1054
27,959,1059
27,946,1041
27,945,1051
27,887,940
27,792,1031
27,868,1016
27,875,1034
27,901,1021
27,895,1029
27,885,990
27,899,598
27,894,731
27,1606,138
27,1612,147
27,1601,161
27,1625,160
27,1467,159
27,1715,157
27,1723,178
27,1093,149
27,1769,180
27,1421,142
27,1490,142
27,1486,135
27,1058,198
27,996,137
27,1052,202
27,1033,316
27,1033,254
27,1028,183
27,1022,167
27,1015,162
27,954,223
27,956,166
27,946,170
27,1042,272
27,1011,257
27,1003,262
27,968,302
27,618,217
27,800,246
27,813,245
27,489,204
27,463,225
27,679,130
27,681,142
27,535,201
27,235,213
27,414,140
27,398,136
27,458,188
27,459,196
27,457,202
27,398,216
27,463,219
27,383,146
27,380,134
27,576,223
27,544,237
27,126,218
27,978,336
27,955,339
27,956,361
27,1272,496
27,1253,461
27,1268,456
27,1236,463
27,786,411
27,759,400
27,740,408
27,717,401
27,699,397
27,507,421
27,291,425
27,201,414
27,257,219
27,477,429
27,501,430
27,642,410
27,1245,504
27,1795,124
28,1136,533
28,1253,479
28,1584,485
28,1322,490
28,1337,500
28,1333,508
28,1390,472
28,1549,435
28,1304,477
28,1279,505
28,1637,506
28,1633,492
28,1653,469
28,1658,477
28,1651,489
28,1811,477
28,1809,486
28,1808,507
28,1855,480
28,1851,488
28,1600,504
28,1688,497
28,1331,492
28,1860,437
28,1032,406
28,1053,405
28,1013,375
28,1007,379
28,1343,469
28,1342,462
28,1086,747
28,1117,709
28,1041,427
28,1033,432
28,1080,788
28,1074,853
28,1082,813
28,1048,340
28,993,352
28,986,354
28,1022,293
28,1078,621
28,1069,623
28,1070,762
28,1093,615
28,1097,656
28,1105,663
28,1088,927
28,1111,935
28,1052,657
28,1051,675
28,1090,639
28,1090,647
28,1121,730
28,1100,690
28,1092,1051
28,1061,745
28,1113,869
28,1102,817
28,1103,893
28,1075,1042
28,1088,1046
28,1079,1060
28,1094,1072
28,1122,791
28,1092,892
28,1116,1003
28,1117,1013
28,1049,1023
28,1063,1024
28,1258,459
28,887,459
28,877,458
28,1265,484
28,870,436
28,918,433
28,916,426
28,896,453
28,1110,540
28,1039,357
28,1060,345
28,1043,377
28,1050,355
28,1055,365
28,1031,355
28,1020,352
28,1014,341
28,1001,340
28,977,283
28,971,288
28,987,233
28,961,1066
28,960,1052
28,960,1058
28,947,1043
28,946,1051
28,888,932
28,731,895
28,790,1037
28,868,1010
28,870,1072
28,874,1027
28,905,1025
28,899,1032
28,890,995
28,898,594
28,894,723
28,1601,138
28,1605,147
28,1596,163
28,1619,160
28,1461,159
28,1723,157
28,1726,178
28,1090,149
28,1671,163
28,1775,180
28,1418,143
28,1496,143
28,1491,135
28,1058,198
28,996,137
28,1052,202
28,1033,324
28,1035,254
28,1028,183
28,1022,167
28,1015,162
28,954,232
28,956,172
28,946,174
28,1042,274
28,1012,260
28,1002,263
28,967,312
28,612,216
28,800,246
28,813,245
28,489,204
28,463,225
28,685,131
28,687,142
28,541,202
28,231,214
28,418,142
28,404,134
28,464,189
28,465,196
28,463,201
28,398,216
28,463,219
28,391,146
28,386,136
28,576,223
28,546,234
28,126,218
28,978,328
28,952,331
28,957,352
28,1279,496
28,1253,461
28,1268,456
28,1236,463
28,786,411
28,759,400
28,740,408
28,717,401
28,699,397
28,511,421
28,285,426
28,192,414
28,252,211
28,481,429
28,505,431
28,648,410
28,1249,504
28,1804,124
29,1134,540
29,1246,479
29,1589,485
29,1327,488
29,1333,502
29,1329,508
29,1383,474
29,1549,435
29,1298,477
29,1281,505
29,1642,506
29,1637,492
29,1657,468
29,1662,476
29,1657,490
29,1816,477
29,1813,486
29,1813,508
29,1860,479
29,1855,487
29,1595,503
29,1692,497
29,1338,491
29,1860,437
29,1030,401
29,1052,399
29,1012,371
29,1005,374
29,1352,468
29,1351,462
29,1088,753
29,1114,712
29,1036,424
29,1028,427
29,1079,795
29,1075,862
29,1081,819
29,1047,331
29,992,348
29,987,351
29,1021,288
29,1079,618
29,1069,619
29,1070,762
29,1092,607
29,1097,651
29,1105,656
29,1090,932
29,1109,941
29,1052,657
29,1051,675
29,1090,634
29,1091,640
29,1122,729
29,1101,683
29,1090,1057
29,1062,740
29,1113,875
29,1103,810
29,1104,890
29,1076,1045
29,1088,1055
29,1080,1063
29,1096,1075
29,1124,786
29,1093,884
29,1116,1003
29,1117,1013
29,1049,1023
29,1065,1018
29,1258,459
29,883,464
29,875,462
29,1271,483
29,872,434
29,922,428
29,919,421
29,901,447
29,1110,545
29,1039,350
29,1059,338
29,1044,376
29,1050,349
29,1054,360
29,1030,350
29,1019,348
29,1014,335
29,1002,333
29,976,275
29,969,281
29,987,224
29,960,1069
29,960,1052
29,963,1059
29,946,1039
29,944,1049
29,888,924
29,733,899
29,785,1042
29,868,1004
29,870,1068
29,874,1020
29,910,1027
29,905,1035
29,895,1000
29,897,589
29,896,718
29,1596,138
29,1599,147
29,1591,165
29,1611,162
29,1454,160
29,1731,157
29,1732,176
29,1086,149
29,1678,163
29,1781,180
29,1414,145
29,1499,143
29,1495,135
29,1058,198
29,996,137
29,1052,202
29,1034,331
29,1034,256
29,1028,183
29,1022,167
29,1015,162
29,955,239
29,956,175
29,946,177
29,1042,276
29,1013,265
29,1000,265
29,965,319
29,606,215
29,800,246
29,813,245
29,489,204
29,463,225
29,691,131
29,693,142
29,548,202
29,226,215
29,425,143
29,407,136
29,472,189
29,471,194
29,470,199
29,398,216
29,463,219
29,398,147
29,391,136
29,578,222
29,547,231
29,126,218
29,978,320
29,949,324
29,956,342
29,1285,496
29,1253,461
29,1268,456
29,1235,463
29,786,411
29,759,400
29,740,408
29,717,401
29,699,397
29,514,421
29,311,424
29,315,431
29,186,414
29,248,204
29,485,429
29,509,432
29,654,410
29,1252,504
29,1813,123
30,1130,545
30,1239,482
30,1594,484
30,1333,488
30,1331,501
30,1324,507
30,1374,475
30,1549,435
30,1290,478
30,1284,506
30,1646,508
30,1641,492
30,1663,469
30,1668,476
30,1662,489
30,1821,477
30,1817,486
30,1817,508
30,1866,479
30,1860,487
30,1589,504
30,1698,498
30,1344,489
30,1860,437
30,1029,395
30,1051,392
30,1011,367
30,1003,369
30,1361,468
30,1360,462
30,1088,760
30,1113,719
30,1033,419
30,1024,423
30,1079,801
30,1075,870
30,1081,825
30,1044,326
30,992,344
30,1006,380
30,1022,284
30,1078,611
30,1069,614
30,1070,762
30,1092,600
30,1098,646
30,1106,651
30,1090,939
30,1108,948
30,1052,657
30,1051,675
30,1090,629
30,1091,635
30,1120,735
30,1101,677
30,1090,1064
30,1063,734
30,1113,880
30,1105,804
30,1104,887
30,1078,1050
30,1088,1060
30,1080,1068
30,1125,781
30,1094,877
30,1116,1003
30,1117,1013
30,1049,1023
30,1067,1013
30,1258,459
30,880,470
30,869,466
30,1276,483
30,875,433
30,927,425
30,922,418
30,905,444
30,1111,551
30,1039,347
30,1057,329
30,1044,373
30,1050,344
30,1054,357
30,1028,342
30,1018,343
30,1013,327
30,1000,327
30,974,268
30,968,275
30,988,215
30,960,1069
30,946,1046
30,945,1053
30,942,1031
30,935,1039
30,889,916
30,734,904
30,782,1047
30,870,995
30,870,1061
30,874,1015
30,914,1030
30,909,1038
30,899,1003
30,897,584
30,1589,139
30,1595,149
30,1586,166
30,1606,163
30,1449,161
30,1736,156
30,1734,175
30,1081,149
30,1683,160
30,1066,159
30,1786,178
30,1411,148
30,1502,143
30,1498,135
30,1058,198
30,996,137
30,1052,202
30,1031,316
30,1034,255
30,1028,183
30,1022,167
30,1015,162
30,956,247
30,956,178
30,946,180
30,1042,278
30,1013,270
30,1000,271
30,966,326
30,598,213
30,800,246
30,813,245
30,489,204
30,463,225
30,676,133
30,698,142
30,554,202
30,219,215
30,431,144
30,411,138
30,478,189
30,480,194
30,477,199
30,398,216
30,463,219
30,406,150
30,396,136
30,580,223
30,550,228
30,126,218
30,977,314
30,943,321
30,956,333
30,1413,504
30,1291,495
30,1253,461
30,1268,456
30,1235,463
30,786,411
30,759,400
30,740,408
30,717,401
30,699,397
30,518,422
30,305,425
30,180,415
30,243,196
30,491,428
30,513,433
30,659,410
30,1255,505
30,1803,123
