1,469,530
1,371,550
1,1157,515
1,1010,527
1,936,487
1,1504,488
1,1719,517
1,233,537
1,1757,481
1,235,517
1,797,542
1,63,596
1,1282,459
1,49,534
1,114,542
1,568,554
1,606,499
1,1273,323
1,1012,402
1,546,616
1,567,609
1,581,577
1,917,568
1,738,771
1,1089,470
1,1247,465
1,1231,495
1,1206,485
1,979,393
1,1307,487
1,1396,507
1,964,310
1,750,520
1,806,455
1,767,469
1,693,530
1,684,557
1,655,596
1,674,596
1,709,515
1,670,503
1,732,503
1,616,578
1,715,470
1,744,482
1,697,488
1,645,472
1,1469,563
1,1482,462
1,1712,466
1,1675,441
1,1509,428
1,1517,452
1,1546,437
1,1563,499
1,1550,514
1,1415,522
1,1400,324
1,1413,303
1,1276,426
1,1652,307
1,1537,475
1,1576,554
1,1441,547
1,1832,439
1,1687,513
1,1788,514
1,1800,493
1,1879,525
1,1822,496
1,1851,462
1,1864,443
1,1832,528
1,1799,558
1,1788,576
1,1727,605
1,1856,530
1,670,614
1,601,473
1,557,350
1,627,346
1,183,475
1,169,475
1,133,482
1,32,788
1,23,751
1,75,635
1,192,345
1,42,420
1,91,411
1,6,357
1,660,334
1,589,309
1,1752,804
1,1629,814
2,443,530
2,361,562
2,1157,515
2,1010,531
2,944,493
2,1492,491
2,1714,516
2,223,537
2,1751,479
2,227,515
2,782,553
2,78,597
2,1277,461
2,55,541
2,117,538
2,590,550
2,608,495
2,1294,327
2,1013,403
2,546,615
2,567,609
2,569,574
2,917,568
2,738,771
2,1081,470
2,1246,465
2,1219,497
2,1200,486
2,979,393
2,1304,486
2,1403,512
2,971,315
2,765,517
2,807,455
2,767,469
2,702,530
2,692,566
2,644,593
2,661,590
2,699,512
2,662,506
2,729,503
2,605,577
2,716,470
2,751,487
2,697,487
2,647,473
2,1467,563
2,1479,461
2,1692,474
2,1670,441
2,1508,428
2,1516,452
2,1545,437
2,1554,503
2,1537,513
2,1424,518
2,1419,326
2,1420,303
2,1279,426
2,1670,305
2,1532,478
2,1588,552
2,1454,543
2,1816,445
2,1693,499
2,1796,514
2,1794,493
2,1873,518
2,1818,495
2,1855,463
2,1855,444
2,1834,532
2,1807,556
2,1781,573
2,1726,604
2,1852,529
2,677,617
2,603,475
2,575,347
2,647,352
2,371,341
2,183,475
2,168,476
2,133,482
2,46,796
2,16,745
2,81,632
2,177,349
2,45,410
2,92,411
2,9,366
2,7,586
2,650,334
2,1724,800
2,1637,816
3,417,531
3,352,574
3,1157,516
3,1009,532
3,951,494
3,1479,491
3,1714,516
3,212,537
3,1745,477
3,218,517
3,767,565
3,93,598
3,1273,463
3,62,548
3,120,534
3,611,546
3,610,493
3,1315,331
3,1015,404
3,547,615
3,568,609
3,557,572
3,917,569
3,738,771
3,1074,470
3,1245,465
3,1207,500
3,1194,485
3,979,393
3,1302,485
3,1410,517
3,978,320
3,780,514
3,808,455
3,767,469
3,711,530
3,701,576
3,633,590
3,649,585
3,690,510
3,654,508
3,727,504
3,594,577
3,717,471
3,759,493
3,697,486
3,649,475
3,1466,564
3,1477,461
3,1672,482
3,1665,442
3,1508,428
3,1516,453
3,1545,437
3,1545,507
3,1524,512
3,1433,516
3,1434,326
3,1427,303
3,1282,427
3,1688,304
3,1527,481
3,1600,551
3,1468,541
3,1794,446
3,1701,495
3,1804,515
3,1788,493
3,1868,511
3,1815,495
3,1860,465
3,1846,445
3,1837,537
3,1814,555
3,1776,569
3,1726,603
3,1849,528
3,685,620
3,606,477
3,592,348
3,386,343
3,183,476
3,167,477
3,134,482
3,62,802
3,13,738
3,86,630
3,163,350
3,53,396
3,93,412
3,12,379
3,11,574
3,638,328
3,1693,793
3,1645,819
4,392,532
4,343,586
4,1157,517
4,1007,529
4,958,494
4,1466,486
4,1714,516
4,204,535
4,1739,475
4,209,518
4,752,577
4,109,598
4,1270,463
4,71,551
4,124,531
4,632,541
4,614,494
4,1336,332
4,1015,405
4,548,614
4,569,609
4,544,570
4,917,569
4,738,771
4,1066,470
4,1244,465
4,1195,501
4,1187,478
4,979,394
4,1300,485
4,1417,522
4,986,324
4,793,509
4,809,455
4,767,469
4,721,530
4,701,583
4,622,587
4,639,580
4,681,511
4,646,510
4,725,505
4,584,577
4,719,472
4,766,499
4,697,486
4,651,476
4,1465,564
4,1474,461
4,1650,487
4,1660,443
4,1508,429
4,1516,453
4,1545,438
4,1533,505
4,1511,511
4,1442,518
4,1448,324
4,1432,304
4,1284,427
4,1704,303
4,1522,482
4,1613,546
4,1482,546
4,1773,448
4,1709,493
4,1812,515
4,1782,497
4,1863,505
4,1812,495
4,1863,458
4,1837,446
4,1842,542
4,1819,553
4,1771,559
4,1726,603
4,1846,527
4,693,619
4,612,476
4,610,348
4,361,344
4,401,345
4,183,476
4,167,479
4,135,482
4,78,804
4,15,730
4,88,630
4,148,352
4,52,387
4,94,412
4,15,395
4,16,561
4,7,374
4,627,323
4,1667,793
4,1653,821
5,366,532
5,333,598
5,1157,518
5,1006,527
5,963,495
5,1453,482
5,1714,516
5,196,535
5,1733,473
5,200,521
5,744,580
5,125,598
5,1270,462
5,85,552
5,127,528
5,655,537
5,618,495
5,1357,334
5,1015,405
5,548,614
5,570,609
5,531,568
5,918,570
5,738,771
5,1056,469
5,1243,465
5,1182,499
5,1179,474
5,979,394
5,1294,486
5,1422,523
5,996,326
5,806,504
5,811,456
5,767,469
5,731,529
5,700,589
5,611,584
5,627,572
5,672,514
5,638,512
5,723,506
5,570,575
5,720,472
5,774,500
5,697,485
5,653,478
5,1462,564
5,1472,461
5,1629,491
5,1653,444
5,1508,429
5,1516,454
5,1545,438
5,1520,503
5,1499,510
5,1451,520
5,1460,322
5,1434,307
5,1284,427
5,1719,301
5,1516,481
5,1627,540
5,1494,551
5,1753,448
5,1717,491
5,1821,513
5,1775,502
5,1855,497
5,1809,495
5,1864,448
5,1822,448
5,1849,547
5,1824,551
5,1764,551
5,1726,602
5,1842,526
5,700,614
5,618,470
5,627,348
5,381,351
5,414,346
5,183,477
5,166,480
5,136,482
5,93,808
5,17,722
5,90,630
5,132,355
5,51,377
5,96,413
5,16,410
5,20,548
5,7,533
5,10,390
5,615,323
5,1643,787
5,1660,823
6,341,533
6,324,605
6,1156,521
6,1006,527
6,966,499
6,1440,481
6,1709,516
6,187,539
6,1727,471
6,190,522
6,735,579
6,140,599
6,1272,460
6,99,557
6,129,528
6,677,532
6,622,495
6,1376,334
6,1014,405
6,549,614
6,571,610
6,516,568
6,918,570
6,738,771
6,1048,469
6,1245,466
6,1169,497
6,1172,474
6,979,394
6,1286,487
6,1428,525
6,1006,328
6,822,502
6,812,456
6,768,470
6,741,528
6,700,598
6,601,581
6,614,564
6,660,520
6,629,512
6,720,507
6,557,574
6,722,473
6,782,499
6,697,484
6,655,478
6,1449,563
6,1469,461
6,1608,497
6,1646,445
6,1507,429
6,1516,454
6,1544,438
6,1506,500
6,1485,505
6,1461,522
6,1470,320
6,1436,310
6,1283,426
6,1734,301
6,1511,480
6,1636,534
6,1504,552
6,1733,448
6,1726,489
6,1830,507
6,1771,507
6,1848,489
6,1802,493
6,1865,435
6,1806,451
6,1857,552
6,1828,554
6,1756,543
6,1726,601
6,1839,526
6,709,609
6,620,472
6,646,350
6,400,358
6,428,347
6,183,477
6,166,482
6,137,482
6,17,712
6,91,631
6,117,362
6,49,366
6,97,413
6,14,422
6,22,532
6,12,521
6,11,408
6,605,322
6,1606,787
6,1664,822
7,317,535
7,313,611
7,1151,528
7,1007,527
7,968,501
7,1428,478
7,1700,516
7,179,546
7,1721,469
7,183,524
7,723,578
7,155,598
7,1277,457
7,113,561
7,130,528
7,698,528
7,627,496
7,1395,334
7,1014,405
7,550,614
7,571,610
7,500,568
7,918,571
7,738,771
7,1040,470
7,1247,466
7,1157,494
7,1167,473
7,980,395
7,1278,489
7,1438,525
7,1014,333
7,839,499
7,813,456
7,768,470
7,750,528
7,700,610
7,591,579
7,601,557
7,647,526
7,619,511
7,716,507
7,544,573
7,723,474
7,790,499
7,697,483
7,658,477
7,1436,561
7,1463,460
7,1587,501
7,1640,445
7,1507,430
7,1515,455
7,1544,439
7,1492,497
7,1472,501
7,1467,526
7,1470,321
7,1439,311
7,1283,426
7,1750,301
7,1507,480
7,1645,527
7,1515,554
7,1712,449
7,1736,487
7,1841,503
7,1769,512
7,1840,481
7,1795,492
7,1867,422
7,1789,452
7,1865,556
7,1833,557
7,1750,533
7,1726,601
7,1836,525
7,720,609
7,620,477
7,663,346
7,419,366
7,442,349
7,184,478
7,166,484
7,138,482
7,18,702
7,7,644
7,93,631
7,103,369
7,46,355
7,98,414
7,9,433
7,28,518
7,19,506
7,9,419
7,595,321
7,1580,787
7,1666,821
8,294,538
8,301,614
8,1154,533
8,1008,526
8,973,500
8,1417,476
8,1693,518
8,173,549
8,1714,468
8,181,529
8,707,581
8,171,597
8,1277,457
8,127,565
8,132,527
8,719,524
8,631,496
8,1406,326
8,1014,405
8,550,614
8,572,610
8,485,569
8,919,571
8,738,771
8,1033,471
8,1245,466
8,1144,491
8,1165,471
8,980,395
8,1269,492
8,1450,524
8,1023,340
8,856,498
8,814,457
8,768,470
8,758,530
8,701,622
8,577,574
8,587,551
8,635,532
8,610,509
8,712,507
8,529,573
8,725,474
8,802,498
8,697,483
8,661,481
8,1426,559
8,1454,459
8,1566,505
8,1636,443
8,1507,430
8,1515,455
8,1544,439
8,1478,492
8,1459,499
8,1473,531
8,1471,321
8,1444,311
8,1282,426
8,1765,302
8,1504,481
8,1655,519
8,1529,557
8,1693,458
8,1748,487
8,1854,502
8,1767,518
8,1831,474
8,1790,495
8,1867,412
8,1772,453
8,1836,561
8,1741,527
8,1726,600
8,1830,526
8,731,610
8,621,475
8,436,379
8,456,354
8,186,479
8,166,486
8,139,482
8,20,690
8,8,633
8,95,631
8,92,376
8,41,345
8,99,414
8,8,449
8,38,506
8,24,491
8,9,431
8,8,390
8,584,323
8,1623,260
8,1667,821
9,271,541
9,287,614
9,1159,537
9,1008,526
9,978,499
9,1403,477
9,1687,526
9,164,547
9,1708,466
9,176,532
9,687,582
9,185,595
9,1277,457
9,141,568
9,133,527
9,735,520
9,634,496
9,1415,316
9,1014,405
9,550,614
9,573,610
9,470,571
9,919,572
9,738,771
9,1025,472
9,1245,466
9,1131,486
9,1161,469
9,980,396
9,1260,496
9,1461,524
9,1030,347
9,872,498
9,814,458
9,768,470
9,767,530
9,701,639
9,562,568
9,572,546
9,622,537
9,603,506
9,708,507
9,515,574
9,726,475
9,815,498
9,697,482
9,663,490
9,1416,556
9,1445,458
9,1544,506
9,1632,440
9,1507,430
9,1515,456
9,1544,439
9,1465,488
9,1447,498
9,1480,535
9,1471,322
9,1444,311
9,1282,427
9,1780,302
9,1500,482
9,1665,512
9,1542,559
9,1674,466
9,1761,487
9,1868,500
9,1765,524
9,1822,466
9,1787,501
9,1869,401
9,1759,454
9,1892,559
9,1840,566
9,1730,522
9,1726,599
9,1821,528
9,738,606
9,866,771
9,618,471
9,453,391
9,468,357
9,187,480
9,170,494
9,140,482
9,23,677
9,10,621
9,96,631
9,79,383
9,38,336
9,100,415
9,7,462
9,49,488
9,28,477
9,8,404
9,10,363
9,573,325
9,1637,272
9,1644,811
9,1666,821
10,248,544
10,274,613
10,1162,539
10,1007,526
10,982,499
10,1390,476
10,1681,535
10,157,552
10,1702,467
10,168,534
10,666,583
10,199,594
10,1277,457
10,155,572
10,135,527
10,753,512
10,636,496
10,1427,305
10,1014,406
10,550,614
10,574,611
10,455,573
10,919,572
10,738,771
10,1018,473
10,1245,467
10,1118,482
10,1155,465
10,980,396
10,1252,501
10,1471,526
10,1034,357
10,889,497
10,814,458
10,769,471
10,776,530
10,702,657
10,548,563
10,557,541
10,608,542
10,597,503
10,705,507
10,500,575
10,727,476
10,825,493
10,697,481
10,668,496
10,1404,555
10,1437,459
10,1523,508
10,1628,439
10,1506,431
10,1515,457
10,1543,440
10,1452,485
10,1434,497
10,1489,537
10,1472,323
10,1443,313
10,1281,428
10,1797,299
10,1497,483
10,1679,505
10,1553,559
10,1656,474
10,1773,488
10,1882,500
10,1764,530
10,1810,462
10,1783,506
10,1871,391
10,1745,456
10,1900,558
10,1842,569
10,1720,518
10,1726,599
10,1811,531
10,745,603
10,860,749
10,622,474
10,468,401
10,478,359
10,188,480
10,164,490
10,141,483
10,27,664
10,12,610
10,97,631
10,66,390
10,101,415
10,58,471
10,35,464
10,7,416
10,19,369
10,561,325
10,1653,281
10,1654,806
10,1663,822
11,227,546
11,271,615
11,1162,541
11,1004,526
11,986,503
11,1378,474
11,1675,542
11,148,558
11,1697,469
11,160,537
11,646,583
11,213,593
11,1276,457
11,168,577
11,137,526
11,772,506
11,639,496
11,1015,407
11,550,614
11,574,611
11,438,573
11,920,573
11,738,771
11,1011,474
11,1245,467
11,1104,480
11,1148,464
11,980,396
11,1252,502
11,1481,529
11,1038,367
11,906,497
11,814,459
11,769,471
11,785,530
11,703,676
11,533,562
11,541,537
11,593,545
11,588,502
11,702,510
11,485,576
11,729,476
11,835,486
11,697,482
11,675,498
11,1391,553
11,1428,460
11,1501,510
11,1625,439
11,1506,431
11,1515,457
11,1543,440
11,1438,485
11,1422,497
11,1499,539
11,1472,324
11,1442,314
11,1281,429
11,1812,294
11,1493,484
11,1694,497
11,1565,559
11,1638,482
11,1786,488
11,1897,502
11,1762,533
11,1798,459
11,1778,508
11,1875,379
11,1731,460
11,1908,561
11,1839,566
11,1711,514
11,1726,598
11,1804,534
11,753,606
11,855,728
11,629,482
11,484,414
11,485,368
11,501,338
11,356,351
11,188,480
11,162,492
11,141,484
11,31,652
11,14,599
11,98,630
11,55,397
11,102,415
11,64,458
11,32,455
11,7,429
11,28,375
11,1263,324
11,1623,258
11,1664,802
11,1661,823
12,208,548
12,1162,543
12,1004,530
12,991,505
12,1367,476
12,1670,547
12,139,562
12,1692,470
12,149,540
12,628,579
12,226,590
12,1276,457
12,179,575
12,138,526
12,792,502
12,642,497
12,1459,287
12,1015,408
12,550,614
12,574,612
12,423,574
12,920,573
12,738,771
12,1002,475
12,1245,467
12,1090,480
12,1141,465
12,981,397
12,1253,504
12,1493,529
12,1042,378
12,921,497
12,813,460
12,769,471
12,794,530
12,703,697
12,518,561
12,525,533
12,577,547
12,578,502
12,699,516
12,470,576
12,732,476
12,844,482
12,697,483
12,679,500
12,1380,553
12,1420,462
12,1479,513
12,1621,440
12,1506,431
12,1514,458
12,1543,440
12,1425,488
12,1409,497
12,1509,544
12,1473,325
12,1441,315
12,1280,430
12,1488,486
12,1710,494
12,1576,559
12,1618,490
12,1799,489
12,1912,502
12,1760,537
12,1785,457
12,1773,509
12,1879,367
12,1719,460
12,1837,564
12,1701,515
12,1726,597
12,1798,537
12,761,607
12,850,699
12,636,479
12,499,427
12,491,380
12,525,347
12,370,350
12,188,480
12,160,494
12,141,484
12,35,638
12,16,588
12,99,630
12,41,399
12,103,414
12,104,339
12,65,447
12,33,446
12,7,443
12,35,379
12,1271,328
12,1641,266
12,1675,802
12,1659,824
13,193,552
13,1160,542
13,999,532
13,998,503
13,1354,478
13,1667,553
13,128,565
13,1687,470
13,138,544
13,610,575
13,239,584
13,1276,458
13,192,572
13,140,526
13,815,502
13,646,498
13,1016,409
13,550,614
13,574,612
13,408,577
13,920,574
13,738,771
13,994,477
13,1245,467
13,1077,483
13,1134,466
13,981,397
13,1253,506
13,1505,529
13,1045,392
13,934,498
13,813,461
13,769,471
13,804,530
13,705,717
13,502,560
13,506,535
13,561,548
13,567,502
13,696,521
13,455,577
13,736,475
13,852,480
13,697,484
13,681,502
13,1372,556
13,1413,466
13,1457,516
13,1621,442
13,1506,432
13,1514,458
13,1543,441
13,1411,491
13,1397,499
13,1519,547
13,1473,326
13,1439,316
13,1279,431
13,1483,489
13,1725,490
13,1587,558
13,1599,496
13,1813,492
13,1758,540
13,1771,460
13,1767,511
13,1881,355
13,1708,457
13,1834,560
13,1688,513
13,1726,597
13,1791,540
13,767,607
13,843,674
13,637,479
13,516,438
13,498,393
13,548,352
13,385,350
13,188,482
13,160,496
13,141,485
13,39,624
13,19,577
13,99,630
13,28,404
13,103,412
13,95,345
13,62,438
13,35,436
13,42,382
13,1278,332
13,1656,278
13,1701,305
13,1687,802
14,180,554
14,1159,543
14,994,532
14,1006,503
14,1344,477
14,1667,560
14,115,571
14,1680,471
14,128,547
14,590,573
14,250,581
14,1275,459
14,205,572
14,142,525
14,837,504
14,648,499
14,1016,410
14,551,614
14,574,613
14,393,580
14,921,574
14,738,771
14,985,478
14,1245,468
14,1063,481
14,1128,466
14,981,398
14,1258,510
14,1517,531
14,1049,405
14,949,501
14,812,461
14,770,472
14,812,532
14,705,740
14,486,561
14,487,537
14,546,546
14,554,504
14,692,524
14,439,579
14,740,474
14,860,478
14,697,484
14,683,504
14,1364,558
14,1406,469
14,1435,519
14,1621,444
14,1505,432
14,1514,459
14,1542,441
14,1397,491
14,1385,504
14,1529,549
14,1474,327
14,1438,317
14,1279,432
14,1477,491
14,1742,489
14,1597,558
14,1580,499
14,1826,495
14,1756,544
14,1757,463
14,1761,513
14,1882,345
14,1696,455
14,1829,552
14,1674,510
14,1725,597
14,1786,542
14,774,607
14,837,650
14,671,491
14,644,479
14,885,316
14,530,452
14,505,406
14,570,353
14,391,355
14,189,484
14,160,496
14,141,486
14,44,610
14,22,567
14,99,630
14,16,411
14,103,411
14,86,352
14,61,429
14,35,432
14,46,384
14,1285,335
14,1719,311
14,1703,805
15,166,556
15,205,626
15,1157,544
15,992,531
15,1012,506
15,1338,478
15,1667,564
15,106,570
15,1674,474
15,117,551
15,569,571
15,260,580
15,1275,459
15,216,566
15,144,525
15,858,504
15,648,499
15,1016,411
15,551,614
15,574,613
15,377,582
15,921,575
15,738,771
15,977,478
15,1246,470
15,1050,479
15,1121,466
15,981,398
15,1265,517
15,1529,533
15,1054,417
15,964,505
15,812,462
15,770,472
15,820,535
15,703,766
15,469,561
15,469,538
15,531,544
15,541,505
15,687,524
15,423,580
15,744,474
15,868,479
15,692,505
15,1360,555
15,1398,471
15,1416,527
15,1621,446
15,1505,432
15,1514,459
15,1542,442
15,1383,490
15,1373,509
15,1539,551
15,1474,328
15,1438,318
15,1278,433
15,1470,491
15,1758,489
15,1607,557
15,1563,500
15,1840,500
15,1756,546
15,1744,466
15,1754,514
15,1882,336
15,1685,454
15,1826,548
15,1660,510
15,1724,598
15,1782,544
15,779,609
15,822,631
15,672,495
15,649,480
15,513,419
15,594,353
15,398,356
15,190,487
15,160,497
15,141,487
15,47,596
15,25,558
15,99,631
15,103,411
15,79,354
15,63,421
15,35,428
15,51,385
15,9,391
15,1292,338
15,1733,315
15,1719,809
16,153,560
16,195,627
16,1156,546
16,990,531
16,1019,506
16,1327,482
16,1668,566
16,97,564
16,1669,476
16,109,546
16,548,569
16,272,578
16,1274,460
16,225,559
16,147,525
16,878,503
16,648,500
16,1016,412
16,551,614
16,574,614
16,361,585
16,921,575
16,738,771
16,969,478
16,1246,472
16,1037,478
16,1114,468
16,981,398
16,1271,524
16,1540,535
16,1058,429
16,974,506
16,812,463
16,770,472
16,827,535
16,700,787
16,453,559
16,451,538
16,515,541
16,533,503
16,681,524
16,406,582
16,744,474
16,878,482
16,700,506
16,1356,550
16,1390,473
16,1401,530
16,1621,447
16,1505,433
16,1514,460
16,1542,442
16,1371,489
16,1360,510
16,1549,551
16,1475,329
16,1438,319
16,1278,434
16,1463,491
16,1775,489
16,1619,555
16,1546,500
16,1854,505
16,1756,549
16,1731,470
16,1746,516
16,1880,331
16,1677,454
16,1822,545
16,1645,510
16,1723,599
16,1778,547
16,784,613
16,807,612
16,673,499
16,654,480
16,926,317
16,522,431
16,618,353
16,408,359
16,190,489
16,160,497
16,141,488
16,49,583
16,25,545
16,98,632
16,103,411
16,72,356
16,56,416
16,30,420
16,58,385
16,16,391
16,1298,340
16,1747,318
16,1736,809
16,878,788
17,139,564
17,186,629
17,1154,546
17,986,531
17,1026,509
17,1324,481
17,1666,566
17,90,558
17,1663,479
17,102,540
17,528,569
17,285,574
17,1274,461
17,235,555
17,149,524
17,899,503
17,648,500
17,1015,412
17,551,614
17,574,614
17,345,588
17,921,576
17,738,771
17,962,478
17,1244,472
17,1026,478
17,1105,471
17,982,399
17,1279,529
17,1551,535
17,1060,441
17,983,507
17,813,464
17,770,472
17,834,534
17,436,558
17,431,535
17,499,538
17,526,501
17,676,524
17,388,584
17,744,474
17,888,485
17,706,505
17,1353,547
17,1382,475
17,1390,531
17,1621,447
17,1505,433
17,1514,460
17,1542,442
17,1359,487
17,1347,512
17,1560,551
17,1476,329
17,1438,320
17,1277,435
17,1456,493
17,1788,488
17,1633,552
17,1525,504
17,1866,510
17,1755,552
17,1719,474
17,1739,516
17,1878,327
17,1669,454
17,1811,543
17,1630,508
17,1722,600
17,1775,549
17,789,617
17,786,599
17,676,503
17,657,484
17,947,319
17,573,470
17,531,441
17,643,352
17,415,365
17,191,487
17,160,497
17,141,489
17,50,568
17,25,534
17,98,633
17,103,411
17,66,358
17,44,414
17,24,418
17,9,581
17,65,385
17,24,391
17,1305,343
17,1766,318
17,1663,261
17,1754,809
17,860,788
18,125,567
18,179,625
18,1151,546
18,981,531
18,1032,512
18,1318,479
18,1665,566
18,82,552
18,1656,482
18,97,534
18,508,570
18,298,570
18,1274,461
18,245,550
18,151,524
18,922,500
18,648,500
18,1015,412
18,551,614
18,574,615
18,329,590
18,921,576
18,738,771
18,955,478
18,1242,472
18,1014,478
18,1097,471
18,982,400
18,1288,533
18,1560,533
18,1060,452
18,993,508
18,813,465
18,771,473
18,841,534
18,418,558
18,411,532
18,481,537
18,518,499
18,671,525
18,373,587
18,744,474
18,897,488
18,713,504
18,1350,547
18,1374,479
18,1377,530
18,1622,447
18,1504,433
18,1513,461
18,1541,443
18,1350,487
18,1335,514
18,1570,550
18,1486,325
18,1438,322
18,1277,436
18,1449,498
18,1801,487
18,1647,550
18,1504,508
18,1877,515
18,1755,555
18,1707,479
18,1731,516
18,1877,327
18,1667,457
18,1804,546
18,1616,507
18,1721,601
18,1772,551
18,1907,468
18,796,620
18,759,591
18,680,508
18,657,485
18,966,323
18,587,475
18,666,349
18,413,366
18,192,484
18,163,497
18,141,490
18,52,553
18,26,524
18,9,776
18,98,633
18,103,411
18,59,360
18,38,411
18,18,420
18,10,566
18,72,385
18,37,390
18,1310,346
18,1742,305
18,1782,318
18,1650,258
18,1771,809
18,842,787
19,111,570
19,174,622
19,1147,546
19,978,533
19,1041,510
19,1310,473
19,1663,566
19,78,545
19,1649,486
19,92,529
19,488,572
19,310,568
19,1273,462
19,254,543
19,154,523
19,942,501
19,648,502
19,1014,412
19,551,614
19,574,615
19,314,593
19,920,576
19,738,771
19,948,477
19,1239,472
19,1003,478
19,1092,473
19,982,401
19,1296,536
19,1568,531
19,1059,462
19,1003,510
19,813,466
19,771,473
19,847,534
19,400,557
19,395,528
19,466,533
19,513,494
19,665,527
19,359,590
19,744,474
19,906,493
19,720,503
19,1349,545
19,1365,481
19,1364,526
19,1623,447
19,1504,434
19,1513,462
19,1541,443
19,1341,490
19,1321,514
19,1578,549
19,1495,321
19,1438,323
19,1277,436
19,1443,503
19,1814,487
19,1659,548
19,1484,519
19,1890,514
19,1755,557
19,1695,485
19,1725,513
19,1876,328
19,1665,460
19,1799,551
19,1600,504
19,1721,602
19,1769,553
19,1897,467
19,803,623
19,736,590
19,688,509
19,657,485
19,985,326
19,595,481
19,413,368
19,195,482
19,166,497
19,141,491
19,50,539
19,28,514
19,12,767
19,7,678
19,7,814
19,98,634
19,9,612
19,103,411
19,53,359
19,34,407
19,17,415
19,10,554
19,85,385
19,47,386
19,1313,349
19,1760,305
19,1797,319
19,1636,255
19,1790,809
19,828,787
20,96,572
20,179,624
20,1139,546
20,977,532
20,1049,510
20,1305,473
20,1661,567
20,73,539
20,1643,490
20,88,523
20,469,575
20,322,569
20,1272,463
20,262,534
20,157,522
20,962,502
20,649,503
20,1014,412
20,551,614
20,574,616
20,300,598
20,920,576
20,738,771
20,940,476
20,1235,472
20,991,477
20,1088,475
20,982,402
20,1305,541
20,1576,529
20,1058,469
20,1013,512
20,814,467
20,771,473
20,852,534
20,383,556
20,378,527
20,451,530
20,509,489
20,660,529
20,346,593
20,744,475
20,914,498
20,727,503
20,1351,541
20,1356,481
20,1351,522
20,1624,446
20,1504,434
20,1513,462
20,1541,444
20,1328,499
20,1308,515
20,1586,548
20,1505,316
20,1438,324
20,1277,435
20,1436,500
20,1827,486
20,1671,547
20,1465,530
20,1903,517
20,1751,559
20,1683,490
20,1718,509
20,1876,328
20,1662,462
20,1793,551
20,1584,501
20,1720,604
20,1766,555
20,1885,467
20,810,627
20,712,596
20,696,510
20,657,486
20,1003,327
20,604,484
20,419,371
20,198,481
20,166,497
20,141,492
20,46,527
20,31,505
20,6,501
20,13,756
20,9,670
20,16,802
20,99,634
20,13,596
20,103,411
20,48,357
20,31,404
20,17,408
20,99,385
20,60,382
20,128,351
20,1317,353
20,1811,322
20,1664,826
20,812,788
21,88,568
21,187,627
21,1137,545
21,977,531
21,1059,511
21,1301,477
21,1661,567
21,71,531
21,1635,493
21,88,516
21,448,578
21,332,572
21,1271,463
21,269,526
21,160,521
21,984,500
21,650,504
21,1013,412
21,551,614
21,574,616
21,284,597
21,920,575
21,738,771
21,931,478
21,1231,472
21,979,476
21,1085,472
21,982,403
21,1315,546
21,1586,529
21,1056,476
21,1025,512
21,814,468
21,771,473
21,857,534
21,367,556
21,361,533
21,436,530
21,505,483
21,655,530
21,332,595
21,744,475
21,924,501
21,736,503
21,1352,536
21,1347,481
21,1338,522
21,1624,446
21,1504,434
21,1513,463
21,1540,444
21,1316,499
21,1296,515
21,1594,547
21,1517,312
21,1437,325
21,1278,433
21,1430,498
21,1840,486
21,1682,545
21,1445,533
21,1914,519
21,1748,564
21,1672,495
21,1712,506
21,1875,329
21,1656,465
21,1788,551
21,1570,500
21,1719,605
21,1765,559
21,1873,469
21,815,629
21,689,596
21,704,510
21,657,486
21,879,317
21,1024,330
21,612,484
21,427,370
21,202,481
21,167,497
21,141,493
21,50,513
21,34,496
21,6,493
21,15,746
21,12,661
21,23,789
21,100,634
21,11,582
21,103,411
21,43,355
21,25,398
21,13,403
21,117,380
21,74,379
21,15,365
21,102,337
21,118,355
21,1320,356
21,1826,333
21,1610,257
21,1673,820
21,794,788
22,83,560
22,185,630
22,1126,547
22,976,530
22,1067,511
22,1300,477
22,1660,567
22,68,523
22,1628,497
22,88,508
22,427,581
22,344,570
22,1270,464
22,279,522
22,163,521
22,1006,499
22,650,504
22,1013,412
22,551,614
22,574,617
22,269,596
22,921,574
22,738,771
22,922,480
22,1228,472
22,968,478
22,1082,468
22,981,404
22,1325,551
22,1596,530
22,1054,482
22,1035,512
22,815,469
22,772,474
22,862,534
22,350,556
22,344,537
22,421,530
22,500,477
22,650,531
22,315,597
22,743,475
22,934,502
22,744,503
22,1352,531
22,1341,482
22,1326,524
22,1625,446
22,1503,435
22,1513,463
22,1540,444
22,1303,501
22,1284,515
22,1604,547
22,1532,308
22,1437,325
22,1278,432
22,1423,497
22,1853,488
22,1693,543
22,1426,537
22,1745,568
22,1663,498
22,1705,503
22,1874,329
22,1649,468
22,1788,551
22,1556,500
22,1718,605
22,1764,562
22,1863,471
22,820,632
22,667,592
22,712,509
22,657,487
22,1043,332
22,620,486
22,573,496
22,440,369
22,201,482
22,167,497
22,140,494
22,52,499
22,35,487
22,7,485
22,21,739
22,15,650
22,27,774
22,23,819
22,100,634
22,9,569
22,103,411
22,36,350
22,19,392
22,11,394
22,138,376
22,87,380
22,23,376
22,92,343
22,105,350
22,1324,360
22,1839,344
22,1596,257
22,1685,817
23,75,551
23,180,638
23,1123,546
23,974,528
23,1075,507
23,1301,474
23,1659,568
23,63,513
23,1621,502
23,84,503
23,407,589
23,356,567
23,1269,465
23,289,517
23,166,522
23,1020,498
23,650,504
23,1013,412
23,551,614
23,574,617
23,252,593
23,922,572
23,738,771
23,914,482
23,1225,469
23,957,480
23,1078,465
23,981,404
23,1333,558
23,1605,529
23,1050,486
23,1044,513
23,815,470
23,772,473
23,867,534
23,333,556
23,329,538
23,405,530
23,494,470
23,645,532
23,298,598
23,743,475
23,945,504
23,753,503
23,1349,524
23,1336,484
23,1314,527
23,1625,446
23,1503,435
23,1512,464
23,1539,445
23,1291,502
23,1271,513
23,1614,547
23,1546,304
23,1437,325
23,1278,432
23,1417,500
23,1865,492
23,1704,542
23,1408,540
23,1742,573
23,1655,501
23,1699,499
23,1874,329
23,1639,474
23,1787,552
23,1542,501
23,1717,604
23,1763,565
23,1854,472
23,826,635
23,645,583
23,719,507
23,660,488
23,1065,332
23,625,488
23,583,503
23,458,368
23,198,484
23,168,497
23,140,495
23,54,485
23,32,477
23,8,475
23,27,732
23,15,638
23,28,762
23,40,816
23,101,635
23,7,556
23,103,411
23,29,346
23,17,387
23,154,372
23,100,378
23,31,380
23,83,349
23,96,352
23,1328,364
23,1847,357
23,1582,254
23,1697,815
23,1473,271
24,68,544
24,179,642
24,1119,543
24,968,529
24,1082,505
24,1301,475
24,1658,568
24,61,506
24,1614,503
24,80,498
24,387,595
24,369,565
24,1268,465
24,297,514
24,169,523
24,1034,497
24,652,506
24,1013,412
24,551,614
24,574,618
24,236,590
24,922,571
24,738,771
24,905,483
24,1216,468
24,946,480
24,1071,469
24,981,405
24,1342,565
24,1615,527
24,1046,490
24,1054,513
24,815,471
24,772,472
24,870,536
24,316,559
24,310,543
24,390,532
24,488,463
24,640,533
24,282,596
24,743,476
24,956,505
24,762,503
24,1351,517
24,1331,486
24,1304,530
24,1625,447
24,1503,435
24,1512,464
24,1539,445
24,1278,499
24,1257,508
24,1624,547
24,1563,303
24,1443,323
24,1278,432
24,1410,503
24,1877,496
24,1715,538
24,1389,543
24,1740,578
24,1647,503
24,1692,496
24,1874,328
24,1629,479
24,1787,552
24,1527,503
24,1716,604
24,1762,568
24,1844,473
24,829,642
24,622,572
24,724,506
24,662,490
24,627,489
24,591,513
24,475,367
24,192,488
24,169,497
24,140,496
24,57,468
24,32,467
24,9,465
24,28,722
24,14,626
24,26,750
24,63,814
24,102,635
24,6,543
24,103,411
24,21,345
24,14,382
24,164,366
24,113,375
24,40,380
24,70,353
24,88,355
24,1332,369
24,1855,370
24,1712,816
24,1498,278
25,65,539
25,186,639
25,1114,539
25,962,531
25,1090,503
25,1301,475
25,1657,570
25,56,499
25,1608,504
25,76,491
25,364,597
25,381,562
25,1268,465
25,306,510
25,173,524
25,1048,496
25,654,506
25,1013,412
25,551,614
25,574,618
25,221,587
25,923,569
25,738,771
25,897,484
25,1211,471
25,936,480
25,1064,472
25,981,405
25,1352,569
25,1625,527
25,1038,490
25,1062,514
25,820,473
25,773,471
25,875,535
25,303,567
25,292,548
25,375,534
25,485,453
25,635,532
25,266,594
25,743,476
25,966,506
25,771,503
25,1353,510
25,1328,486
25,1292,533
25,1625,448
25,1503,435
25,1512,465
25,1539,446
25,1265,497
25,1244,505
25,1636,545
25,1581,304
25,1451,322
25,1278,432
25,1404,502
25,1888,500
25,1725,534
25,1370,542
25,1733,579
25,1639,503
25,1686,492
25,1874,327
25,1617,482
25,1786,553
25,1515,502
25,1716,605
25,1762,572
25,1834,475
25,832,650
25,604,556
25,730,505
25,664,491
25,629,490
25,598,522
25,492,367
25,192,492
25,169,497
25,140,497
25,61,452
25,33,457
25,10,456
25,31,713
25,16,614
25,21,740
25,84,815
25,103,635
25,6,529
25,103,411
25,11,374
25,179,357
25,127,372
25,48,385
25,59,357
25,81,356
25,1336,373
25,1860,300
25,1858,389
25,1727,818
25,1523,283
26,57,530
26,193,636
26,1102,535
26,961,530
26,1096,499
26,1301,475
26,1655,571
26,50,493
26,1601,505
26,72,483
26,344,595
26,393,556
26,1268,465
26,319,511
26,176,525
26,1062,496
26,655,506
26,1013,412
26,550,614
26,574,618
26,206,584
26,924,568
26,738,771
26,889,485
26,1206,471
26,925,480
26,1056,473
26,981,406
26,1362,573
26,1635,530
26,1031,491
26,1070,515
26,826,475
26,773,470
26,881,534
26,290,573
26,275,551
26,360,536
26,482,443
26,629,529
26,250,593
26,743,476
26,974,509
26,778,501
26,1352,501
26,1328,486
26,1278,536
26,1624,448
26,1502,436
26,1512,465
26,1539,446
26,1252,497
26,1234,507
26,1648,543
26,1599,305
26,1459,321
26,1278,432
26,1398,501
26,1899,504
26,1735,529
26,1350,541
26,1726,580
26,1632,503
26,1679,490
26,1874,326
26,1605,484
26,1785,553
26,1503,500
26,1717,606
26,1763,577
26,1822,477
26,835,656
26,589,536
26,737,505
26,667,492
26,633,493
26,603,531
26,512,365
26,193,496
26,170,497
26,139,498
26,64,436
26,33,447
26,11,449
26,34,702
26,18,602
26,19,726
26,102,815
26,104,635
26,6,516
26,103,411
26,12,368
26,195,348
26,143,368
26,54,391
26,55,360
26,75,357
26,1008,319
26,1341,378
26,1861,408
26,1749,818
26,1548,280
26,1063,306
27,54,523
27,199,639
27,1095,536
27,959,527
27,1101,495
27,1300,475
27,1654,573
27,46,486
27,1596,508
27,68,476
27,326,593
27,406,551
27,1268,465
27,333,514
27,179,525
27,1070,496
27,664,509
27,1013,412
27,550,614
27,574,618
27,189,581
27,925,566
27,738,771
27,880,485
27,1201,471
27,914,481
27,1047,473
27,981,406
27,1372,575
27,1644,527
27,1023,493
27,1081,516
27,833,477
27,774,469
27,884,534
27,275,576
27,259,554
27,346,538
27,480,433
27,622,526
27,235,593
27,743,476
27,980,513
27,785,498
27,1351,492
27,1327,485
27,1259,537
27,1624,449
27,1502,436
27,1511,466
27,1539,446
27,1240,496
27,1223,508
27,1661,540
27,1619,306
27,1465,320
27,1277,433
27,1392,500
27,1911,508
27,1747,528
27,1331,539
27,1720,581
27,1624,505
27,1673,488
27,1873,325
27,1592,486
27,1784,552
27,1493,497
27,1717,607
27,1765,582
27,1811,479
27,837,661
27,573,520
27,745,505
27,669,493
27,636,496
27,606,541
27,527,368
27,193,494
27,170,497
27,139,499
27,66,422
27,33,436
27,12,442
27,34,691
27,18,588
27,18,712
27,124,816
27,104,635
27,7,504
27,103,411
27,13,363
27,5,477
27,157,365
27,63,395
27,50,363
27,71,361
27,1020,336
27,1348,387
27,1864,425
27,1768,818
27,699,798
27,1573,285
27,1055,307
28,54,515
28,202,641
28,1085,534
28,956,518
28,1107,493
28,1300,475
28,1651,578
28,48,477
28,1588,509
28,64,468
28,309,593
28,420,549
28,1267,465
28,345,513
28,183,524
28,1078,496
28,671,511
28,1013,412
28,550,614
28,574,617
28,172,581
28,930,563
28,738,771
28,873,489
28,1197,471
28,904,484
28,1039,474
28,981,406
28,1382,573
28,1653,522
28,1015,496
28,1094,517
28,839,477
28,774,468
28,887,538
28,258,577
28,244,554
28,329,540
28,480,423
28,616,524
28,219,592
28,743,477
28,986,517
28,791,496
28,1348,485
28,1327,484
28,1239,538
28,1624,450
28,1502,436
28,1511,466
28,1539,446
28,1227,494
28,1211,508
28,1670,538
28,1639,307
28,1471,318
28,1277,433
28,1386,499
28,1759,528
28,1312,537
28,1717,582
28,1615,508
28,1666,486
28,1873,325
28,1577,486
28,1780,551
28,1483,492
28,1717,608
28,1766,587
28,1802,479
28,840,667
28,751,503
28,673,496
28,641,499
28,606,553
28,546,354
28,192,490
28,171,497
28,139,500
28,69,413
28,32,421
28,12,434
28,35,679
28,17,575
28,19,702
28,103,635
28,7,497
28,103,411
28,13,351
28,5,465
28,171,362
28,72,395
28,49,369
28,67,365
28,1035,340
28,1355,396
28,1869,442
28,1780,821
28,681,797
28,1595,287
28,1044,315
29,56,506
29,202,642
29,1077,530
29,954,513
29,1112,492
29,1300,474
29,1648,585
29,45,467
29,1586,507
29,62,459
29,292,589
29,434,546
29,1264,466
29,356,514
29,187,523
29,1086,496
29,679,513
29,1013,412
29,550,614
29,574,616
29,155,586
29,934,560
29,738,771
29,867,492
29,1192,470
29,894,486
29,1030,474
29,981,406
29,1392,571
29,1661,518
29,1007,498
29,1108,518
29,844,476
29,775,467
29,891,541
29,241,578
29,228,556
29,313,542
29,480,413
29,610,521
29,201,591
29,743,477
29,989,521
29,796,491
29,1344,479
29,1327,483
29,1219,540
29,1622,450
29,1502,437
29,1510,466
29,1539,446
29,1215,493
29,1199,507
29,1678,535
29,1659,308
29,1477,316
29,1277,433
29,1380,499
29,1771,527
29,1294,536
29,1716,582
29,1607,513
29,1659,486
29,1873,324
29,1562,486
29,1776,549
29,1473,490
29,1717,608
29,1766,590
29,1793,479
29,842,673
29,754,498
29,673,496
29,648,502
29,605,566
29,556,352
29,191,487
29,171,497
29,139,501
29,74,408
29,32,406
29,9,421
29,40,667
29,17,564
29,21,692
29,8,754
29,100,634
29,6,489
29,6,598
29,103,411
29,6,455
29,187,355
29,80,394
29,51,376
29,64,371
29,1049,342
29,1363,402
29,1873,459
29,666,799
29,1618,290
29,1028,314
30,56,491
30,202,642
30,1068,526
30,949,508
30,1117,490
30,1298,474
30,1650,593
30,41,459
30,1580,498
30,59,450
30,274,586
30,449,545
30,1261,467
30,366,518
30,191,523
30,1094,496
30,688,516
30,1013,412
30,550,614
30,574,615
30,139,586
30,939,557
30,738,771
30,860,495
30,1188,470
30,886,487
30,1022,475
30,981,406
30,1401,570
30,1671,514
30,1002,500
30,1122,519
30,850,476
30,775,466
30,896,544
30,225,581
30,210,558
30,296,545
30,478,405
30,606,520
30,184,591
30,743,477
30,991,526
30,801,487
30,1341,474
30,1328,482
30,1199,542
30,1616,449
30,1503,435
30,1510,465
30,1539,446
30,1204,493
30,1189,506
30,1686,533
30,1679,309
30,1485,318
30,1277,433
30,1375,499
30,1784,527
30,1276,533
30,1715,582
30,1598,518
30,1652,486
30,1873,323
30,1548,488
30,1911,561
30,1774,549
30,1464,492
30,1716,608
30,1766,590
30,1783,478
30,846,679
30,566,501
30,752,499
30,656,504
30,607,577
30,925,316
30,568,349
30,189,484
30,172,497
30,138,502
30,79,399
30,32,394
30,7,411
30,38,655
30,17,554
30,30,683
30,17,738
30,98,632
30,6,480
30,8,586
30,103,411
30,6,447
30,202,356
30,88,394
30,48,383
30,62,376
30,1371,407
30,1877,476
30,651,802
30,1637,295
30,1022,316
