1,10,474
1,24,444
1,25,630
1,10,622
1,27,607
1,11,600
1,18,616
1,64,650
1,27,528
1,73,525
1,94,545
1,33,500
1,72,507
1,40,476
1,114,568
1,111,519
1,122,515
1,105,492
1,93,457
1,93,473
1,101,459
1,177,583
1,205,538
1,230,511
1,260,512
1,101,482
1,241,515
1,298,521
1,313,519
1,329,517
1,346,517
1,377,523
1,408,516
1,417,523
1,440,520
1,511,529
1,526,523
1,527,512
1,559,519
1,569,513
1,552,510
1,581,515
1,366,569
1,471,533
1,589,506
1,588,524
1,595,577
1,595,569
1,307,586
1,273,594
1,220,623
1,275,619
1,329,624
1,236,624
1,181,611
1,491,624
1,470,628
1,574,620
1,571,631
1,664,599
1,654,591
1,699,595
1,719,598
1,650,517
1,638,510
1,655,506
1,675,521
1,669,488
1,682,515
1,745,528
1,757,503
1,777,514
1,774,531
1,739,504
1,758,579
1,769,583
1,804,546
1,801,583
1,864,624
1,884,552
1,749,674
1,742,668
1,778,635
1,773,678
1,734,695
1,750,641
1,753,747
1,740,863
1,675,1063
1,762,975
1,777,977
1,787,819
1,728,818
1,730,746
1,784,690
1,789,709
1,854,609
1,677,784
1,701,733
1,713,731
1,795,606
1,798,621
1,933,523
1,777,499
1,821,503
1,811,474
1,791,467
1,744,446
1,738,440
1,837,495
1,851,492
1,763,474
1,732,459
1,752,480
1,860,436
1,766,359
1,795,330
1,766,305
1,795,201
1,786,201
1,774,165
1,796,121
1,786,29
1,775,27
1,807,61
1,698,118
1,773,110
1,823,124
1,763,102
1,754,107
1,761,90
1,763,153
1,794,271
1,713,100
1,707,44
1,697,68
1,716,79
1,803,469
1,914,561
1,907,569
1,933,556
1,989,544
1,909,586
1,1043,554
1,928,590
1,926,580
1,918,507
1,946,503
1,966,507
1,994,559
1,1010,558
1,1073,558
1,1050,541
1,1022,564
1,1053,563
1,1146,499
1,1158,543
1,1109,506
1,1173,531
1,1168,504
1,1192,504
1,1210,553
1,1224,558
1,1237,490
1,1234,483
1,1078,499
1,1053,505
1,1244,483
1,1241,522
1,1224,464
1,1325,468
1,1311,483
1,1304,476
1,1370,475
1,1403,493
1,1361,583
1,1425,582
1,1509,473
1,1494,484
1,1455,460
1,1453,450
1,1485,452
1,1498,465
1,1475,475
1,1468,488
1,1494,522
1,1342,563
1,1659,484
1,1664,467
1,1659,458
1,1681,457
1,1667,445
1,1765,503
1,1739,463
1,1737,451
1,1818,1050
1,1833,1051
1,1813,1031
1,1827,1029
1,1829,1058
1,1823,734
1,1835,791
1,1874,487
1,1895,472
1,1853,462
1,1824,410
1,1833,394
1,1813,228
1,1835,299
1,1836,34
1,1812,486
1,1852,524
1,998,491
1,935,497
1,604,494
1,712,119
1,731,84
1,140,594
1,82,611
1,685,1029
1,1658,431
1,1859,491
1,1897,528
1,1912,504
1,1865,501
1,1873,499
1,1902,526
2,7,475
2,32,441
2,34,631
2,16,624
2,28,610
2,15,603
2,11,599
2,15,615
2,64,649
2,25,532
2,68,528
2,98,544
2,41,502
2,78,508
2,45,479
2,111,568
2,115,526
2,120,508
2,105,497
2,92,454
2,93,469
2,100,456
2,174,578
2,214,541
2,234,511
2,262,513
2,102,478
2,241,515
2,301,522
2,314,519
2,329,517
2,345,516
2,377,520
2,404,515
2,412,523
2,435,521
2,504,528
2,522,520
2,525,511
2,554,519
2,565,515
2,551,511
2,578,515
2,371,568
2,467,530
2,592,509
2,593,524
2,588,576
2,588,568
2,314,590
2,276,592
2,225,621
2,276,627
2,322,624
2,231,624
2,181,611
2,491,624
2,477,629
2,570,621
2,567,631
2,629,607
2,671,601
2,661,594
2,695,594
2,715,595
2,646,518
2,636,510
2,652,506
2,673,517
2,673,484
2,688,516
2,738,525
2,751,504
2,771,513
2,779,532
2,735,504
2,763,583
2,777,585
2,797,546
2,807,584
2,876,553
2,749,668
2,743,662
2,779,643
2,774,682
2,735,702
2,754,647
2,754,763
2,740,873
2,674,1055
2,767,968
2,778,981
2,787,823
2,728,811
2,732,740
2,786,685
2,792,707
2,854,610
2,677,782
2,701,733
2,713,731
2,795,606
2,799,620
2,925,523
2,778,491
2,818,500
2,814,479
2,792,463
2,746,446
2,740,440
2,834,493
2,847,491
2,760,472
2,738,458
2,751,479
2,866,436
2,766,363
2,795,328
2,767,302
2,795,205
2,786,203
2,779,164
2,795,114
2,787,24
2,776,21
2,807,59
2,699,123
2,774,109
2,820,123
2,766,103
2,755,108
2,762,90
2,763,155
2,794,269
2,712,100
2,707,44
2,702,69
2,716,79
2,806,474
2,920,558
2,912,564
2,937,556
2,995,545
2,905,580
2,1032,553
2,928,590
2,926,580
2,920,504
2,945,504
2,963,510
2,994,559
2,1012,558
2,1081,558
2,1059,541
2,1022,564
2,1053,563
2,1142,502
2,1163,541
2,1107,506
2,1178,526
2,1173,501
2,1199,505
2,1212,555
2,1224,557
2,1234,490
2,1231,483
2,1078,499
2,1056,506
2,1240,483
2,1246,524
2,1225,465
2,1321,469
2,1316,483
2,1309,476
2,1378,474
2,1409,492
2,1367,584
2,1426,589
2,1512,473
2,1495,485
2,1458,459
2,1454,450
2,1486,452
2,1499,465
2,1476,475
2,1469,487
2,1495,521
2,1345,565
2,1658,484
2,1664,467
2,1655,459
2,1679,452
2,1665,445
2,1761,500
2,1731,464
2,1733,451
2,1817,1047
2,1831,1046
2,1813,1024
2,1826,1024
2,1826,1052
2,1822,739
2,1835,790
2,1874,488
2,1890,472
2,1851,461
2,1825,420
2,1830,402
2,1813,235
2,1835,304
2,1837,29
2,1812,485
2,1852,524
2,998,491
2,935,497
2,604,494
2,712,119
2,731,84
2,140,593
2,82,611
2,685,1029
2,1661,433
2,1856,491
2,1897,528
2,1909,511
2,1865,508
2,1876,506
2,1902,526
3,40,438
3,112,626
3,44,633
3,23,626
3,30,614
3,19,606
3,15,601
3,13,614
3,64,649
3,23,537
3,64,532
3,103,543
3,50,504
3,85,509
3,51,482
3,108,569
3,120,533
3,119,501
3,105,503
3,91,452
3,93,466
3,99,453
3,172,573
3,223,544
3,239,511
3,264,514
3,103,474
3,242,515
3,305,524
3,315,520
3,329,517
3,345,516
3,378,518
3,401,514
3,408,523
3,431,523
3,498,528
3,518,518
3,523,510
3,550,520
3,562,517
3,551,512
3,575,516
3,377,567
3,463,528
3,596,512
3,599,525
3,582,576
3,582,567
3,321,595
3,279,590
3,231,619
3,316,624
3,227,625
3,181,611
3,491,624
3,485,631
3,567,622
3,563,631
3,633,602
3,679,603
3,668,597
3,692,593
3,711,592
3,643,519
3,634,510
3,650,506
3,671,514
3,677,481
3,695,517
3,732,523
3,746,505
3,766,513
3,785,534
3,732,504
3,768,587
3,785,587
3,790,546
3,814,585
3,869,554
3,749,662
3,744,657
3,780,651
3,775,686
3,737,710
3,758,654
3,756,780
3,740,883
3,674,1048
3,773,962
3,780,986
3,787,827
3,729,805
3,734,734
3,788,680
3,795,705
3,854,611
3,677,780
3,701,733
3,713,731
3,796,606
3,800,620
3,917,524
3,780,483
3,815,498
3,818,484
3,794,460
3,749,446
3,742,440
3,832,492
3,844,491
3,757,471
3,745,458
3,750,479
3,766,367
3,795,327
3,768,299
3,795,210
3,786,206
3,785,164
3,795,108
3,789,20
3,778,16
3,808,58
3,775,108
3,818,123
3,769,104
3,757,110
3,764,90
3,764,157
3,795,268
3,712,101
3,707,45
3,704,70
3,716,79
3,809,479
3,926,555
3,917,559
3,942,556
3,1001,544
3,907,575
3,1028,553
3,928,590
3,927,580
3,922,502
3,944,505
3,960,513
3,994,559
3,1015,558
3,1089,557
3,1068,542
3,1023,564
3,1053,563
3,1138,506
3,1169,539
3,1105,507
3,1184,521
3,1178,499
3,1206,505
3,1214,557
3,1224,556
3,1232,491
3,1228,484
3,1078,499
3,1060,508
3,1237,484
3,1252,527
3,1226,466
3,1318,470
3,1322,483
3,1314,476
3,1386,474
3,1380,453
3,1416,491
3,1372,586
3,1427,597
3,1515,474
3,1497,486
3,1462,458
3,1456,450
3,1488,452
3,1500,465
3,1477,475
3,1470,487
3,1496,521
3,1349,567
3,1657,485
3,1664,467
3,1651,460
3,1677,448
3,1664,446
3,1757,498
3,1724,466
3,1730,452
3,1816,1045
3,1829,1041
3,1813,1018
3,1825,1019
3,1824,1047
3,1822,745
3,1836,789
3,1874,489
3,1886,473
3,1849,461
3,1827,430
3,1828,411
3,1813,243
3,1835,310
3,1838,25
3,1813,485
3,1852,524
3,998,491
3,935,497
3,604,494
3,712,119
3,731,84
3,140,593
3,82,611
3,685,1029
3,1661,433
3,1850,490
3,1898,528
3,1907,510
3,1866,510
3,1876,512
3,1902,526
4,10,436
4,115,625
4,53,635
4,30,629
4,32,618
4,23,609
4,19,603
4,10,614
4,14,625
4,64,649
4,22,541
4,60,536
4,107,542
4,59,507
4,92,510
4,57,485
4,106,570
4,125,537
4,117,495
4,105,509
4,91,449
4,93,462
4,99,450
4,170,568
4,232,548
4,244,511
4,267,516
4,104,470
4,243,516
4,308,526
4,317,521
4,329,517
4,344,515
4,379,515
4,398,513
4,404,524
4,427,524
4,491,528
4,514,515
4,521,509
4,546,521
4,559,519
4,551,513
4,572,517
4,383,566
4,460,526
4,600,515
4,604,526
4,575,575
4,576,566
4,329,599
4,282,588
4,236,617
4,309,624
4,222,626
4,182,611
4,491,624
4,492,633
4,564,623
4,560,631
4,611,600
4,636,598
4,686,605
4,675,600
4,688,593
4,707,590
4,640,521
4,633,511
4,648,507
4,669,510
4,680,478
4,701,518
4,726,520
4,741,507
4,761,512
4,791,536
4,728,505
4,772,591
4,791,588
4,784,547
4,820,587
4,861,555
4,749,656
4,745,651
4,781,660
4,777,690
4,739,717
4,762,660
4,757,796
4,740,892
4,674,1041
4,778,955
4,782,990
4,787,831
4,730,799
4,735,728
4,791,675
4,798,703
4,853,612
4,677,779
4,701,733
4,713,731
4,797,606
4,801,620
4,910,524
4,780,475
4,812,494
4,821,489
4,795,457
4,751,446
4,744,440
4,829,491
4,840,491
4,754,469
4,752,458
4,749,479
4,767,371
4,770,296
4,795,215
4,786,211
4,790,163
4,794,102
4,790,16
4,809,56
4,776,108
4,816,122
4,772,105
4,759,112
4,766,91
4,764,160
4,796,266
4,712,101
4,706,46
4,704,70
4,717,79
4,812,484
4,932,553
4,920,554
4,946,556
4,1008,542
4,910,571
4,1023,553
4,928,590
4,928,581
4,918,500
4,943,506
4,957,512
4,994,559
4,1017,558
4,1095,557
4,1076,543
4,1023,564
4,1053,563
4,1133,509
4,1173,536
4,1103,508
4,1190,517
4,1183,497
4,1211,505
4,1213,562
4,1224,555
4,1229,491
4,1225,484
4,1079,499
4,1064,510
4,1234,485
4,1258,530
4,1228,468
4,1307,465
4,1313,472
4,1328,483
4,1319,476
4,1393,474
4,1377,455
4,1422,488
4,1377,590
4,1429,605
4,1519,475
4,1499,487
4,1465,458
4,1458,450
4,1489,453
4,1501,466
4,1478,475
4,1472,487
4,1497,520
4,1353,569
4,1656,486
4,1665,467
4,1648,461
4,1676,443
4,1663,447
4,1752,495
4,1717,467
4,1725,452
4,1815,1042
4,1828,1036
4,1813,1011
4,1824,1015
4,1822,1042
4,1822,750
4,1836,789
4,1874,490
4,1881,474
4,1829,439
4,1825,419
4,1813,251
4,1837,318
4,1839,20
4,1813,485
4,1852,524
4,998,491
4,935,497
4,604,494
4,712,119
4,731,84
4,141,593
4,82,611
4,685,1029
4,1661,433
4,1847,492
4,1898,528
4,1906,509
4,1869,516
4,1876,518
4,1903,526
5,14,440
5,118,623
5,63,637
5,37,631
5,34,622
5,27,612
5,23,605
5,19,627
5,16,605
5,64,649
5,10,621
5,20,546
5,55,540
5,112,541
5,68,509
5,98,510
5,63,488
5,106,574
5,130,538
5,116,488
5,105,515
5,90,446
5,94,459
5,167,563
5,241,551
5,249,511
5,269,517
5,106,466
5,244,516
5,309,526
5,318,522
5,329,517
5,344,515
5,380,513
5,395,512
5,400,524
5,423,526
5,485,528
5,510,513
5,519,508
5,541,522
5,555,521
5,551,514
5,569,518
5,389,565
5,456,523
5,603,518
5,610,526
5,569,575
5,570,566
5,335,603
5,286,586
5,242,615
5,220,624
5,303,624
5,182,611
5,491,624
5,560,624
5,556,632
5,605,603
5,639,593
5,693,606
5,682,602
5,685,592
5,702,587
5,636,522
5,631,511
5,646,507
5,668,505
5,684,475
5,708,520
5,720,517
5,736,508
5,756,512
5,797,537
5,725,505
5,711,472
5,776,596
5,797,588
5,777,547
5,827,588
5,854,557
5,751,651
5,747,645
5,781,666
5,778,694
5,741,725
5,762,666
5,757,812
5,739,900
5,671,1033
5,782,949
5,783,995
5,787,835
5,731,793
5,734,722
5,793,669
5,849,614
5,677,777
5,701,733
5,713,731
5,798,606
5,802,619
5,902,525
5,780,468
5,808,490
5,823,495
5,796,454
5,753,446
5,746,439
5,827,490
5,837,491
5,751,467
5,758,457
5,749,479
5,767,375
5,771,292
5,795,219
5,786,215
5,793,159
5,794,96
5,790,11
5,810,53
5,778,107
5,814,122
5,772,105
5,760,112
5,768,91
5,765,161
5,797,264
5,712,102
5,705,47
5,704,70
5,717,79
5,814,489
5,938,551
5,925,550
5,949,555
5,1013,542
5,913,567
5,1017,552
5,928,590
5,928,581
5,918,499
5,943,506
5,954,513
5,994,559
5,1018,557
5,1101,556
5,1083,544
5,1024,564
5,1053,563
5,1127,513
5,1177,532
5,1101,509
5,1195,514
5,1188,494
5,1215,505
5,1211,563
5,1220,554
5,1227,491
5,1223,484
5,1079,499
5,1068,511
5,1231,485
5,1264,532
5,1192,467
5,1229,469
5,1303,466
5,1308,474
5,1333,482
5,1324,476
5,1400,474
5,1374,456
5,1428,484
5,1384,593
5,1430,612
5,1522,476
5,1501,489
5,1468,456
5,1461,449
5,1491,453
5,1502,466
5,1480,476
5,1473,487
5,1498,520
5,1357,571
5,1655,487
5,1665,467
5,1644,462
5,1675,438
5,1662,448
5,1747,492
5,1712,467
5,1719,451
5,1814,1040
5,1826,1031
5,1813,1005
5,1824,1010
5,1820,1037
5,1822,756
5,1837,788
5,1874,492
5,1877,475
5,1831,444
5,1824,428
5,1812,259
5,1840,326
5,1814,485
5,1853,524
5,998,491
5,935,497
5,604,494
5,712,119
5,731,84
5,141,593
5,82,611
5,685,1029
5,1661,433
5,1855,492
5,1898,528
5,1910,512
5,1869,523
5,1875,524
5,1903,526
6,19,444
6,122,621
6,71,635
6,44,634
6,38,625
6,31,615
6,27,606
6,24,629
6,19,607
6,9,585
6,64,649
6,15,623
6,18,550
6,51,544
6,116,540
6,76,510
6,103,510
6,69,491
6,107,578
6,134,541
6,115,481
6,105,521
6,88,444
6,94,455
6,165,559
6,247,555
6,253,511
6,272,519
6,106,462
6,245,517
6,308,524
6,320,522
6,329,517
6,344,514
6,381,511
6,395,524
6,419,527
6,478,528
6,506,511
6,517,507
6,537,522
6,552,522
6,551,516
6,566,518
6,395,564
6,453,521
6,607,520
6,616,527
6,562,574
6,564,565
6,341,607
6,291,585
6,247,613
6,226,621
6,296,624
6,183,611
6,491,624
6,557,625
6,552,632
6,599,607
6,643,589
6,700,607
6,690,605
6,681,592
6,697,584
6,633,523
6,630,511
6,643,510
6,666,500
6,689,474
6,715,521
6,715,512
6,729,510
6,751,512
6,803,539
6,721,505
6,716,475
6,779,600
6,805,588
6,771,548
6,833,590
6,846,558
6,753,645
6,749,640
6,781,672
6,780,699
6,742,732
6,763,672
6,756,827
6,738,909
6,669,1025
6,784,942
6,785,999
6,786,837
6,732,787
6,733,716
6,795,664
6,803,701
6,845,615
6,677,776
6,701,733
6,713,731
6,799,606
6,803,619
6,895,526
6,780,462
6,806,486
6,826,500
6,796,449
6,754,446
6,748,438
6,824,489
6,834,491
6,748,465
6,763,457
6,748,479
6,768,379
6,771,287
6,795,224
6,786,219
6,796,154
6,793,91
6,810,49
6,779,107
6,811,119
6,772,105
6,760,112
6,769,91
6,766,162
6,797,262
6,712,102
6,704,48
6,704,70
6,717,79
6,816,495
6,943,549
6,931,547
6,953,554
6,1018,543
6,917,564
6,1012,552
6,929,590
6,929,581
6,918,499
6,946,504
6,951,514
6,995,559
6,1019,555
6,1108,557
6,1090,545
6,1025,564
6,1053,563
6,1122,516
6,1181,529
6,1100,509
6,1200,510
6,1192,492
6,1220,507
6,1209,563
6,1216,553
6,1224,490
6,1220,484
6,1079,499
6,1072,513
6,1228,485
6,1268,535
6,1192,469
6,1229,469
6,1301,466
6,1306,474
6,1338,482
6,1329,476
6,1406,473
6,1368,458
6,1433,481
6,1391,598
6,1526,476
6,1504,490
6,1470,455
6,1465,449
6,1492,454
6,1505,466
6,1481,476
6,1474,487
6,1499,520
6,1361,573
6,1531,663
6,1655,487
6,1666,467
6,1640,464
6,1674,432
6,1661,449
6,1742,489
6,1707,466
6,1714,451
6,1813,1037
6,1825,1026
6,1813,999
6,1823,1006
6,1818,1032
6,1822,761
6,1838,788
6,1874,493
6,1872,475
6,1832,448
6,1824,437
6,1812,266
6,1837,333
6,1814,485
6,1853,524
6,998,491
6,935,497
6,604,494
6,712,119
6,731,84
6,141,593
6,82,611
6,686,1029
6,1661,433
6,1861,489
6,1898,528
6,1908,511
6,1867,527
6,1874,529
6,1904,526
7,23,448
7,125,619
7,80,634
7,50,636
7,44,628
7,35,618
7,31,608
7,29,631
7,22,609
7,43,649
7,15,582
7,65,649
7,19,624
7,17,555
7,48,548
7,121,540
7,83,511
7,107,509
7,75,492
7,108,581
7,138,546
7,114,474
7,102,526
7,86,441
7,94,452
7,163,554
7,254,559
7,257,511
7,277,519
7,106,458
7,246,517
7,307,523
7,321,523
7,330,517
7,343,514
7,382,508
7,390,525
7,414,527
7,472,528
7,502,508
7,515,506
7,533,522
7,547,522
7,548,515
7,563,519
7,399,561
7,451,519
7,610,522
7,621,527
7,556,574
7,557,564
7,347,611
7,297,583
7,253,611
7,232,619
7,290,625
7,209,629
7,183,611
7,489,623
7,554,625
7,548,632
7,594,611
7,645,584
7,674,641
7,706,608
7,697,607
7,678,591
7,692,581
7,630,524
7,627,513
7,639,512
7,665,496
7,698,474
7,721,523
7,710,507
7,723,511
7,746,512
7,807,539
7,718,506
7,722,478
7,782,604
7,812,588
7,763,548
7,840,591
7,839,559
7,755,640
7,751,634
7,781,678
7,781,703
7,744,740
7,764,677
7,755,843
7,737,917
7,668,1016
7,786,935
7,785,1003
7,786,838
7,732,782
7,732,710
7,796,656
7,803,701
7,841,616
7,677,774
7,701,733
7,713,731
7,800,606
7,804,619
7,886,525
7,781,455
7,804,481
7,829,504
7,797,445
7,756,446
7,750,437
7,822,487
7,830,490
7,744,463
7,769,456
7,747,479
7,767,383
7,772,282
7,795,229
7,786,224
7,796,150
7,793,85
7,809,45
7,780,104
7,808,117
7,772,105
7,771,13
7,760,112
7,769,91
7,768,163
7,797,259
7,712,103
7,704,50
7,704,69
7,718,79
7,818,500
7,949,547
7,937,544
7,956,554
7,1022,544
7,921,560
7,1007,551
7,929,590
7,930,582
7,919,498
7,948,502
7,948,514
7,995,559
7,1019,554
7,1115,558
7,1099,545
7,1025,564
7,1053,563
7,1118,518
7,1185,527
7,1097,512
7,1204,505
7,1194,489
7,1226,504
7,1207,563
7,1211,553
7,1221,490
7,1218,484
7,1080,499
7,1073,514
7,1225,485
7,1271,538
7,1192,471
7,1229,469
7,1298,466
7,1302,474
7,1343,481
7,1334,477
7,1412,472
7,1358,459
7,1390,449
7,1437,479
7,1398,603
7,1533,475
7,1512,490
7,1472,457
7,1468,449
7,1493,455
7,1509,466
7,1482,476
7,1476,487
7,1501,519
7,1365,575
7,1531,646
7,1654,488
7,1666,467
7,1637,465
7,1672,427
7,1660,449
7,1737,486
7,1702,465
7,1711,451
7,1812,1035
7,1823,1021
7,1813,992
7,1822,1001
7,1816,1027
7,1822,767
7,1838,787
7,1873,493
7,1868,476
7,1838,453
7,1826,443
7,1812,273
7,1833,339
7,1815,484
7,1853,524
7,998,491
7,935,497
7,604,494
7,712,119
7,731,84
7,142,593
7,82,611
7,686,1029
7,1661,433
7,1863,488
7,1899,528
7,1908,511
7,1866,531
7,1873,533
7,1904,526
8,27,451
8,129,618
8,89,633
8,55,637
8,49,631
8,38,620
8,34,611
8,34,634
8,25,611
8,42,645
8,20,580
8,65,649
8,24,626
8,13,559
8,46,551
8,126,542
8,91,512
8,112,508
8,82,492
8,109,585
8,141,552
8,114,467
8,99,530
8,94,448
8,159,549
8,261,563
8,260,512
8,282,520
8,106,455
8,244,518
8,306,521
8,321,523
8,330,517
8,343,514
8,383,506
8,383,526
8,410,527
8,466,528
8,498,502
8,513,505
8,528,522
8,543,521
8,545,514
8,560,520
8,401,558
8,448,516
8,613,524
8,626,528
8,549,573
8,551,563
8,353,614
8,302,582
8,260,608
8,238,617
8,284,625
8,203,628
8,183,611
8,487,623
8,551,626
8,545,632
8,588,615
8,647,580
8,678,643
8,712,610
8,702,611
8,675,591
8,687,577
8,627,524
8,625,514
8,636,515
8,663,492
8,728,523
8,705,502
8,717,513
8,740,512
8,812,539
8,715,506
8,728,481
8,785,608
8,820,587
8,755,548
8,845,592
8,830,560
8,757,635
8,753,629
8,781,684
8,783,707
8,746,747
8,765,683
8,754,858
8,736,925
8,669,1006
8,788,929
8,785,1007
8,786,839
8,732,776
8,732,702
8,797,648
8,803,701
8,837,618
8,676,843
8,677,773
8,701,733
8,713,731
8,801,606
8,804,618
8,877,524
8,782,449
8,801,476
8,831,507
8,801,443
8,758,446
8,752,437
8,820,482
8,827,490
8,740,463
8,774,455
8,747,479
8,766,387
8,773,277
8,795,235
8,786,229
8,796,145
8,794,80
8,808,42
8,781,98
8,805,115
8,772,105
8,771,14
8,759,111
8,769,91
8,768,164
8,797,257
8,712,103
8,704,50
8,704,68
8,718,79
8,821,503
8,956,546
8,943,541
8,958,554
8,1029,546
8,926,556
8,1002,551
8,929,591
8,931,582
8,919,498
8,948,502
8,945,513
8,995,559
8,1023,549
8,1122,559
8,1105,546
8,1026,564
8,1054,563
8,1112,519
8,1189,524
8,1093,513
8,1207,500
8,1196,486
8,1230,501
8,1206,563
8,1208,554
8,1220,491
8,1217,485
8,1080,499
8,1073,514
8,1222,484
8,1274,541
8,1192,473
8,1229,469
8,1293,466
8,1295,476
8,1349,480
8,1340,476
8,1418,471
8,1349,460
8,1388,449
8,1442,477
8,1405,607
8,1540,474
8,1520,490
8,1472,457
8,1470,449
8,1400,454
8,1494,456
8,1514,466
8,1483,476
8,1477,487
8,1502,519
8,1368,576
8,1531,630
8,1653,489
8,1666,467
8,1633,466
8,1669,427
8,1660,449
8,1732,483
8,1697,464
8,1707,451
8,1811,1032
8,1822,1016
8,1813,986
8,1822,996
8,1814,1022
8,1823,772
8,1839,787
8,1873,493
8,1863,477
8,1844,457
8,1829,450
8,1812,281
8,1833,344
8,1815,484
8,1854,524
8,998,491
8,935,497
8,604,494
8,712,119
8,731,84
8,142,593
8,82,611
8,686,1030
8,1661,434
8,1866,488
8,1899,528
8,1908,511
8,1866,536
8,1873,538
8,1905,526
9,31,455
9,27,438
9,9,448
9,132,618
9,94,629
9,60,637
9,55,634
9,42,622
9,36,614
9,39,634
9,27,613
9,41,642
9,33,650
9,26,578
9,65,649
9,29,627
9,9,564
9,44,555
9,131,543
9,99,513
9,117,507
9,88,492
9,110,589
9,145,557
9,114,459
9,95,535
9,155,545
9,267,567
9,263,513
9,286,520
9,106,452
9,240,518
9,305,520
9,321,522
9,330,518
9,343,513
9,384,504
9,377,526
9,406,527
9,460,528
9,511,505
9,524,522
9,538,521
9,542,513
9,557,520
9,404,554
9,446,514
9,617,526
9,631,530
9,543,573
9,544,562
9,360,616
9,306,579
9,267,606
9,244,615
9,278,625
9,196,627
9,184,611
9,485,623
9,547,626
9,583,618
9,649,576
9,682,646
9,718,614
9,706,616
9,670,592
9,683,575
9,624,524
9,620,514
9,632,515
9,661,487
9,734,522
9,699,497
9,710,515
9,735,512
9,816,539
9,712,506
9,733,483
9,789,612
9,827,587
9,748,548
9,849,593
9,822,562
9,759,631
9,755,624
9,781,691
9,784,711
9,748,755
9,766,689
9,753,873
9,735,933
9,669,996
9,790,922
9,786,1011
9,786,840
9,732,771
9,732,695
9,798,643
9,803,701
9,833,619
9,678,839
9,677,771
9,701,733
9,713,731
9,802,606
9,803,617
9,869,524
9,783,443
9,800,471
9,834,511
9,806,441
9,761,446
9,757,437
9,817,478
9,823,488
9,735,463
9,778,454
9,746,479
9,765,391
9,773,273
9,795,240
9,786,234
9,796,140
9,795,75
9,808,39
9,782,92
9,804,111
9,772,105
9,771,15
9,759,111
9,769,91
9,768,167
9,797,254
9,711,104
9,705,50
9,704,68
9,718,80
9,823,507
9,962,544
9,949,538
9,961,555
9,1036,548
9,930,552
9,998,551
9,929,591
9,931,582
9,920,498
9,948,502
9,943,512
9,995,559
9,1026,544
9,1128,558
9,1112,547
9,1027,564
9,1054,563
9,1105,520
9,1192,520
9,1089,512
9,1213,497
9,1199,483
9,1232,499
9,1204,563
9,1206,554
9,1218,492
9,1215,486
9,1080,499
9,1074,514
9,1219,484
9,1277,545
9,1192,475
9,1229,469
9,1288,468
9,1290,477
9,1354,478
9,1345,473
9,1424,471
9,1341,460
9,1386,449
9,1449,475
9,1410,611
9,1547,474
9,1528,490
9,1473,456
9,1471,448
9,1395,456
9,1500,454
9,1519,466
9,1485,477
9,1478,487
9,1503,519
9,1372,578
9,1532,614
9,1652,489
9,1667,467
9,1628,466
9,1666,426
9,1660,449
9,1727,481
9,1692,463
9,1703,451
9,1812,1030
9,1821,1011
9,1815,981
9,1823,994
9,1812,1016
9,1824,777
9,1840,786
9,1873,493
9,1859,477
9,1850,462
9,1832,456
9,1812,288
9,1834,349
9,1816,484
9,1854,525
9,998,491
9,935,497
9,604,494
9,712,119
9,731,84
9,142,593
9,82,611
9,686,1030
9,1662,434
9,1869,486
9,1899,529
9,1908,510
9,1866,542
9,1873,543
9,1905,526
10,34,459
10,32,441
10,12,438
10,135,618
10,100,624
10,65,638
10,59,634
10,46,624
10,39,618
10,44,634
10,30,616
10,39,639
10,32,646
10,32,576
10,65,649
10,33,629
10,42,558
10,135,544
10,107,514
10,122,507
10,95,492
10,113,591
10,150,561
10,114,452
10,92,539
10,151,541
10,275,568
10,267,513
10,288,520
10,237,519
10,305,519
10,321,521
10,330,518
10,342,513
10,385,503
10,370,527
10,401,526
10,454,528
10,510,504
10,519,522
10,534,520
10,540,512
10,554,520
10,406,551
10,446,514
10,620,528
10,636,531
10,536,572
10,537,561
10,367,617
10,311,577
10,273,604
10,250,612
10,272,625
10,190,626
10,184,611
10,483,623
10,544,627
10,578,620
10,651,571
10,686,648
10,723,617
10,709,621
10,666,594
10,678,573
10,620,524
10,616,513
10,629,514
10,659,486
10,740,520
10,694,492
10,704,516
10,729,512
10,820,539
10,709,507
10,738,484
10,792,615
10,834,586
10,740,548
10,854,595
10,813,563
10,761,628
10,757,620
10,782,697
10,786,716
10,750,763
10,769,695
10,752,887
10,734,940
10,670,987
10,791,915
10,786,1015
10,787,839
10,733,765
10,732,688
10,798,638
10,803,701
10,829,621
10,679,836
10,677,770
10,701,733
10,713,731
10,803,606
10,802,617
10,860,524
10,783,438
10,798,467
10,836,514
10,809,438
10,763,446
10,761,437
10,814,475
10,820,485
10,731,463
10,782,453
10,745,479
10,764,395
10,773,269
10,795,244
10,785,239
10,795,136
10,795,69
10,808,35
10,780,88
10,802,108
10,772,105
10,771,16
10,758,110
10,769,91
10,768,170
10,797,251
10,711,105
10,705,50
10,704,68
10,719,80
10,903,600
10,826,510
10,968,542
10,955,535
10,963,556
10,1041,549
10,934,549
10,992,550
10,929,591
10,931,582
10,920,498
10,948,502
10,941,512
10,996,559
10,1027,538
10,1134,557
10,1120,549
10,1027,564
10,1054,563
10,1100,522
10,1196,517
10,1087,513
10,1220,494
10,1202,481
10,1235,497
10,1203,563
10,1204,554
10,1215,493
10,1213,487
10,1081,499
10,1074,514
10,1217,484
10,1282,547
10,1190,480
10,1229,469
10,1283,470
10,1287,477
10,1359,475
10,1350,470
10,1430,471
10,1334,460
10,1385,449
10,1456,473
10,1554,474
10,1536,490
10,1474,455
10,1473,448
10,1389,458
10,1502,455
10,1524,467
10,1490,477
10,1480,487
10,1506,518
10,1374,580
10,1532,599
10,1649,489
10,1667,467
10,1622,466
10,1663,425
10,1660,449
10,1722,479
10,1687,461
10,1700,451
10,1813,1028
10,1821,1004
10,1816,978
10,1825,991
10,1812,1010
10,1825,782
10,1840,786
10,1873,493
10,1855,477
10,1856,467
10,1835,463
10,1811,295
10,1835,354
10,1816,484
10,1854,525
10,998,491
10,935,497
10,604,494
10,712,119
10,731,84
10,143,593
10,82,611
10,686,1030
10,1661,434
10,1873,484
10,1899,529
10,1908,510
10,1864,544
10,1875,549
10,1906,527
11,38,463
11,37,445
11,17,432
11,13,440
11,139,618
11,105,620
11,71,639
11,63,634
11,49,625
11,41,622
11,49,635
11,32,618
11,38,635
11,32,642
11,38,574
11,65,649
11,37,630
11,39,561
11,140,545
11,115,515
11,127,507
11,101,493
11,116,594
11,155,565
11,88,541
11,147,537
11,284,568
11,270,514
11,291,520
11,233,519
11,306,519
11,321,520
11,330,518
11,342,512
11,385,502
11,363,528
11,395,526
11,448,528
11,508,503
11,515,522
11,529,520
11,537,511
11,550,520
11,409,547
11,446,513
11,623,530
11,640,532
11,529,571
11,531,560
11,374,619
11,315,574
11,280,602
11,256,610
11,266,625
11,184,626
11,185,611
11,480,623
11,541,628
11,574,622
11,654,567
11,690,651
11,727,621
11,713,625
11,661,596
11,674,571
11,617,523
11,611,512
11,625,514
11,658,486
11,746,519
11,688,486
11,698,517
11,724,512
11,824,539
11,706,507
11,743,485
11,795,618
11,841,586
11,733,548
11,858,596
11,805,565
11,763,624
11,759,616
11,783,704
11,786,719
11,750,770
11,772,701
11,750,901
11,733,948
11,670,980
11,791,909
11,786,1019
11,789,836
11,734,759
11,732,683
11,796,633
11,803,701
11,825,623
11,680,832
11,677,768
11,701,733
11,713,731
11,803,605
11,801,616
11,853,527
11,782,431
11,798,462
11,840,517
11,813,435
11,766,447
11,766,437
11,811,473
11,817,482
11,728,464
11,787,453
11,745,479
11,763,399
11,773,264
11,794,248
11,784,244
11,794,131
11,795,64
11,808,32
11,779,85
11,801,105
11,772,105
11,772,16
11,758,110
11,769,91
11,768,173
11,796,248
11,711,105
11,706,49
11,704,68
11,719,80
11,904,592
11,831,514
11,971,541
11,962,533
11,966,557
11,1046,551
11,939,547
11,987,549
11,930,591
11,930,584
11,921,498
11,948,502
11,941,512
11,996,560
11,1030,534
11,1140,556
11,1126,549
11,1027,564
11,1054,563
11,1095,525
11,1200,514
11,1087,518
11,1226,491
11,1204,478
11,1238,495
11,1201,564
11,1202,556
11,1213,495
11,1211,489
11,1081,499
11,1074,514
11,1214,486
11,1286,550
11,1188,484
11,1229,469
11,1278,471
11,1283,478
11,1364,473
11,1355,468
11,1436,471
11,1330,461
11,1382,450
11,1461,471
11,1560,473
11,1543,488
11,1475,455
11,1475,448
11,1382,460
11,1505,456
11,1530,468
11,1495,477
11,1481,486
11,1509,516
11,1377,583
11,1532,586
11,1645,488
11,1668,467
11,1615,467
11,1659,424
11,1660,449
11,1714,478
11,1682,460
11,1696,452
11,1815,1026
11,1821,998
11,1818,974
11,1826,989
11,1812,1003
11,1843,680
11,1826,788
11,1841,785
11,1873,493
11,1851,477
11,1864,469
11,1842,466
11,1810,302
11,1835,359
11,1817,484
11,1855,525
11,998,491
11,935,497
11,604,494
11,712,119
11,731,84
11,143,592
11,82,611
11,687,1030
11,1661,434
11,1876,483
11,1899,529
11,1908,510
11,1864,552
11,1876,555
11,1906,527
12,41,467
12,40,450
12,18,436
12,142,618
12,109,614
12,76,639
12,67,634
12,53,627
12,44,623
12,54,637
12,35,620
12,38,630
12,31,638
12,44,573
12,66,649
12,41,632
12,37,565
12,145,546
12,124,516
12,133,507
12,107,494
12,119,596
12,160,569
12,85,543
12,143,533
12,292,568
12,274,514
12,293,520
12,230,520
12,307,519
12,321,520
12,330,518
12,342,512
12,385,502
12,356,529
12,389,525
12,442,528
12,507,503
12,511,521
12,524,519
12,534,510
12,546,520
12,411,544
12,446,512
12,627,532
12,645,534
12,523,570
12,524,559
12,381,620
12,319,572
12,285,599
12,262,608
12,259,625
12,178,627
12,185,611
12,478,623
12,538,629
12,569,624
12,655,566
12,694,653
12,731,624
12,717,629
12,656,597
12,670,569
12,614,523
12,607,512
12,622,513
12,656,486
12,753,517
12,682,480
12,692,518
12,718,512
12,829,539
12,702,507
12,748,487
12,798,620
12,848,586
12,726,548
12,862,597
12,798,565
12,766,620
12,761,611
12,783,711
12,787,722
12,750,778
12,773,706
12,750,915
12,731,956
12,670,973
12,660,910
12,792,902
12,787,1024
12,790,832
12,734,753
12,732,678
12,794,628
12,803,700
12,821,626
12,682,829
12,677,762
12,701,733
12,713,731
12,803,604
12,800,615
12,845,529
12,782,423
12,799,457
12,844,520
12,816,433
12,770,446
12,768,437
12,807,470
12,814,478
12,725,466
12,791,453
12,744,479
12,762,403
12,774,260
12,793,252
12,784,249
12,793,127
12,795,59
12,809,28
12,779,81
12,799,101
12,772,105
12,772,17
12,758,110
12,769,91
12,768,175
12,796,245
12,711,106
12,706,48
12,705,68
12,719,80
12,905,587
12,835,518
12,975,539
12,968,530
12,969,557
12,1052,553
12,943,545
12,981,549
12,930,591
12,930,584
12,921,497
12,948,502
12,941,512
12,996,560
12,1032,530
12,1147,555
12,1133,549
12,1027,564
12,1054,563
12,1090,527
12,1204,511
12,1083,519
12,1232,486
12,1209,478
12,1242,493
12,1199,564
12,1201,558
12,1210,496
12,1207,491
12,1081,499
12,1075,513
12,1212,487
12,1290,553
12,1188,490
12,1229,469
12,1274,471
12,1280,478
12,1369,472
12,1360,467
12,1442,471
12,1326,463
12,1379,450
12,1466,469
12,1567,474
12,1551,486
12,1475,455
12,1475,448
12,1376,460
12,1508,457
12,1537,468
12,1499,477
12,1484,485
12,1513,515
12,1380,585
12,1532,576
12,1638,489
12,1668,467
12,1609,467
12,1661,418
12,1659,450
12,1710,475
12,1679,458
12,1690,450
12,1817,1024
12,1821,992
12,1820,970
12,1831,986
12,1811,996
12,1845,673
12,1826,793
12,1842,785
12,1872,493
12,1847,477
12,1873,469
12,1851,468
12,1809,309
12,1836,364
12,1817,484
12,1855,525
12,998,491
12,935,497
12,604,494
12,712,119
12,731,84
12,143,592
12,82,611
12,687,1030
12,1661,434
12,1879,482
12,1900,529
12,1908,510
12,1866,559
12,1877,560
12,1906,527
13,44,470
13,42,455
13,23,433
13,145,618
13,112,607
13,82,639
13,72,634
13,56,628
13,48,624
13,59,639
13,37,622
13,37,625
13,31,634
13,50,571
13,66,649
13,45,633
13,35,568
13,149,545
13,132,517
13,138,507
13,112,496
13,122,599
13,165,573
13,81,545
13,140,529
13,301,568
13,277,516
13,294,520
13,229,516
13,308,519
13,322,520
13,331,518
13,385,501
13,350,530
13,384,525
13,436,528
13,505,502
13,507,521
13,520,519
13,531,510
13,543,520
13,413,540
13,446,512
13,630,534
13,649,536
13,516,570
13,517,558
13,389,622
13,324,569
13,290,596
13,268,605
13,253,625
13,172,628
13,186,611
13,476,623
13,536,630
13,564,626
13,656,564
13,698,656
13,735,628
13,721,633
13,652,598
13,665,568
13,609,522
13,602,512
13,621,518
13,655,486
13,759,516
13,677,477
13,685,519
13,713,513
13,834,541
13,699,507
13,753,488
13,801,623
13,853,587
13,718,549
13,867,598
13,791,565
13,768,614
13,762,605
13,783,718
13,788,726
13,750,785
13,771,711
13,750,929
13,729,964
13,670,966
13,659,920
13,792,896
13,787,1024
13,791,828
13,734,746
13,732,674
13,792,622
13,803,700
13,816,628
13,682,823
13,677,757
13,701,733
13,713,731
13,803,602
13,799,614
13,837,530
13,782,414
13,801,451
13,848,523
13,819,429
13,774,446
13,771,437
13,804,470
13,813,474
13,722,467
13,795,453
13,743,479
13,762,407
13,774,256
13,793,256
13,785,253
13,793,123
13,795,53
13,810,25
13,779,79
13,799,99
13,772,105
13,772,18
13,760,107
13,769,91
13,768,178
13,796,243
13,711,106
13,707,46
13,705,69
13,720,80
13,905,583
13,839,522
13,978,538
13,975,528
13,972,557
13,1058,554
13,949,541
13,976,549
13,930,591
13,930,582
13,921,496
13,949,502
13,941,512
13,996,560
13,1033,526
13,1154,554
13,1140,548
13,1028,564
13,1054,563
13,1085,528
13,1208,507
13,1077,519
13,1237,480
13,1214,478
13,1247,492
13,1198,564
13,1197,558
13,1206,497
13,1200,494
13,1082,499
13,1079,513
13,1209,488
13,1295,555
13,1188,496
13,1229,469
13,1270,473
13,1275,479
13,1374,473
13,1365,467
13,1448,472
13,1320,464
13,1376,450
13,1470,467
13,1575,474
13,1560,486
13,1476,455
13,1476,448
13,1370,461
13,1508,455
13,1544,468
13,1504,478
13,1488,484
13,1516,514
13,1383,588
13,1532,567
13,1630,491
13,1668,467
13,1604,467
13,1656,418
13,1655,450
13,1706,473
13,1676,458
13,1686,449
13,1818,1022
13,1821,986
13,1823,966
13,1811,990
13,1847,667
13,1826,798
13,1842,784
13,1872,493
13,1843,477
13,1882,470
13,1860,470
13,1807,317
13,1836,369
13,1817,484
13,1855,525
13,998,491
13,935,497
13,604,494
13,712,119
13,731,84
13,144,592
13,82,611
13,687,1030
13,1661,435
13,1881,483
13,1900,529
13,1908,510
13,1866,565
13,1877,565
13,1906,527
14,47,474
14,45,460
14,146,618
14,115,599
14,89,638
14,77,633
14,60,630
14,52,626
14,65,640
14,40,625
14,37,620
14,30,631
14,56,570
14,66,649
14,49,635
14,33,572
14,151,542
14,140,518
14,144,507
14,117,497
14,125,600
14,170,578
14,79,547
14,138,525
14,307,565
14,280,517
14,295,520
14,226,515
14,309,519
14,322,520
14,331,518
14,386,500
14,344,531
14,379,525
14,429,527
14,504,502
14,503,521
14,516,518
14,528,510
14,539,520
14,416,538
14,446,511
14,634,535
14,654,537
14,509,569
14,510,557
14,396,624
14,328,567
14,295,593
14,274,601
14,247,626
14,167,627
14,186,611
14,473,622
14,533,631
14,559,627
14,657,562
14,701,657
14,740,632
14,725,637
14,648,597
14,660,570
14,605,522
14,597,512
14,616,518
14,654,485
14,765,515
14,672,474
14,679,519
14,706,514
14,839,542
14,696,507
14,758,489
14,805,625
14,859,589
14,711,549
14,871,599
14,784,566
14,770,608
14,764,600
14,782,726
14,789,729
14,750,793
14,770,716
14,750,943
14,727,972
14,671,959
14,658,930
14,795,891
14,787,1025
14,793,824
14,734,740
14,731,670
14,790,617
14,803,700
14,811,631
14,683,818
14,676,752
14,701,733
14,713,731
14,803,601
14,798,613
14,829,531
14,781,407
14,803,446
14,852,526
14,821,426
14,778,446
14,773,437
14,800,470
14,811,470
14,717,467
14,799,453
14,743,479
14,669,460
14,761,411
14,774,251
14,795,261
14,786,257
14,794,120
14,796,48
14,811,21
14,779,76
14,798,98
14,772,105
14,772,19
14,762,106
14,770,91
14,768,183
14,796,241
14,711,107
14,708,44
14,705,69
14,720,80
14,906,577
14,843,524
14,981,537
14,981,526
14,975,559
14,1063,555
14,956,539
14,971,550
14,930,592
14,930,582
14,920,495
14,949,502
14,941,512
14,997,560
14,1034,522
14,1162,554
14,1148,548
14,1028,564
14,1055,563
14,1080,530
14,1211,504
14,1076,516
14,1238,472
14,1220,478
14,1252,491
14,1196,565
14,1193,558
14,1202,499
14,1196,498
14,1082,499
14,1082,512
14,1207,490
14,1300,558
14,1188,501
14,1229,469
14,1266,475
14,1270,482
14,1379,473
14,1370,467
14,1454,472
14,1311,466
14,1373,450
14,1475,467
14,1583,475
14,1569,486
14,1476,455
14,1476,448
14,1365,462
14,1441,458
14,1509,455
14,1550,467
14,1508,477
14,1491,482
14,1521,512
14,1384,590
14,1530,560
14,1627,492
14,1669,467
14,1597,466
14,1652,418
14,1651,450
14,1702,471
14,1675,458
14,1683,448
14,1819,1020
14,1821,979
14,1825,961
14,1810,983
14,1849,663
14,1826,803
14,1843,784
14,1872,493
14,1839,477
14,1891,470
14,1870,471
14,1806,324
14,1835,375
14,1817,484
14,1856,525
14,998,491
14,935,497
14,604,494
14,712,119
14,731,84
14,144,592
14,82,611
14,687,1030
14,1661,435
14,1882,484
14,1900,529
14,1908,510
14,1867,571
14,1877,570
14,1906,527
15,51,478
15,48,465
15,11,432
15,146,618
15,117,595
15,83,633
15,64,632
15,55,627
15,71,642
15,44,628
15,37,615
15,29,626
15,63,569
15,66,649
15,53,636
15,34,577
15,154,539
15,149,519
15,150,507
15,123,499
15,129,601
15,175,582
15,76,550
15,136,521
15,314,562
15,283,519
15,296,520
15,223,515
15,310,520
15,323,520
15,331,518
15,386,500
15,338,532
15,374,526
15,423,527
15,501,503
15,499,521
15,511,518
15,524,510
15,536,520
15,418,536
15,446,511
15,639,536
15,659,539
15,503,568
15,503,557
15,403,626
15,333,564
15,300,590
15,279,597
15,241,626
15,162,627
15,186,611
15,471,622
15,530,631
15,553,629
15,658,560
15,704,659
15,676,648
15,743,638
15,727,641
15,643,597
15,654,572
15,601,522
15,593,512
15,612,518
15,654,485
15,771,513
15,669,471
15,673,519
15,700,516
15,844,543
15,693,507
15,764,491
15,808,627
15,864,590
15,704,550
15,876,599
15,777,566
15,772,602
15,765,594
15,782,733
15,790,732
15,750,800
15,770,722
15,751,956
15,726,979
15,672,950
15,658,941
15,798,887
15,787,1026
15,794,820
15,733,734
15,729,663
15,789,611
15,803,700
15,807,634
15,684,812
15,676,747
15,701,733
15,713,731
15,803,598
15,797,609
15,821,532
15,781,400
15,803,441
15,856,529
15,822,425
15,782,446
15,777,437
15,797,468
15,808,468
15,803,452
15,684,467
15,742,479
15,670,462
15,760,414
15,775,247
15,796,266
15,787,262
15,795,116
15,797,43
15,780,74
15,797,95
15,772,105
15,772,22
15,761,105
15,770,92
15,769,189
15,796,238
15,711,107
15,708,42
15,706,69
15,720,80
15,909,572
15,846,527
15,984,536
15,988,525
15,977,560
15,1068,556
15,962,538
15,967,550
15,930,592
15,930,582
15,919,494
15,949,502
15,941,512
15,997,560
15,1030,518
15,1168,552
15,1154,546
15,1028,564
15,1055,563
15,1075,530
15,1214,501
15,1073,512
15,1224,477
15,1256,491
15,1195,565
15,1188,558
15,1201,500
15,1196,505
15,1082,499
15,1082,510
15,1204,491
15,1304,562
15,1188,506
15,1229,469
15,1260,475
15,1266,482
15,1384,472
15,1376,467
15,1460,472
15,1310,464
15,1371,451
15,1480,466
15,1591,475
15,1576,486
15,1477,455
15,1477,448
15,1359,463
15,1441,462
15,1515,442
15,1510,455
15,1557,468
15,1513,477
15,1497,484
15,1527,511
15,1385,593
15,1529,554
15,1622,494
15,1669,467
15,1591,466
15,1649,418
15,1647,450
15,1698,468
15,1673,458
15,1680,447
15,1819,1017
15,1821,973
15,1826,955
15,1810,976
15,1851,659
15,1826,808
15,1844,783
15,1872,493
15,1836,477
15,1899,471
15,1879,473
15,1804,332
15,1834,382
15,1817,484
15,1856,525
15,998,491
15,935,497
15,604,494
15,712,119
15,731,84
15,144,592
15,82,611
15,688,1031
15,1661,435
15,1885,487
15,1900,530
15,1908,510
15,1867,578
15,1877,575
15,1906,527
16,54,482
16,50,470
16,18,434
16,147,618
16,120,591
16,88,633
16,67,633
16,58,628
16,77,644
16,48,632
16,36,610
16,28,619
16,69,568
16,66,649
16,57,637
16,35,582
16,156,535
16,157,520
16,156,508
16,132,602
16,180,586
16,74,552
16,133,517
16,321,560
16,286,521
16,297,521
16,220,514
16,310,520
16,323,520
16,331,518
16,386,499
16,331,532
16,370,526
16,417,527
16,497,504
16,495,521
16,507,518
16,521,510
16,533,520
16,421,534
16,446,510
16,645,537
16,665,541
16,496,567
16,495,557
16,411,627
16,338,560
16,305,588
16,285,594
16,235,626
16,157,627
16,187,611
16,469,621
16,526,630
16,548,630
16,659,559
16,707,661
16,574,631
16,680,648
16,747,644
16,729,646
16,639,596
16,649,574
16,597,522
16,590,513
16,608,519
16,654,485
16,777,512
16,668,467
16,668,519
16,694,518
16,849,545
16,690,507
16,769,493
16,813,629
16,870,591
16,697,552
16,881,600
16,770,566
16,773,596
16,766,589
16,782,740
16,791,736
16,750,808
16,770,728
16,751,969
16,726,986
16,673,942
16,660,950
16,788,1029
16,794,815
16,732,729
16,727,657
16,787,605
16,803,700
16,802,635
16,684,807
16,675,743
16,701,733
16,713,731
16,804,594
16,796,605
16,813,534
16,781,394
16,803,436
16,861,533
16,823,424
16,785,446
16,782,437
16,794,466
16,806,467
16,806,450
16,684,469
16,741,479
16,671,465
16,684,462
16,759,417
16,749,410
16,777,242
16,797,271
16,787,268
16,796,113
16,797,38
16,781,73
16,797,93
16,772,105
16,772,24
16,760,105
16,771,92
16,770,195
16,797,236
16,711,109
16,709,40
16,706,69
16,721,80
16,911,566
16,850,530
16,987,535
16,995,525
16,980,562
16,1073,558
16,967,539
16,962,551
16,931,592
16,930,582
16,919,493
16,949,502
16,941,512
16,997,560
16,1027,514
16,1174,551
16,1160,546
16,1029,565
16,1055,563
16,1069,530
16,1217,497
16,1069,510
16,1228,476
16,1261,491
16,1193,565
16,1183,559
16,1200,501
16,1197,510
16,1083,499
16,1079,508
16,1202,492
16,1307,565
16,1190,511
16,1229,469
16,1255,476
16,1261,482
16,1390,471
16,1381,466
16,1467,472
16,1308,463
16,1369,451
16,1485,465
16,1598,474
16,1584,487
16,1477,455
16,1477,448
16,1353,464
16,1441,466
16,1520,443
16,1511,455
16,1564,470
16,1519,476
16,1501,485
16,1517,417
16,1532,509
16,1387,595
16,1528,548
16,1616,496
16,1669,468
16,1585,464
16,1643,420
16,1641,450
16,1694,466
16,1671,458
16,1677,447
16,1818,1013
16,1822,967
16,1827,949
16,1809,970
16,1857,654
16,1826,813
16,1844,783
16,1871,492
16,1833,477
16,1908,471
16,1888,475
16,1801,341
16,1833,388
16,1816,484
16,1856,526
16,998,491
16,935,497
16,604,494
16,712,119
16,731,84
16,145,592
16,82,611
16,688,1031
16,1661,435
16,1888,489
16,1900,530
16,1908,510
16,1868,581
16,1877,580
16,1906,527
17,59,485
17,54,474
17,24,435
17,147,618
17,122,587
17,93,633
17,72,636
17,60,630
17,81,648
17,51,636
17,36,605
17,28,612
17,75,568
17,62,650
17,63,637
17,37,587
17,158,532
17,167,520
17,162,509
17,136,603
17,185,590
17,71,554
17,131,512
17,328,557
17,289,523
17,298,521
17,217,513
17,311,520
17,324,520
17,331,519
17,386,498
17,325,533
17,365,527
17,411,527
17,494,505
17,491,521
17,503,518
17,518,509
17,529,520
17,423,532
17,446,510
17,650,539
17,670,542
17,489,566
17,488,557
17,419,627
17,343,557
17,310,585
17,290,590
17,229,626
17,153,626
17,187,611
17,467,621
17,523,629
17,660,557
17,710,663
17,581,630
17,683,648
17,751,650
17,731,651
17,638,595
17,643,575
17,594,523
17,587,514
17,603,519
17,610,508
17,654,485
17,784,511
17,667,464
17,663,519
17,687,520
17,854,546
17,687,508
17,774,495
17,818,632
17,876,592
17,691,554
17,886,601
17,763,567
17,774,591
17,767,584
17,782,747
17,792,739
17,750,815
17,770,734
17,751,982
17,726,994
17,674,933
17,663,959
17,790,1033
17,794,809
17,731,724
17,725,652
17,786,599
17,803,700
17,798,634
17,683,802
17,675,738
17,701,733
17,713,731
17,804,592
17,795,601
17,805,536
17,781,387
17,802,431
17,865,537
17,824,423
17,789,446
17,787,437
17,790,464
17,803,464
17,809,447
17,684,472
17,741,479
17,672,465
17,683,466
17,759,420
17,753,410
17,779,237
17,797,277
17,786,274
17,797,110
17,797,34
17,781,71
17,797,93
17,772,105
17,772,27
17,760,105
17,771,92
17,771,201
17,797,234
17,711,111
17,710,39
17,707,70
17,722,80
17,915,561
17,878,616
17,856,533
17,991,533
17,1002,524
17,980,561
17,1078,556
17,973,541
17,957,552
17,931,592
17,930,582
17,918,491
17,949,502
17,941,512
17,997,560
17,1023,510
17,1182,551
17,1167,548
17,1029,565
17,1055,563
17,1063,529
17,1219,491
17,1066,513
17,1233,475
17,1265,490
17,1189,566
17,1179,560
17,1198,501
17,1199,514
17,1083,499
17,1076,507
17,1199,493
17,1310,567
17,1193,516
17,1181,468
17,1229,469
17,1247,478
17,1255,483
17,1396,470
17,1386,466
17,1473,471
17,1302,463
17,1366,451
17,1491,466
17,1605,472
17,1593,487
17,1478,455
17,1478,448
17,1347,464
17,1440,471
17,1528,444
17,1512,455
17,1571,471
17,1526,475
17,1506,486
17,1520,418
17,1538,508
17,1388,598
17,1529,542
17,1610,498
17,1667,468
17,1578,462
17,1638,422
17,1636,449
17,1690,462
17,1670,457
17,1675,446
17,1817,1010
17,1822,961
17,1828,943
17,1809,965
17,1863,650
17,1827,818
17,1844,779
17,1868,491
17,1831,477
17,1895,475
17,1799,350
17,1833,394
17,1816,484
17,1857,526
17,998,491
17,935,497
17,604,494
17,712,119
17,731,84
17,145,592
17,82,611
17,689,1031
17,1661,436
17,1889,491
17,1901,530
17,1908,510
17,1867,587
17,1877,585
17,1906,527
18,63,489
18,57,478
18,29,435
18,148,619
18,124,583
18,76,639
18,63,631
18,55,639
18,35,600
18,27,606
18,81,568
18,57,651
18,69,636
18,38,592
18,160,529
18,176,521
18,167,510
18,139,604
18,191,594
18,68,557
18,129,508
18,335,556
18,291,526
18,298,521
18,214,512
18,311,520
18,324,520
18,331,519
18,386,498
18,319,534
18,361,527
18,404,527
18,491,506
18,486,522
18,499,518
18,515,509
18,526,520
18,426,531
18,446,509
18,655,540
18,675,544
18,483,566
18,481,557
18,427,628
18,348,554
18,315,582
18,296,586
18,223,626
18,149,626
18,188,611
18,462,622
18,520,628
18,661,554
18,713,665
18,588,629
18,686,648
18,755,656
18,733,656
18,640,595
18,638,574
18,590,523
18,584,515
18,599,520
18,606,508
18,654,485
18,790,510
18,658,520
18,681,522
18,857,547
18,684,508
18,779,498
18,823,634
18,882,593
18,684,557
18,891,602
18,755,569
18,775,586
18,768,579
18,782,754
18,793,742
18,750,823
18,772,740
18,751,995
18,726,1002
18,676,925
18,666,968
18,791,1037
18,794,804
18,729,718
18,723,647
18,786,592
18,803,700
18,793,634
18,682,797
18,675,733
18,701,733
18,713,731
18,802,589
18,794,598
18,796,538
18,782,381
18,800,425
18,870,540
18,824,420
18,792,445
18,791,436
18,787,462
18,800,462
18,817,446
18,683,475
18,737,478
18,672,465
18,682,470
18,758,423
18,756,410
18,780,232
18,797,282
18,786,279
18,799,105
18,796,30
18,782,70
18,797,93
18,772,105
18,772,32
18,761,106
18,771,92
18,771,206
18,797,232
18,713,112
18,711,40
18,707,68
18,721,81
18,920,556
18,876,616
18,862,536
18,996,532
18,1009,524
18,980,560
18,1083,554
18,978,542
18,953,552
18,931,592
18,930,582
18,918,491
18,950,501
18,941,512
18,998,560
18,1020,507
18,1189,551
18,1174,550
18,1029,565
18,1055,563
18,1059,528
18,1220,490
18,1062,511
18,1239,475
18,1268,489
18,1184,566
18,1175,560
18,1196,502
18,1202,518
18,1083,499
18,1074,505
18,1196,495
18,1313,569
18,1195,521
18,1188,471
18,1229,469
18,1242,481
18,1250,486
18,1402,470
18,1394,466
18,1480,471
18,1296,463
18,1364,452
18,1498,468
18,1612,470
18,1602,487
18,1478,456
18,1478,449
18,1341,466
18,1438,476
18,1537,444
18,1513,455
18,1577,473
18,1533,474
18,1511,486
18,1524,419
18,1544,506
18,1390,600
18,1530,537
18,1604,501
18,1665,469
18,1572,461
18,1637,423
18,1630,448
18,1687,456
18,1669,456
18,1672,445
18,1816,1007
18,1823,954
18,1829,937
18,1809,959
18,1869,646
18,1827,823
18,1844,774
18,1865,491
18,1829,477
18,1900,473
18,1795,357
18,1832,400
18,1816,484
18,1857,526
18,998,491
18,935,497
18,604,494
18,712,119
18,731,84
18,146,592
18,82,611
18,689,1031
18,1661,436
18,1890,493
18,1901,530
18,1908,510
18,1864,590
18,1877,591
18,1906,527
19,68,492
19,60,482
19,34,434
19,9,477
19,148,619
19,126,579
19,80,642
19,66,633
19,59,642
19,35,595
19,26,599
19,87,568
19,57,649
19,75,635
19,38,598
19,162,525
19,186,522
19,173,511
19,143,605
19,197,597
19,65,559
19,126,504
19,343,556
19,295,527
19,299,522
19,212,511
19,311,521
19,325,520
19,332,519
19,387,497
19,313,535
19,356,528
19,398,527
19,488,508
19,480,524
19,495,518
19,512,509
19,523,520
19,428,529
19,446,509
19,660,540
19,680,545
19,476,565
19,475,556
19,434,629
19,352,552
19,320,579
19,302,584
19,217,626
19,145,626
19,188,611
19,459,623
19,517,627
19,662,552
19,717,667
19,596,628
19,688,650
19,759,662
19,736,661
19,643,595
19,632,574
19,587,524
19,581,516
19,595,520
19,601,508
19,654,485
19,797,509
19,652,521
19,674,523
19,860,547
19,680,509
19,784,500
19,828,636
19,888,594
19,678,560
19,896,606
19,747,571
19,776,580
19,769,574
19,782,760
19,794,746
19,750,830
19,774,745
19,752,1006
19,726,1010
19,677,917
19,668,978
19,792,1041
19,795,799
19,727,711
19,722,642
19,787,585
19,803,699
19,789,633
19,681,791
19,701,733
19,713,731
19,801,587
19,794,595
19,788,540
19,782,375
19,798,420
19,876,543
19,823,418
19,794,445
19,794,436
19,783,460
19,797,460
19,824,444
19,682,476
19,733,478
19,673,465
19,681,474
19,757,426
19,759,410
19,844,392
19,782,228
19,796,286
19,785,284
19,802,100
19,796,27
19,783,69
19,797,93
19,772,105
19,773,37
19,762,106
19,771,92
19,772,213
19,797,229
19,713,112
19,712,41
19,707,66
19,721,82
19,926,552
19,875,616
19,918,604
19,868,540
19,1002,531
19,1016,524
19,980,560
19,1088,552
19,983,544
19,949,553
19,931,592
19,930,582
19,918,491
19,950,500
19,941,512
19,998,560
19,1017,504
19,1197,551
19,1181,551
19,1030,565
19,1055,563
19,1054,526
19,1222,489
19,1057,507
19,1245,475
19,1272,488
19,1179,566
19,1170,560
19,1191,504
19,1206,521
19,1084,500
19,1071,503
19,1193,496
19,1318,569
19,1198,526
19,1194,474
19,1229,469
19,1239,484
19,1246,489
19,1408,470
19,1400,466
19,1485,471
19,1290,464
19,1362,453
19,1505,470
19,1617,470
19,1612,487
19,1479,456
19,1479,449
19,1335,467
19,1437,481
19,1546,442
19,1514,455
19,1583,475
19,1541,474
19,1521,486
19,1527,419
19,1550,504
19,1391,603
19,1530,534
19,1599,503
19,1663,469
19,1565,460
19,1627,424
19,1623,448
19,1685,451
19,1667,456
19,1671,445
19,1816,1004
19,1823,948
19,1829,931
19,1809,954
19,1875,644
19,1827,827
19,1843,768
19,1862,490
19,1826,477
19,1908,474
19,1792,364
19,1832,407
19,1815,484
19,1857,526
19,998,491
19,935,497
19,604,494
19,712,119
19,731,84
19,146,592
19,82,611
19,690,1031
19,1661,436
19,1889,494
19,1901,530
19,1908,510
19,1864,595
19,1877,596
19,1906,527
20,73,496
20,63,486
20,39,433
20,14,443
20,13,472
20,149,619
20,128,577
20,84,645
20,70,635
20,62,645
20,34,588
20,25,592
20,93,568
20,56,647
20,81,634
20,37,604
20,166,523
20,195,522
20,178,512
20,157,503
20,147,606
20,203,600
20,62,562
20,125,499
20,350,555
20,298,528
20,300,522
20,209,510
20,312,521
20,325,520
20,332,519
20,387,496
20,308,535
20,379,511
20,373,511
20,351,529
20,392,527
20,484,509
20,475,525
20,491,518
20,509,509
20,520,520
20,431,527
20,446,508
20,664,541
20,685,545
20,470,565
20,469,556
20,442,630
20,356,550
20,325,577
20,308,582
20,211,626
20,141,626
20,189,611
20,458,623
20,514,626
20,663,549
20,720,669
20,603,627
20,690,651
20,762,667
20,739,666
20,645,594
20,627,573
20,583,524
20,578,516
20,591,521
20,597,508
20,655,486
20,804,509
20,645,521
20,668,524
20,864,547
20,675,509
20,789,502
20,833,639
20,894,596
20,671,563
20,901,609
20,739,572
20,777,575
20,770,569
20,783,767
20,796,749
20,750,837
20,776,750
20,752,1018
20,726,1018
20,679,909
20,670,989
20,796,794
20,725,705
20,720,638
20,788,578
20,803,699
20,784,631
20,679,785
20,701,733
20,713,731
20,801,585
20,794,592
20,781,543
20,783,368
20,797,416
20,880,547
20,822,417
20,798,445
20,797,436
20,780,458
20,794,458
20,827,443
20,681,478
20,728,476
20,676,466
20,679,475
20,756,429
20,764,411
20,846,391
20,783,223
20,795,291
20,785,288
20,804,96
20,795,23
20,784,67
20,797,93
20,772,105
20,774,42
20,762,107
20,771,92
20,772,220
20,797,227
20,713,113
20,713,43
20,707,65
20,720,83
20,931,550
20,873,616
20,913,604
20,872,544
20,1008,532
20,1021,526
20,980,559
20,1092,549
20,991,546
20,944,555
20,932,593
20,930,582
20,918,492
20,951,499
20,941,512
20,998,561
20,1203,553
20,1187,552
20,1030,565
20,1055,563
20,1049,524
20,1223,487
20,1053,506
20,1251,475
20,1275,488
20,1174,565
20,1164,559
20,1186,507
20,1210,523
20,1085,501
20,1070,501
20,1190,497
20,1318,572
20,1203,529
20,1202,479
20,1229,469
20,1236,487
20,1242,492
20,1412,469
20,1405,464
20,1489,471
20,1285,464
20,1360,454
20,1511,470
20,1625,468
20,1619,487
20,1479,456
20,1479,449
20,1329,468
20,1435,485
20,1555,440
20,1515,455
20,1589,477
20,1548,474
20,1529,486
20,1533,419
20,1556,501
20,1504,441
20,1393,606
20,1529,533
20,1593,506
20,1658,470
20,1557,461
20,1620,424
20,1615,448
20,1684,446
20,1664,456
20,1669,445
20,1818,1001
20,1824,943
20,1828,925
20,1809,948
20,1826,832
20,1843,762
20,1859,489
20,1824,477
20,1788,370
20,1829,412
20,1815,484
20,1858,526
20,998,491
20,935,497
20,604,494
20,712,119
20,731,84
20,146,592
20,82,611
20,805,389
20,690,1031
20,1661,437
20,1890,495
20,1910,547
20,1901,530
20,1908,510
20,1863,601
20,1876,601
20,1906,527
21,77,499
21,67,490
21,17,448
21,19,467
21,149,619
21,130,576
21,86,651
21,76,638
21,65,648
21,31,581
21,24,585
21,99,568
21,55,645
21,87,634
21,37,611
21,170,521
21,205,523
21,184,513
21,163,505
21,151,606
21,209,604
21,58,565
21,123,494
21,358,554
21,301,529
21,301,522
21,206,509
21,312,521
21,326,520
21,332,519
21,387,496
21,303,534
21,376,513
21,370,512
21,346,531
21,386,529
21,480,511
21,470,526
21,487,521
21,506,509
21,517,520
21,433,526
21,446,508
21,669,541
21,690,546
21,464,565
21,463,555
21,449,631
21,360,548
21,331,574
21,314,581
21,204,626
21,137,626
21,189,611
21,454,623
21,510,625
21,664,547
21,723,671
21,611,627
21,692,653
21,765,673
21,742,672
21,648,594
21,622,572
21,580,525
21,574,517
21,586,521
21,593,508
21,655,486
21,809,508
21,639,522
21,662,525
21,867,547
21,671,510
21,794,505
21,837,643
21,899,600
21,665,565
21,906,613
21,731,573
21,777,570
21,771,564
21,783,774
21,798,752
21,751,845
21,777,755
21,752,1028
21,724,1026
21,679,901
21,671,999
21,667,909
21,796,789
21,725,699
21,718,635
21,790,572
21,803,699
21,780,630
21,677,780
21,701,733
21,713,731
21,800,584
21,794,590
21,774,547
21,783,362
21,795,412
21,883,551
21,821,416
21,803,444
21,800,436
21,778,457
21,792,455
21,830,443
21,680,483
21,723,475
21,680,467
21,678,477
21,754,432
21,771,414
21,850,390
21,784,219
21,795,296
21,784,293
21,806,91
21,795,19
21,785,65
21,797,93
21,772,105
21,775,47
21,763,107
21,771,92
21,772,226
21,797,224
21,713,113
21,713,44
21,708,63
21,720,84
21,936,548
21,872,618
21,910,602
21,876,548
21,1014,534
21,1027,529
21,980,558
21,1095,546
21,998,548
21,937,557
21,932,593
21,930,582
21,918,492
21,951,499
21,941,512
21,998,561
21,1209,555
21,1193,554
21,1030,565
21,1056,563
21,1042,522
21,1225,485
21,1050,507
21,1257,475
21,1279,488
21,1166,567
21,1161,558
21,1182,510
21,1214,527
21,1086,502
21,1070,500
21,1187,498
21,1324,574
21,1207,532
21,1208,481
21,1229,469
21,1233,490
21,1238,495
21,1417,468
21,1410,463
21,1494,472
21,1280,465
21,1358,455
21,1517,469
21,1633,467
21,1626,488
21,1480,457
21,1480,449
21,1322,468
21,1434,489
21,1561,438
21,1519,455
21,1596,477
21,1554,475
21,1538,486
21,1539,418
21,1561,500
21,1509,441
21,1394,608
21,1528,531
21,1586,509
21,1650,470
21,1548,465
21,1612,424
21,1608,448
21,1682,441
21,1662,456
21,1668,445
21,1822,999
21,1824,937
21,1826,919
21,1809,943
21,1826,837
21,1856,488
21,1821,477
21,1784,376
21,1824,415
21,1815,484
21,1858,526
21,998,491
21,935,497
21,604,494
21,712,119
21,731,84
21,147,592
21,82,611
21,806,393
21,690,1031
21,1661,437
21,1890,496
21,1898,548
21,1901,530
21,1908,510
21,1861,605
21,1874,607
21,1906,527
22,82,503
22,70,494
22,20,453
22,27,462
22,149,619
22,132,575
22,81,642
22,69,652
22,29,573
22,23,578
22,105,568
22,55,643
22,92,634
22,36,617
22,174,520
22,214,524
22,189,514
22,170,506
22,155,607
22,215,606
22,55,567
22,121,489
22,365,554
22,304,530
22,302,523
22,204,509
22,312,521
22,326,520
22,332,519
22,387,495
22,298,533
22,373,516
22,368,513
22,341,533
22,380,530
22,477,513
22,465,527
22,481,524
22,504,509
22,513,520
22,435,525
22,446,508
22,674,543
22,695,548
22,457,565
22,457,555
22,364,546
22,336,573
22,320,579
22,198,627
22,132,626
22,189,611
22,450,623
22,507,624
22,665,544
22,727,674
22,619,627
22,693,654
22,768,678
22,745,677
22,650,594
22,616,571
22,576,526
22,571,518
22,582,521
22,588,508
22,655,486
22,815,507
22,632,522
22,657,525
22,871,547
22,666,511
22,800,507
22,842,647
22,904,603
22,657,565
22,724,575
22,779,565
22,772,559
22,783,781
22,800,755
22,752,852
22,779,760
22,752,1039
22,723,1033
22,677,891
22,673,1009
22,670,916
22,796,785
22,724,693
22,717,631
22,791,567
22,803,699
22,775,628
22,676,774
22,701,733
22,713,731
22,800,582
22,794,587
22,767,550
22,782,356
22,793,408
22,887,554
22,820,415
22,806,444
22,803,436
22,776,456
22,789,452
22,833,442
22,679,488
22,719,474
22,683,470
22,676,478
22,752,435
22,777,417
22,731,458
22,851,389
22,784,214
22,794,300
22,784,298
22,807,86
22,796,16
22,787,62
22,797,94
22,772,105
22,775,52
22,764,108
22,771,92
22,772,233
22,797,221
22,713,114
22,712,44
22,708,61
22,719,85
22,941,546
22,871,619
22,908,600
22,922,606
22,880,552
22,1019,536
22,1034,530
22,980,558
22,1099,543
22,1004,548
22,928,558
22,932,593
22,930,582
22,918,493
22,951,498
22,941,512
22,999,561
22,1216,558
22,1200,555
22,1030,565
22,1056,563
22,1037,522
22,1228,483
22,1046,507
22,1263,476
22,1283,488
22,1157,557
22,1178,510
22,1218,530
22,1086,502
22,1069,500
22,1183,500
22,1330,576
22,1212,536
22,1215,483
22,1229,469
22,1228,493
22,1234,499
22,1421,467
22,1415,462
22,1501,472
22,1277,465
22,1357,455
22,1523,468
22,1637,465
22,1635,488
22,1480,457
22,1480,449
22,1315,468
22,1434,493
22,1568,437
22,1525,454
22,1602,477
22,1560,475
22,1546,486
22,1546,418
22,1565,501
22,1515,442
22,1395,611
22,1527,530
22,1579,512
22,1643,470
22,1543,464
22,1607,425
22,1601,449
22,1678,434
22,1656,457
22,1666,445
22,1825,996
22,1824,932
22,1825,913
22,1810,937
22,1825,841
22,1853,488
22,1819,477
22,1778,380
22,1819,418
22,1814,485
22,1858,526
22,998,491
22,935,497
22,604,494
22,712,119
22,731,84
22,147,592
22,82,611
22,805,398
22,690,1030
22,1661,437
22,1889,496
22,1890,548
22,1861,462
22,1901,532
22,1908,510
22,1862,609
22,1872,612
22,1906,527
23,86,504
23,73,497
23,24,458
23,34,457
23,11,445
23,149,619
23,134,574
23,87,646
23,27,565
23,22,571
23,110,569
23,54,641
23,36,623
23,178,519
23,222,525
23,194,514
23,176,508
23,159,608
23,221,609
23,53,571
23,119,484
23,372,553
23,308,531
23,303,523
23,200,508
23,313,522
23,326,520
23,332,519
23,388,493
23,293,531
23,370,518
23,366,515
23,336,535
23,374,531
23,473,515
23,461,528
23,476,525
23,501,509
23,510,521
23,437,524
23,446,507
23,679,544
23,700,549
23,451,565
23,450,555
23,369,545
23,342,572
23,326,578
23,191,629
23,128,626
23,189,611
23,446,623
23,504,624
23,667,541
23,730,676
23,695,655
23,771,684
23,748,683
23,653,593
23,611,570
23,572,526
23,567,518
23,578,521
23,587,506
23,655,486
23,821,506
23,626,523
23,651,526
23,876,544
23,663,512
23,805,509
23,846,651
23,908,607
23,650,565
23,716,575
23,780,559
23,773,554
23,783,788
23,802,757
23,753,860
23,780,765
23,752,1049
23,721,1041
23,677,881
23,675,1018
23,672,923
23,796,779
23,723,687
23,715,627
23,793,561
23,803,699
23,771,626
23,675,768
23,701,733
23,713,731
23,800,579
23,793,585
23,760,555
23,782,350
23,791,404
23,890,558
23,819,414
23,809,444
23,806,436
23,772,455
23,786,450
23,840,439
23,678,491
23,714,474
23,688,473
23,675,480
23,751,436
23,783,419
23,742,428
23,738,461
23,851,388
23,784,209
23,793,305
23,783,303
23,807,80
23,797,13
23,788,58
23,797,92
23,772,105
23,776,57
23,763,108
23,770,92
23,772,240
23,797,218
23,714,114
23,712,45
23,708,60
23,719,86
23,947,544
23,870,621
23,906,598
23,917,602
23,883,556
23,1025,539
23,1041,530
23,980,557
23,1102,540
23,1010,548
23,927,560
23,932,593
23,930,582
23,918,494
23,951,498
23,941,512
23,999,561
23,1222,560
23,1207,557
23,1031,566
23,1056,563
23,1031,521
23,1232,482
23,1042,509
23,1268,476
23,1288,488
23,1153,557
23,1175,511
23,1222,533
23,1087,503
23,1068,500
23,1179,501
23,1336,579
23,1217,539
23,1222,485
23,1229,469
23,1224,496
23,1231,504
23,1426,465
23,1420,460
23,1509,472
23,1275,466
23,1355,456
23,1529,469
23,1644,464
23,1643,488
23,1481,457
23,1481,449
23,1310,469
23,1435,493
23,1575,437
23,1532,452
23,1608,479
23,1566,475
23,1552,486
23,1552,418
23,1571,498
23,1520,441
23,1526,530
23,1573,515
23,1636,470
23,1537,464
23,1602,425
23,1594,451
23,1674,428
23,1651,456
23,1663,444
23,1828,994
23,1824,927
23,1823,907
23,1811,932
23,1894,630
23,1825,846
23,1850,488
23,1817,477
23,1772,384
23,1814,421
23,1814,485
23,1858,526
23,998,491
23,935,497
23,604,494
23,712,119
23,731,84
23,147,592
23,82,611
23,805,403
23,690,1030
23,1661,437
23,1887,494
23,1881,546
23,1866,460
23,1904,533
23,1908,510
23,1862,613
23,1874,615
23,1906,527
24,89,506
24,77,499
24,27,463
24,40,452
24,13,448
24,149,618
24,135,573
24,93,650
24,25,558
24,21,564
24,115,570
24,54,639
24,37,629
24,182,517
24,230,527
24,199,515
24,182,509
24,163,609
24,227,612
24,52,576
24,117,479
24,380,553
24,311,533
24,304,524
24,195,507
24,313,522
24,327,520
24,332,519
24,388,489
24,289,530
24,367,521
24,363,516
24,331,537
24,368,532
24,469,517
24,457,528
24,471,527
24,498,509
24,507,521
24,439,523
24,446,507
24,685,546
24,704,550
24,444,565
24,444,554
24,375,544
24,347,571
24,332,576
24,184,630
24,124,626
24,189,611
24,443,624
24,501,624
24,669,538
24,734,678
24,695,655
24,773,690
24,751,689
24,656,593
24,605,570
24,567,526
24,562,518
24,574,521
24,588,503
24,656,487
24,826,505
24,620,523
24,645,526
24,880,541
24,659,513
24,810,511
24,849,654
24,913,610
24,642,565
24,708,575
24,781,554
24,774,549
24,783,795
24,802,757
24,751,866
24,781,771
24,752,1059
24,720,1048
24,677,872
24,677,1028
24,674,929
24,658,905
24,796,773
24,722,681
24,713,624
24,794,556
24,803,699
24,766,625
24,701,733
24,713,731
24,801,575
24,793,582
24,754,561
24,782,345
24,790,400
24,893,561
24,817,412
24,813,444
24,810,437
24,768,453
24,782,448
24,847,437
24,678,493
24,690,477
24,673,482
24,750,438
24,787,421
24,745,465
24,848,391
24,784,204
24,793,310
24,782,307
24,807,74
24,798,10
24,789,55
24,797,90
24,772,105
24,777,62
24,763,108
24,770,92
24,773,247
24,797,215
24,715,114
24,705,107
24,711,45
24,708,58
24,719,87
24,952,543
24,870,623
24,904,596
24,913,600
24,886,560
24,1030,541
24,1048,531
24,980,557
24,1103,537
24,1017,546
24,924,560
24,932,593
24,930,582
24,918,494
24,951,498
24,941,512
24,954,513
24,999,561
24,1228,562
24,1214,559
24,1031,566
24,1056,563
24,1025,521
24,1236,481
24,1037,510
24,1273,476
24,1290,487
24,1148,557
24,1172,512
24,1227,536
24,1088,504
24,1068,500
24,1175,502
24,1342,581
24,1221,543
24,1215,472
24,1229,486
24,1229,469
24,1218,496
24,1226,504
24,1432,464
24,1425,459
24,1516,473
24,1274,467
24,1353,457
24,1535,470
24,1652,464
24,1652,488
24,1481,457
24,1481,449
24,1306,471
24,1437,490
24,1582,436
24,1539,450
24,1615,480
24,1573,474
24,1559,486
24,1558,418
24,1577,496
24,1525,441
24,1519,429
24,1526,530
24,1567,520
24,1629,469
24,1530,464
24,1596,424
24,1587,452
24,1671,423
24,1646,455
24,1658,443
24,1829,992
24,1823,921
24,1823,903
24,1812,926
24,1895,624
24,1824,849
24,1847,488
24,1816,476
24,1766,388
24,1809,424
24,1814,485
24,1857,526
24,998,491
24,935,497
24,604,494
24,712,119
24,731,84
24,147,592
24,82,611
24,804,408
24,690,1030
24,1661,438
24,1884,494
24,1872,543
24,1870,464
24,1906,534
24,1908,510
24,1861,618
24,1872,620
24,1906,527
25,93,507
25,80,502
25,31,468
25,47,447
25,15,452
25,149,618
25,136,572
25,23,550
25,21,558
25,120,572
25,53,637
25,38,635
25,186,516
25,238,528
25,204,516
25,189,511
25,166,610
25,233,615
25,51,581
25,115,475
25,388,552
25,316,533
25,306,526
25,191,507
25,313,522
25,327,520
25,334,519
25,284,529
25,364,523
25,361,517
25,325,538
25,361,533
25,466,519
25,454,528
25,467,529
25,496,509
25,503,522
25,441,521
25,446,506
25,690,548
25,709,552
25,438,565
25,438,554
25,381,544
25,353,570
25,337,575
25,177,630
25,119,626
25,189,611
25,441,623
25,498,623
25,671,535
25,738,681
25,678,676
25,695,655
25,774,697
25,754,696
25,658,593
25,600,569
25,563,526
25,558,518
25,570,522
25,589,500
25,656,487
25,832,504
25,613,524
25,639,526
25,884,539
25,656,514
25,815,513
25,635,564
25,700,574
25,781,549
25,774,544
25,784,802
25,802,757
25,750,873
25,783,776
25,752,1068
25,720,1056
25,677,863
25,678,1037
25,671,901
25,674,935
25,659,912
25,796,767
25,721,676
25,712,621
25,795,550
25,803,698
25,761,624
25,701,733
25,713,731
25,801,572
25,792,579
25,747,566
25,779,338
25,788,395
25,897,565
25,815,410
25,815,444
25,812,436
25,766,452
25,779,446
25,852,434
25,678,494
25,692,481
25,672,484
25,749,440
25,791,423
25,752,469
25,845,393
25,783,199
25,792,314
25,782,312
25,805,70
25,790,52
25,796,89
25,772,105
25,778,67
25,763,109
25,770,92
25,774,254
25,797,212
25,715,114
25,706,102
25,710,46
25,708,57
25,718,88
25,957,542
25,867,625
25,901,595
25,910,601
25,889,563
25,1036,543
25,1055,531
25,980,556
25,1105,534
25,1022,546
25,919,562
25,932,593
25,930,582
25,918,495
25,950,499
25,941,512
25,951,520
25,999,561
25,1234,563
25,1220,559
25,1031,566
25,1056,563
25,1019,520
25,1238,478
25,1032,511
25,1278,476
25,1293,487
25,1143,557
25,1167,513
25,1230,540
25,1089,505
25,1068,501
25,1171,504
25,1347,583
25,1226,545
25,1219,475
25,1234,487
25,1229,469
25,1212,497
25,1227,510
25,1438,462
25,1431,458
25,1523,474
25,1274,468
25,1352,458
25,1542,468
25,1658,464
25,1658,488
25,1484,456
25,1484,448
25,1302,473
25,1441,486
25,1589,435
25,1546,446
25,1623,482
25,1580,474
25,1565,486
25,1564,417
25,1583,496
25,1530,441
25,1525,429
25,1525,531
25,1560,524
25,1621,466
25,1522,464
25,1590,425
25,1580,453
25,1666,420
25,1637,455
25,1652,443
25,1829,991
25,1823,916
25,1823,899
25,1813,921
25,1895,618
25,1824,853
25,1844,488
25,1815,476
25,1761,392
25,1804,428
25,1813,485
25,1856,526
25,998,491
25,935,497
25,604,494
25,712,119
25,731,84
25,147,592
25,82,611
25,802,410
25,690,1029
25,1661,438
25,1882,495
25,1865,541
25,1909,535
25,1908,510
25,1861,623
25,1869,626
25,1906,527
26,97,508
26,84,505
26,32,471
26,53,442
26,17,455
26,13,436
26,149,618
26,138,571
26,21,542
26,17,551
26,125,573
26,52,635
26,39,641
26,190,515
26,245,529
26,209,517
26,195,514
26,168,611
26,238,620
26,50,586
26,114,470
26,396,551
26,321,532
26,308,528
26,187,507
26,314,522
26,328,520
26,336,518
26,279,528
26,361,526
26,359,518
26,319,538
26,354,534
26,463,521
26,451,528
26,462,530
26,493,509
26,500,522
26,442,521
26,446,506
26,695,549
26,714,553
26,431,565
26,432,554
26,387,543
26,359,570
26,343,573
26,170,629
26,115,626
26,189,611
26,438,624
26,494,623
26,673,532
26,742,684
26,679,684
26,696,655
26,776,704
26,757,702
26,661,592
26,594,568
26,559,527
26,554,518
26,566,523
26,588,497
26,656,487
26,837,504
26,607,524
26,632,526
26,888,536
26,652,516
26,821,513
26,627,564
26,693,574
26,781,544
26,775,539
26,784,809
26,803,757
26,748,880
26,784,782
26,719,1062
26,677,854
26,680,1046
26,671,909
26,675,941
26,660,919
26,796,762
26,720,670
26,710,618
26,797,544
26,803,698
26,756,623
26,701,733
26,713,731
26,800,568
26,792,577
26,739,569
26,777,331
26,786,390
26,900,570
26,818,443
26,815,435
26,764,451
26,775,443
26,856,431
26,677,495
26,694,486
26,671,488
26,748,443
26,795,424
26,758,473
26,842,395
26,783,194
26,792,319
26,782,317
26,803,67
26,790,49
26,795,87
26,772,105
26,779,71
26,763,109
26,770,92
26,775,261
26,797,210
26,715,114
26,708,97
26,709,47
26,708,57
26,718,89
26,963,542
26,864,627
26,898,594
26,906,602
26,892,567
26,1041,546
26,1062,531
26,980,556
26,1107,532
26,1027,546
26,911,564
26,932,593
26,931,582
26,918,496
26,950,499
26,941,512
26,946,524
26,1000,561
26,1240,563
26,1226,558
26,1032,566
26,1056,563
26,1015,520
26,1241,476
26,1029,512
26,1068,564
26,1283,477
26,1296,487
26,1138,555
26,1162,515
26,1232,543
26,1090,506
26,1068,501
26,1165,505
26,1351,584
26,1231,547
26,1223,478
26,1239,490
26,1229,469
26,1208,500
26,1218,511
26,1444,460
26,1436,456
26,1530,474
26,1267,468
26,1350,458
26,1548,467
26,1664,464
26,1664,488
26,1488,454
26,1486,447
26,1296,473
26,1441,487
26,1597,434
26,1554,444
26,1630,483
26,1586,474
26,1571,486
26,1570,417
26,1589,496
26,1535,441
26,1530,429
26,1524,531
26,1423,612
26,1556,529
26,1613,462
26,1514,464
26,1583,427
26,1573,454
26,1660,417
26,1628,456
26,1646,444
26,1829,990
26,1823,911
26,1823,895
26,1813,916
26,1895,611
26,1824,856
26,1842,488
26,1814,475
26,1752,394
26,1799,430
26,1813,485
26,1855,525
26,998,491
26,935,497
26,604,494
26,712,119
26,731,84
26,147,592
26,82,611
26,800,413
26,690,1029
26,1661,438
26,1877,495
26,1860,540
26,1909,539
26,1908,510
26,1861,628
26,1869,632
26,1906,527
27,101,510
27,87,507
27,35,472
27,19,458
27,17,437
27,149,618
27,145,570
27,19,534
27,15,545
27,130,575
27,52,633
27,41,647
27,194,513
27,253,531
27,214,517
27,201,518
27,170,612
27,243,625
27,49,591
27,112,465
27,405,550
27,329,530
27,311,530
27,183,507
27,314,523
27,328,520
27,339,517
27,274,527
27,359,529
27,357,520
27,313,538
27,347,535
27,461,522
27,446,528
27,458,532
27,491,509
27,496,523
27,469,516
27,433,530
27,446,506
27,700,551
27,718,555
27,427,564
27,430,554
27,393,542
27,365,570
27,349,571
27,163,629
27,111,626
27,189,611
27,435,625
27,492,623
27,494,633
27,677,531
27,746,687
27,681,692
27,696,655
27,778,710
27,760,709
27,663,592
27,589,567
27,555,527
27,550,516
27,561,523
27,588,496
27,656,487
27,843,504
27,600,525
27,626,526
27,892,534
27,648,516
27,827,514
27,619,564
27,685,573
27,782,539
27,776,534
27,784,817
27,803,758
27,747,887
27,785,787
27,720,1072
27,677,845
27,681,1055
27,671,918
27,675,947
27,660,925
27,796,757
27,719,665
27,708,616
27,798,539
27,802,698
27,751,621
27,701,733
27,713,731
27,667,998
27,799,564
27,791,574
27,732,573
27,775,324
27,785,386
27,904,574
27,820,443
27,818,435
27,762,449
27,772,441
27,860,429
27,677,497
27,696,490
27,669,491
27,747,445
27,798,426
27,767,477
27,840,397
27,782,189
27,793,325
27,783,323
27,801,65
27,790,45
27,794,84
27,772,105
27,779,76
27,762,110
27,769,92
27,774,268
27,797,208
27,715,114
27,709,92
27,709,47
27,708,56
27,717,90
27,968,542
27,863,627
27,895,593
27,904,602
27,895,570
27,1046,547
27,1069,531
27,980,555
27,1107,527
27,1033,543
27,906,565
27,932,593
27,931,582
27,918,496
27,949,500
27,941,512
27,940,527
27,1000,561
27,1246,564
27,1232,559
27,1032,566
27,1056,563
27,1007,521
27,1242,474
27,1026,513
27,1067,560
27,1288,477
27,1298,487
27,1130,553
27,1157,517
27,1239,542
27,1092,507
27,1068,502
27,1159,506
27,1354,586
27,1236,548
27,1226,481
27,1246,490
27,1229,469
27,1203,503
27,1210,513
27,1450,458
27,1442,455
27,1537,475
27,1260,467
27,1347,457
27,1553,466
27,1671,464
27,1672,488
27,1491,452
27,1489,445
27,1291,473
27,1440,490
27,1604,433
27,1562,442
27,1635,483
27,1594,475
27,1581,487
27,1578,417
27,1595,496
27,1540,441
27,1536,429
27,1524,531
27,1423,606
27,1552,533
27,1602,460
27,1506,465
27,1578,426
27,1565,454
27,1655,412
27,1623,456
27,1641,447
27,1830,989
27,1823,906
27,1823,891
27,1813,911
27,1895,604
27,1824,860
27,1839,487
27,1813,475
27,1744,396
27,1792,430
27,1813,485
27,1855,525
27,998,491
27,935,497
27,604,494
27,712,119
27,731,84
27,147,592
27,82,611
27,798,415
27,690,1029
27,1661,438
27,1872,495
27,1852,538
27,1908,541
27,1908,510
27,1859,633
27,1867,634
27,1906,527
28,104,511
28,91,510
28,39,476
28,21,462
28,20,437
28,150,618
28,151,568
28,15,529
28,12,539
28,135,574
28,51,631
28,41,652
28,198,513
28,261,533
28,219,518
28,207,521
28,172,613
28,248,629
28,49,594
28,110,461
28,413,549
28,331,530
28,316,530
28,314,523
28,329,520
28,340,517
28,269,526
28,357,530
28,354,522
28,307,538
28,341,536
28,459,523
28,441,528
28,453,532
28,489,510
28,492,523
28,467,518
28,424,539
28,705,553
28,723,555
28,424,563
28,429,554
28,399,542
28,371,570
28,354,570
28,157,628
28,106,628
28,189,611
28,432,626
28,489,623
28,488,633
28,683,531
28,750,689
28,683,699
28,696,655
28,779,716
28,763,715
28,666,592
28,584,567
28,552,527
28,547,515
28,557,523
28,589,496
28,657,488
28,848,504
28,591,525
28,619,526
28,896,532
28,644,517
28,833,515
28,611,563
28,677,572
28,782,534
28,777,529
28,784,824
28,804,758
28,745,894
28,786,793
28,677,837
28,681,1063
28,672,925
28,676,953
28,661,932
28,796,753
28,716,661
28,706,615
28,800,533
28,802,699
28,746,619
28,701,733
28,713,731
28,667,992
28,798,561
28,789,572
28,722,573
28,775,316
28,783,383
28,906,578
28,807,405
28,824,443
28,822,435
28,759,447
28,769,438
28,864,426
28,676,498
28,701,491
28,667,494
28,745,447
28,801,427
28,777,481
28,838,400
28,781,186
28,794,331
28,783,328
28,799,62
28,790,42
28,794,81
28,772,105
28,780,81
28,762,111
28,769,92
28,772,276
28,797,205
28,715,114
28,710,88
28,708,48
28,708,55
28,717,91
28,974,542
28,861,628
28,889,593
28,902,603
28,897,573
28,1053,550
28,1076,531
28,980,555
28,1108,523
28,1039,540
28,903,566
28,932,593
28,931,582
28,918,497
28,949,500
28,941,512
28,935,530
28,1000,561
28,1252,565
28,1238,561
28,1032,566
28,1055,564
28,1001,522
28,1023,514
28,1065,558
28,1293,477
28,1299,487
28,1123,552
28,1153,519
28,1244,545
28,1096,507
28,1068,502
28,1155,507
28,1358,586
28,1241,550
28,1230,483
28,1254,491
28,1229,469
28,1199,505
28,1206,515
28,1456,455
28,1448,453
28,1543,475
28,1260,468
28,1344,457
28,1559,467
28,1678,464
28,1681,490
28,1495,452
28,1492,444
28,1285,473
28,1439,492
28,1611,432
28,1570,440
28,1641,484
28,1601,476
28,1589,488
28,1585,417
28,1601,495
28,1545,441
28,1540,430
28,1524,531
28,1424,600
28,1548,537
28,1591,459
28,1499,465
28,1573,424
28,1557,454
28,1649,408
28,1617,456
28,1635,449
28,1831,989
28,1824,901
28,1823,886
28,1813,907
28,1895,598
28,1824,864
28,1837,486
28,1812,474
28,1737,398
28,1785,430
28,1812,485
28,1854,525
28,998,491
28,935,497
28,604,494
28,712,119
28,731,84
28,147,592
28,82,611
28,796,418
28,690,1029
28,1661,439
28,1869,494
28,1840,533
28,1907,544
28,1908,510
28,1856,637
28,1865,637
28,1906,527
29,108,512
29,95,513
29,44,480
29,24,466
29,24,438
29,150,618
29,157,566
29,11,527
29,9,533
29,141,573
29,49,629
29,204,515
29,268,535
29,224,519
29,214,524
29,174,613
29,50,597
29,108,456
29,422,548
29,334,529
29,320,531
29,315,523
29,329,521
29,341,517
29,264,525
29,355,531
29,352,524
29,302,536
29,334,536
29,456,524
29,436,528
29,448,533
29,487,510
29,488,523
29,466,521
29,415,547
29,709,555
29,728,555
29,420,562
29,428,555
29,404,541
29,377,570
29,360,569
29,150,628
29,101,630
29,189,611
29,429,627
29,486,623
29,482,633
29,688,531
29,752,693
29,684,707
29,696,655
29,781,722
29,766,722
29,669,591
29,579,566
29,547,526
29,543,515
29,553,523
29,590,495
29,657,488
29,853,504
29,583,526
29,612,526
29,900,530
29,640,517
29,839,515
29,603,563
29,670,571
29,783,529
29,778,525
29,784,831
29,804,758
29,743,901
29,788,800
29,678,828
29,681,1071
29,674,931
29,676,959
29,662,938
29,795,748
29,712,657
29,704,614
29,801,527
29,802,700
29,742,618
29,701,733
29,713,731
29,667,986
29,797,558
29,787,570
29,713,573
29,776,309
29,782,380
29,909,582
29,806,403
29,828,444
29,826,436
29,757,443
29,766,435
29,867,425
29,674,501
29,701,495
29,666,497
29,744,448
29,804,428
29,785,483
29,835,402
29,780,182
29,794,335
29,784,332
29,797,60
29,790,39
29,793,78
29,772,105
29,781,86
29,761,111
29,769,92
29,772,280
29,797,202
29,715,114
29,710,84
29,707,48
29,708,54
29,717,92
29,979,542
29,859,628
29,882,594
29,899,604
29,900,577
29,1058,549
29,1083,531
29,980,554
29,1109,522
29,1045,537
29,899,567
29,932,593
29,931,582
29,918,497
29,948,501
29,941,512
29,930,533
29,1000,561
29,1259,567
29,1244,563
29,1032,566
29,1055,565
29,996,522
29,1018,515
29,1060,558
29,1298,477
29,1299,488
29,1118,552
29,1149,520
29,1250,544
29,1100,507
29,1067,504
29,1151,508
29,1362,587
29,1246,552
29,1234,483
29,1263,490
29,1229,469
29,1194,506
29,1202,517
29,1461,452
29,1451,451
29,1549,475
29,1261,476
29,1342,459
29,1566,468
29,1684,465
29,1690,492
29,1499,452
29,1495,443
29,1280,474
29,1439,495
29,1405,451
29,1619,429
29,1578,439
29,1649,484
29,1609,476
29,1597,488
29,1591,417
29,1605,495
29,1549,441
29,1544,431
29,1525,531
29,1424,594
29,1544,542
29,1580,457
29,1491,465
29,1567,424
29,1549,457
29,1642,406
29,1612,456
29,1630,449
29,1831,990
29,1824,897
29,1824,881
29,1815,902
29,1892,592
29,1822,867
29,1835,485
29,1811,474
29,1730,399
29,1778,429
29,1812,485
29,1853,524
29,998,491
29,935,497
29,604,494
29,712,119
29,731,84
29,147,592
29,82,611
29,794,421
29,690,1029
29,1661,439
29,1862,494
29,1832,532
29,1903,545
29,1908,510
29,1853,641
29,1863,640
29,1906,527
30,111,511
30,98,515
30,48,484
30,26,471
30,28,439
30,18,435
30,150,618
30,162,563
30,6,525
30,146,572
30,47,627
30,210,516
30,276,537
30,229,519
30,220,528
30,176,614
30,50,601
30,432,549
30,337,529
30,325,531
30,315,523
30,330,522
30,342,517
30,258,523
30,353,532
30,350,526
30,297,534
30,327,537
30,454,525
30,431,528
30,444,533
30,484,510
30,484,523
30,464,523
30,406,556
30,713,557
30,733,555
30,417,562
30,427,555
30,410,540
30,383,569
30,366,568
30,143,628
30,96,632
30,189,611
30,425,628
30,484,623
30,476,633
30,694,531
30,755,696
30,686,715
30,696,655
30,783,727
30,769,729
30,671,591
30,574,566
30,542,526
30,538,515
30,549,525
30,657,488
30,856,504
30,574,526
30,607,525
30,905,529
30,637,518
30,844,516
30,595,563
30,662,569
30,783,526
30,778,519
30,784,839
30,804,759
30,742,908
30,790,806
30,679,820
30,675,936
30,677,964
30,662,945
30,795,744
30,710,653
30,702,612
30,801,521
30,802,701
30,737,616
30,701,733
30,713,731
30,664,978
30,796,556
30,785,569
30,704,574
30,777,301
30,781,378
30,911,587
30,805,401
30,832,444
30,829,436
30,756,439
30,763,432
30,672,503
30,701,499
30,664,501
30,743,449
30,808,426
30,792,484
30,832,404
30,780,179
30,794,340
30,784,337
30,794,55
30,790,36
30,793,75
30,772,105
30,782,90
30,761,112
30,769,92
30,772,283
30,797,199
30,715,114
30,709,81
30,706,49
30,708,54
30,717,92
30,985,542
30,859,629
30,877,595
30,894,604
30,904,581
30,1063,549
30,1090,532
30,980,554
30,1110,521
30,1050,535
30,892,567
30,932,593
30,931,582
30,918,498
30,948,501
30,941,512
30,925,534
30,1001,562
30,1265,569
30,1249,566
30,1031,566
30,1055,565
30,990,522
30,1013,515
30,1054,556
30,1303,477
30,1300,488
30,1113,550
30,1146,521
30,1255,544
30,1104,507
30,1067,505
30,1148,510
30,1366,587
30,1251,554
30,1237,485
30,1272,487
30,1229,469
30,1190,508
30,1197,519
30,1555,476
30,1263,480
30,1340,460
30,1571,468
30,1689,465
30,1699,494
30,1503,450
30,1498,441
30,1276,474
30,1439,499
30,1251,475
30,1400,451
30,1626,428
30,1586,438
30,1656,485
30,1617,475
30,1604,486
30,1598,417
30,1609,494
30,1553,441
30,1548,432
30,1525,531
30,1423,588
30,1540,547
30,1573,455
30,1486,466
30,1560,423
30,1542,457
30,1636,402
30,1608,454
30,1625,450
30,1832,990
30,1825,892
30,1824,876
30,1828,1072
30,1817,897
30,1890,586
30,1820,870
30,1833,484
30,1810,473
30,1724,401
30,1772,428
30,1812,485
30,1852,524
30,998,491
30,935,497
30,604,494
30,712,119
30,731,84
30,147,592
30,82,611
30,792,423
30,690,1029
30,1661,439
30,1855,494
30,1827,530
30,1900,547
30,1908,510
30,1850,644
30,1859,645
30,1906,527
