1,292,919
1,302,945
1,296,938
1,273,922
1,281,917
1,60,983
1,268,922
1,96,802
1,91,804
1,104,780
1,97,780
1,85,654
1,215,633
1,257,551
1,324,581
1,310,560
1,346,477
1,349,612
1,351,616
1,346,618
1,252,623
1,260,638
1,261,622
1,261,627
1,260,631
1,182,665
1,133,884
1,62,590
1,59,595
1,980,121
1,938,184
1,944,185
1,1020,102
1,1003,285
1,1098,288
1,757,414
1,933,559
1,940,560
1,985,728
1,919,564
1,705,967
1,706,903
1,701,970
1,642,896
1,646,883
1,612,956
1,600,982
1,687,998
1,690,993
1,749,1031
1,747,1042
1,754,1034
1,786,1071
1,777,1068
1,772,1074
1,780,1076
1,835,883
1,1016,993
1,998,979
1,981,974
1,1106,973
1,1106,1001
1,1112,952
1,1122,956
1,1129,837
1,1222,705
1,1274,640
1,1293,598
1,1081,514
1,1091,501
1,1110,495
1,1110,488
1,1324,506
1,1087,510
1,1183,370
1,1181,374
1,1183,379
1,1355,668
1,1431,558
1,1437,562
1,1373,724
1,1368,736
1,1465,803
1,1637,1067
1,1603,1060
1,1601,1071
1,1491,902
1,1452,1048
1,1459,1050
1,870,874
2,289,919
2,299,945
2,294,942
2,268,922
2,278,920
2,60,985
2,266,926
2,99,802
2,92,803
2,105,778
2,98,779
2,86,660
2,218,636
2,253,550
2,325,584
2,310,558
2,348,479
2,346,612
2,349,616
2,343,618
2,252,624
2,257,638
2,260,624
2,261,630
2,260,633
2,182,674
2,123,879
2,59,596
2,58,601
2,983,124
2,935,178
2,944,183
2,1020,102
2,1007,288
2,1098,301
2,759,412
2,935,556
2,942,557
2,987,723
2,921,569
2,703,967
2,712,906
2,701,970
2,641,900
2,648,886
2,618,956
2,605,986
2,684,998
2,686,993
2,749,1032
2,748,1042
2,755,1034
2,787,1071
2,781,1069
2,774,1073
2,781,1075
2,853,886
2,1015,994
2,997,981
2,981,973
2,1109,977
2,1105,997
2,1114,946
2,1122,952
2,1130,834
2,1220,706
2,1276,641
2,1289,597
2,1082,516
2,1092,499
2,1108,495
2,1107,489
2,1321,504
2,1087,513
2,1186,370
2,1185,375
2,1187,380
2,1357,671
2,1429,560
2,1434,564
2,1371,722
2,1372,738
2,1463,801
2,1639,1067
2,1607,1062
2,1603,1071
2,1492,903
2,1453,1048
2,1460,1050
2,886,873
3,283,920
3,296,947
3,290,943
3,266,923
3,275,921
3,60,987
3,264,927
3,99,800
3,93,801
3,106,776
3,99,778
3,86,664
3,221,639
3,249,546
3,326,585
3,310,557
3,350,482
3,343,613
3,345,617
3,340,619
3,250,625
3,255,640
3,257,625
3,260,632
3,258,636
3,436,922
3,115,873
3,59,598
3,58,603
3,986,127
3,935,176
3,943,179
3,1020,102
3,1010,290
3,1096,313
3,762,411
3,936,553
3,943,554
3,988,720
3,921,571
3,702,967
3,715,906
3,699,970
3,640,904
3,646,889
3,622,955
3,610,988
3,682,999
3,684,993
3,750,1033
3,750,1043
3,756,1035
3,788,1072
3,782,1070
3,776,1074
3,782,1074
3,866,886
3,1014,995
3,993,981
3,979,972
3,1112,980
3,1105,993
3,1114,943
3,1122,949
3,1132,832
3,1218,707
3,1279,643
3,1286,597
3,1082,520
3,1093,495
3,1104,495
3,1105,490
3,1314,504
3,1089,517
3,1190,371
3,1189,376
3,1191,381
3,1359,675
3,1427,562
3,1432,566
3,1370,720
3,1376,740
3,1461,799
3,1643,1067
3,1611,1065
3,1607,1072
3,1493,905
3,1456,1048
3,1462,1050
3,903,873
4,281,919
4,294,949
4,288,943
4,264,924
4,274,922
4,60,987
4,261,926
4,99,798
4,93,799
4,106,774
4,100,777
4,86,669
4,224,641
4,246,541
4,327,587
4,309,555
4,351,483
4,342,613
4,342,617
4,337,619
4,248,626
4,252,642
4,256,627
4,259,634
4,255,638
4,436,922
4,109,866
4,55,597
4,54,602
4,988,129
4,933,172
4,943,174
4,1020,102
4,1012,292
4,1095,325
4,766,409
4,936,550
4,943,550
4,989,717
4,921,574
4,700,967
4,719,909
4,698,971
4,640,906
4,645,893
4,626,955
4,614,990
4,680,999
4,683,993
4,751,1034
4,751,1043
4,757,1036
4,789,1072
4,783,1071
4,777,1074
4,784,1074
4,878,885
4,1010,995
4,990,981
4,976,971
4,1114,985
4,1105,989
4,1114,941
4,1123,946
4,1132,831
4,1216,709
4,1283,646
4,1283,596
4,1082,523
4,1093,491
4,1103,495
4,1103,490
4,1310,504
4,1091,520
4,1194,371
4,1193,376
4,1194,381
4,1361,678
4,1425,564
4,1430,568
4,1460,575
4,1367,718
4,1379,743
4,1461,798
4,1646,1067
4,1615,1066
4,1613,1074
4,1494,907
4,1456,1048
4,1462,1049
4,920,873
5,283,917
5,292,951
5,286,944
5,261,924
5,273,922
5,60,987
5,258,925
5,101,798
5,108,774
5,101,776
5,86,675
5,228,644
5,246,535
5,328,588
5,308,552
5,352,485
5,339,615
5,340,618
5,336,620
5,245,628
5,250,644
5,255,629
5,257,638
5,252,640
5,436,922
5,178,697
5,105,858
5,52,596
5,51,602
5,990,131
5,933,170
5,941,172
5,1020,102
5,1015,296
5,1095,338
5,769,408
5,936,547
5,943,547
5,989,714
5,922,577
5,697,967
5,723,911
5,697,972
5,640,909
5,646,896
5,630,956
5,619,992
5,678,998
5,680,994
5,679,988
5,752,1035
5,752,1043
5,758,1037
5,790,1073
5,784,1071
5,779,1074
5,786,1075
5,891,883
5,1008,995
5,988,980
5,973,970
5,1115,989
5,1105,985
5,1114,938
5,1123,943
5,1132,828
5,1213,710
5,1286,649
5,1280,596
5,1082,527
5,1093,489
5,1099,496
5,1100,492
5,1304,504
5,1093,523
5,1197,371
5,1196,376
5,1197,381
5,1363,680
5,1423,566
5,1427,571
5,1457,576
5,1365,717
5,1382,744
5,1460,797
5,1432,679
5,1648,1067
5,1619,1067
5,1495,909
5,1457,1048
5,1463,1048
5,937,873
6,279,915
6,289,952
6,285,945
6,259,924
6,270,921
6,61,987
6,255,924
6,109,772
6,102,775
6,86,680
6,231,647
6,248,531
6,328,589
6,307,550
6,352,487
6,337,615
6,338,618
6,335,620
6,242,629
6,248,644
6,254,631
6,257,640
6,250,640
6,436,922
6,178,701
6,104,849
6,49,595
6,48,601
6,8,593
6,6,602
6,992,133
6,932,167
6,940,169
6,1020,102
6,1018,298
6,1094,350
6,770,408
6,936,544
6,943,544
6,988,711
6,923,579
6,695,968
6,726,912
6,694,973
6,638,911
6,646,898
6,634,955
6,623,994
6,676,998
6,676,993
6,678,989
6,752,1036
6,752,1043
6,758,1038
6,791,1073
6,785,1072
6,780,1075
6,903,881
6,1005,996
6,985,980
6,971,970
6,1117,993
6,1105,981
6,1114,936
6,1124,940
6,1132,826
6,1209,711
6,1288,651
6,1277,595
6,1084,529
6,1093,486
6,1096,497
6,1097,494
6,1299,504
6,1367,684
6,1421,568
6,1425,573
6,1455,577
6,1363,715
6,1385,745
6,1459,797
6,1431,680
6,1648,1067
6,1622,1069
6,1495,912
6,1458,1048
6,1463,1048
6,953,873
7,276,914
7,286,951
7,282,944
7,256,923
7,267,920
7,61,987
7,252,922
7,102,793
7,109,770
7,102,773
7,86,683
7,233,647
7,253,526
7,328,586
7,307,548
7,351,487
7,335,614
7,336,618
7,331,619
7,241,628
7,245,644
7,252,631
7,255,641
7,249,640
7,436,922
7,180,703
7,104,838
7,46,595
7,45,601
7,9,594
7,5,601
7,995,135
7,931,164
7,940,165
7,1020,102
7,1021,301
7,1093,364
7,774,404
7,936,541
7,943,541
7,988,708
7,923,582
7,693,967
7,729,915
7,691,973
7,636,913
7,644,901
7,638,955
7,625,995
7,672,996
7,672,992
7,674,987
7,753,1036
7,752,1043
7,758,1039
7,793,1074
7,785,1072
7,781,1076
7,916,880
7,1000,994
7,981,981
7,970,971
7,1119,997
7,1105,978
7,1114,933
7,1124,936
7,1132,824
7,1206,711
7,1291,653
7,1272,595
7,1085,532
7,1093,482
7,1092,498
7,1093,494
7,1296,504
7,1367,687
7,1419,570
7,1423,575
7,1453,578
7,1365,416
7,1361,713
7,1390,746
7,1457,796
7,1429,682
7,1648,1067
7,1624,1072
7,1496,914
7,1458,1048
7,1464,1048
7,968,873
8,271,914
8,283,950
8,279,944
8,254,921
8,263,919
8,61,987
8,248,921
8,101,789
8,95,789
8,109,768
8,102,770
8,84,686
8,235,648
8,259,524
8,328,583
8,305,545
8,351,489
8,332,613
8,333,617
8,328,619
8,237,627
8,242,644
8,249,632
8,254,642
8,247,640
8,436,922
8,183,705
8,104,824
8,43,594
8,42,601
8,8,594
8,4,599
8,999,139
8,931,160
8,938,161
8,1020,102
8,1023,305
8,1091,376
8,777,400
8,936,539
8,943,539
8,988,705
8,923,585
8,689,967
8,734,915
8,689,973
8,634,915
8,644,903
8,641,955
8,627,997
8,667,995
8,669,990
8,672,986
8,753,1036
8,752,1043
8,758,1040
8,793,1074
8,786,1073
8,781,1076
8,926,879
8,995,992
8,977,980
8,968,971
8,1120,1000
8,1104,974
8,1113,930
8,1124,933
8,1131,822
8,1204,712
8,1292,655
8,1270,596
8,1085,535
8,1093,478
8,1089,498
8,1089,494
8,1293,504
8,1369,691
8,1417,572
8,1421,578
8,1450,579
8,1363,416
8,1359,711
8,1394,749
8,1453,795
8,1428,682
8,1648,1066
8,1627,1073
8,1496,915
8,1458,1048
8,1464,1048
8,983,873
9,267,911
9,279,950
9,276,943
9,250,918
9,260,918
9,61,987
9,245,920
9,100,784
9,94,785
9,110,765
9,103,766
9,84,688
9,238,649
9,267,521
9,329,579
9,303,543
9,351,491
9,329,611
9,330,615
9,326,618
9,236,626
9,239,643
9,246,631
9,251,642
9,246,640
9,436,923
9,185,707
9,109,809
9,40,593
9,39,600
9,7,592
9,4,598
9,1002,139
9,931,156
9,938,158
9,1021,102
9,1026,306
9,1091,386
9,780,398
9,936,532
9,943,533
9,988,701
9,922,589
9,685,965
9,735,918
9,685,971
9,632,917
9,640,904
9,645,953
9,632,997
9,664,993
9,666,989
9,668,985
9,753,1036
9,752,1043
9,758,1040
9,793,1074
9,786,1073
9,780,1075
9,936,879
9,992,992
9,972,978
9,965,969
9,1122,1003
9,1104,969
9,1112,927
9,1123,931
9,1131,819
9,1199,713
9,1293,656
9,1267,595
9,1086,537
9,1094,474
9,1086,499
9,1087,495
9,1290,505
9,1369,694
9,1415,574
9,1418,580
9,1448,580
9,1361,416
9,1357,709
9,1396,749
9,1451,794
9,1426,682
9,1651,1066
9,1630,1074
9,1496,917
9,1458,1048
9,1464,1048
9,998,873
10,265,907
10,275,949
10,273,943
10,246,916
10,257,915
10,62,987
10,242,919
10,99,780
10,93,782
10,112,761
10,103,761
10,84,691
10,241,649
10,274,519
10,329,576
10,302,539
10,351,491
10,326,610
10,327,614
10,323,616
10,233,626
10,236,643
10,245,631
10,248,642
10,244,641
10,436,923
10,112,797
10,37,593
10,36,600
10,1004,139
10,931,151
10,937,152
10,1021,102
10,1028,308
10,1092,397
10,783,396
10,937,529
10,943,529
10,987,698
10,922,592
10,683,964
10,682,970
10,630,917
10,638,905
10,646,949
10,636,997
10,661,990
10,663,986
10,665,983
10,753,1036
10,752,1043
10,758,1040
10,793,1074
10,786,1073
10,780,1074
10,947,879
10,988,992
10,968,976
10,961,966
10,1122,1007
10,1104,965
10,1112,924
10,1123,928
10,1130,816
10,1194,712
10,1296,658
10,1264,595
10,1087,539
10,1095,471
10,1083,499
10,1084,494
10,1287,505
10,1370,699
10,1413,577
10,1416,582
10,1446,581
10,1358,417
10,1354,706
10,1399,749
10,1449,793
10,1424,683
10,1651,1065
10,1496,919
10,1458,1048
10,1464,1048
10,1013,873
11,262,904
11,271,949
11,270,943
11,244,915
11,254,913
11,62,987
11,239,918
11,99,776
11,92,779
11,112,757
11,103,758
11,84,694
11,242,649
11,281,518
11,330,572
11,301,537
11,351,491
11,324,609
11,325,614
11,321,616
11,230,626
11,234,643
11,243,631
11,247,642
11,241,641
11,436,923
11,190,708
11,117,782
11,34,592
11,33,600
11,1006,141
11,931,146
11,936,148
11,1021,102
11,1030,310
11,1093,408
11,786,394
11,937,526
11,943,525
11,988,695
11,924,594
11,679,962
11,679,969
11,629,917
11,636,906
11,650,949
11,640,998
11,657,988
11,657,985
11,659,981
11,753,1036
11,752,1043
11,758,1040
11,793,1074
11,787,1072
11,780,1073
11,959,880
11,984,989
11,964,975
11,959,964
11,1124,1010
11,1103,961
11,1111,921
11,1122,925
11,1130,813
11,1192,711
11,1299,661
11,1261,594
11,1087,541
11,1094,467
11,1080,499
11,1079,494
11,1286,507
11,1372,702
11,1411,579
11,1414,585
11,1443,581
11,1356,417
11,1351,703
11,1403,749
11,1447,792
11,1422,683
11,1650,1065
11,1496,920
11,1458,1048
11,1464,1048
11,1029,874
12,259,903
12,267,949
12,267,943
12,242,913
12,250,911
12,62,987
12,236,917
12,98,772
12,91,775
12,113,754
12,104,755
12,83,697
12,245,650
12,290,517
12,331,569
12,299,534
12,350,492
12,321,608
12,323,613
12,319,615
12,228,626
12,232,642
12,241,632
12,244,642
12,239,643
12,436,923
12,193,708
12,122,769
12,31,591
12,30,599
12,1009,142
12,931,144
12,936,144
12,1021,102
12,1033,313
12,1094,417
12,789,392
12,937,523
12,943,522
12,988,691
12,924,597
12,676,962
12,677,967
12,628,920
12,634,908
12,653,948
12,642,1001
12,652,987
12,653,984
12,655,980
12,753,1036
12,752,1043
12,758,1040
12,793,1074
12,787,1072
12,780,1073
12,967,879
12,981,989
12,961,975
12,957,963
12,1126,1013
12,1103,957
12,1111,918
12,1122,922
12,1130,811
12,1189,710
12,1301,663
12,1257,592
12,1087,543
12,1094,464
12,1075,499
12,1076,495
12,1284,506
12,1372,704
12,1409,581
12,1412,587
12,1441,582
12,1354,417
12,1351,699
12,1405,751
12,1444,790
12,1648,1063
12,1496,921
12,1458,1048
12,1464,1048
12,1042,866
13,254,902
13,262,949
13,262,942
13,237,913
13,246,909
13,63,987
13,233,916
13,97,769
13,90,772
13,113,751
13,102,751
13,83,700
13,248,651
13,297,515
13,331,565
13,297,532
13,350,492
13,318,608
13,319,612
13,316,615
13,224,626
13,229,642
13,238,632
13,240,643
13,236,645
13,436,923
13,123,756
13,27,591
13,26,599
13,1011,143
13,930,141
13,935,140
13,1021,102
13,1035,316
13,1095,426
13,791,390
13,937,520
13,943,519
13,986,688
13,923,599
13,673,962
13,739,923
13,673,966
13,626,922
13,633,910
13,645,1003
13,648,986
13,649,982
13,651,979
13,752,1037
13,753,1043
13,758,1040
13,793,1074
13,787,1072
13,780,1073
13,974,881
13,977,988
13,959,976
13,953,963
13,1128,1018
13,1103,952
13,1110,915
13,1121,919
13,1128,808
13,1185,710
13,1303,665
13,1254,592
13,1087,546
13,1093,462
13,1072,500
13,1072,495
13,1373,707
13,1407,583
13,1409,589
13,1439,583
13,1352,418
13,1347,697
13,1406,752
13,1442,789
13,1646,1061
13,1495,923
13,1458,1047
13,1464,1048
13,1055,859
14,249,899
14,257,947
14,258,940
14,232,912
14,243,907
14,63,987
14,230,915
14,96,767
14,89,769
14,112,749
14,100,748
14,83,704
14,251,651
14,306,516
14,333,564
14,294,531
14,350,492
14,315,607
14,315,611
14,312,614
14,222,626
14,224,644
14,235,633
14,237,644
14,234,645
14,436,923
14,127,741
14,23,599
14,1013,145
14,930,138
14,934,137
14,1021,102
14,935,82
14,1038,318
14,1098,437
14,794,387
14,937,516
14,942,515
14,986,684
14,923,603
14,670,961
14,743,928
14,671,966
14,623,923
14,631,912
14,657,949
14,648,1004
14,642,986
14,645,982
14,646,979
14,752,1037
14,753,1043
14,758,1040
14,684,1066
14,793,1074
14,787,1072
14,780,1073
14,984,883
14,973,988
14,954,972
14,950,963
14,1129,1020
14,1102,948
14,1109,912
14,1120,916
14,1127,803
14,1181,709
14,1305,667
14,1251,593
14,1087,550
14,1093,462
14,1069,500
14,1068,495
14,1374,710
14,1405,585
14,1407,592
14,1436,584
14,1350,418
14,1344,694
14,1408,753
14,1439,788
14,1645,1060
14,1495,924
14,1458,1047
14,1464,1048
14,1066,851
15,246,896
15,255,945
15,255,938
15,227,910
15,239,904
15,63,987
15,227,914
15,94,764
15,88,765
15,110,746
15,97,744
15,84,708
15,254,650
15,316,516
15,333,561
15,291,530
15,350,492
15,311,606
15,312,609
15,309,614
15,219,627
15,222,644
15,232,634
15,234,644
15,231,643
15,436,923
15,131,725
15,20,590
15,20,598
15,1017,147
15,931,135
15,934,134
15,1021,102
15,938,87
15,1040,319
15,1099,444
15,797,386
15,937,513
15,942,511
15,987,680
15,923,606
15,666,961
15,745,931
15,667,966
15,622,925
15,628,914
15,652,1005
15,638,984
15,640,980
15,643,975
15,752,1037
15,753,1043
15,758,1040
15,681,1063
15,793,1074
15,787,1071
15,780,1072
15,994,885
15,969,984
15,951,972
15,946,961
15,1130,1023
15,1101,944
15,1109,909
15,1119,913
15,1128,802
15,1178,708
15,1304,669
15,1248,593
15,1087,553
15,1091,458
15,1067,501
15,1066,497
15,1375,714
15,1403,587
15,1405,594
15,1434,585
15,1348,419
15,1342,692
15,1412,755
15,1436,787
15,1645,1058
15,1494,925
15,1458,1047
15,1464,1048
15,1074,841
16,244,894
16,251,943
16,251,936
16,227,908
16,237,903
16,63,987
16,224,912
16,94,759
16,87,761
16,110,742
16,97,741
16,83,711
16,257,650
16,320,513
16,333,557
16,287,530
16,350,492
16,308,604
16,310,608
16,305,611
16,216,628
16,220,643
16,230,634
16,231,646
16,229,642
16,436,924
16,135,710
16,17,590
16,17,598
16,1019,147
16,930,130
16,934,130
16,1022,102
16,940,90
16,1042,320
16,1103,452
16,800,383
16,937,509
16,941,507
16,987,676
16,923,607
16,663,959
16,746,932
16,663,964
16,619,926
16,625,918
16,660,951
16,655,1006
16,634,982
16,636,979
16,637,975
16,752,1037
16,753,1043
16,758,1040
16,678,1058
16,793,1074
16,787,1071
16,780,1072
16,1006,884
16,965,982
16,947,971
16,942,961
16,1131,1026
16,1101,940
16,1109,905
16,1118,909
16,1128,801
16,1175,705
16,1308,672
16,1244,593
16,1087,555
16,1091,455
16,1064,500
16,1061,495
16,1377,718
16,1400,588
16,1402,595
16,1430,586
16,1346,419
16,1339,690
16,1415,758
16,1433,785
16,1645,1056
16,1494,927
16,1458,1047
16,1464,1048
16,1083,831
17,239,893
17,247,941
17,248,935
17,224,907
17,234,901
17,64,987
17,220,911
17,94,756
17,88,757
17,109,737
17,95,738
17,81,713
17,260,652
17,325,513
17,336,553
17,284,530
17,350,492
17,305,603
17,306,607
17,304,612
17,214,628
17,217,643
17,228,635
17,228,646
17,227,642
17,436,924
17,141,694
17,13,590
17,14,598
17,1022,148
17,929,126
17,935,127
17,1022,102
17,943,93
17,1044,321
17,1106,459
17,803,380
17,936,506
17,941,505
17,986,673
17,923,609
17,659,959
17,748,934
17,660,963
17,618,927
17,624,919
17,664,949
17,657,1006
17,631,982
17,633,978
17,633,973
17,752,1037
17,753,1043
17,758,1040
17,676,1055
17,793,1073
17,787,1071
17,780,1072
17,1016,886
17,961,980
17,943,970
17,939,960
17,1133,1030
17,1100,936
17,1109,902
17,1117,906
17,1127,798
17,1171,704
17,1308,674
17,1240,594
17,1087,557
17,1090,452
17,1062,501
17,1059,496
17,1379,720
17,1398,590
17,1400,597
17,1428,586
17,1343,419
17,1337,687
17,1418,760
17,1431,783
17,1406,684
17,1645,1054
17,1494,928
17,1458,1047
17,1464,1048
17,1091,820
18,236,890
18,243,938
18,245,934
18,221,907
18,230,900
18,64,987
18,217,910
18,93,753
18,88,753
18,107,734
18,94,735
18,81,715
18,261,652
18,334,510
18,337,550
18,281,532
18,351,492
18,302,603
18,302,606
18,302,610
18,212,629
18,215,644
18,226,636
18,226,647
18,224,642
18,436,924
18,145,678
18,11,590
18,11,598
18,1025,149
18,929,122
18,934,123
18,1022,102
18,946,96
18,1046,326
18,1107,468
18,805,378
18,936,503
18,941,501
18,985,670
18,923,611
18,656,957
18,750,935
18,657,963
18,617,928
18,622,919
18,668,947
18,660,1008
18,626,981
18,627,976
18,629,973
18,751,1037
18,753,1043
18,758,1040
18,674,1051
18,804,1043
18,793,1071
18,787,1071
18,780,1072
18,1029,888
18,937,968
18,937,957
18,1134,1032
18,1099,932
18,1109,899
18,1116,903
18,1127,795
18,1167,703
18,1309,676
18,1238,593
18,1087,558
18,1091,448
18,1060,502
18,1058,497
18,1380,723
18,1396,591
18,1398,598
18,1426,588
18,1341,420
18,1334,685
18,1420,761
18,1428,781
18,1403,684
18,1645,1054
18,1493,929
18,1458,1047
18,1464,1048
18,1095,807
19,234,887
19,240,936
19,243,932
19,217,905
19,227,897
19,64,987
19,214,909
19,93,749
19,87,749
19,107,731
19,95,731
19,80,718
19,263,652
19,340,506
19,339,548
19,280,533
19,351,491
19,300,601
19,299,605
19,299,609
19,208,629
19,214,643
19,223,636
19,223,647
19,221,642
19,436,924
19,148,661
19,1028,150
19,929,118
19,934,118
19,1022,102
19,947,98
19,1050,329
19,1110,475
19,808,376
19,937,498
19,941,497
19,984,668
19,923,614
19,653,956
19,753,936
19,654,962
19,616,929
19,620,920
19,672,945
19,662,1009
19,622,979
19,623,975
19,625,971
19,751,1037
19,753,1043
19,758,1040
19,669,1046
19,801,1040
19,793,1071
19,787,1071
19,780,1072
19,1040,891
19,934,968
19,934,957
19,1135,1035
19,1098,928
19,1109,895
19,1115,899
19,1128,793
19,1163,700
19,1311,678
19,1234,593
19,1087,561
19,1090,443
19,1056,503
19,1054,497
19,1382,725
19,1394,593
19,1396,600
19,1424,589
19,1339,420
19,1331,683
19,1422,762
19,1426,780
19,1401,685
19,1645,1054
19,1493,931
19,1458,1047
19,1464,1048
19,1099,793
20,230,885
20,236,933
20,240,928
20,215,903
20,225,895
20,65,987
20,211,908
20,93,746
20,87,747
20,103,727
20,93,728
20,80,719
20,265,652
20,345,503
20,341,547
20,278,536
20,351,491
20,297,601
20,298,604
20,296,609
20,206,630
20,211,643
20,221,636
20,221,647
20,221,642
20,436,924
20,155,646
20,1032,152
20,929,114
20,934,114
20,1022,102
20,949,100
20,1051,330
20,1111,481
20,811,374
20,937,493
20,942,492
20,983,663
20,922,617
20,650,955
20,755,937
20,651,961
20,614,931
20,619,920
20,676,944
20,665,1009
20,618,977
20,620,973
20,622,969
20,751,1037
20,753,1043
20,758,1040
20,665,1046
20,799,1037
20,793,1071
20,786,1070
20,780,1072
20,1054,893
20,798,1032
20,804,1031
20,930,968
20,930,955
20,1137,1037
20,1097,925
20,1109,892
20,1115,895
20,1128,791
20,1160,698
20,1314,680
20,1231,594
20,1087,564
20,1091,439
20,1053,504
20,1051,497
20,1384,727
20,1392,594
20,1393,603
20,1421,591
20,1337,420
20,1329,680
20,1425,763
20,1423,779
20,1399,685
20,1645,1054
20,1492,932
20,1277,1071
20,1458,1047
20,1464,1048
20,1103,780
21,227,884
21,233,930
21,238,925
21,212,902
21,221,894
21,65,987
21,208,907
21,93,741
21,87,743
21,102,723
21,92,724
21,79,721
21,266,652
21,350,501
21,343,548
21,277,538
21,351,491
21,294,598
21,294,603
21,292,608
21,204,630
21,210,642
21,218,636
21,218,645
21,219,642
21,436,924
21,162,630
21,1035,153
21,929,109
21,934,110
21,1022,102
21,953,104
21,1053,332
21,1115,488
21,814,373
21,937,491
21,942,490
21,983,658
21,922,619
21,648,955
21,757,940
21,648,960
21,611,932
21,616,922
21,680,942
21,668,1010
21,615,976
21,616,972
21,617,969
21,751,1037
21,753,1043
21,758,1040
21,663,1041
21,796,1034
21,793,1071
21,786,1070
21,780,1072
21,1066,895
21,798,1030
21,805,1029
21,927,968
21,927,952
21,1139,1040
21,1096,921
21,1110,888
21,1115,891
21,1128,787
21,1159,697
21,1315,682
21,1229,594
21,1087,566
21,1092,435
21,1050,504
21,1047,497
21,1387,730
21,1391,595
21,1391,605
21,1419,593
21,1335,421
21,1326,677
21,1429,764
21,1421,777
21,1397,684
21,1645,1055
21,1492,933
21,1282,1071
21,1281,1076
21,1458,1047
21,1464,1048
21,1106,766
22,222,883
22,230,929
22,236,923
22,208,901
22,216,893
22,65,987
22,205,906
22,93,737
22,87,739
22,100,720
22,91,720
22,78,724
22,268,652
22,355,500
22,344,549
22,276,539
22,351,491
22,292,598
22,293,602
22,290,607
22,202,629
22,207,642
22,216,636
22,215,645
22,217,642
22,436,924
22,168,612
22,1038,154
22,928,105
22,934,106
22,1022,102
22,956,106
22,1056,334
22,1116,494
22,817,371
22,938,487
22,943,487
22,982,655
22,922,621
22,643,955
22,759,941
22,644,960
22,611,934
22,614,924
22,683,940
22,671,1011
22,611,975
22,612,972
22,613,968
22,750,1037
22,753,1043
22,758,1040
22,659,1037
22,791,1031
22,793,1071
22,786,1069
22,780,1072
22,1078,896
22,795,1027
22,802,1027
22,923,968
22,923,950
22,1141,1042
22,1095,917
22,1110,884
22,1116,887
22,1127,782
22,1156,696
22,1315,684
22,1224,593
22,1087,569
22,1091,432
22,1047,504
22,1044,497
22,1389,735
22,1388,598
22,1388,608
22,1416,595
22,1333,421
22,1323,676
22,1431,765
22,1420,775
22,1394,683
22,1645,1055
22,1491,935
22,1285,1069
22,1285,1074
22,1458,1047
22,1464,1048
22,1108,752
23,219,883
23,226,926
23,233,920
23,206,901
23,213,893
23,65,987
23,201,906
23,92,736
23,86,736
23,98,717
23,89,716
23,77,728
23,270,652
23,360,502
23,346,551
23,276,542
23,352,490
23,289,597
23,290,603
23,289,607
23,200,629
23,204,642
23,214,636
23,212,647
23,213,641
23,176,598
23,1040,156
23,928,102
23,933,103
23,1022,102
23,958,109
23,1060,336
23,1114,501
23,821,368
23,939,484
23,944,485
23,981,653
23,922,622
23,640,954
23,762,942
23,641,959
23,609,937
23,613,925
23,686,938
23,674,1013
23,607,974
23,609,970
23,609,967
23,750,1037
23,753,1043
23,758,1040
23,655,1034
23,788,1029
23,793,1071
23,785,1068
23,780,1072
23,1096,896
23,791,1025
23,798,1023
23,920,967
23,919,950
23,1143,1048
23,1094,913
23,1111,880
23,1116,883
23,1127,779
23,1153,695
23,1317,687
23,1221,594
23,1087,571
23,1093,429
23,1044,506
23,1041,499
23,1391,736
23,1384,601
23,1386,610
23,1414,597
23,1331,421
23,1321,674
23,1434,767
23,1418,774
23,1392,683
23,1645,1055
23,1491,937
23,1289,1068
23,1289,1073
23,1458,1047
23,1464,1048
23,1111,738
24,215,881
24,222,923
24,230,918
24,202,900
24,210,892
24,66,987
24,197,905
24,92,732
24,86,734
24,95,714
24,87,715
24,76,733
24,274,653
24,360,504
24,347,553
24,276,545
24,352,490
24,287,597
24,287,602
24,284,607
24,198,630
24,202,643
24,210,634
24,209,647
24,209,640
24,431,918
24,184,581
24,1043,158
24,927,98
24,932,99
24,1023,100
24,961,112
24,1064,339
24,1117,507
24,825,366
24,941,483
24,944,484
24,982,650
24,921,625
24,636,954
24,765,944
24,637,959
24,607,940
24,612,928
24,688,935
24,678,1014
24,604,973
24,604,970
24,605,966
24,750,1037
24,753,1043
24,758,1040
24,652,1030
24,785,1027
24,793,1071
24,785,1068
24,780,1072
24,1111,899
24,789,1023
24,795,1022
24,916,967
24,917,951
24,1144,1051
24,1093,909
24,1111,877
24,1116,879
24,1129,778
24,1150,693
24,1320,689
24,1219,594
24,1087,573
24,1092,426
24,1040,508
24,1038,500
24,1394,739
24,1381,604
24,1384,612
24,1412,598
24,1328,422
24,1318,671
24,1439,769
24,1415,773
24,1390,683
24,1646,1055
24,1491,939
24,1293,1066
24,1293,1072
24,1326,1074
24,1458,1047
24,1464,1048
24,1115,723
25,210,878
25,221,921
25,227,916
25,196,899
25,208,890
25,66,986
25,194,904
25,92,730
25,84,730
25,96,712
25,86,712
25,74,735
25,276,653
25,359,505
25,346,555
25,277,548
25,352,490
25,284,597
25,283,600
25,281,607
25,196,630
25,200,643
25,207,634
25,206,646
25,206,640
25,429,916
25,190,566
25,1046,160
25,926,93
25,932,95
25,1024,100
25,963,115
25,1066,341
25,1118,514
25,828,364
25,939,478
25,943,478
25,983,646
25,921,627
25,633,954
25,768,946
25,634,959
25,607,942
25,612,930
25,691,934
25,681,1015
25,600,972
25,601,969
25,602,966
25,750,1037
25,753,1043
25,758,1040
25,649,1028
25,780,1024
25,794,1070
25,784,1067
25,780,1072
25,1126,899
25,785,1021
25,791,1019
25,913,967
25,914,951
25,1145,1054
25,1092,905
25,1112,873
25,1117,875
25,1128,775
25,1148,693
25,1323,691
25,1217,594
25,1087,576
25,1092,422
25,1036,508
25,1034,500
25,1396,743
25,1378,607
25,1381,615
25,1409,600
25,1326,422
25,1315,669
25,1442,771
25,1413,772
25,1388,684
25,1646,1054
25,1491,940
25,1295,1065
25,1296,1070
25,1325,1062
25,1458,1048
25,1464,1048
25,1119,708
26,207,877
26,218,918
26,224,914
26,194,897
26,202,889
26,66,985
26,190,904
26,90,726
26,83,727
26,91,708
26,85,710
26,73,738
26,279,652
26,359,504
26,344,557
26,279,549
26,352,490
26,280,595
26,280,599
26,278,605
26,193,629
26,198,643
26,205,634
26,204,646
26,204,639
26,427,912
26,199,551
26,1049,161
26,926,88
26,932,91
26,1024,101
26,965,117
26,1068,343
26,1119,519
26,831,363
26,938,473
26,943,473
26,982,642
26,921,632
26,630,954
26,770,946
26,631,959
26,607,945
26,610,932
26,693,933
26,684,1016
26,595,972
26,597,967
26,599,964
26,750,1037
26,753,1043
26,758,1040
26,646,1025
26,778,1022
26,794,1069
26,784,1066
26,780,1072
26,1144,901
26,780,1019
26,785,1017
26,909,967
26,910,951
26,1145,1056
26,1092,901
26,1112,869
26,1117,871
26,1128,772
26,1146,692
26,1325,693
26,1214,594
26,1086,578
26,1091,417
26,1033,508
26,1031,502
26,1398,746
26,1375,610
26,1379,617
26,1407,602
26,1324,423
26,1312,666
26,1444,772
26,1410,771
26,1387,684
26,1647,1054
26,1491,942
26,1298,1062
26,1299,1067
26,1323,1049
26,1458,1048
26,1464,1048
26,1124,693
27,205,877
27,216,915
27,223,910
27,192,896
27,200,888
27,66,984
27,186,903
27,88,721
27,83,724
27,88,704
27,72,741
27,282,650
27,361,504
27,342,558
27,281,550
27,353,490
27,277,594
27,278,599
27,275,604
27,193,629
27,196,644
27,203,634
27,203,647
27,202,639
27,425,909
27,205,533
27,1053,163
27,926,85
27,932,88
27,1024,101
27,968,120
27,936,81
27,1071,344
27,1121,524
27,833,360
27,938,468
27,943,470
27,980,638
27,921,634
27,627,953
27,774,946
27,627,959
27,605,947
27,608,934
27,696,932
27,687,1018
27,590,970
27,593,967
27,596,963
27,750,1037
27,752,1043
27,758,1040
27,643,1021
27,775,1020
27,796,1070
27,784,1066
27,780,1072
27,1161,900
27,777,1017
27,781,1014
27,905,967
27,907,951
27,1146,1059
27,1092,897
27,1112,866
27,1117,868
27,1128,769
27,1143,691
27,1328,695
27,1210,594
27,1086,580
27,1092,414
27,1030,508
27,1028,502
27,1400,748
27,1372,613
27,1377,619
27,1405,603
27,1322,423
27,1310,664
27,1446,773
27,1408,770
27,1386,684
27,1647,1053
27,1491,944
27,1303,1058
27,1303,1065
27,1320,1036
27,1458,1048
27,1464,1048
27,1129,678
28,202,876
28,213,913
28,220,908
28,189,896
28,197,887
28,66,983
28,183,902
28,87,718
28,83,721
28,87,700
28,71,743
28,286,648
28,364,503
28,342,558
28,283,551
28,353,491
28,274,594
28,274,599
28,272,604
28,192,630
28,194,644
28,201,634
28,201,647
28,199,639
28,422,907
28,211,517
28,1057,164
28,926,82
28,932,86
28,1024,101
28,971,122
28,939,84
28,1073,345
28,1121,530
28,836,357
28,937,467
28,942,467
28,980,636
28,921,636
28,624,953
28,777,948
28,625,958
28,603,949
28,605,936
28,698,929
28,691,1021
28,589,970
28,590,966
28,591,962
28,751,1037
28,752,1043
28,758,1040
28,640,1018
28,769,1021
28,797,1072
28,783,1066
28,779,1072
28,1180,900
28,773,1018
28,778,1014
28,900,967
28,904,950
28,1148,1065
28,1091,892
28,1112,862
28,1118,864
28,1128,766
28,1138,690
28,1331,697
28,1210,593
28,1086,583
28,1092,411
28,1027,511
28,1026,503
28,1402,751
28,1370,616
28,1375,623
28,1402,604
28,1320,423
28,1309,662
28,1449,775
28,1406,769
28,1385,684
28,1646,1051
28,1491,946
28,1306,1056
28,1306,1061
28,1315,1024
28,1458,1048
28,1464,1048
28,1134,663
29,199,876
29,210,911
29,217,905
29,184,896
29,192,885
29,66,982
29,179,902
29,86,715
29,81,716
29,87,696
29,69,745
29,288,645
29,364,501
29,342,558
29,286,553
29,354,491
29,271,593
29,271,598
29,270,604
29,190,630
29,194,644
29,199,633
29,198,648
29,197,639
29,418,906
29,216,504
29,1060,167
29,1024,101
29,974,124
29,941,86
29,1075,347
29,1123,534
29,838,354
29,937,464
29,942,464
29,982,635
29,922,639
29,621,953
29,779,949
29,621,958
29,602,952
29,603,938
29,701,927
29,694,1021
29,585,968
29,586,964
29,586,962
29,751,1037
29,752,1043
29,758,1040
29,637,1015
29,765,1021
29,798,1070
29,781,1066
29,777,1072
29,1198,901
29,769,1016
29,775,1011
29,896,967
29,901,950
29,1149,1068
29,1091,888
29,1112,858
29,1118,860
29,1129,764
29,1136,687
29,1333,700
29,1206,594
29,1086,586
29,1091,408
29,1024,512
29,1023,505
29,1405,755
29,1368,619
29,1373,626
29,1400,604
29,1318,424
29,1307,660
29,1454,778
29,1404,768
29,1384,683
29,1645,1050
29,1491,949
29,1309,1054
29,1309,1059
29,1312,1012
29,1458,1048
29,1464,1048
29,1141,649
30,196,875
30,207,908
30,214,902
30,181,894
30,189,885
30,66,981
30,178,901
30,85,712
30,80,712
30,86,692
30,77,695
30,71,748
30,290,643
30,364,500
30,342,558
30,289,555
30,354,491
30,269,592
30,269,598
30,270,603
30,190,629
30,194,642
30,195,633
30,195,648
30,196,637
30,417,902
30,222,487
30,1063,171
30,1024,101
30,978,124
30,945,89
30,1078,349
30,1125,538
30,841,352
30,937,459
30,943,460
30,982,631
30,921,640
30,619,954
30,783,951
30,618,958
30,600,954
30,602,939
30,704,925
30,696,1022
30,581,967
30,583,964
30,584,962
30,752,1037
30,752,1043
30,758,1040
30,634,1013
30,763,1019
30,801,1072
30,779,1063
30,777,1069
30,1215,903
30,765,1012
30,770,1009
30,891,967
30,898,950
30,1150,1070
30,1091,884
30,1112,855
30,1118,857
30,1128,760
30,1133,686
30,1335,702
30,1205,594
30,1087,588
30,1091,404
30,1022,512
30,1019,507
30,1275,372
30,1276,378
30,1273,384
30,1409,758
30,1366,622
30,1370,629
30,1398,605
30,1316,424
30,1304,657
30,1457,780
30,1403,768
30,1383,683
30,1645,1049
30,1492,952
30,1313,1054
30,1314,1058
30,1307,999
30,1458,1048
30,1464,1048
30,1148,637
