1,194,954
1,193,942
1,195,949
1,161,807
1,166,794
1,346,877
1,641,770
1,97,764
1,91,765
1,89,742
1,81,741
1,25,668
1,11,494
1,210,524
1,212,507
1,210,513
1,219,516
1,298,644
1,457,648
1,401,603
1,429,593
1,427,597
1,452,639
1,450,634
1,453,630
1,696,991
1,692,1000
1,765,1051
1,840,923
1,834,918
1,662,990
1,659,997
1,659,1003
1,720,1026
1,725,1030
1,726,1021
1,631,1005
1,644,1010
1,651,1000
1,649,1005
1,620,947
1,623,944
1,905,949
1,939,937
1,937,931
1,913,452
1,877,455
1,887,459
1,898,562
1,898,568
1,956,343
1,1242,715
1,1248,721
1,1183,688
1,1123,739
1,1333,441
1,1336,438
1,1335,485
1,1381,495
1,1361,1020
1,1394,929
1,1310,944
1,1375,1022
1,1469,1066
1,1469,1073
1,1317,682
1,1290,655
1,1298,654
1,1449,1036
1,1455,1035
1,1350,1051
1,1339,1041
1,1342,1046
1,1337,1065
1,1374,1070
1,1380,1074
1,1337,1075
1,1345,1075
1,1684,1053
1,1374,477
1,1380,483
1,930,152
1,926,169
1,1109,152
1,1391,579
1,1392,583
1,1379,577
1,1379,581
1,1377,585
1,1378,586
1,947,93
1,947,101
1,906,240
1,911,240
1,898,210
1,936,166
1,933,83
1,928,85
1,944,161
1,940,166
1,1115,360
1,1405,159
1,1416,72
1,1424,69
2,189,953
2,189,942
2,190,949
2,165,811
2,170,797
2,343,877
2,643,773
2,99,760
2,90,760
2,90,739
2,81,739
2,24,666
2,11,494
2,207,524
2,210,507
2,208,513
2,217,516
2,296,649
2,460,649
2,405,603
2,427,592
2,426,596
2,455,639
2,453,635
2,456,630
2,694,991
2,690,999
2,766,1051
2,839,926
2,834,921
2,661,990
2,659,997
2,658,1003
2,721,1026
2,725,1030
2,726,1021
2,631,1004
2,643,1009
2,650,998
2,647,1004
2,901,951
2,936,938
2,934,933
2,914,456
2,879,458
2,888,462
2,895,562
2,895,568
2,955,339
2,1240,715
2,1246,722
2,1180,690
2,1125,737
2,1331,440
2,1333,436
2,1336,485
2,1380,494
2,1359,1024
2,1385,925
2,1303,954
2,1373,1024
2,1467,1066
2,1467,1073
2,1320,683
2,1289,656
2,1296,654
2,1450,1036
2,1455,1035
2,1348,1054
2,1335,1044
2,1342,1049
2,1337,1068
2,1374,1070
2,1380,1074
2,1341,1072
2,1347,1073
2,1685,1053
2,1372,476
2,1378,483
2,932,157
2,929,174
2,1111,153
2,1389,580
2,1391,584
2,1377,577
2,1377,581
2,1375,585
2,1376,587
2,945,90
2,945,99
2,907,236
2,912,237
2,899,214
2,937,163
2,930,80
2,929,84
2,944,159
2,940,164
2,1113,357
2,1403,164
2,1417,77
2,1424,73
3,185,953
3,186,943
3,186,949
3,169,815
3,175,800
3,341,877
3,645,777
3,99,757
3,90,757
3,90,736
3,81,737
3,23,663
3,11,494
3,205,524
3,208,507
3,207,513
3,215,516
3,294,652
3,464,650
3,410,604
3,426,592
3,426,595
3,459,640
3,457,636
3,460,631
3,693,991
3,688,998
3,767,1051
3,839,930
3,834,925
3,660,989
3,658,996
3,656,1003
3,722,1027
3,725,1031
3,726,1022
3,631,1003
3,642,1008
3,649,997
3,646,1003
3,897,953
3,934,940
3,930,935
3,915,460
3,881,461
3,889,465
3,892,562
3,892,568
3,955,336
3,1238,716
3,1245,723
3,1177,693
3,1127,735
3,1330,439
3,1330,435
3,1337,486
3,1379,494
3,1358,1028
3,1374,920
3,1295,960
3,1372,1027
3,1465,1067
3,1465,1073
3,1322,685
3,1288,657
3,1295,654
3,1451,1036
3,1456,1036
3,1346,1058
3,1334,1047
3,1340,1052
3,1335,1070
3,1375,1070
3,1381,1073
3,1343,1070
3,1348,1070
3,1687,1053
3,1370,476
3,1376,483
3,932,160
3,931,177
3,1115,157
3,1388,582
3,1391,586
3,1375,577
3,1375,581
3,1374,586
3,1374,588
3,943,88
3,943,97
3,908,233
3,913,234
3,899,217
3,937,158
3,944,157
3,941,162
3,1112,355
3,1401,169
3,1417,81
3,1424,77
4,181,953
4,181,943
4,183,949
4,172,816
4,176,803
4,334,877
4,647,780
4,99,753
4,92,753
4,89,733
4,80,735
4,11,494
4,202,524
4,204,508
4,204,512
4,212,516
4,293,654
4,467,651
4,413,604
4,423,591
4,423,595
4,463,641
4,461,637
4,464,632
4,692,991
4,687,998
4,769,1050
4,838,933
4,834,929
4,659,988
4,656,995
4,654,1001
4,723,1027
4,725,1031
4,726,1022
4,630,1001
4,641,1008
4,648,996
4,644,1003
4,894,954
4,930,942
4,926,937
4,915,464
4,881,464
4,888,467
4,890,563
4,890,569
4,955,333
4,1236,717
4,1244,724
4,1175,695
4,1129,733
4,1325,438
4,1324,432
4,1339,487
4,1378,494
4,1356,1031
4,1364,918
4,1286,970
4,1369,1030
4,1461,1068
4,1462,1074
4,1324,688
4,1288,658
4,1293,654
4,1452,1037
4,1457,1036
4,1344,1061
4,1334,1050
4,1339,1055
4,1333,1072
4,1375,1070
4,1381,1073
4,1345,1068
4,1351,1069
4,1689,1053
4,1369,476
4,1375,483
4,932,163
4,933,180
4,1118,160
4,1387,584
4,1391,588
4,1373,577
4,1373,582
4,1372,587
4,1373,589
4,941,85
4,941,94
4,908,231
4,913,230
4,899,220
4,937,155
4,944,153
4,941,161
4,1109,351
4,1400,173
4,1416,85
4,1422,81
5,178,954
5,178,944
5,179,949
5,175,817
5,178,806
5,329,878
5,650,783
5,98,750
5,91,749
5,89,730
5,80,732
5,11,494
5,198,523
5,200,507
5,201,511
5,208,516
5,291,656
5,470,651
5,417,604
5,421,591
5,420,595
5,466,642
5,464,638
5,466,633
5,690,990
5,685,997
5,770,1050
5,837,938
5,833,933
5,658,987
5,654,994
5,652,1000
5,724,1027
5,725,1032
5,727,1023
5,629,999
5,640,1007
5,647,995
5,644,1002
5,890,956
5,927,944
5,923,938
5,915,467
5,881,466
5,888,470
5,886,563
5,886,568
5,955,329
5,1234,717
5,1242,724
5,1172,697
5,1132,732
5,1323,437
5,1322,430
5,1339,486
5,1376,492
5,1353,1032
5,1354,917
5,1278,980
5,1367,1032
5,1460,1068
5,1459,1074
5,1326,690
5,1287,659
5,1292,654
5,1453,1037
5,1458,1037
5,1343,1064
5,1332,1053
5,1337,1058
5,1376,1070
5,1382,1073
5,1347,1067
5,1353,1068
5,1689,1052
5,1364,476
5,1371,482
5,934,166
5,935,182
5,1123,162
5,1386,585
5,1390,589
5,1371,577
5,1371,582
5,1371,588
5,1371,590
5,939,84
5,939,91
5,908,228
5,912,226
5,897,223
5,936,151
5,943,149
5,941,156
5,1108,347
5,1400,176
5,1415,88
5,1422,84
6,175,954
6,175,944
6,176,950
6,179,821
6,182,808
6,324,878
6,652,787
6,98,748
6,91,747
6,88,727
6,79,729
6,11,494
6,196,523
6,198,506
6,198,511
6,206,516
6,291,656
6,473,652
6,422,604
6,418,590
6,417,595
6,468,642
6,466,638
6,469,634
6,687,990
6,683,997
6,771,1050
6,837,941
6,832,936
6,656,987
6,653,992
6,650,998
6,724,1027
6,725,1032
6,727,1023
6,628,997
6,639,1006
6,646,994
6,643,998
6,886,958
6,923,946
6,919,940
6,915,471
6,881,470
6,888,473
6,883,563
6,882,568
6,955,325
6,1232,716
6,1240,725
6,1170,699
6,1136,731
6,1320,435
6,1319,427
6,1339,486
6,1374,491
6,1351,1035
6,1342,915
6,1269,990
6,1365,1035
6,1457,1068
6,1457,1074
6,1329,692
6,1287,660
6,1291,654
6,1454,1038
6,1459,1038
6,1342,1066
6,1331,1055
6,1335,1061
6,1376,1070
6,1382,1073
6,1348,1063
6,1355,1064
6,1690,1052
6,1362,474
6,1369,480
6,936,169
6,937,185
6,1127,164
6,1386,586
6,1389,590
6,1369,577
6,1370,582
6,1370,588
6,1370,591
6,938,83
6,938,90
6,908,225
6,912,223
6,897,226
6,936,148
6,943,145
6,940,150
6,1106,343
6,1399,180
6,1413,91
6,1422,87
7,170,953
7,171,944
7,172,949
7,183,824
7,187,811
7,319,878
7,653,789
7,100,744
7,91,744
7,86,723
7,78,726
7,11,494
7,193,522
7,195,506
7,195,511
7,203,515
7,291,656
7,476,653
7,427,604
7,416,589
7,415,595
7,471,643
7,469,639
7,471,635
7,685,989
7,682,996
7,773,1050
7,837,944
7,832,940
7,655,986
7,651,991
7,648,997
7,724,1027
7,725,1032
7,727,1023
7,627,996
7,638,1004
7,645,993
7,642,998
7,881,959
7,920,947
7,916,941
7,916,474
7,881,473
7,888,476
7,880,564
7,879,568
7,954,322
7,1230,716
7,1239,725
7,1168,700
7,1139,730
7,1318,434
7,1315,425
7,1341,486
7,1372,488
7,1348,1038
7,1330,910
7,1363,1037
7,1455,1067
7,1456,1074
7,1330,694
7,1284,661
7,1288,655
7,1454,1037
7,1459,1037
7,1340,1069
7,1329,1057
7,1333,1064
7,1377,1070
7,1383,1072
7,1351,1060
7,1357,1062
7,1690,1052
7,1360,472
7,1367,479
7,938,173
7,938,187
7,1131,165
7,1386,587
7,1388,591
7,1366,576
7,1367,582
7,1366,590
7,1367,593
7,934,79
7,934,86
7,909,221
7,912,219
7,897,229
7,935,144
7,943,141
7,940,145
7,1106,339
7,1399,183
7,1413,94
7,1422,90
8,166,953
8,167,944
8,168,949
8,186,827
8,190,813
8,314,878
8,654,792
8,97,740
8,88,739
8,84,720
8,77,723
8,11,494
8,191,522
8,192,506
8,192,511
8,200,515
8,292,655
8,478,654
8,431,603
8,413,589
8,412,594
8,474,643
8,471,639
8,474,635
8,683,988
8,680,994
8,774,1049
8,836,948
8,830,944
8,653,984
8,649,989
8,648,996
8,724,1027
8,725,1031
8,728,1023
8,627,995
8,637,1003
8,643,992
8,641,998
8,876,961
8,916,948
8,912,943
8,916,477
8,880,476
8,887,479
8,876,564
8,875,568
8,953,318
8,1228,716
8,1237,725
8,1165,701
8,1142,728
8,1315,433
8,1312,423
8,1342,486
8,1369,486
8,1344,1041
8,1317,908
8,1359,1037
8,1451,1067
8,1452,1074
8,1332,696
8,1282,662
8,1286,656
8,1454,1036
8,1459,1037
8,1338,1071
8,1326,1060
8,1331,1067
8,1377,1070
8,1383,1072
8,1353,1057
8,1359,1060
8,1691,1052
8,1356,470
8,1364,476
8,940,176
8,939,189
8,1385,588
8,1387,592
8,1364,575
8,1365,582
8,1363,592
8,1365,594
8,1461,557
8,931,76
8,932,82
8,909,217
8,912,216
8,897,232
8,934,140
8,943,137
8,939,141
8,1105,336
8,1398,186
8,1413,97
8,1422,94
9,161,953
9,163,944
9,163,949
9,188,829
9,193,816
9,309,879
9,655,795
9,97,736
9,88,737
9,83,718
9,77,720
9,313,952
9,11,494
9,188,522
9,189,505
9,189,511
9,197,515
9,292,655
9,481,656
9,435,603
9,410,589
9,409,593
9,477,643
9,474,639
9,477,635
9,681,987
9,678,994
9,775,1049
9,834,952
9,828,947
9,651,982
9,647,988
9,647,995
9,724,1027
9,725,1031
9,728,1023
9,626,993
9,636,1003
9,641,991
9,640,998
9,874,961
9,911,948
9,909,943
9,916,480
9,880,478
9,887,481
9,872,563
9,871,568
9,953,313
9,1225,716
9,1235,725
9,1162,704
9,1145,725
9,1311,431
9,1309,421
9,1342,487
9,1366,485
9,1344,1044
9,1305,905
9,1357,1038
9,1449,1067
9,1448,1072
9,1334,697
9,1280,662
9,1283,656
9,1454,1035
9,1459,1036
9,1336,1073
9,1326,1064
9,1329,1071
9,1378,1069
9,1383,1072
9,1356,1054
9,1362,1057
9,1692,1052
9,1353,468
9,1361,474
9,941,178
9,940,191
9,1384,589
9,1387,593
9,1361,575
9,1362,582
9,1359,594
9,1362,596
9,1459,557
9,930,74
9,930,80
9,908,213
9,912,212
9,898,235
9,934,137
9,943,133
9,939,138
9,1103,331
9,1397,189
9,1413,100
9,1421,97
10,157,954
10,159,945
10,159,950
10,190,831
10,195,818
10,304,879
10,656,798
10,96,734
10,88,734
10,84,716
10,77,716
10,11,494
10,184,524
10,184,505
10,185,511
10,191,515
10,293,654
10,484,657
10,439,604
10,408,589
10,406,593
10,480,643
10,476,639
10,479,635
10,680,987
10,677,994
10,775,1048
10,833,955
10,826,950
10,649,981
10,647,988
10,646,994
10,723,1027
10,725,1031
10,728,1023
10,625,992
10,635,1002
10,640,990
10,638,997
10,603,935
10,608,932
10,871,964
10,908,949
10,905,946
10,915,483
10,880,480
10,886,483
10,868,562
10,868,568
10,953,309
10,1223,717
10,1233,725
10,1160,704
10,1149,725
10,1308,429
10,1307,417
10,1342,487
10,1364,485
10,1342,1046
10,1293,903
10,1356,1040
10,1447,1066
10,1445,1071
10,1336,699
10,1278,662
10,1280,655
10,1454,1035
10,1459,1036
10,1335,1075
10,1325,1068
10,1328,1074
10,1378,1068
10,1383,1071
10,1359,1051
10,1364,1055
10,1692,1052
10,1350,466
10,1357,473
10,942,179
10,941,194
10,1383,590
10,1387,594
10,1359,574
10,1360,580
10,1356,596
10,1360,598
10,1456,557
10,927,79
10,908,209
10,912,208
10,897,238
10,933,132
10,942,129
10,938,134
10,1101,327
10,1396,192
10,1412,103
10,1420,99
11,153,954
11,154,945
11,154,950
11,192,833
11,197,820
11,299,880
11,656,801
11,95,732
11,87,732
11,85,714
11,304,952
11,11,494
11,180,525
11,180,505
11,181,511
11,185,516
11,293,654
11,486,658
11,443,604
11,405,589
11,403,593
11,483,644
11,479,639
11,482,635
11,677,985
11,674,992
11,775,1048
11,832,958
11,825,954
11,647,980
11,645,987
11,644,993
11,722,1027
11,725,1031
11,728,1023
11,624,992
11,632,1000
11,638,989
11,635,995
11,601,935
11,867,966
11,905,951
11,901,947
11,915,487
11,880,481
11,886,485
11,864,562
11,864,567
11,951,305
11,1220,717
11,1231,725
11,1157,706
11,1152,724
11,1304,426
11,1305,413
11,1343,488
11,1361,482
11,1339,1048
11,1280,901
11,1353,1042
11,1444,1065
11,1443,1071
11,1338,701
11,1276,661
11,1278,655
11,1453,1035
11,1460,1036
11,1325,1070
11,1378,1068
11,1383,1071
11,1360,1048
11,1365,1054
11,1692,1052
11,1348,464
11,1352,470
11,943,181
11,941,196
11,1382,591
11,1386,595
11,1356,573
11,1357,579
11,1353,598
11,1357,599
11,1454,558
11,907,205
11,912,204
11,895,240
11,931,129
11,941,125
11,936,130
11,1100,321
11,1396,195
11,1410,105
11,1419,101
12,149,954
12,150,945
12,150,950
12,194,836
12,199,823
12,293,880
12,656,805
12,94,728
12,83,729
12,300,952
12,11,494
12,175,524
12,176,506
12,178,511
12,180,516
12,294,653
12,487,659
12,447,604
12,403,589
12,401,593
12,485,645
12,482,640
12,485,635
12,674,985
12,671,990
12,775,1048
12,830,963
12,823,959
12,644,978
12,642,986
12,641,992
12,722,1027
12,725,1031
12,728,1023
12,622,992
12,630,998
12,635,987
12,632,993
12,598,934
12,900,954
12,898,949
12,915,490
12,880,484
12,885,488
12,860,562
12,860,567
12,949,300
12,1217,717
12,1229,725
12,1154,708
12,1153,723
12,1299,423
12,1303,412
12,1343,488
12,1358,480
12,1336,1051
12,1267,898
12,1350,1045
12,1441,1065
12,1440,1070
12,1338,703
12,1274,661
12,1275,655
12,1453,1035
12,1460,1036
12,1324,1072
12,1379,1068
12,1383,1071
12,1361,1046
12,1367,1052
12,1692,1052
12,1344,462
12,1349,468
12,945,185
12,943,200
12,1381,592
12,1385,597
12,1353,572
12,1354,577
12,1350,600
12,1354,601
12,1451,558
12,907,202
12,911,201
12,895,243
12,931,125
12,939,120
12,935,126
12,1098,318
12,1396,198
12,1409,109
12,1418,105
13,144,955
13,145,946
13,145,951
13,196,838
13,201,825
13,286,879
13,657,809
13,90,725
13,80,726
13,83,708
13,75,710
13,295,951
13,11,494
13,171,523
13,173,507
13,176,511
13,175,517
13,7,485
13,7,488
13,294,653
13,489,661
13,450,604
13,399,588
13,398,592
13,487,646
13,485,641
13,487,636
13,673,985
13,668,990
13,774,1048
13,828,967
13,822,963
13,642,977
13,640,984
13,638,991
13,722,1028
13,726,1031
13,728,1023
13,621,992
13,629,997
13,633,986
13,632,992
13,596,933
13,896,956
13,893,951
13,915,494
13,880,486
13,884,491
13,856,563
13,856,567
13,948,295
13,1215,717
13,1228,726
13,1151,710
13,1157,720
13,1296,421
13,1301,410
13,1343,489
13,1354,480
13,1334,1055
13,1253,896
13,1163,1049
13,1348,1048
13,1438,1067
13,1437,1070
13,1339,706
13,1271,661
13,1273,656
13,1453,1035
13,1460,1036
13,1379,1068
13,1383,1071
13,1362,1043
13,1368,1051
13,1692,1053
13,1342,462
13,1348,468
13,947,189
13,944,204
13,1380,594
13,1383,598
13,1351,571
13,1352,576
13,1348,602
13,1353,604
13,1449,559
13,906,199
13,911,198
13,894,247
13,930,122
13,938,117
13,934,122
13,1096,315
13,1396,202
13,1408,112
13,1417,108
14,140,956
14,139,946
14,141,951
14,200,840
14,205,827
14,280,879
14,657,814
14,88,722
14,79,723
14,81,705
14,72,708
14,290,950
14,11,494
14,167,523
14,169,507
14,171,510
14,171,517
14,10,487
14,9,490
14,295,652
14,491,662
14,452,604
14,395,587
14,393,592
14,490,646
14,487,641
14,489,636
14,670,985
14,665,990
14,774,1048
14,826,971
14,819,967
14,639,976
14,639,983
14,636,990
14,722,1028
14,726,1031
14,728,1023
14,619,991
14,627,996
14,631,985
14,631,992
14,594,933
14,893,957
14,888,953
14,915,497
14,880,489
14,883,495
14,852,563
14,851,567
14,947,290
14,1211,717
14,1226,726
14,1148,713
14,1160,718
14,1294,420
14,1299,408
14,1344,490
14,1350,479
14,1332,1060
14,1241,895
14,1149,1055
14,1345,1051
14,1435,1067
14,1434,1071
14,1340,708
14,1268,661
14,1270,656
14,1453,1035
14,1460,1036
14,1379,1068
14,1383,1071
14,1363,1041
14,1370,1049
14,1692,1054
14,1339,458
14,1342,466
14,947,192
14,944,208
14,1379,595
14,1382,600
14,1348,569
14,1349,575
14,1346,605
14,1351,607
14,1447,560
14,906,195
14,911,194
14,894,251
14,929,119
14,937,115
14,934,118
14,1095,311
14,1395,206
14,1407,116
14,1417,112
15,136,956
15,135,947
15,138,951
15,203,842
15,209,829
15,274,879
15,657,818
15,85,718
15,78,719
15,77,703
15,69,706
15,287,951
15,11,494
15,163,523
15,165,507
15,166,510
15,168,517
15,12,490
15,11,493
15,295,650
15,494,662
15,457,605
15,392,587
15,390,592
15,492,646
15,490,642
15,492,637
15,35,680
15,666,984
15,661,990
15,774,1048
15,824,975
15,818,970
15,637,976
15,637,983
15,636,990
15,722,1028
15,726,1031
15,728,1023
15,617,990
15,624,996
15,629,985
15,629,992
15,592,934
15,853,974
15,888,959
15,884,955
15,916,501
15,879,492
15,883,497
15,848,563
15,847,568
15,946,287
15,1208,717
15,1225,726
15,1145,718
15,1162,717
15,1291,419
15,1297,406
15,1344,491
15,1347,478
15,1331,1063
15,1229,893
15,1133,1057
15,1343,1055
15,1432,1067
15,1432,1073
15,1342,710
15,1266,661
15,1267,656
15,1453,1035
15,1460,1036
15,1378,1068
15,1383,1071
15,1365,1039
15,1372,1047
15,1692,1054
15,1336,458
15,1341,465
15,948,195
15,945,212
15,1377,597
15,1381,602
15,1346,568
15,1347,575
15,1345,607
15,1350,610
15,1445,561
15,906,191
15,911,190
15,894,253
15,929,115
15,936,111
15,933,115
15,1094,306
15,1394,209
15,1407,120
15,1417,115
16,132,955
16,132,948
16,135,951
16,206,845
16,212,831
16,270,879
16,657,820
16,84,715
16,77,716
16,74,701
16,65,704
16,282,948
16,11,494
16,159,523
16,162,508
16,163,511
16,165,517
16,15,491
16,16,495
16,296,648
16,497,662
16,461,606
16,389,587
16,389,592
16,495,647
16,492,643
16,494,638
16,31,680
16,664,983
16,659,989
16,774,1047
16,822,978
16,815,975
16,635,974
16,634,982
16,634,988
16,722,1028
16,726,1031
16,727,1023
16,615,988
16,621,995
16,626,984
16,627,991
16,590,934
16,849,975
16,884,961
16,880,957
16,916,504
16,879,496
16,883,499
16,843,564
16,843,569
16,945,283
16,1206,718
16,1223,726
16,1142,720
16,1165,716
16,1289,417
16,1295,405
16,1344,491
16,1344,477
16,1329,1066
16,1214,891
16,1115,1059
16,1341,1058
16,1429,1067
16,1430,1073
16,1343,712
16,1263,661
16,1264,656
16,1453,1035
16,1460,1036
16,1378,1068
16,1383,1071
16,1367,1037
16,1374,1045
16,1692,1054
16,1334,456
16,1339,464
16,949,199
16,946,215
16,1376,599
16,1380,604
16,1344,567
16,1344,574
16,1343,610
16,1348,613
16,1443,562
16,906,188
16,911,186
16,892,256
16,927,111
16,934,107
16,931,112
16,1092,302
16,1394,213
16,1407,124
16,1416,119
16,712,924
17,128,955
17,128,949
17,131,952
17,208,847
17,214,833
17,265,878
17,658,823
17,84,712
17,76,712
17,70,699
17,62,702
17,278,947
17,11,494
17,156,522
17,159,508
17,161,511
17,162,517
17,18,492
17,21,497
17,297,646
17,501,662
17,465,607
17,387,587
17,387,592
17,499,647
17,496,643
17,497,638
17,28,678
17,662,983
17,657,988
17,774,1047
17,820,983
17,815,979
17,633,973
17,632,981
17,632,988
17,722,1028
17,726,1031
17,727,1023
17,614,987
17,620,995
17,624,982
17,625,990
17,846,978
17,880,963
17,876,959
17,915,509
17,878,499
17,883,502
17,839,564
17,839,569
17,945,280
17,1204,719
17,1221,726
17,1139,722
17,1168,715
17,1286,415
17,1292,403
17,1344,492
17,1341,476
17,1326,1069
17,1202,890
17,1097,1060
17,1339,1062
17,1426,1067
17,1427,1073
17,1344,714
17,1261,661
17,1261,657
17,1453,1035
17,1460,1036
17,1377,1068
17,1383,1071
17,1370,1036
17,1376,1042
17,1692,1054
17,1331,455
17,1335,463
17,951,203
17,947,218
17,1374,601
17,1379,606
17,1342,566
17,1340,573
17,1342,613
17,1346,615
17,1441,562
17,906,185
17,911,183
17,892,259
17,926,107
17,1501,866
17,1494,862
17,933,104
17,931,109
17,1091,298
17,1394,217
17,1407,126
17,1416,121
17,710,924
18,124,957
18,124,950
18,126,953
18,210,850
18,217,834
18,260,878
18,659,826
18,81,708
18,67,697
18,59,700
18,274,945
18,11,494
18,153,522
18,156,509
18,158,512
18,159,517
18,22,494
18,26,500
18,299,643
18,504,662
18,469,607
18,385,587
18,383,591
18,502,647
18,500,643
18,501,639
18,28,675
18,660,983
18,655,988
18,774,1047
18,819,987
18,813,983
18,632,972
18,631,980
18,631,988
18,722,1028
18,726,1031
18,727,1023
18,612,987
18,619,994
18,622,981
18,624,989
18,877,965
18,872,961
18,915,513
18,878,503
18,883,505
18,836,565
18,836,570
18,945,275
18,1204,719
18,1221,726
18,1136,725
18,1171,715
18,1283,413
18,1290,401
18,1345,494
18,1338,476
18,1324,1072
18,1189,887
18,1339,1064
18,1422,1067
18,1424,1073
18,1344,717
18,1259,661
18,1258,657
18,1453,1035
18,1460,1036
18,1377,1068
18,1383,1071
18,1372,1033
18,1377,1040
18,1692,1054
18,1328,452
18,1332,461
18,952,206
18,948,221
18,1373,602
18,1378,606
18,1340,565
18,1337,572
18,1340,616
18,1344,618
18,1439,563
18,908,181
18,912,180
18,892,263
18,925,104
18,1503,870
18,1497,867
18,933,100
18,931,105
18,1090,294
18,1394,221
18,1407,129
18,1415,124
18,708,925
19,121,958
19,121,950
19,121,954
19,213,852
19,220,835
19,255,877
19,659,830
19,63,695
19,56,699
19,269,943
19,11,494
19,149,522
19,152,509
19,155,513
19,156,518
19,25,494
19,28,501
19,301,640
19,507,663
19,472,608
19,382,586
19,380,590
19,506,647
19,504,643
19,504,639
19,28,671
19,657,982
19,652,987
19,774,1046
19,819,992
19,812,987
19,631,972
19,630,980
19,630,988
19,722,1028
19,726,1030
19,727,1023
19,611,987
19,619,993
19,621,981
19,623,988
19,872,967
19,868,963
19,914,516
19,877,505
19,882,507
19,832,565
19,833,570
19,945,271
19,1204,719
19,1220,727
19,1134,727
19,1174,714
19,1280,411
19,1287,399
19,1346,496
19,1335,475
19,1323,1075
19,1175,887
19,1338,1068
19,1421,1068
19,1421,1074
19,1345,719
19,1256,661
19,1255,656
19,1453,1035
19,1460,1036
19,1377,1068
19,1383,1071
19,1375,1031
19,1378,1037
19,1692,1054
19,1326,452
19,1330,460
19,953,210
19,948,224
19,1372,604
19,1376,607
19,1338,564
19,1334,571
19,1339,619
19,1343,620
19,1436,564
19,909,178
19,912,177
19,891,266
19,925,100
19,1504,874
19,1498,871
19,932,96
19,931,101
19,1089,291
19,1394,225
19,1406,132
19,1414,127
19,705,925
20,117,958
20,117,950
20,116,954
20,217,852
20,222,836
20,250,874
20,660,834
20,59,693
20,52,697
20,265,941
20,11,494
20,146,522
20,147,509
20,151,513
20,153,519
20,28,495
20,31,502
20,303,638
20,510,662
20,475,609
20,379,586
20,377,589
20,509,648
20,507,643
20,507,639
20,23,670
20,654,980
20,649,986
20,774,1046
20,816,995
20,810,991
20,628,969
20,627,977
20,628,985
20,722,1028
20,727,1030
20,727,1023
20,608,985
20,616,991
20,618,978
20,621,985
20,587,929
20,590,920
20,578,913
20,868,968
20,865,965
20,914,519
20,876,507
20,881,510
20,828,565
20,830,571
20,944,266
20,1204,720
20,1219,728
20,1132,729
20,1179,713
20,1277,410
20,1285,396
20,1346,497
20,1332,474
20,1161,886
20,1334,1069
20,1419,1070
20,1419,1075
20,1348,722
20,1252,660
20,1252,656
20,1453,1035
20,1460,1036
20,1376,1068
20,1383,1071
20,1376,1029
20,1379,1035
20,1692,1054
20,1324,451
20,1327,459
20,955,213
20,948,227
20,1371,605
20,1374,608
20,1336,564
20,1332,571
20,1339,622
20,1343,623
20,1432,565
20,909,175
20,912,173
20,889,268
20,924,96
20,1504,878
20,1498,876
20,931,93
20,929,98
20,924,77
20,1087,287
20,1395,229
20,1405,136
20,1413,131
20,702,924
21,113,959
21,113,950
21,111,954
21,220,853
21,224,838
21,243,874
21,661,838
21,56,691
21,49,695
21,259,938
21,11,494
21,144,522
21,144,510
21,148,513
21,152,520
21,31,496
21,34,503
21,305,635
21,512,661
21,479,609
21,376,586
21,375,589
21,511,648
21,509,643
21,509,638
21,18,669
21,650,979
21,647,985
21,774,1046
21,814,998
21,808,995
21,625,967
21,625,975
21,626,983
21,722,1028
21,727,1030
21,727,1023
21,606,983
21,614,989
21,616,976
21,620,983
21,585,925
21,588,917
21,578,912
21,914,522
21,876,509
21,881,513
21,824,565
21,825,571
21,944,262
21,1207,720
21,1219,728
21,1129,731
21,1181,713
21,1276,408
21,1281,395
21,1346,498
21,1330,473
21,1146,883
21,1333,1072
21,1414,1070
21,1350,724
21,1250,660
21,1250,656
21,1453,1035
21,1460,1036
21,1376,1068
21,1383,1071
21,1377,1027
21,1381,1032
21,1692,1054
21,1321,449
21,1325,457
21,956,215
21,948,230
21,1369,607
21,1372,610
21,1334,563
21,1330,570
21,1339,626
21,1343,626
21,1429,566
21,909,171
21,913,169
21,889,272
21,922,91
21,1505,881
21,1499,879
21,929,89
21,927,94
21,928,79
21,1087,282
21,1395,232
21,1403,140
21,1413,134
21,700,922
22,108,960
22,108,950
22,107,955
22,221,857
22,225,841
22,235,873
22,662,842
22,52,689
22,46,693
22,256,934
22,11,494
22,142,522
22,140,511
22,145,513
22,151,520
22,34,498
22,37,505
22,309,633
22,515,659
22,482,609
22,373,586
22,372,589
22,514,648
22,512,643
22,512,637
22,14,668
22,647,979
22,645,985
22,774,1045
22,813,1002
22,807,1000
22,623,967
22,623,975
22,625,983
22,722,1028
22,727,1029
22,727,1023
22,604,982
22,612,987
22,614,976
22,618,981
22,584,922
22,586,915
22,578,911
22,830,989
22,915,526
22,875,511
22,882,516
22,820,566
22,820,571
22,944,258
22,1208,721
22,1218,728
22,1127,733
22,1183,712
22,1274,406
22,1278,393
22,1346,499
22,1327,473
22,1130,883
22,1330,1073
22,1412,1071
22,1351,726
22,1246,660
22,1246,656
22,1453,1035
22,1460,1036
22,1376,1068
22,1383,1071
22,1379,1025
22,1383,1030
22,1693,1055
22,1318,448
22,1324,457
22,957,217
22,948,234
22,1368,608
22,1371,611
22,1332,563
22,1329,569
22,1339,629
22,1343,629
22,1425,567
22,909,167
22,915,165
22,888,275
22,921,86
22,1506,884
22,1500,882
22,928,85
22,926,91
22,932,81
22,1086,278
22,1394,236
22,1403,143
22,1413,137
22,697,920
22,1352,1075
23,104,961
23,103,951
23,104,956
23,227,859
23,229,845
23,233,872
23,662,845
23,49,687
23,43,691
23,253,931
23,11,494
23,139,523
23,136,512
23,142,514
23,147,521
23,37,499
23,40,506
23,313,631
23,517,658
23,486,609
23,370,585
23,369,589
23,516,648
23,515,643
23,514,637
23,11,666
23,644,979
23,643,985
23,774,1045
23,812,1006
23,805,1005
23,621,967
23,621,974
23,623,983
23,722,1028
23,728,1029
23,727,1023
23,602,982
23,609,986
23,612,975
23,616,981
23,581,918
23,585,914
23,576,909
23,827,993
23,915,529
23,874,514
23,882,518
23,816,566
23,816,571
23,944,254
23,1210,722
23,1218,728
23,1125,737
23,1186,711
23,1270,402
23,1274,393
23,1346,500
23,1325,473
23,1115,882
23,1409,1073
23,1352,728
23,1243,660
23,1243,655
23,1453,1035
23,1460,1036
23,1376,1068
23,1383,1071
23,1380,1023
23,1385,1028
23,1693,1056
23,1315,448
23,1320,457
23,957,221
23,949,238
23,1366,610
23,1369,613
23,1330,562
23,1327,568
23,1338,632
23,1342,631
23,1422,568
23,909,164
23,915,162
23,887,277
23,919,83
23,1506,889
23,1500,886
23,927,81
23,925,88
23,935,84
23,1085,273
23,1392,238
23,1403,147
23,1412,141
23,694,918
23,1355,1072
24,100,963
24,98,953
24,101,958
24,230,859
24,233,847
24,226,870
24,663,849
24,45,685
24,39,689
24,248,929
24,11,494
24,137,523
24,132,512
24,139,515
24,143,521
24,40,501
24,43,508
24,317,628
24,520,658
24,490,609
24,367,585
24,366,589
24,518,649
24,518,643
24,517,637
24,10,662
24,642,978
24,640,984
24,774,1045
24,810,1010
24,804,1007
24,619,966
24,618,973
24,621,982
24,722,1028
24,728,1028
24,727,1023
24,599,980
24,607,986
24,610,975
24,612,983
24,578,915
24,583,912
24,573,906
24,827,993
24,916,532
24,874,518
24,882,520
24,812,567
24,812,571
24,943,250
24,1211,723
24,1218,728
24,1123,742
24,1189,710
24,1267,400
24,1271,392
24,1346,502
24,1323,473
24,1101,881
24,1354,731
24,1240,660
24,1239,655
24,1453,1035
24,1460,1036
24,1376,1069
24,1383,1071
24,1381,1021
24,1387,1027
24,1693,1058
24,1313,447
24,1318,456
24,957,225
24,949,241
24,1364,612
24,1368,615
24,1326,562
24,1323,568
24,1337,635
24,1341,635
24,1418,570
24,909,161
24,915,159
24,886,281
24,918,79
24,1506,894
24,1500,890
24,926,78
24,922,87
24,938,87
24,1084,269
24,1391,243
24,1403,150
24,1411,145
24,689,916
24,1358,1071
25,95,964
25,94,953
25,97,958
25,234,864
25,237,848
25,220,867
25,664,852
25,41,683
25,36,688
25,243,926
25,11,494
25,135,524
25,129,515
25,136,516
25,140,522
25,43,503
25,45,510
25,321,623
25,523,658
25,494,610
25,364,585
25,363,589
25,521,650
25,521,644
25,520,638
25,9,660
25,640,978
25,637,983
25,775,1044
25,809,1014
25,802,1011
25,617,965
25,616,972
25,619,981
25,722,1028
25,728,1028
25,727,1023
25,597,979
25,603,985
25,606,973
25,609,981
25,576,914
25,582,911
25,572,904
25,823,997
25,916,536
25,874,523
25,882,524
25,808,568
25,809,572
25,942,246
25,1212,724
25,1218,727
25,1122,745
25,1193,709
25,1265,398
25,1268,391
25,1346,504
25,1320,473
25,1087,880
25,1356,734
25,1237,660
25,1237,655
25,1452,1036
25,1459,1036
25,1376,1070
25,1383,1072
25,1382,1019
25,1388,1025
25,1694,1057
25,1310,447
25,1317,456
25,958,228
25,950,245
25,1362,614
25,1366,617
25,1323,561
25,1320,567
25,1336,637
25,1340,638
25,1415,571
25,910,159
25,916,157
25,886,285
25,918,75
25,1506,898
25,1500,894
25,925,75
25,920,86
25,942,89
25,1084,266
25,1390,247
25,1404,153
25,1411,149
25,685,913
25,1361,1071
26,90,966
26,90,954
26,92,959
26,236,866
26,240,852
26,215,867
26,665,856
26,38,681
26,33,686
26,239,923
26,11,494
26,133,526
26,126,519
26,133,518
26,137,523
26,46,504
26,48,511
26,327,620
26,525,658
26,497,611
26,361,585
26,361,589
26,523,651
26,523,645
26,523,638
26,638,978
26,634,983
26,776,1043
26,808,1018
26,800,1016
26,615,963
26,614,971
26,617,979
26,722,1028
26,728,1028
26,727,1023
26,596,978
26,601,984
26,605,973
26,607,979
26,573,912
26,579,909
26,570,902
26,819,1001
26,916,539
26,875,526
26,882,527
26,804,569
26,806,574
26,942,242
26,1212,724
26,1218,727
26,1121,747
26,1197,709
26,1263,397
26,1265,391
26,1346,505
26,1319,473
26,1072,878
26,1357,736
26,1234,661
26,1234,656
26,1452,1036
26,1459,1036
26,1376,1070
26,1383,1072
26,1384,1017
26,1390,1023
26,1694,1056
26,1306,447
26,1314,456
26,958,232
26,950,248
26,1361,617
26,1365,620
26,1321,561
26,1317,566
26,1336,641
26,1339,642
26,1411,572
26,911,155
26,916,154
26,886,289
26,1506,902
26,1500,898
26,918,82
26,945,93
26,1083,262
26,1389,251
26,1404,157
26,1411,153
26,682,912
26,1362,1068
27,85,967
27,85,956
27,86,961
27,244,869
27,248,856
27,212,864
27,665,859
27,34,679
27,30,684
27,235,921
27,11,494
27,129,527
27,125,521
27,131,520
27,134,525
27,49,506
27,51,513
27,333,617
27,528,658
27,500,612
27,357,584
27,358,589
27,525,651
27,526,646
27,526,639
27,635,978
27,631,983
27,777,1042
27,800,1021
27,612,963
27,613,970
27,614,979
27,721,1028
27,729,1028
27,726,1023
27,595,978
27,600,984
27,605,973
27,606,978
27,570,912
27,576,908
27,569,900
27,817,1005
27,917,541
27,875,530
27,882,530
27,800,571
27,803,576
27,942,239
27,1214,724
27,1218,727
27,1120,751
27,1200,708
27,1259,396
27,1261,391
27,1346,507
27,1317,473
27,1057,876
27,1358,738
27,1231,661
27,1231,656
27,1451,1037
27,1458,1036
27,1376,1070
27,1382,1072
27,1386,1016
27,1391,1022
27,1693,1056
27,1303,447
27,1311,457
27,958,236
27,951,252
27,1360,620
27,1364,623
27,1319,562
27,1314,565
27,1336,646
27,1339,647
27,1408,572
27,912,152
27,916,152
27,885,293
27,1506,906
27,1500,902
27,917,79
27,948,97
27,1082,259
27,1389,255
27,1404,161
27,1411,157
27,679,911
27,1364,1065
28,81,968
28,80,957
28,81,962
28,249,874
28,253,859
28,207,862
28,666,863
28,31,677
28,26,682
28,231,918
28,11,494
28,126,528
28,125,523
28,130,523
28,131,527
28,52,506
28,54,514
28,339,612
28,531,659
28,504,613
28,355,583
28,355,588
28,529,651
28,529,646
28,530,640
28,631,978
28,627,982
28,776,1041
28,798,1026
28,610,962
28,611,969
28,612,978
28,720,1029
28,730,1028
28,726,1023
28,592,977
28,598,983
28,602,972
28,603,978
28,567,910
28,574,906
28,567,897
28,814,1008
28,917,545
28,875,533
28,882,533
28,798,572
28,799,577
28,942,235
28,1216,726
28,1220,729
28,1120,754
28,1202,708
28,1256,395
28,1258,390
28,1346,509
28,1315,473
28,1045,875
28,1359,740
28,1228,662
28,1228,657
28,1451,1037
28,1458,1036
28,1375,1071
28,1381,1072
28,1388,1015
28,1393,1020
28,1692,1056
28,1299,447
28,1309,457
28,959,241
28,953,256
28,1360,624
28,1363,626
28,1317,562
28,1311,565
28,1336,651
28,1339,652
28,1405,572
28,913,149
28,917,149
28,884,297
28,1506,910
28,1500,907
28,917,79
28,951,100
28,1082,256
28,1388,259
28,1404,165
28,1411,161
28,675,909
28,1367,1063
29,77,969
29,77,957
29,79,962
29,252,876
29,258,862
29,200,858
29,667,867
29,27,675
29,23,680
29,226,916
29,11,494
29,123,530
29,122,525
29,127,525
29,128,529
29,54,507
29,56,515
29,344,605
29,533,659
29,508,613
29,352,582
29,352,587
29,532,651
29,531,646
29,533,641
29,627,977
29,624,982
29,774,1039
29,794,1028
29,608,961
29,609,969
29,610,977
29,719,1029
29,731,1028
29,726,1023
29,589,977
29,596,981
29,600,970
29,600,977
29,564,908
29,573,904
29,564,895
29,812,1011
29,917,549
29,874,535
29,882,536
29,795,574
29,795,578
29,942,232
29,1213,726
29,1219,729
29,1119,758
29,1205,708
29,1253,394
29,1255,389
29,1346,510
29,1312,473
29,1032,874
29,1360,744
29,1224,662
29,1225,658
29,1451,1038
29,1458,1037
29,1373,1071
29,1381,1073
29,1390,1014
29,1394,1019
29,1692,1057
29,1295,445
29,1307,456
29,960,244
29,954,260
29,1358,626
29,1362,628
29,1314,562
29,1308,565
29,1336,655
29,1339,656
29,1401,572
29,913,147
29,918,147
29,882,300
29,1504,914
29,1499,911
29,954,104
29,1080,252
29,1386,263
29,1403,168
29,1410,164
29,670,908
29,1368,1061
30,72,970
30,73,958
30,77,962
30,259,881
30,265,867
30,197,852
30,668,870
30,25,673
30,21,679
30,221,912
30,11,494
30,121,533
30,118,529
30,123,527
30,126,531
30,57,507
30,59,516
30,349,600
30,535,659
30,512,614
30,349,582
30,349,587
30,535,651
30,534,646
30,536,642
30,625,976
30,621,981
30,774,1037
30,800,1036
30,793,1033
30,606,961
30,607,969
30,608,977
30,719,1029
30,732,1027
30,726,1022
30,586,976
30,593,980
30,600,969
30,598,976
30,564,906
30,570,903
30,563,894
30,810,1013
30,830,997
30,827,991
30,917,551
30,874,537
30,881,539
30,790,574
30,790,578
30,941,228
30,1211,726
30,1218,729
30,1118,761
30,1208,708
30,1249,392
30,1251,387
30,1346,511
30,1309,473
30,1018,872
30,1362,746
30,1222,661
30,1222,657
30,1451,1038
30,1458,1038
30,1372,1071
30,1380,1073
30,1392,1011
30,1395,1017
30,1692,1058
30,1292,443
30,1305,456
30,961,247
30,954,262
30,1357,628
30,1361,630
30,1312,561
30,1304,565
30,1336,660
30,1339,660
30,1398,573
30,915,144
30,918,144
30,882,303
30,1503,919
30,1499,915
30,958,106
30,1080,249
30,1384,268
30,1402,172
30,1409,168
30,666,907
30,1369,1058
