1,292,475
1,30,355
1,183,345
1,211,404
1,257,359
1,755,1005
1,749,897
1,672,1018
1,649,1022
1,1042,513
1,1051,504
1,1035,491
1,1040,473
1,1056,479
1,1027,437
1,1026,461
1,1063,416
1,1044,380
1,1029,395
1,1040,416
1,1052,405
1,1045,387
1,454,344
1,509,310
1,554,298
1,583,318
1,626,299
1,629,309
1,615,343
1,526,355
1,754,308
1,749,319
1,720,327
1,702,337
1,748,338
1,756,357
1,814,582
1,830,475
1,846,432
1,830,376
1,804,345
1,805,393
1,833,419
1,825,449
1,844,404
1,800,371
1,521,336
1,606,329
1,686,356
1,440,350
1,609,356
1,688,297
1,768,340
1,584,339
1,354,348
1,344,324
1,376,327
1,738,583
1,521,317
1,552,344
1,558,325
1,684,316
1,682,331
1,576,347
1,836,443
1,814,434
1,839,467
1,812,454
1,815,417
1,829,854
1,1514,355
1,1328,313
1,802,357
1,1199,855
1,1207,1030
1,1186,861
1,1220,970
1,1189,703
1,1217,683
1,1489,316
1,1331,340
1,1463,370
1,1293,374
1,1233,380
1,1205,437
1,1517,327
1,1510,333
1,1323,380
1,1330,393
1,1402,300
1,1219,805
1,1280,419
1,1242,420
1,1287,441
1,1234,477
1,1055,353
1,1048,437
1,1050,424
1,653,323
1,1041,425
1,1055,462
1,1230,447
1,1248,402
1,1223,428
1,1247,438
1,1224,459
1,1217,411
1,1187,449
1,1204,455
1,1289,339
1,1479,331
1,1232,505
1,1238,662
1,1190,693
1,558,315
1,690,305
1,855,474
1,1910,383
1,1878,383
1,1806,378
1,1786,382
1,1042,447
1,675,615
1,1242,684
2,291,476
2,24,353
2,172,346
2,220,397
2,267,360
2,755,994
2,749,887
2,669,1026
2,650,1011
2,1042,513
2,1051,504
2,1036,491
2,1040,473
2,1056,479
2,1026,434
2,1025,460
2,1063,416
2,1044,380
2,1031,395
2,1040,416
2,1051,405
2,1046,387
2,465,347
2,500,313
2,543,299
2,573,317
2,616,300
2,619,310
2,625,345
2,538,357
2,745,305
2,740,318
2,711,325
2,695,336
2,738,338
2,763,360
2,814,582
2,831,471
2,844,424
2,826,372
2,800,341
2,804,388
2,831,411
2,825,445
2,841,397
2,797,367
2,529,339
2,597,327
2,694,357
2,453,354
2,617,358
2,678,299
2,760,337
2,591,340
2,365,349
2,332,327
2,364,330
2,739,572
2,512,321
2,562,345
2,549,327
2,677,317
2,675,333
2,588,351
2,837,435
2,813,441
2,839,461
2,814,461
2,814,410
2,831,868
2,1505,355
2,1328,313
2,796,352
2,1199,847
2,1206,1040
2,1187,870
2,1220,963
2,1189,703
2,1217,670
2,1494,318
2,1331,340
2,1455,372
2,1293,374
2,1233,380
2,1205,437
2,1518,327
2,1510,333
2,1316,383
2,1323,396
2,1402,301
2,1219,814
2,1273,423
2,1242,420
2,1283,443
2,1230,486
2,1055,353
2,1048,437
2,1047,428
2,644,324
2,1041,456
2,1041,425
2,1055,462
2,1230,447
2,1248,402
2,1223,429
2,1247,442
2,1223,457
2,1217,411
2,1192,451
2,1210,460
2,1289,339
2,1479,331
2,1234,500
2,1238,659
2,1190,693
2,548,316
2,680,305
2,853,465
2,1903,383
2,1536,385
2,1872,384
2,1807,379
2,1789,387
2,1042,447
2,675,615
2,1242,680
3,290,478
3,19,352
3,161,347
3,229,390
3,277,361
3,755,984
3,749,878
3,666,1033
3,652,1000
3,1042,513
3,1052,504
3,1038,491
3,1040,473
3,1056,479
3,1026,432
3,1025,459
3,1063,416
3,1044,380
3,1033,395
3,1040,416
3,1051,405
3,1047,388
3,476,350
3,491,316
3,533,301
3,564,317
3,606,301
3,610,311
3,635,347
3,550,360
3,737,303
3,732,318
3,703,324
3,688,335
3,729,339
3,770,363
3,814,582
3,832,467
3,842,417
3,822,368
3,797,337
3,803,383
3,829,404
3,826,441
3,838,390
3,795,363
3,537,343
3,589,325
3,703,358
3,466,358
3,625,360
3,668,302
3,753,335
3,599,341
3,376,350
3,321,331
3,352,333
3,740,562
3,504,326
3,572,346
3,541,330
3,670,319
3,669,335
3,596,352
3,838,428
3,817,449
3,839,455
3,816,468
3,814,403
3,833,882
3,1496,355
3,1328,313
3,791,347
3,1200,840
3,1205,1049
3,1189,880
3,1220,957
3,1189,703
3,1216,657
3,1494,318
3,1331,340
3,1447,375
3,1293,374
3,1233,380
3,1205,437
3,1519,327
3,1511,334
3,1309,386
3,1316,400
3,1402,302
3,1220,823
3,1266,428
3,1242,421
3,1280,445
3,1226,495
3,1055,353
3,1048,438
3,1044,432
3,635,325
3,1041,456
3,1041,425
3,1055,462
3,1230,447
3,1248,402
3,1224,430
3,1247,447
3,1222,455
3,1217,411
3,1198,454
3,1217,466
3,1289,339
3,1480,331
3,1236,495
3,1238,657
3,1190,693
3,539,317
3,670,306
3,852,457
3,1897,383
3,1537,384
3,1866,386
3,1809,381
3,1042,447
3,675,615
3,1243,676
3,1258,460
4,289,480
4,13,350
4,150,348
4,238,383
4,287,362
4,755,974
4,749,869
4,664,1041
4,654,990
4,1042,513
4,1053,504
4,1039,492
4,1040,473
4,1056,479
4,1026,430
4,1024,458
4,1063,417
4,1045,381
4,1035,395
4,1040,416
4,1051,405
4,1049,388
4,487,353
4,483,320
4,523,303
4,555,317
4,596,302
4,600,312
4,645,349
4,559,361
4,729,301
4,723,318
4,695,322
4,681,334
4,720,340
4,778,367
4,814,582
4,834,464
4,840,409
4,817,361
4,794,334
4,802,379
4,828,397
4,827,437
4,836,383
4,793,359
4,546,347
4,578,326
4,712,358
4,477,360
4,631,359
4,656,301
4,746,333
4,607,340
4,388,351
4,310,335
4,341,337
4,741,551
4,496,329
4,582,348
4,531,330
4,657,314
4,659,332
4,605,353
4,834,421
4,818,458
4,839,450
4,819,475
4,809,396
4,835,896
4,1487,355
4,1328,313
4,786,343
4,1200,833
4,1207,1062
4,1190,890
4,1220,951
4,1189,704
4,1216,645
4,1494,318
4,1331,340
4,1440,378
4,1293,374
4,1233,380
4,1205,437
4,1520,328
4,1512,334
4,1303,389
4,1309,404
4,1403,303
4,1221,833
4,1260,433
4,1334,416
4,1242,421
4,1277,447
4,1223,503
4,1055,353
4,1049,438
4,1041,436
4,626,326
4,1041,456
4,1041,425
4,1056,462
4,1230,447
4,1248,402
4,1225,431
4,1247,452
4,1221,453
4,1217,411
4,1204,457
4,1219,470
4,1289,339
4,1480,331
4,1239,491
4,1238,654
4,1190,693
4,529,319
4,660,307
4,851,449
4,1890,383
4,1538,383
4,1860,388
4,1811,382
4,1042,447
4,675,615
4,1243,672
4,1261,452
5,300,476
5,139,349
5,246,378
5,298,364
5,756,963
5,750,860
5,665,1050
5,655,979
5,1042,513
5,1054,505
5,1041,492
5,1040,473
5,1056,479
5,1026,428
5,1024,457
5,1063,417
5,1045,381
5,1037,395
5,1040,416
5,1050,405
5,1050,389
5,499,356
5,473,321
5,513,305
5,546,317
5,587,304
5,591,313
5,655,349
5,568,362
5,721,299
5,715,318
5,687,321
5,675,334
5,711,338
5,785,373
5,814,582
5,832,457
5,838,402
5,812,355
5,786,331
5,798,373
5,824,390
5,826,431
5,831,376
5,789,355
5,553,349
5,567,327
5,722,358
5,488,362
5,637,358
5,644,301
5,736,331
5,616,340
5,397,351
5,299,339
5,330,340
5,742,541
5,482,330
5,589,349
5,521,331
5,647,313
5,647,330
5,613,353
5,831,415
5,820,466
5,839,444
5,822,482
5,805,390
5,838,910
5,1478,355
5,1328,313
5,778,340
5,1201,826
5,1206,1068
5,1192,899
5,1220,945
5,1189,704
5,1220,632
5,1494,318
5,1331,340
5,1430,377
5,1293,374
5,1233,380
5,1205,437
5,1521,328
5,1512,335
5,1299,391
5,1300,406
5,1403,304
5,1224,840
5,1255,436
5,1337,407
5,1242,422
5,1274,449
5,1221,512
5,1055,353
5,1049,439
5,1039,440
5,617,325
5,1041,456
5,1041,425
5,1056,462
5,1230,447
5,1248,402
5,1226,432
5,1245,455
5,1220,451
5,1217,411
5,1210,460
5,1222,475
5,1289,339
5,1481,331
5,1239,487
5,1238,652
5,1190,693
5,520,320
5,651,308
5,850,441
5,1884,383
5,1540,382
5,1855,387
5,1813,384
5,1042,447
5,675,615
5,1244,669
5,1264,444
6,289,479
6,129,351
6,255,373
6,306,363
6,756,953
6,750,851
6,666,1060
6,657,968
6,1042,513
6,1055,505
6,1043,493
6,1040,473
6,1056,479
6,1026,426
6,1024,456
6,1063,417
6,1046,382
6,1036,395
6,1040,416
6,1050,405
6,1051,389
6,509,356
6,464,322
6,501,307
6,535,315
6,577,305
6,580,314
6,665,349
6,578,363
6,712,300
6,707,317
6,678,319
6,667,332
6,703,337
6,788,381
6,814,582
6,830,451
6,837,395
6,807,349
6,778,329
6,795,367
6,820,383
6,825,425
6,827,370
6,784,352
6,560,351
6,557,329
6,732,358
6,499,365
6,644,358
6,633,301
6,727,330
6,624,339
6,407,352
6,289,344
6,318,343
6,744,531
6,469,332
6,597,350
6,511,332
6,638,314
6,637,328
6,622,354
6,828,409
6,828,473
6,839,439
6,826,490
6,801,384
6,838,922
6,1470,357
6,1328,313
6,771,337
6,1202,818
6,1194,909
6,1220,939
6,1189,704
6,1225,619
6,1494,318
6,1331,340
6,1421,377
6,1293,374
6,1233,380
6,1205,437
6,1522,328
6,1513,335
6,1295,393
6,1292,408
6,1404,306
6,1227,848
6,1251,439
6,1340,398
6,1242,422
6,1268,450
6,1055,354
6,1049,439
6,1038,444
6,608,324
6,1041,456
6,1041,425
6,1056,462
6,1230,447
6,1248,403
6,1227,433
6,1243,458
6,1219,450
6,1217,411
6,1214,463
6,1225,480
6,1289,339
6,1481,331
6,1239,650
6,1190,693
6,511,322
6,639,307
6,849,433
6,1877,383
6,1541,382
6,1850,386
6,1814,384
6,1043,447
6,675,615
6,1243,665
6,1267,437
7,289,478
7,118,351
7,263,368
7,315,363
7,756,943
7,750,842
7,657,958
7,1042,513
7,1056,505
7,1045,492
7,1040,473
7,1056,479
7,1026,424
7,1025,454
7,1063,418
7,1046,382
7,1036,395
7,1040,416
7,1050,405
7,1053,390
7,520,356
7,455,324
7,490,309
7,525,314
7,567,306
7,570,316
7,675,349
7,588,364
7,703,301
7,699,317
7,669,318
7,659,330
7,695,335
7,792,389
7,814,582
7,829,445
7,834,388
7,802,345
7,770,327
7,792,361
7,817,376
7,823,418
7,823,364
7,780,350
7,567,353
7,546,331
7,740,358
7,509,365
7,650,359
7,622,301
7,718,329
7,633,339
7,417,353
7,279,349
7,307,347
7,744,520
7,458,334
7,605,351
7,501,333
7,626,314
7,627,326
7,629,353
7,821,401
7,839,479
7,836,433
7,830,494
7,798,378
7,838,935
7,1463,359
7,1328,313
7,764,334
7,1203,810
7,1193,919
7,1219,934
7,1189,705
7,1494,318
7,1331,340
7,1411,377
7,1293,374
7,1233,380
7,1205,437
7,1524,329
7,1514,336
7,1542,366
7,1291,395
7,1284,410
7,1404,304
7,1229,855
7,1247,443
7,1342,393
7,1243,423
7,1263,452
7,1055,354
7,1050,440
7,1037,449
7,599,323
7,1041,456
7,1041,425
7,1057,463
7,1231,448
7,1248,403
7,1226,433
7,1241,461
7,1216,451
7,1217,411
7,1218,467
7,1227,484
7,1289,339
7,1482,332
7,1239,647
7,1190,693
7,500,321
7,628,307
7,846,423
7,1871,383
7,1542,381
7,1845,386
7,1816,384
7,1043,447
7,675,615
7,1243,661
7,1274,432
8,290,478
8,108,351
8,272,364
8,324,363
8,757,933
8,751,833
8,657,949
8,1042,513
8,1057,506
8,1048,491
8,1040,473
8,1056,479
8,1027,423
8,1026,452
8,1063,418
8,1047,383
8,1036,395
8,1040,416
8,1050,405
8,1053,390
8,530,356
8,445,324
8,479,311
8,514,312
8,557,307
8,560,318
8,684,351
8,598,366
8,694,302
8,692,317
8,660,317
8,651,328
8,687,334
8,796,397
8,814,582
8,827,439
8,831,381
8,798,341
8,762,324
8,786,358
8,812,370
8,822,411
8,818,357
8,774,346
8,575,355
8,535,333
8,748,358
8,519,366
8,656,360
8,612,301
8,710,329
8,642,339
8,427,355
8,269,354
8,299,352
8,744,510
8,447,336
8,614,350
8,491,334
8,616,314
8,618,327
8,637,352
8,815,394
8,847,483
8,834,428
8,835,498
8,795,372
8,839,948
8,1455,361
8,1328,313
8,758,332
8,1204,802
8,1193,930
8,1218,930
8,1189,705
8,1494,318
8,1331,340
8,1402,377
8,1293,374
8,1233,380
8,1205,437
8,1523,329
8,1515,337
8,1536,366
8,1536,351
8,1288,396
8,1277,411
8,1405,304
8,1437,397
8,1228,864
8,1244,446
8,1345,389
8,1243,423
8,1258,454
8,1055,354
8,1050,439
8,1033,455
8,591,323
8,1041,456
8,1041,425
8,1057,463
8,1231,448
8,1248,403
8,1226,434
8,1239,464
8,1214,452
8,1217,411
8,1222,471
8,1229,488
8,1289,339
8,1483,332
8,1240,644
8,1190,693
8,489,320
8,616,307
8,844,414
8,1864,383
8,1544,380
8,1816,385
8,1043,447
8,675,615
8,1242,657
8,1282,428
9,291,478
9,98,352
9,285,363
9,332,361
9,756,922
9,751,824
9,658,939
9,1042,513
9,1057,506
9,1047,491
9,1040,473
9,1056,479
9,1027,422
9,1027,450
9,1063,418
9,1047,383
9,1036,395
9,1040,416
9,1050,405
9,1053,390
9,541,357
9,436,324
9,468,313
9,504,311
9,548,308
9,550,320
9,694,353
9,609,366
9,685,302
9,683,317
9,652,316
9,644,327
9,677,331
9,800,405
9,814,582
9,826,434
9,828,374
9,794,333
9,754,322
9,781,356
9,807,364
9,821,405
9,813,350
9,769,342
9,584,355
9,524,335
9,756,359
9,530,367
9,662,361
9,602,302
9,702,329
9,646,401
9,651,339
9,438,357
9,259,359
9,284,351
9,744,499
9,437,338
9,624,349
9,482,336
9,606,315
9,609,329
9,645,352
9,809,387
9,859,486
9,832,423
9,840,503
9,792,367
9,839,960
9,1448,364
9,1328,313
9,753,330
9,1205,794
9,1193,940
9,1217,926
9,1189,705
9,1494,318
9,1331,340
9,1394,379
9,1293,374
9,1233,380
9,1205,437
9,1523,329
9,1514,337
9,1530,366
9,1529,352
9,1286,397
9,1271,413
9,1406,305
9,1445,398
9,1242,450
9,1347,385
9,1243,424
9,1254,452
9,1212,548
9,1055,354
9,1050,439
9,1030,462
9,581,323
9,1041,456
9,1041,425
9,1057,463
9,1231,448
9,1248,403
9,1225,434
9,1236,464
9,1212,453
9,1217,411
9,1227,476
9,1232,493
9,1289,339
9,1484,332
9,1240,642
9,1190,693
9,479,320
9,433,312
9,605,307
9,841,405
9,1858,384
9,1545,379
9,1816,386
9,1043,447
9,675,615
9,1242,653
9,1290,424
10,292,478
10,85,352
10,298,363
10,341,360
10,755,911
10,751,815
10,658,930
10,1042,513
10,1057,506
10,1047,491
10,1040,473
10,1056,479
10,1028,421
10,1028,449
10,1063,418
10,1048,384
10,1036,395
10,1040,416
10,1051,405
10,1053,390
10,551,357
10,426,324
10,457,316
10,492,309
10,537,309
10,539,319
10,703,353
10,618,365
10,676,302
10,674,317
10,642,315
10,633,328
10,668,331
10,804,413
10,814,582
10,825,428
10,825,367
10,790,326
10,747,320
10,776,354
10,802,358
10,818,400
10,808,343
10,764,339
10,593,355
10,514,335
10,760,360
10,540,366
10,669,362
10,591,303
10,694,329
10,634,405
10,661,339
10,449,360
10,253,369
10,275,355
10,744,489
10,425,340
10,633,349
10,472,336
10,596,316
10,597,329
10,654,352
10,803,380
10,871,487
10,830,418
10,844,507
10,786,362
10,840,972
10,1440,363
10,1328,313
10,748,329
10,1206,786
10,1193,951
10,1216,922
10,1189,706
10,1494,318
10,1331,340
10,1387,382
10,1293,374
10,1233,380
10,1205,437
10,1523,330
10,1514,337
10,1524,366
10,1523,353
10,1284,399
10,1266,418
10,1406,304
10,1454,399
10,1240,454
10,1350,381
10,1243,424
10,1251,450
10,1211,558
10,1224,1071
10,1056,355
10,1050,438
10,1023,468
10,572,324
10,1041,456
10,1041,425
10,1058,463
10,1231,448
10,1248,403
10,1225,435
10,1233,464
10,1212,453
10,1217,411
10,1231,495
10,1289,339
10,1289,445
10,1485,333
10,1241,639
10,1190,693
10,470,322
10,424,312
10,594,308
10,839,396
10,1854,384
10,1547,379
10,1816,387
10,1044,447
10,675,615
10,1242,650
10,1299,423
11,292,477
11,73,353
11,308,363
11,349,359
11,754,900
11,751,806
11,659,921
11,1042,513
11,1057,506
11,1047,491
11,1040,473
11,1056,479
11,1028,421
11,1027,447
11,1063,418
11,1047,384
11,1036,396
11,1040,416
11,1051,405
11,1053,390
11,562,357
11,417,324
11,446,319
11,481,308
11,527,310
11,528,318
11,712,353
11,627,364
11,668,302
11,665,317
11,633,314
11,622,329
11,660,331
11,808,422
11,814,582
11,824,423
11,819,360
11,782,323
11,740,319
11,769,350
11,798,353
11,816,395
11,803,337
11,757,336
11,601,354
11,505,336
11,764,361
11,551,366
11,676,361
11,581,305
11,686,328
11,622,409
11,671,340
11,458,360
11,248,379
11,267,360
11,743,479
11,413,341
11,643,350
11,462,337
11,586,317
11,585,329
11,662,350
11,798,373
11,883,489
11,829,412
11,849,511
11,780,357
11,840,984
11,1433,363
11,1328,313
11,739,328
11,1208,779
11,1192,961
11,1215,918
11,1189,706
11,1494,318
11,1331,340
11,1379,385
11,1293,374
11,1233,380
11,1205,437
11,1523,330
11,1514,337
11,1518,366
11,1516,354
11,1279,402
11,1261,424
11,1405,304
11,1461,399
11,1238,457
11,1346,379
11,1243,425
11,1247,448
11,1211,569
11,1226,1064
11,1056,355
11,1051,438
11,1016,474
11,561,326
11,1041,456
11,1041,425
11,1058,463
11,1231,448
11,1248,404
11,1225,434
11,1230,467
11,1213,454
11,1217,411
11,1231,497
11,1289,339
11,1283,449
11,1486,333
11,1244,467
11,1242,637
11,1190,693
11,461,324
11,415,312
11,584,309
11,837,387
11,1850,384
11,1550,378
11,1816,388
11,1044,447
11,675,615
11,1241,647
11,1309,422
12,292,477
12,60,353
12,317,360
12,358,358
12,753,889
12,751,797
12,659,910
12,1042,513
12,1057,506
12,1047,491
12,1040,473
12,1056,479
12,1028,421
12,1026,446
12,1063,418
12,1046,384
12,1036,396
12,1040,416
12,1052,405
12,1053,390
12,573,357
12,409,324
12,435,322
12,469,307
12,517,311
12,518,318
12,721,353
12,637,363
12,660,302
12,657,317
12,623,313
12,613,329
12,650,331
12,810,428
12,814,582
12,823,418
12,814,354
12,775,321
12,733,318
12,762,346
12,792,347
12,814,391
12,798,332
12,751,333
12,609,353
12,496,337
12,771,364
12,562,366
12,683,361
12,571,307
12,678,328
12,611,413
12,680,339
12,467,361
12,243,390
12,258,369
12,743,469
12,402,341
12,649,348
12,452,338
12,582,321
12,578,330
12,670,349
12,793,366
12,895,490
12,828,407
12,854,515
12,775,353
12,841,996
12,1426,362
12,1328,313
12,731,328
12,1210,773
12,1192,971
12,1215,914
12,1189,706
12,1494,318
12,1331,340
12,1372,388
12,1293,374
12,1233,380
12,1205,437
12,1522,331
12,1514,337
12,1512,367
12,1510,355
12,1537,386
12,1275,406
12,1257,425
12,1404,304
12,1236,461
12,1342,377
12,1243,425
12,1244,447
12,1211,580
12,1215,1068
12,1228,1058
12,1056,355
12,1051,438
12,1009,481
12,551,328
12,1041,456
12,1041,425
12,1059,464
12,1232,449
12,1248,404
12,1225,434
12,1228,470
12,1214,455
12,1217,411
12,1231,499
12,1289,339
12,1277,454
12,1487,334
12,1245,463
12,1241,635
12,1190,693
12,452,326
12,407,313
12,574,310
12,831,379
12,1846,384
12,1044,447
12,675,615
12,1237,1061
12,1241,645
12,1318,421
13,292,477
13,48,354
13,327,358
13,366,356
13,752,878
13,751,788
13,659,900
13,1042,513
13,1057,506
13,1046,491
13,1040,473
13,1056,479
13,1028,421
13,1026,445
13,1063,418
13,1046,384
13,1036,396
13,1040,416
13,1049,404
13,1053,390
13,584,357
13,401,325
13,425,325
13,458,306
13,507,312
13,508,319
13,727,354
13,647,363
13,653,302
13,649,317
13,614,313
13,604,330
13,640,331
13,812,435
13,814,582
13,820,413
13,808,348
13,768,319
13,726,318
13,755,342
13,786,342
13,809,384
13,793,327
13,745,331
13,618,353
13,485,337
13,779,368
13,571,365
13,690,361
13,560,307
13,670,328
13,601,415
13,687,344
13,477,362
13,235,401
13,250,374
13,743,459
13,391,340
13,656,346
13,442,338
13,574,319
13,572,331
13,677,350
13,787,361
13,906,492
13,827,402
13,852,518
13,769,347
13,842,1008
13,1419,362
13,1328,313
13,723,328
13,1213,766
13,1191,981
13,1216,911
13,1189,707
13,1494,318
13,1331,340
13,1365,391
13,1293,374
13,1233,380
13,1205,437
13,1522,331
13,1514,337
13,1504,366
13,1503,354
13,1532,386
13,1272,411
13,1256,428
13,1404,305
13,1234,464
13,1338,375
13,1244,426
13,1241,445
13,1211,591
13,1213,1060
13,1226,1051
13,1056,355
13,1051,437
13,998,482
13,542,327
13,1041,456
13,1041,425
13,1059,464
13,1232,450
13,1248,404
13,1225,433
13,1225,474
13,1210,455
13,1217,411
13,1231,501
13,1289,339
13,1264,456
13,1488,334
13,1245,460
13,1241,633
13,1190,693
13,444,328
13,398,313
13,564,311
13,826,372
13,1842,384
13,1800,373
13,1044,447
13,675,615
13,1238,1056
13,1241,643
13,1328,420
14,294,478
14,40,353
14,337,356
14,375,357
14,751,867
14,751,779
14,659,889
14,1042,513
14,1057,506
14,1046,491
14,1040,473
14,1056,479
14,1028,421
14,1026,445
14,1063,418
14,1045,384
14,1036,396
14,1040,416
14,1047,403
14,1053,390
14,594,354
14,393,325
14,414,328
14,446,307
14,498,313
14,498,320
14,734,355
14,655,363
14,645,302
14,641,317
14,604,313
14,595,330
14,630,331
14,815,442
14,814,582
14,818,408
14,803,342
14,760,315
14,719,317
14,749,339
14,780,337
14,805,377
14,786,321
14,740,329
14,627,353
14,474,337
14,783,371
14,580,364
14,697,361
14,549,308
14,660,327
14,591,417
14,697,340
14,487,361
14,227,412
14,243,379
14,741,448
14,380,339
14,665,345
14,433,338
14,566,322
14,562,333
14,684,351
14,781,356
14,916,494
14,827,397
14,851,521
14,764,342
14,844,1021
14,1411,364
14,1328,313
14,715,328
14,1215,760
14,1191,991
14,1216,907
14,1189,707
14,1494,318
14,1331,340
14,1357,394
14,1293,374
14,1233,380
14,1205,437
14,1522,332
14,1514,337
14,1496,366
14,1497,354
14,1527,386
14,1270,417
14,1255,432
14,1404,304
14,1232,468
14,1334,375
14,1244,426
14,1239,443
14,1212,602
14,1211,1053
14,1225,1045
14,1056,355
14,1052,437
14,987,483
14,533,326
14,1041,456
14,1041,425
14,1059,465
14,1232,452
14,1248,404
14,1225,433
14,1222,478
14,1206,456
14,1217,411
14,1231,503
14,1289,339
14,1260,460
14,1489,335
14,1246,456
14,1241,631
14,1190,693
14,432,326
14,390,314
14,552,312
14,821,365
14,1839,384
14,1794,374
14,1755,385
14,1045,447
14,675,615
14,1240,1052
14,1213,645
14,1240,641
14,1339,417
15,296,480
15,32,352
15,347,355
15,384,358
15,750,857
15,750,769
15,659,879
15,1042,513
15,1057,506
15,1046,491
15,1040,473
15,1056,479
15,1028,421
15,1026,445
15,1063,418
15,1045,384
15,1036,396
15,1040,416
15,1047,403
15,1053,390
15,604,352
15,385,326
15,403,331
15,434,308
15,489,315
15,489,322
15,741,356
15,664,364
15,638,302
15,634,318
15,595,313
15,586,331
15,620,332
15,818,450
15,814,582
15,816,404
15,798,336
15,753,311
15,712,316
15,743,337
15,774,332
15,801,371
15,779,316
15,735,328
15,637,353
15,463,337
15,788,377
15,590,363
15,703,361
15,538,309
15,651,327
15,581,419
15,705,339
15,497,360
15,220,423
15,235,387
15,739,438
15,368,339
15,674,344
15,424,339
15,558,324
15,552,335
15,692,351
15,775,352
15,925,496
15,824,391
15,850,524
15,759,337
15,845,1034
15,1403,366
15,1328,313
15,707,326
15,1218,754
15,1190,999
15,1217,904
15,1189,707
15,1494,318
15,1331,340
15,1350,397
15,1293,374
15,1233,380
15,1205,437
15,1522,332
15,1514,337
15,1488,366
15,1490,353
15,1523,386
15,1268,423
15,1252,434
15,1404,304
15,1231,473
15,1330,375
15,1244,426
15,1237,441
15,1212,611
15,1210,1046
15,1224,1039
15,1056,356
15,1052,436
15,977,485
15,522,326
15,1041,456
15,1041,425
15,1059,466
15,1231,452
15,1248,404
15,1225,432
15,1222,481
15,1206,455
15,1217,411
15,1231,506
15,1289,339
15,1257,465
15,1490,335
15,1246,454
15,1241,627
15,1190,693
15,421,325
15,381,314
15,540,313
15,815,358
15,1831,384
15,1766,386
15,1900,390
15,1045,447
15,675,615
15,1240,1047
15,1214,653
15,1240,638
16,298,482
16,24,352
16,358,355
16,393,356
16,749,847
16,750,760
16,659,869
16,1042,513
16,1057,506
16,1046,491
16,1040,473
16,1056,479
16,1028,421
16,1026,446
16,1063,419
16,1044,384
16,1036,396
16,1040,416
16,1047,403
16,1053,390
16,614,350
16,376,326
16,392,333
16,423,307
16,478,315
16,478,322
16,748,358
16,672,363
16,629,302
16,625,318
16,584,312
16,577,332
16,610,333
16,821,458
16,814,582
16,814,399
16,793,330
16,746,308
16,706,315
16,737,335
16,768,329
16,796,365
16,773,311
16,731,327
16,647,354
16,453,337
16,794,383
16,600,362
16,710,361
16,527,308
16,642,327
16,575,420
16,714,341
16,508,359
16,217,435
16,227,395
16,737,428
16,356,340
16,682,343
16,415,339
16,549,328
16,543,337
16,700,352
16,768,348
16,934,498
16,822,386
16,849,528
16,753,336
16,847,1047
16,1395,368
16,1328,313
16,700,324
16,1220,746
16,1189,1008
16,1216,898
16,1189,708
16,1494,318
16,1331,340
16,1342,400
16,1293,374
16,1233,380
16,1205,437
16,1522,333
16,1514,337
16,1480,366
16,1484,353
16,1518,386
16,1266,429
16,1250,436
16,1404,304
16,1230,478
16,1327,375
16,1245,427
16,1236,441
16,1213,620
16,1209,1038
16,1224,1035
16,1056,356
16,1052,436
16,965,485
16,512,326
16,1041,456
16,1041,425
16,1058,466
16,1231,452
16,1248,405
16,1225,432
16,1223,484
16,1207,454
16,1217,411
16,1232,508
16,1289,339
16,1251,469
16,1491,336
16,1246,454
16,1241,624
16,1190,693
16,410,324
16,372,314
16,528,314
16,810,351
16,1777,387
16,1893,380
16,1906,390
16,1045,447
16,675,615
16,1240,1042
16,1216,661
16,1240,636
16,1358,413
17,301,484
17,16,353
17,369,355
17,401,355
17,748,838
17,749,751
17,658,859
17,1042,513
17,1057,506
17,1046,491
17,1040,473
17,1056,479
17,1028,421
17,1026,446
17,1064,420
17,1044,384
17,1036,397
17,1040,416
17,1047,403
17,1053,390
17,624,348
17,367,326
17,381,335
17,412,307
17,467,315
17,468,322
17,755,358
17,680,362
17,621,303
17,616,319
17,573,312
17,568,334
17,600,335
17,825,467
17,814,582
17,813,394
17,788,325
17,738,307
17,697,314
17,731,333
17,763,326
17,791,359
17,766,308
17,723,326
17,654,353
17,442,337
17,797,391
17,610,362
17,717,361
17,516,308
17,632,327
17,569,422
17,723,342
17,517,360
17,215,448
17,220,403
17,735,418
17,344,341
17,690,342
17,406,339
17,539,329
17,535,339
17,706,352
17,761,344
17,944,500
17,819,381
17,844,531
17,744,332
17,848,1059
17,1387,370
17,1328,313
17,691,323
17,1222,739
17,1187,1016
17,1216,892
17,1189,708
17,1494,318
17,1331,340
17,1335,404
17,1293,374
17,1233,380
17,1205,437
17,1521,332
17,1514,338
17,1473,366
17,1478,350
17,1514,387
17,1264,435
17,1248,439
17,1404,304
17,1230,484
17,1326,374
17,1244,426
17,1236,441
17,1209,1031
17,1224,1032
17,1056,356
17,1053,436
17,953,485
17,502,326
17,1041,456
17,1041,425
17,1057,466
17,1231,453
17,1248,405
17,1225,432
17,1222,489
17,1208,454
17,1217,411
17,1233,510
17,1289,339
17,1245,473
17,1492,336
17,1246,453
17,1241,621
17,1190,693
17,400,325
17,363,314
17,517,316
17,805,344
17,1788,389
17,1526,385
17,1888,381
17,1045,447
17,675,615
17,1217,669
17,1239,634
17,1797,365
18,307,483
18,378,356
18,410,354
18,747,828
18,749,742
18,657,849
18,1042,513
18,1057,506
18,1045,491
18,1040,473
18,1056,479
18,1028,421
18,1026,446
18,1065,421
18,1044,384
18,1036,396
18,1040,416
18,1047,404
18,1053,390
18,632,348
18,358,327
18,371,337
18,402,307
18,457,315
18,458,323
18,763,359
18,689,362
18,613,304
18,608,320
18,562,311
18,559,335
18,590,336
18,829,473
18,814,582
18,811,390
18,780,320
18,731,307
18,688,313
18,726,331
18,758,324
18,786,353
18,759,306
18,716,325
18,661,352
18,432,337
18,800,399
18,621,362
18,724,361
18,506,308
18,623,327
18,564,424
18,732,344
18,526,361
18,213,461
18,212,414
18,732,407
18,333,344
18,697,343
18,398,340
18,530,331
18,525,340
18,714,347
18,755,340
18,953,501
18,817,376
18,840,535
18,736,329
18,1379,370
18,1328,313
18,682,322
18,1224,731
18,1186,1025
18,1216,887
18,1189,708
18,1494,318
18,1331,340
18,1328,406
18,1293,374
18,1233,380
18,1205,437
18,1520,332
18,1514,338
18,1467,360
18,1473,347
18,1508,388
18,1263,441
18,1247,439
18,1404,304
18,1232,489
18,1325,373
18,1244,425
18,1236,441
18,1215,645
18,1209,1023
18,1225,1027
18,1056,356
18,1053,435
18,941,486
18,492,326
18,1041,456
18,1041,425
18,1056,467
18,1230,453
18,1248,405
18,1226,432
18,1221,494
18,1208,454
18,1217,411
18,1235,512
18,1289,339
18,1239,475
18,1494,337
18,1245,453
18,1190,693
18,391,327
18,354,314
18,506,314
18,799,339
18,1807,379
18,1796,392
18,1520,386
18,1882,382
18,1046,447
18,675,615
18,1218,678
18,1239,632
18,1788,367
19,313,482
19,387,357
19,416,355
19,747,819
19,749,733
19,656,839
19,1042,513
19,1057,506
19,1045,491
19,1040,473
19,1056,479
19,1028,421
19,1026,447
19,1062,418
19,1044,384
19,1036,396
19,1040,416
19,1047,404
19,1053,390
19,641,348
19,349,327
19,360,340
19,391,304
19,447,316
19,447,324
19,771,360
19,698,361
19,605,304
19,600,319
19,552,311
19,551,337
19,579,338
19,834,480
19,814,582
19,810,385
19,772,315
19,723,307
19,679,312
19,720,331
19,751,322
19,781,349
19,753,304
19,709,324
19,669,352
19,421,337
19,805,406
19,630,361
19,732,362
19,495,308
19,614,327
19,558,426
19,740,346
19,536,362
19,207,474
19,209,425
19,729,396
19,322,348
19,704,344
19,388,341
19,520,332
19,516,342
19,725,347
19,748,338
19,962,501
19,813,369
19,837,536
19,730,328
19,1372,371
19,1328,313
19,674,322
19,1226,724
19,1187,1034
19,1215,881
19,1189,709
19,1494,318
19,1331,340
19,1322,409
19,1293,374
19,1233,380
19,1205,437
19,1519,332
19,1514,338
19,1461,355
19,1468,344
19,1503,389
19,1261,447
19,1247,439
19,1404,304
19,1230,496
19,1325,373
19,1243,425
19,1236,441
19,1214,655
19,1209,1015
19,1226,1022
19,1248,1033
19,1057,357
19,1053,435
19,930,487
19,482,326
19,1041,456
19,1041,425
19,1056,467
19,1230,454
19,1248,405
19,1225,433
19,1220,500
19,1209,455
19,1217,411
19,1240,517
19,1289,339
19,1233,478
19,1494,333
19,1245,452
19,1190,693
19,382,329
19,345,316
19,495,312
19,793,334
19,1804,380
19,1804,395
19,1515,388
19,1877,384
19,1045,447
19,675,615
19,1220,686
19,1239,630
19,1779,369
20,320,481
20,396,355
20,422,356
20,747,807
20,748,725
20,656,829
20,1042,513
20,1057,506
20,1045,492
20,1040,473
20,1056,479
20,1028,421
20,1026,446
20,1062,418
20,1044,384
20,1036,396
20,1040,416
20,1047,404
20,1053,390
20,649,348
20,341,328
20,350,343
20,380,302
20,437,317
20,437,325
20,778,365
20,707,360
20,597,304
20,592,319
20,541,312
20,542,339
20,569,339
20,838,486
20,814,582
20,809,381
20,765,311
20,716,307
20,670,312
20,715,331
20,745,321
20,776,345
20,746,304
20,702,323
20,675,352
20,411,337
20,810,414
20,639,360
20,737,361
20,484,308
20,605,327
20,553,428
20,749,349
20,544,361
20,202,488
20,207,436
20,312,352
20,707,344
20,378,343
20,510,333
20,508,343
20,733,346
20,742,336
20,972,501
20,809,362
20,835,538
20,725,327
20,1365,371
20,1328,313
20,667,323
20,1229,717
20,1189,1043
20,1215,875
20,1189,709
20,1494,318
20,1331,340
20,1316,412
20,1293,374
20,1233,380
20,1205,437
20,1518,332
20,1514,338
20,1455,350
20,1463,342
20,1498,390
20,1259,454
20,1246,437
20,1405,305
20,1227,502
20,1325,373
20,1243,424
20,1236,441
20,1214,666
20,1210,1007
20,1228,1017
20,1246,1036
20,1057,357
20,1054,435
20,919,488
20,473,326
20,1041,456
20,1041,425
20,1056,467
20,1230,455
20,1248,405
20,1224,434
20,1217,504
20,1209,455
20,1217,411
20,1289,339
20,1232,483
20,1495,329
20,1245,452
20,1190,693
20,373,331
20,337,318
20,484,310
20,787,329
20,1802,382
20,1809,393
20,1510,390
20,1871,384
20,1045,447
20,675,615
20,1220,694
20,1238,628
20,1777,369
21,326,480
21,405,354
21,431,357
21,747,796
21,747,717
21,657,819
21,1042,513
21,1057,506
21,1045,492
21,1040,473
21,1056,479
21,1028,421
21,1026,446
21,1062,418
21,1045,384
21,1036,396
21,1040,416
21,1047,404
21,1053,390
21,658,349
21,333,329
21,339,346
21,369,300
21,427,318
21,426,326
21,785,370
21,716,359
21,589,305
21,584,319
21,530,313
21,534,341
21,560,339
21,843,493
21,814,582
21,807,375
21,761,306
21,708,306
21,662,311
21,710,331
21,739,320
21,771,341
21,739,304
21,695,322
21,681,352
21,401,337
21,814,419
21,649,359
21,742,361
21,474,308
21,596,328
21,548,430
21,758,350
21,552,360
21,205,447
21,302,357
21,711,346
21,369,345
21,501,334
21,500,344
21,740,345
21,736,334
21,982,502
21,806,355
21,833,540
21,725,326
21,1358,372
21,1328,313
21,660,324
21,1233,710
21,1191,1052
21,1215,870
21,1189,709
21,1494,318
21,1331,340
21,1310,414
21,1293,374
21,1233,380
21,1205,437
21,1518,332
21,1514,338
21,1450,345
21,1461,339
21,1493,391
21,1254,458
21,1247,439
21,1408,307
21,1224,503
21,1325,373
21,1243,424
21,1236,442
21,1213,676
21,1211,999
21,1228,1011
21,1245,1040
21,1057,358
21,1054,434
21,907,487
21,464,327
21,1041,456
21,1041,425
21,1056,467
21,1230,456
21,1248,406
21,1224,434
21,1210,456
21,1217,411
21,1289,339
21,1493,329
21,1245,452
21,1190,693
21,1232,673
21,364,333
21,329,320
21,474,310
21,781,324
21,1799,384
21,1815,391
21,1506,391
21,1735,382
21,1866,384
21,1045,448
21,675,615
21,1220,702
21,1237,626
21,1776,369
22,332,480
22,414,354
22,440,358
22,747,784
22,746,709
22,658,809
22,1042,513
22,1057,506
22,1044,492
22,1040,473
22,1056,479
22,1028,421
22,1026,446
22,1063,418
22,1045,384
22,1036,396
22,1040,416
22,1048,405
22,1053,390
22,665,350
22,324,330
22,329,349
22,358,298
22,417,319
22,416,327
22,793,376
22,723,359
22,580,305
22,575,319
22,520,315
22,526,343
22,551,339
22,847,499
22,814,582
22,806,369
22,753,303
22,701,305
22,654,311
22,700,331
22,732,318
22,764,337
22,733,304
22,689,322
22,687,352
22,390,337
22,818,424
22,655,359
22,748,361
22,463,308
22,587,329
22,543,432
22,767,351
22,561,360
22,204,457
22,292,361
22,716,349
22,358,348
22,491,332
22,490,344
22,747,343
22,729,332
22,992,502
22,800,349
22,833,539
22,712,322
22,1353,374
22,1328,313
22,653,322
22,1237,703
22,1193,1062
22,1214,863
22,1189,709
22,1494,318
22,1331,340
22,1304,417
22,1293,374
22,1233,380
22,1205,437
22,1518,332
22,1514,338
22,1449,342
22,1459,336
22,1490,392
22,1249,463
22,1247,438
22,1405,307
22,1222,504
22,1325,373
22,1243,423
22,1238,443
22,1213,686
22,1212,992
22,1244,1043
22,1057,358
22,1054,434
22,896,487
22,454,328
22,1041,456
22,1041,425
22,1056,467
22,1230,455
22,1248,406
22,1224,434
22,1209,456
22,1217,411
22,1289,339
22,1226,494
22,1492,329
22,1245,452
22,1190,693
22,1228,660
22,353,335
22,321,322
22,464,311
22,774,321
22,1797,386
22,1503,393
22,1745,386
22,1860,384
22,1045,448
22,675,615
22,1219,710
22,1237,625
22,1775,369
22,9,366
23,339,480
23,423,355
23,447,360
23,747,773
23,745,701
23,659,799
23,1042,513
23,1057,506
23,1044,492
23,1040,473
23,1056,479
23,1028,421
23,1026,446
23,1063,418
23,1045,384
23,1036,396
23,1040,416
23,1048,405
23,1053,390
23,673,352
23,316,331
23,319,352
23,346,298
23,407,319
23,406,327
23,796,384
23,730,359
23,571,305
23,566,320
23,509,316
23,518,345
23,542,339
23,852,506
23,814,582
23,805,363
23,745,300
23,693,304
23,646,310
23,690,332
23,725,317
23,758,333
23,724,303
23,682,322
23,695,351
23,379,337
23,822,430
23,661,360
23,755,362
23,452,308
23,579,330
23,539,435
23,775,357
23,570,360
23,204,468
23,282,366
23,723,348
23,347,351
23,481,330
23,481,344
23,755,345
23,722,331
23,1000,500
23,795,344
23,834,539
23,707,323
23,1348,377
23,1328,313
23,646,320
23,1236,695
23,1194,1066
23,1214,857
23,1189,709
23,1494,318
23,1331,340
23,1298,420
23,1293,374
23,1233,380
23,1205,437
23,1519,332
23,1514,338
23,1449,340
23,1457,334
23,1245,469
23,1247,436
23,1403,308
23,1326,373
23,1243,423
23,1240,444
23,1213,697
23,1213,984
23,1243,1047
23,1058,359
23,1054,434
23,885,487
23,444,329
23,1041,456
23,1041,425
23,1056,467
23,1231,454
23,1248,406
23,1224,434
23,1208,456
23,1217,411
23,1289,339
23,1226,497
23,1491,329
23,1245,452
23,1190,693
23,1225,648
23,342,337
23,313,325
23,455,311
23,767,319
23,1794,388
23,1855,384
23,1045,448
23,675,615
23,1219,719
23,1236,623
23,16,364
24,347,481
24,433,356
24,455,363
24,748,762
24,746,692
24,660,789
24,1042,513
24,1057,506
24,1044,492
24,1040,473
24,1056,479
24,1028,421
24,1026,445
24,1064,418
24,1046,384
24,1036,395
24,1040,416
24,1048,405
24,1053,390
24,681,353
24,307,332
24,309,356
24,335,298
24,397,319
24,396,327
24,800,393
24,738,359
24,562,306
24,557,320
24,499,317
24,508,343
24,533,339
24,860,508
24,814,582
24,801,357
24,737,301
24,686,304
24,638,310
24,680,333
24,719,316
24,752,330
24,716,303
24,676,322
24,704,350
24,369,338
24,825,437
24,667,361
24,760,363
24,442,308
24,568,330
24,534,435
24,783,363
24,580,360
24,204,479
24,272,371
24,730,348
24,337,354
24,472,328
24,472,343
24,766,347
24,716,330
24,1008,498
24,790,338
24,835,538
24,708,327
24,1343,380
24,1328,313
24,639,319
24,1235,687
24,1195,1071
24,1213,850
24,1189,709
24,1494,318
24,1331,340
24,1294,422
24,1293,374
24,1233,380
24,1205,437
24,1519,332
24,1514,338
24,1449,338
24,1456,334
24,1239,473
24,1247,438
24,1403,307
24,1326,373
24,1243,422
24,1242,445
24,1210,707
24,1215,977
24,1242,1051
24,1057,359
24,1054,434
24,876,482
24,435,331
24,1041,456
24,1041,425
24,1056,467
24,1232,454
24,1248,406
24,1224,434
24,1207,456
24,1217,411
24,1289,339
24,1226,501
24,1490,330
24,1358,405
24,1245,452
24,1190,693
24,1223,638
24,331,339
24,303,325
24,445,312
24,760,317
24,1792,390
24,1853,382
24,1045,449
24,675,615
24,1218,727
24,23,362
25,355,481
25,441,355
25,461,364
25,750,752
25,747,684
25,659,779
25,1042,513
25,1057,506
25,1044,492
25,1040,473
25,1056,479
25,1028,421
25,1026,445
25,1064,418
25,1046,384
25,1036,395
25,1040,416
25,1048,405
25,1053,390
25,689,355
25,299,333
25,299,360
25,324,298
25,387,319
25,386,327
25,804,402
25,745,359
25,553,306
25,548,321
25,489,318
25,498,341
25,525,339
25,869,510
25,814,582
25,798,351
25,730,303
25,678,304
25,630,308
25,670,334
25,711,316
25,745,330
25,708,303
25,669,321
25,710,349
25,357,339
25,828,444
25,673,362
25,766,364
25,431,309
25,558,331
25,529,435
25,790,369
25,589,360
25,205,491
25,264,377
25,737,348
25,326,357
25,464,327
25,464,342
25,777,353
25,707,331
25,1015,493
25,785,333
25,836,538
25,697,328
25,1339,383
25,1328,313
25,632,318
25,1234,680
25,1213,844
25,1189,709
25,1494,318
25,1331,340
25,1290,424
25,1293,374
25,1233,380
25,1205,437
25,1520,332
25,1514,339
25,1453,338
25,1455,334
25,1233,477
25,1250,438
25,1404,306
25,1326,373
25,1243,422
25,1244,446
25,1208,718
25,1217,969
25,1241,1054
25,1057,359
25,1054,434
25,867,477
25,425,331
25,1543,377
25,1041,456
25,1041,425
25,1056,467
25,1231,454
25,1248,406
25,1224,434
25,1207,455
25,1217,411
25,1289,339
25,1226,505
25,1489,330
25,1368,397
25,1245,453
25,1190,693
25,320,343
25,294,326
25,436,313
25,754,315
25,1789,392
25,1850,389
25,1851,379
25,1045,449
25,675,615
25,1217,735
25,30,360
26,363,482
26,449,355
26,467,365
26,751,741
26,748,675
26,659,769
26,1042,513
26,1057,506
26,1044,492
26,1040,473
26,1056,479
26,1028,421
26,1026,445
26,1064,418
26,1046,384
26,1036,395
26,1040,416
26,1048,406
26,1053,390
26,700,358
26,291,336
26,288,364
26,312,302
26,376,321
26,375,329
26,807,410
26,753,359
26,544,307
26,539,322
26,479,319
26,489,340
26,516,339
26,878,512
26,814,582
26,795,345
26,722,303
26,671,304
26,623,307
26,661,335
26,704,317
26,738,330
26,701,302
26,663,320
26,716,348
26,346,340
26,831,452
26,683,364
26,770,367
26,421,310
26,548,332
26,524,436
26,797,376
26,599,361
26,255,383
26,744,348
26,315,360
26,456,326
26,456,342
26,785,361
26,698,332
26,1019,486
26,779,329
26,837,537
26,686,330
26,1331,385
26,1328,313
26,624,317
26,1234,673
26,1214,837
26,1189,709
26,1494,318
26,1331,340
26,1287,426
26,1293,374
26,1233,380
26,1205,437
26,1520,332
26,1513,339
26,1456,339
26,1454,335
26,1229,482
26,1249,438
26,1405,306
26,1326,373
26,1243,422
26,1247,448
26,1205,728
26,1219,961
26,1240,1058
26,1057,359
26,1054,434
26,859,473
26,415,332
26,1536,379
26,1041,456
26,1041,425
26,1056,467
26,1231,454
26,1249,406
26,1224,434
26,1211,535
26,1208,455
26,1217,411
26,1289,339
26,1227,509
26,1487,330
26,1245,453
26,1190,693
26,309,348
26,285,327
26,425,314
26,747,313
26,1859,391
26,1848,376
26,1045,450
26,675,615
26,1216,742
26,37,358
27,369,481
27,457,355
27,474,365
27,753,731
27,749,667
27,658,759
27,1042,513
27,1057,506
27,1043,492
27,1040,473
27,1056,479
27,1028,421
27,1026,445
27,1064,419
27,1046,384
27,1036,395
27,1040,416
27,1048,406
27,1053,390
27,711,361
27,284,339
27,277,368
27,300,306
27,365,323
27,365,331
27,811,418
27,764,360
27,534,307
27,529,321
27,469,319
27,480,339
27,507,339
27,886,514
27,814,582
27,789,342
27,715,303
27,664,304
27,616,306
27,651,336
27,697,318
27,732,330
27,694,301
27,656,320
27,722,348
27,334,341
27,835,459
27,694,366
27,774,370
27,411,312
27,539,332
27,516,435
27,802,383
27,608,361
27,248,389
27,751,348
27,304,364
27,446,325
27,446,341
27,791,368
27,690,334
27,1023,481
27,773,325
27,838,537
27,680,332
27,1324,388
27,1328,313
27,616,316
27,1234,667
27,1215,831
27,1189,709
27,1494,318
27,1331,340
27,1283,428
27,1293,374
27,1233,380
27,1205,437
27,1520,332
27,1513,339
27,1456,339
27,1453,334
27,1226,488
27,1250,439
27,1405,306
27,1326,373
27,1243,422
27,1249,449
27,1203,738
27,1221,953
27,1239,1062
27,1057,359
27,1054,434
27,855,464
27,405,333
27,1534,362
27,1529,381
27,1041,456
27,1041,425
27,1056,467
27,1231,454
27,1249,406
27,1224,434
27,1209,539
27,1209,454
27,1217,411
27,1289,339
27,1225,514
27,1486,330
27,1387,388
27,1245,453
27,1190,693
27,300,351
27,276,328
27,415,316
27,740,311
27,1869,393
27,1847,376
27,1883,374
27,1045,449
27,675,615
27,1215,750
27,45,357
28,375,480
28,468,353
28,482,365
28,751,720
28,747,656
28,658,749
28,1042,513
28,1057,506
28,1043,492
28,1040,473
28,1056,479
28,1028,421
28,1026,445
28,1064,419
28,1047,384
28,1036,395
28,1040,416
28,1048,406
28,1053,390
28,722,365
28,277,342
28,267,373
28,289,310
28,354,325
28,355,333
28,815,427
28,776,361
28,525,308
28,520,321
28,460,319
28,472,339
28,499,339
28,895,516
28,814,582
28,783,339
28,708,303
28,657,305
28,608,306
28,642,338
28,688,320
28,724,330
28,685,301
28,649,321
28,730,347
28,323,342
28,839,467
28,706,368
28,778,374
28,400,311
28,530,333
28,508,434
28,807,390
28,618,361
28,241,396
28,758,348
28,296,365
28,437,325
28,437,341
28,798,377
28,681,337
28,1026,477
28,767,321
28,837,536
28,672,332
28,1317,390
28,1328,313
28,608,316
28,1235,661
28,1216,824
28,1189,709
28,1494,318
28,1331,340
28,1280,430
28,1293,374
28,1233,380
28,1205,437
28,1520,332
28,1512,339
28,1455,339
28,1453,334
28,1224,494
28,1250,435
28,1405,306
28,1327,374
28,1243,423
28,1251,450
28,1200,750
28,1222,946
28,1238,1066
28,1056,361
28,1053,433
28,851,455
28,395,333
28,1524,362
28,1522,383
28,1041,456
28,1041,425
28,1056,467
28,1231,454
28,1249,406
28,1224,434
28,1207,544
28,1209,454
28,1217,411
28,1289,339
28,1485,331
28,1399,382
28,1245,453
28,1190,693
28,292,354
28,267,329
28,405,317
28,734,309
28,1876,392
28,1879,374
28,1045,448
28,675,615
28,1213,758
28,52,354
29,381,480
29,479,352
29,490,365
29,750,709
29,746,646
29,658,740
29,1042,513
29,1057,506
29,1043,492
29,1040,473
29,1056,479
29,1028,421
29,1026,446
29,1064,419
29,1047,384
29,1036,395
29,1040,416
29,1049,407
29,1053,390
29,734,364
29,268,343
29,258,380
29,277,312
29,344,327
29,345,336
29,822,433
29,786,365
29,516,308
29,510,320
29,451,319
29,463,339
29,489,339
29,904,519
29,814,582
29,777,336
29,701,304
29,649,305
29,600,306
29,632,338
29,679,322
29,717,330
29,677,301
29,642,321
29,738,347
29,312,343
29,843,475
29,718,370
29,783,378
29,389,311
29,521,334
29,500,433
29,813,397
29,628,361
29,235,406
29,766,350
29,288,367
29,428,325
29,428,342
29,802,382
29,672,339
29,1028,472
29,762,318
29,837,536
29,663,332
29,1310,393
29,1328,313
29,599,316
29,1230,652
29,1217,818
29,1189,709
29,1494,318
29,1331,340
29,1276,434
29,1293,374
29,1233,380
29,1205,437
29,1520,332
29,1512,339
29,1454,339
29,1453,334
29,1467,399
29,1222,499
29,1253,437
29,1406,306
29,1326,374
29,1243,423
29,1253,451
29,1198,762
29,1224,939
29,1237,1069
29,1055,363
29,1052,433
29,847,446
29,385,334
29,696,404
29,1513,362
29,1515,385
29,1041,456
29,1041,425
29,1056,467
29,1232,455
29,1249,406
29,1224,434
29,1206,549
29,1210,453
29,1217,411
29,1289,339
29,1484,331
29,1411,378
29,1245,453
29,1190,693
29,282,358
29,258,330
29,395,319
29,726,307
29,1884,391
29,1874,374
29,1718,387
29,1046,448
29,675,615
29,1212,765
29,59,351
30,387,481
30,491,351
30,494,366
30,749,698
30,745,636
30,659,729
30,1042,513
30,1057,506
30,1043,492
30,1040,473
30,1056,479
30,1028,421
30,1027,447
30,1064,420
30,1047,384
30,1036,395
30,1040,416
30,1047,407
30,1053,390
30,747,363
30,259,345
30,250,388
30,266,314
30,336,327
30,338,337
30,829,440
30,796,369
30,507,309
30,501,320
30,442,320
30,455,339
30,480,339
30,912,517
30,814,582
30,772,333
30,694,305
30,641,305
30,593,307
30,622,338
30,671,324
30,710,332
30,669,302
30,635,322
30,747,347
30,302,344
30,848,480
30,729,368
30,789,382
30,378,311
30,512,335
30,493,432
30,817,405
30,638,359
30,231,416
30,774,352
30,281,369
30,420,326
30,419,343
30,806,401
30,661,340
30,1030,466
30,756,315
30,837,536
30,655,333
30,1304,394
30,1328,313
30,590,316
30,1225,643
30,1218,810
30,1189,709
30,1494,318
30,1331,340
30,1273,438
30,1293,374
30,1233,380
30,1205,437
30,1520,332
30,1512,338
30,1454,340
30,1454,334
30,1462,401
30,1220,505
30,1251,436
30,1406,306
30,1326,374
30,1243,423
30,1256,452
30,1196,773
30,1226,933
30,1225,972
30,1236,1072
30,1055,366
30,1052,433
30,844,437
30,376,335
30,700,414
30,1503,362
30,1510,390
30,1041,456
30,1041,425
30,1056,467
30,1232,456
30,1249,406
30,1224,434
30,1204,552
30,1211,453
30,1217,411
30,1289,339
30,1483,331
30,1422,374
30,1245,453
30,1214,1073
30,1190,693
30,273,362
30,251,333
30,383,319
30,718,306
30,1891,389
30,1870,374
30,1725,391
30,1046,448
30,675,615
30,1211,773
30,66,348
