1,291,896
1,29,947
1,25,951
1,157,909
1,100,900
1,196,903
1,334,910
1,341,905
1,341,901
1,336,899
1,207,929
1,204,936
1,214,936
1,134,931
1,122,933
1,127,924
1,115,927
1,79,702
1,125,786
1,706,1011
1,691,1006
1,647,1021
1,639,1001
1,634,1010
1,592,1001
1,612,977
1,606,922
1,580,955
1,557,979
1,569,980
1,560,962
1,555,967
1,553,972
1,846,961
1,798,1072
1,999,999
1,202,635
1,158,616
1,157,611
1,60,616
1,36,594
1,41,585
1,49,582
1,96,594
1,97,588
1,320,618
1,321,624
1,338,537
1,341,550
1,269,578
1,296,640
1,289,643
1,292,647
1,465,650
1,463,657
1,460,662
1,457,667
1,510,552
1,513,545
1,371,506
1,319,513
1,552,693
1,549,699
1,1041,812
1,1045,807
1,1085,809
1,1088,812
1,1080,915
1,1036,622
1,1027,620
1,1025,628
1,1068,601
1,1070,606
1,1242,670
1,1248,563
1,1126,494
1,1118,491
1,1121,484
1,943,571
1,468,643
1,468,638
1,466,632
1,475,632
1,480,626
1,335,627
1,323,635
1,487,633
1,480,642
1,911,93
1,910,82
1,905,85
1,1166,57
1,1171,63
1,1077,189
1,1073,194
1,928,151
1,918,177
1,902,161
1,898,238
1,890,232
1,1103,342
1,1281,451
1,1274,445
1,1327,627
1,1160,700
1,546,650
1,542,657
1,545,692
1,661,850
1,656,854
1,1202,1043
1,1228,1031
1,1093,523
1,1193,718
1,1188,713
1,1165,724
1,1153,736
1,1148,734
1,1141,726
1,1141,719
1,1434,681
1,1425,676
1,1453,586
1,1137,1051
1,1436,985
1,1430,974
1,1424,980
1,1418,973
1,851,353
1,841,354
1,878,560
1,868,558
1,930,578
1,923,579
1,1496,879
1,1157,715
1,1163,733
1,843,489
1,979,449
1,862,461
1,867,459
1,921,385
1,900,367
1,890,369
1,1110,391
1,932,325
1,951,311
1,938,287
1,1079,804
1,117,619
2,279,898
2,29,946
2,25,950
2,153,907
2,101,897
2,192,904
2,331,910
2,338,905
2,338,902
2,333,899
2,203,929
2,202,937
2,210,936
2,132,929
2,120,932
2,126,923
2,113,926
2,75,712
2,124,785
2,702,1011
2,688,1006
2,644,1020
2,636,1000
2,631,1008
2,588,999
2,608,977
2,604,926
2,584,956
2,555,979
2,567,980
2,558,962
2,552,967
2,550,972
2,835,972
2,804,1073
2,1002,1001
2,200,635
2,152,617
2,153,611
2,58,616
2,34,594
2,38,586
2,46,582
2,92,595
2,93,590
2,317,618
2,318,625
2,337,537
2,342,549
2,269,578
2,296,640
2,289,643
2,292,647
2,461,650
2,460,657
2,457,662
2,453,666
2,507,552
2,511,545
2,368,504
2,319,512
2,549,693
2,546,699
2,1042,816
2,1047,813
2,1084,813
2,1088,815
2,1077,915
2,1032,623
2,1025,620
2,1023,628
2,1065,601
2,1067,607
2,1238,670
2,1246,560
2,1129,498
2,1121,496
2,1123,489
2,940,571
2,465,643
2,466,638
2,464,632
2,472,631
2,477,626
2,330,628
2,319,636
2,484,633
2,477,641
2,912,96
2,914,86
2,906,88
2,1164,60
2,1169,65
2,1076,187
2,1071,192
2,929,154
2,915,180
2,902,164
2,898,241
2,890,236
2,1106,347
2,1280,454
2,1273,449
2,1324,629
2,1157,702
2,543,650
2,540,657
2,540,690
2,537,693
2,533,696
2,660,847
2,656,852
2,1199,1045
2,1225,1034
2,1093,505
2,1195,717
2,1190,713
2,1168,724
2,1157,736
2,1151,735
2,1145,726
2,1144,719
2,1431,683
2,1423,678
2,1451,587
2,1135,1049
2,1434,989
2,1429,979
2,1422,983
2,1418,977
2,849,355
2,838,355
2,878,564
2,868,561
2,930,584
2,923,584
2,1495,882
2,1162,716
2,1166,734
2,844,492
2,979,448
2,862,464
2,868,463
2,919,390
2,900,370
2,891,372
2,1108,387
2,931,327
2,951,311
2,937,289
2,1080,808
2,113,619
3,267,899
3,30,945
3,26,949
3,150,906
3,103,895
3,189,905
3,329,910
3,335,906
3,335,904
3,331,899
3,199,930
3,197,936
3,207,937
3,130,928
3,119,931
3,125,922
3,111,926
3,72,721
3,123,784
3,699,1012
3,685,1006
3,642,1019
3,634,999
3,629,1007
3,585,998
3,605,978
3,603,930
3,589,957
3,565,980
3,557,962
3,550,967
3,547,972
3,824,982
3,809,1074
3,1006,1003
3,198,636
3,146,618
3,150,611
3,56,616
3,33,595
3,35,588
3,44,582
3,89,596
3,89,592
3,315,619
3,316,626
3,337,537
3,343,549
3,269,578
3,296,640
3,289,643
3,292,647
3,457,650
3,458,657
3,454,662
3,450,666
3,505,553
3,509,546
3,365,503
3,319,512
3,547,693
3,544,699
3,1044,821
3,1050,820
3,1083,817
3,1088,819
3,1075,916
3,1029,625
3,1022,619
3,1021,628
3,1063,602
3,1064,609
3,1235,670
3,1244,558
3,1130,502
3,1123,500
3,1124,492
3,937,571
3,463,644
3,464,638
3,462,632
3,470,631
3,475,626
3,326,630
3,315,638
3,481,633
3,475,640
3,913,99
3,918,91
3,908,91
3,1162,63
3,1167,68
3,1075,185
3,1070,190
3,931,157
3,913,183
3,902,168
3,899,244
3,890,241
3,1109,353
3,1279,457
3,1273,453
3,1322,632
3,1155,705
3,540,651
3,539,657
3,538,690
3,535,693
3,532,696
3,660,844
3,656,850
3,1092,488
3,1198,716
3,1193,713
3,1171,724
3,1161,736
3,1155,737
3,1149,726
3,1148,720
3,1429,686
3,1421,681
3,1450,589
3,1134,1047
3,1432,992
3,1427,983
3,1421,986
3,1416,981
3,847,357
3,836,358
3,878,568
3,869,565
3,931,589
3,924,588
3,1494,886
3,1165,717
3,1170,734
3,846,495
3,980,448
3,863,467
3,870,467
3,917,395
3,900,374
3,892,375
3,1107,384
3,931,329
3,951,312
3,937,292
3,1080,811
3,110,620
4,255,900
4,31,945
4,26,949
4,147,905
4,102,891
4,184,904
4,326,909
4,333,907
4,332,903
4,329,900
4,196,928
4,194,935
4,203,935
4,128,927
4,118,930
4,121,919
4,109,924
4,69,730
4,122,784
4,694,1012
4,682,1006
4,640,1019
4,631,998
4,627,1006
4,582,996
4,602,978
4,602,935
4,594,958
4,561,979
4,556,962
4,547,967
4,544,972
4,811,992
4,812,1075
4,1010,1006
4,196,637
4,140,620
4,146,611
4,55,616
4,32,588
4,41,583
4,85,596
4,85,591
4,313,619
4,313,626
4,337,537
4,344,548
4,269,578
4,296,640
4,289,643
4,292,647
4,455,649
4,455,656
4,451,661
4,447,665
4,502,554
4,507,547
4,362,501
4,319,512
4,544,692
4,541,698
4,1044,824
4,1051,823
4,1083,821
4,1088,823
4,1072,916
4,1026,624
4,1017,617
4,1018,627
4,1061,603
4,1062,610
4,1232,670
4,1242,556
4,1131,505
4,1124,503
4,1125,494
4,934,571
4,460,644
4,461,638
4,459,632
4,468,631
4,471,625
4,322,630
4,311,637
4,477,632
4,472,639
4,914,102
4,920,95
4,911,92
4,906,83
4,1160,65
4,1165,70
4,1074,184
4,1069,189
4,933,160
4,910,186
4,903,172
4,899,247
4,891,243
4,1111,357
4,1277,460
4,1272,456
4,1320,634
4,1153,707
4,535,650
4,536,655
4,535,689
4,532,693
4,530,697
4,659,842
4,655,847
4,1090,471
4,1201,716
4,1195,713
4,1173,724
4,1164,737
4,1158,736
4,1152,727
4,1151,721
4,1427,689
4,1419,684
4,1448,591
4,1132,1045
4,1429,994
4,1424,984
4,1418,988
4,1413,983
4,844,360
4,834,361
4,878,571
4,869,568
4,931,593
4,924,591
4,1494,889
4,1167,716
4,1174,732
4,846,498
4,981,446
4,863,470
4,869,470
4,916,400
4,900,378
4,893,379
4,1106,381
4,931,332
4,951,312
4,937,295
4,1080,814
4,106,621
5,244,901
5,32,944
5,27,948
5,143,903
5,101,888
5,179,904
5,323,909
5,330,907
5,330,903
5,326,899
5,193,927
5,189,933
5,199,934
5,126,924
5,115,927
5,118,917
5,107,921
5,66,738
5,121,783
5,690,1013
5,679,1006
5,637,1017
5,629,998
5,625,1005
5,579,995
5,597,978
5,600,937
5,598,958
5,558,979
5,553,963
5,545,966
5,542,972
5,801,1002
5,1014,1008
5,195,638
5,135,620
5,141,611
5,53,615
5,28,588
5,39,583
5,81,596
5,81,590
5,311,619
5,310,626
5,337,537
5,345,548
5,269,578
5,296,640
5,289,643
5,292,647
5,452,648
5,451,654
5,448,659
5,444,663
5,500,555
5,504,548
5,359,500
5,319,512
5,540,692
5,537,697
5,1045,827
5,1051,825
5,1082,824
5,1087,826
5,1070,917
5,1022,623
5,1016,617
5,1016,627
5,1059,603
5,1060,610
5,1229,669
5,1241,553
5,1132,508
5,1126,506
5,1126,497
5,931,571
5,458,644
5,459,638
5,457,631
5,465,630
5,468,624
5,318,630
5,308,637
5,475,630
5,470,637
5,916,105
5,923,100
5,914,94
5,908,90
5,1158,66
5,1163,71
5,1072,182
5,1067,187
5,934,163
5,908,189
5,903,176
5,897,249
5,891,246
5,1112,361
5,1275,462
5,1271,458
5,1319,636
5,1151,710
5,531,649
5,532,654
5,531,688
5,530,693
5,528,696
5,659,839
5,655,844
5,1087,455
5,1204,715
5,1198,713
5,1176,724
5,1167,737
5,1162,735
5,1155,727
5,1154,721
5,1425,691
5,1417,686
5,1447,592
5,1450,534
5,1454,526
5,1130,1045
5,1426,997
5,1422,987
5,1417,991
5,1409,986
5,842,362
5,832,363
5,878,574
5,869,571
5,931,596
5,924,593
5,1492,893
5,1171,716
5,1178,732
5,845,502
5,982,444
5,861,473
5,868,474
5,916,402
5,900,380
5,893,381
5,1105,377
5,930,334
5,952,313
5,936,298
5,1079,816
5,1437,11
5,1457,550
5,1451,544
5,103,621
6,233,901
6,32,943
6,27,948
6,139,901
6,100,884
6,175,903
6,320,909
6,327,907
6,326,902
6,323,899
6,188,925
6,185,930
6,195,932
6,124,921
6,113,924
6,116,915
6,103,918
6,63,746
6,121,782
6,118,787
6,686,1012
6,675,1006
6,633,1015
6,626,996
6,622,1003
6,576,994
6,593,977
6,597,939
6,601,958
6,555,979
6,550,964
6,543,964
6,539,970
6,791,1012
6,1017,1009
6,193,639
6,131,620
6,136,611
6,52,615
6,26,589
6,36,584
6,77,596
6,77,590
6,308,619
6,307,626
6,336,538
6,346,547
6,270,578
6,296,640
6,289,643
6,292,647
6,449,646
6,447,653
6,444,658
6,441,662
6,497,556
6,500,549
6,356,498
6,320,512
6,537,691
6,534,696
6,1046,830
6,1052,828
6,1080,826
6,1085,828
6,1067,917
6,1018,622
6,1013,616
6,1013,627
6,1057,603
6,1059,610
6,1226,668
6,1239,551
6,1132,510
6,1126,508
6,1126,499
6,928,572
6,456,644
6,456,638
6,454,630
6,463,629
6,465,624
6,314,631
6,304,636
6,472,628
6,468,634
6,917,107
6,924,105
6,918,96
6,908,93
6,1156,68
6,1160,73
6,1069,180
6,1065,185
6,936,167
6,907,192
6,903,181
6,897,252
6,891,248
6,1114,364
6,1273,465
6,1270,460
6,1317,638
6,1148,712
6,528,647
6,528,652
6,527,686
6,525,691
6,524,695
6,658,836
6,655,840
6,1085,438
6,1206,713
6,1199,713
6,1178,724
6,1170,737
6,1165,734
6,1158,727
6,1157,721
6,1423,694
6,1415,688
6,1444,593
6,1448,535
6,1451,527
6,1127,1044
6,1423,1000
6,1419,990
6,1414,994
6,1407,987
6,840,364
6,830,365
6,877,577
6,867,575
6,931,599
6,924,596
6,1491,896
6,1175,716
6,1181,731
6,844,505
6,983,441
6,860,475
6,866,477
6,916,405
6,901,383
6,893,383
6,1104,373
6,930,336
6,953,313
6,935,301
6,1364,296
6,1078,819
6,1434,13
6,1455,550
6,1449,545
6,99,620
7,222,902
7,33,943
7,28,947
7,135,899
7,99,880
7,170,903
7,316,908
7,323,907
7,322,902
7,320,899
7,184,924
7,181,928
7,191,931
7,122,919
7,111,922
7,114,912
7,102,915
7,59,754
7,120,782
7,117,786
7,682,1011
7,672,1005
7,630,1013
7,623,995
7,619,1001
7,573,992
7,589,976
7,595,941
7,605,958
7,552,978
7,547,966
7,541,964
7,536,969
7,781,1023
7,1020,1010
7,191,640
7,126,620
7,132,611
7,50,615
7,23,589
7,33,584
7,73,595
7,73,590
7,306,619
7,304,626
7,336,538
7,348,547
7,270,578
7,296,640
7,289,643
7,292,647
7,445,645
7,443,652
7,441,657
7,437,660
7,495,556
7,497,549
7,353,496
7,320,512
7,533,690
7,531,695
7,1046,834
7,1053,831
7,1079,828
7,1083,830
7,1064,918
7,1015,621
7,1009,614
7,1010,626
7,1055,604
7,1057,610
7,1223,667
7,1237,549
7,1132,512
7,1126,511
7,1127,502
7,924,572
7,453,642
7,453,637
7,452,630
7,460,627
7,462,621
7,309,633
7,299,635
7,469,627
7,465,634
7,918,110
7,924,109
7,921,98
7,908,97
7,1153,69
7,1157,74
7,1067,178
7,1063,183
7,936,169
7,904,194
7,903,183
7,897,254
7,891,250
7,1115,367
7,1272,467
7,1269,462
7,1315,639
7,1147,714
7,525,646
7,526,652
7,524,686
7,522,691
7,521,695
7,658,833
7,655,837
7,1083,421
7,1208,711
7,1201,713
7,1181,723
7,1173,736
7,1167,733
7,1161,727
7,1160,720
7,1421,696
7,1413,690
7,1440,593
7,1446,537
7,1449,529
7,1126,1044
7,1420,1003
7,1417,993
7,1411,997
7,1404,990
7,838,366
7,829,366
7,876,581
7,866,580
7,931,603
7,924,600
7,1489,899
7,1178,716
7,1183,731
7,844,508
7,984,439
7,859,477
7,865,480
7,916,408
7,902,385
7,894,385
7,1103,369
7,929,338
7,953,314
7,934,304
7,1370,288
7,1077,820
7,1432,16
7,1450,551
7,1447,545
7,95,620
8,212,902
8,34,942
8,28,947
8,131,898
8,98,875
8,166,902
8,313,908
8,320,907
8,318,901
8,316,897
8,180,922
8,176,928
8,187,930
8,119,916
8,108,918
8,112,909
8,99,912
8,55,761
8,119,780
8,116,785
8,677,1010
8,669,1005
8,627,1011
8,620,994
8,616,1000
8,569,991
8,584,975
8,592,944
8,608,958
8,549,977
8,545,966
8,536,964
8,533,969
8,773,1034
8,1023,1012
8,191,641
8,122,620
8,128,611
8,21,589
8,31,584
8,70,595
8,69,590
8,303,619
8,302,626
8,336,538
8,348,546
8,270,578
8,296,640
8,289,643
8,292,647
8,441,643
8,440,650
8,438,655
8,433,658
8,491,556
8,494,549
8,349,494
8,320,512
8,530,689
8,529,695
8,1047,836
8,1054,833
8,1077,830
8,1081,832
8,1062,918
8,1012,620
8,1005,612
8,1008,625
8,1053,604
8,1055,610
8,1219,666
8,1235,546
8,1132,514
8,1126,514
8,1127,504
8,920,572
8,450,640
8,450,635
8,450,629
8,456,625
8,458,618
8,305,633
8,295,635
8,466,626
8,462,633
8,919,113
8,925,113
8,924,101
8,908,101
8,1150,71
8,1154,76
8,1065,175
8,1061,180
8,936,172
8,901,196
8,903,186
8,897,256
8,891,252
8,1116,372
8,1271,469
8,1268,465
8,1313,641
8,1145,717
8,522,645
8,523,651
8,521,684
8,519,689
8,517,692
8,658,830
8,654,833
8,1080,406
8,1209,707
8,1203,712
8,1183,722
8,1175,735
8,1170,733
8,1163,727
8,1162,720
8,1418,698
8,1410,692
8,1437,593
8,1444,537
8,1446,529
8,1124,1043
8,1418,1006
8,1415,996
8,1408,997
8,1401,992
8,836,368
8,827,368
8,874,583
8,866,583
8,930,606
8,924,603
8,1487,902
8,1180,715
8,1186,730
8,844,512
8,985,438
8,858,479
8,864,482
8,916,410
8,902,387
8,894,387
8,1103,364
8,927,341
8,953,315
8,933,307
8,1375,281
8,1413,20
8,1077,822
8,1427,19
8,1448,553
8,1444,547
8,91,620
9,202,903
9,35,942
9,29,946
9,128,895
9,98,870
9,161,902
9,309,907
9,317,905
9,315,900
9,313,896
9,176,920
9,172,926
9,183,927
9,116,913
9,105,915
9,111,906
9,97,909
9,51,768
9,117,778
9,115,784
9,673,1009
9,665,1004
9,624,1010
9,618,992
9,614,998
9,565,989
9,580,973
9,590,946
9,611,958
9,546,976
9,542,967
9,532,963
9,530,968
9,764,1045
9,1027,1013
9,190,642
9,118,619
9,124,611
9,18,589
9,28,584
9,66,595
9,65,590
9,299,619
9,299,626
9,336,538
9,348,545
9,270,578
9,296,640
9,289,643
9,292,647
9,437,641
9,436,648
9,434,653
9,430,657
9,488,556
9,491,549
9,346,492
9,320,512
9,526,687
9,525,694
9,1047,839
9,1054,836
9,1075,832
9,1079,835
9,1059,918
9,1009,618
9,1002,611
9,1005,624
9,1051,604
9,1053,610
9,1216,665
9,1232,543
9,1133,516
9,1126,517
9,1127,507
9,917,571
9,448,639
9,448,634
9,446,628
9,454,624
9,455,618
9,301,632
9,291,635
9,463,624
9,458,630
9,919,115
9,925,115
9,926,103
9,908,105
9,1147,73
9,1151,78
9,1063,173
9,1060,178
9,936,175
9,898,198
9,902,188
9,897,258
9,891,254
9,1116,376
9,1271,472
9,1267,468
9,1310,642
9,1144,719
9,518,642
9,519,648
9,519,683
9,516,688
9,515,692
9,658,827
9,653,829
9,1078,389
9,1210,702
9,1205,710
9,1186,721
9,1178,734
9,1173,732
9,1167,726
9,1165,720
9,1416,699
9,1408,694
9,1434,593
9,1442,537
9,1443,529
9,1123,1042
9,1416,1008
9,1413,1000
9,1406,997
9,1399,993
9,833,369
9,825,371
9,873,586
9,866,587
9,930,610
9,924,606
9,1486,905
9,1184,714
9,1189,728
9,844,516
9,985,436
9,858,480
9,863,485
9,916,413
9,902,389
9,894,389
9,1103,360
9,925,345
9,952,316
9,932,310
9,1379,275
9,1413,17
9,1076,824
9,1424,23
9,1447,554
9,1441,549
9,88,620
10,192,903
10,35,939
10,30,946
10,125,892
10,96,866
10,157,901
10,306,907
10,314,904
10,312,900
10,309,895
10,173,918
10,169,922
10,179,925
10,113,911
10,103,912
10,108,904
10,95,905
10,48,776
10,116,776
10,113,782
10,668,1009
10,662,1004
10,621,1008
10,615,989
10,611,996
10,561,987
10,576,972
10,588,949
10,615,958
10,542,976
10,540,968
10,530,961
10,528,967
10,760,1057
10,1030,1016
10,189,643
10,8,677
10,115,618
10,120,611
10,18,590
10,26,584
10,62,593
10,61,589
10,297,620
10,297,626
10,334,539
10,349,545
10,270,578
10,296,640
10,289,643
10,292,647
10,434,639
10,433,646
10,431,651
10,427,655
10,485,556
10,488,549
10,342,490
10,321,512
10,523,686
10,521,693
10,1048,841
10,1055,838
10,1073,833
10,1076,837
10,1057,918
10,1005,616
10,999,609
10,1002,622
10,1049,603
10,1050,610
10,1212,664
10,1230,540
10,1133,519
10,1126,519
10,1127,510
10,913,571
10,446,639
10,447,633
10,443,628
10,450,623
10,452,617
10,295,631
10,287,635
10,459,622
10,456,628
10,919,117
10,925,118
10,928,105
10,908,109
10,1145,75
10,1149,80
10,1060,170
10,1057,176
10,936,177
10,897,201
10,902,191
10,897,260
10,890,256
10,1117,380
10,1269,474
10,1264,470
10,1306,643
10,1142,722
10,514,641
10,516,647
10,515,681
10,513,686
10,512,690
10,658,824
10,653,826
10,1077,372
10,1212,702
10,1207,710
10,1189,720
10,1181,732
10,1175,730
10,1170,725
10,1167,719
10,1414,701
10,1406,695
10,1432,593
10,1439,538
10,1438,529
10,1123,1042
10,1413,1012
10,1409,1002
10,1402,998
10,1395,996
10,831,371
10,823,373
10,873,590
10,866,590
10,930,613
10,923,608
10,1483,909
10,1187,712
10,1193,727
10,843,519
10,986,434
10,857,483
10,862,487
10,916,415
10,902,391
10,894,391
10,1102,356
10,924,347
10,952,317
10,931,312
10,1384,269
10,1413,14
10,1075,825
10,1420,27
10,1444,555
10,1439,551
10,84,619
11,182,903
11,36,936
11,30,945
11,123,890
11,95,862
11,152,901
11,303,906
11,310,903
11,309,899
11,306,894
11,169,916
11,165,921
11,176,923
11,110,907
11,101,908
11,106,900
11,93,902
11,45,783
11,115,773
11,112,779
11,664,1009
11,659,1002
11,619,1005
11,613,987
11,609,994
11,572,970
11,586,951
11,619,958
11,537,968
11,527,961
11,525,966
11,756,1068
11,1033,1018
11,188,644
11,14,683
11,111,618
11,117,610
11,24,584
11,58,592
11,58,589
11,295,620
11,295,626
11,332,540
11,349,544
11,271,578
11,296,640
11,289,643
11,292,647
11,430,638
11,429,644
11,427,650
11,423,653
11,482,555
11,486,548
11,338,488
11,321,511
11,520,684
11,519,690
11,1048,843
11,1055,840
11,1070,833
11,1073,838
11,1053,917
11,1001,615
11,996,607
11,999,622
11,1046,603
11,1046,610
11,1208,663
11,1228,538
11,1133,521
11,1126,521
11,1127,512
11,910,570
11,444,638
11,444,632
11,441,627
11,446,622
11,449,617
11,290,630
11,282,635
11,457,621
11,453,627
11,920,121
11,926,122
11,931,107
11,908,113
11,1143,77
11,1147,82
11,1058,168
11,1055,174
11,937,180
11,895,204
11,902,194
11,897,262
11,890,258
11,1118,384
11,1268,477
11,1262,472
11,1303,645
11,1141,725
11,511,639
11,513,646
11,512,680
11,509,684
11,508,689
11,657,821
11,653,823
11,1174,1050
11,1076,356
11,1214,701
11,1209,709
11,1192,719
11,1183,732
11,1178,729
11,1174,724
11,1170,718
11,1412,702
11,1404,697
11,1429,594
11,1436,539
11,1434,530
11,1123,1042
11,1411,1015
11,1405,1003
11,1399,1000
11,1392,998
11,830,374
11,822,376
11,872,593
11,865,593
11,929,616
11,922,611
11,1481,912
11,1189,712
11,1195,727
11,842,522
11,986,431
11,857,485
11,862,489
11,916,418
11,902,393
11,894,393
11,1102,351
11,924,350
11,952,317
11,930,314
11,1390,262
11,1413,11
11,1074,827
11,1418,32
11,1441,556
11,1436,552
11,80,617
12,173,902
12,36,933
12,31,944
12,121,886
12,93,857
12,148,901
12,300,905
12,307,902
12,306,898
12,303,892
12,165,915
12,161,920
12,172,921
12,108,904
12,99,904
12,104,897
12,92,898
12,42,791
12,113,771
12,110,776
12,660,1008
12,656,1001
12,616,1002
12,610,984
12,606,992
12,568,969
12,583,954
12,623,958
12,525,975
12,535,969
12,525,961
12,521,966
12,755,1074
12,1037,1020
12,187,645
12,18,686
12,108,617
12,113,610
12,21,584
12,55,592
12,55,588
12,293,620
12,294,627
12,329,542
12,349,544
12,271,578
12,296,640
12,289,643
12,292,647
12,426,637
12,425,643
12,424,649
12,419,652
12,479,555
12,483,546
12,335,486
12,321,511
12,518,683
12,518,688
12,1049,845
12,1056,843
12,1068,835
12,1071,840
12,1050,917
12,998,614
12,994,606
12,997,620
12,1043,602
12,1044,609
12,1205,662
12,1226,535
12,1134,524
12,1126,524
12,1127,515
12,907,570
12,441,638
12,441,632
12,439,626
12,443,619
12,446,615
12,285,630
12,276,635
12,455,620
12,451,626
12,920,124
12,927,125
12,935,109
12,908,117
12,1140,79
12,1145,84
12,1056,165
12,1053,172
12,938,182
12,893,206
12,902,197
12,897,264
12,889,260
12,1120,387
12,1268,479
12,1260,474
12,1300,647
12,1140,729
12,508,638
12,510,644
12,509,678
12,507,683
12,505,687
12,656,817
12,653,820
12,1170,1051
12,1075,342
12,1216,700
12,1211,708
12,1195,719
12,1185,732
12,1181,729
12,1177,723
12,1173,717
12,1410,705
12,1402,700
12,1427,594
12,1434,540
12,1431,531
12,1123,1041
12,1408,1018
12,1402,1006
12,1396,1002
12,1389,1001
12,828,377
12,821,378
12,872,596
12,865,596
12,928,620
12,922,614
12,1479,916
12,1192,712
12,1198,727
12,841,525
12,986,429
12,857,488
12,862,491
12,916,421
12,903,396
12,894,396
12,1101,346
12,925,352
12,952,317
12,930,316
12,1394,255
12,1413,9
12,1073,830
12,1416,37
12,1440,559
12,1434,555
12,77,616
13,164,902
13,37,931
13,31,943
13,118,883
13,92,853
13,144,899
13,297,905
13,304,902
13,303,897
13,300,891
13,162,914
13,159,918
13,168,919
13,106,900
13,97,901
13,103,893
13,91,895
13,39,798
13,112,768
13,109,773
13,656,1008
13,653,1000
13,614,999
13,608,982
13,604,990
13,564,968
13,580,956
13,626,958
13,522,974
13,533,969
13,519,965
13,1040,1022
13,187,646
13,22,688
13,106,617
13,110,610
13,19,584
13,52,592
13,52,588
13,290,620
13,291,626
13,329,543
13,350,543
13,271,578
13,296,640
13,289,643
13,292,647
13,423,635
13,422,641
13,421,647
13,416,650
13,477,555
13,481,545
13,333,484
13,321,511
13,515,681
13,514,687
13,1049,847
13,1056,845
13,1067,836
13,1069,841
13,1047,917
13,995,612
13,991,605
13,995,618
13,1041,602
13,1042,608
13,1202,660
13,1225,531
13,1135,527
13,1127,526
13,1127,518
13,904,570
13,439,637
13,439,631
13,437,625
13,439,619
13,443,615
13,281,629
13,273,635
13,452,617
13,448,624
13,921,128
13,928,129
13,939,112
13,908,121
13,1138,80
13,1143,85
13,1054,163
13,1051,171
13,939,184
13,891,207
13,902,201
13,897,266
13,889,262
13,1121,391
13,1268,482
13,1260,477
13,1297,649
13,1138,731
13,504,637
13,507,643
13,507,678
13,505,682
13,504,686
13,656,814
13,652,816
13,1166,1053
13,1075,328
13,1219,700
13,1214,708
13,1197,718
13,1188,732
13,1184,729
13,1179,723
13,1176,716
13,1407,708
13,1399,703
13,1425,595
13,1432,541
13,1429,533
13,1123,1041
13,1405,1021
13,1399,1009
13,1393,1003
13,1386,1004
13,826,380
13,819,381
13,872,599
13,865,599
13,926,623
13,922,618
13,1478,919
13,1194,711
13,1200,726
13,840,528
13,986,426
13,857,491
13,862,493
13,916,424
13,903,399
13,895,399
13,1101,341
13,925,354
13,952,317
13,929,318
13,1399,246
13,1413,8
13,1072,832
13,1414,43
13,1440,562
13,1433,559
13,75,615
14,155,902
14,39,928
14,32,941
14,116,880
14,91,848
14,140,897
14,294,904
14,301,901
14,300,895
14,298,890
14,159,911
14,155,916
14,165,917
14,104,897
14,95,897
14,102,890
14,90,892
14,37,806
14,110,765
14,107,769
14,651,1007
14,650,999
14,612,997
14,605,980
14,601,988
14,560,968
14,578,959
14,630,958
14,519,974
14,529,974
14,530,969
14,1043,1025
14,185,647
14,26,690
14,103,616
14,107,610
14,10,588
14,17,583
14,50,592
14,48,587
14,288,620
14,289,626
14,328,545
14,350,543
14,271,578
14,296,640
14,289,643
14,292,647
14,420,632
14,418,639
14,418,644
14,412,648
14,474,555
14,478,544
14,331,482
14,321,511
14,512,680
14,510,687
14,1050,849
14,1056,848
14,1066,837
14,1067,842
14,1044,917
14,992,610
14,988,603
14,992,617
14,1039,602
14,1040,608
14,1199,659
14,1223,528
14,1135,530
14,1127,529
14,1127,521
14,901,571
14,437,636
14,438,631
14,436,625
14,436,619
14,440,615
14,276,629
14,270,635
14,449,616
14,445,622
14,922,132
14,929,132
14,944,114
14,908,124
14,1136,82
14,1142,87
14,1052,161
14,1049,169
14,939,187
14,889,208
14,903,204
14,896,268
14,888,264
14,1123,395
14,1268,484
14,1260,479
14,1295,651
14,1136,733
14,501,637
14,505,642
14,504,676
14,501,681
14,499,685
14,655,810
14,652,813
14,1163,1054
14,1076,314
14,1223,699
14,1217,707
14,1200,717
14,1192,732
14,1187,729
14,1182,722
14,1179,716
14,1406,709
14,1396,705
14,1423,596
14,1430,542
14,1427,535
14,1123,1040
14,1402,1024
14,1397,1013
14,1391,1005
14,1384,1007
14,825,381
14,817,382
14,873,603
14,866,603
14,926,626
14,921,620
14,1477,922
14,1197,709
14,1204,725
14,840,530
14,987,424
14,856,493
14,862,495
14,917,427
14,904,402
14,896,403
14,1100,336
14,925,357
14,952,318
14,928,320
14,1404,238
14,1072,834
14,1413,49
14,1437,564
14,1430,561
14,72,614
15,146,902
15,39,925
15,32,939
15,114,877
15,90,844
15,137,896
15,292,904
15,297,900
15,297,894
15,295,889
15,156,909
15,152,913
15,162,915
15,102,894
15,94,893
15,101,886
15,91,887
15,36,814
15,108,762
15,105,766
15,648,1006
15,647,998
15,609,995
15,602,979
15,599,986
15,556,968
15,575,961
15,634,958
15,517,970
15,526,974
15,527,969
15,1046,1027
15,183,647
15,101,616
15,103,609
15,9,588
15,15,583
15,47,592
15,45,586
15,286,619
15,286,625
15,327,546
15,350,543
15,272,578
15,296,640
15,289,643
15,292,647
15,417,630
15,415,637
15,415,642
15,409,646
15,472,554
15,476,544
15,329,481
15,322,511
15,509,678
15,507,685
15,1051,852
15,1057,851
15,1065,839
15,1066,843
15,1041,917
15,990,608
15,985,602
15,989,615
15,1037,601
15,1038,607
15,1195,657
15,1222,525
15,1136,532
15,1128,531
15,1127,523
15,899,571
15,435,635
15,436,630
15,434,624
15,433,618
15,437,613
15,272,628
15,267,635
15,447,615
15,443,621
15,922,136
15,929,135
15,949,117
15,908,128
15,1134,84
15,1140,89
15,1050,159
15,1047,167
15,940,189
15,887,209
15,903,208
15,896,269
15,888,265
15,1124,401
15,1268,486
15,1260,482
15,1293,653
15,1134,735
15,498,634
15,501,640
15,501,675
15,499,679
15,497,684
15,654,806
15,652,810
15,1161,1054
15,1077,298
15,1226,699
15,1220,707
15,1203,716
15,1196,732
15,1190,729
15,1185,722
15,1182,716
15,1404,711
15,1394,707
15,1421,597
15,1429,543
15,1426,535
15,1123,1040
15,1399,1027
15,1396,1017
15,1390,1006
15,1383,1009
15,824,383
15,815,383
15,873,606
15,866,606
15,926,628
15,921,623
15,1475,926
15,1200,707
15,1207,724
15,841,532
15,987,421
15,856,495
15,862,497
15,917,430
15,904,405
15,896,406
15,1099,331
15,924,360
15,952,318
15,928,321
15,1406,228
15,1071,835
15,1411,53
15,1435,567
15,1428,563
15,69,613
16,137,900
16,41,923
16,33,938
16,111,873
16,89,839
16,133,894
16,290,904
16,294,899
16,294,893
16,293,888
16,153,907
16,149,912
16,159,913
16,101,891
16,93,890
16,99,881
16,90,882
16,36,822
16,105,758
16,103,762
16,645,1004
16,643,996
16,607,992
16,600,977
16,596,984
16,553,967
16,573,963
16,638,958
16,515,967
16,524,975
16,524,969
16,1050,1029
16,182,648
16,98,615
16,99,609
16,8,588
16,13,582
16,43,593
16,41,586
16,284,619
16,285,625
16,326,548
16,350,542
16,271,577
16,296,640
16,289,643
16,292,647
16,414,628
16,412,635
16,412,640
16,406,644
16,470,553
16,472,544
16,326,480
16,322,511
16,506,677
16,505,683
16,1051,854
16,1057,853
16,1064,840
16,1065,844
16,1039,917
16,989,605
16,983,600
16,987,612
16,1035,600
16,1036,606
16,1191,655
16,1220,522
16,1136,535
16,1129,534
16,1128,525
16,895,572
16,432,635
16,434,629
16,431,624
16,430,617
16,434,611
16,267,627
16,265,635
16,444,613
16,439,620
16,923,140
16,930,138
16,952,119
16,909,132
16,1132,85
16,1138,90
16,1049,158
16,1045,165
16,941,191
16,886,210
16,904,211
16,896,271
16,887,267
16,1125,406
16,1268,488
16,1260,484
16,1291,655
16,1132,737
16,496,632
16,497,638
16,498,673
16,496,677
16,494,681
16,654,802
16,651,807
16,1159,1054
16,1077,283
16,1231,699
16,1223,707
16,1206,716
16,1200,731
16,1194,728
16,1188,721
16,1186,715
16,1402,714
16,1394,710
16,1420,598
16,1428,545
16,1425,536
16,1123,1040
16,1397,1031
16,1392,1020
16,1387,1009
16,1380,1012
16,822,385
16,813,384
16,873,609
16,866,609
16,927,630
16,921,626
16,1474,929
16,1203,707
16,1209,724
16,841,534
16,987,418
16,856,497
16,863,499
16,917,433
16,905,408
16,897,408
16,1097,327
16,922,364
16,953,318
16,928,322
16,1407,217
16,1070,837
16,1432,569
16,1426,565
16,67,612
17,127,898
17,41,920
17,33,936
17,109,870
17,88,835
17,129,893
17,286,903
17,290,898
17,292,892
17,290,887
17,149,904
17,145,909
17,155,911
17,99,888
17,91,885
17,99,879
17,88,878
17,35,830
17,103,755
17,101,758
17,643,1003
17,640,995
17,604,990
17,597,976
17,594,983
17,549,965
17,571,965
17,641,958
17,512,965
17,520,975
17,521,969
17,1052,1031
17,180,648
17,94,615
17,95,609
17,11,582
17,39,593
17,37,586
17,282,619
17,283,625
17,324,550
17,350,542
17,271,577
17,296,640
17,289,643
17,292,647
17,410,626
17,410,633
17,408,638
17,404,641
17,467,552
17,469,544
17,323,479
17,322,511
17,503,675
17,501,681
17,1052,856
17,1058,856
17,1063,841
17,1064,846
17,1037,917
17,988,603
17,982,598
17,985,610
17,1033,599
17,1034,605
17,1187,653
17,1218,518
17,1136,537
17,1129,536
17,1129,527
17,892,572
17,430,635
17,432,629
17,428,624
17,427,615
17,432,610
17,264,626
17,261,634
17,440,611
17,436,619
17,924,142
17,930,140
17,955,120
17,909,136
17,1130,86
17,1136,91
17,1047,154
17,1043,162
17,942,194
17,885,210
17,904,212
17,896,272
17,887,268
17,1126,410
17,1267,490
17,1260,486
17,1289,657
17,1131,738
17,492,630
17,494,636
17,496,672
17,492,675
17,491,680
17,652,798
17,650,803
17,1156,1055
17,1078,268
17,1233,698
17,1227,706
17,1209,716
17,1203,731
17,1197,728
17,1191,721
17,1190,714
17,1400,716
17,1394,712
17,1418,598
17,1426,546
17,1422,538
17,1124,1040
17,1394,1033
17,1389,1023
17,1385,1011
17,1378,1013
17,821,387
17,812,386
17,872,612
17,866,612
17,927,632
17,921,628
17,1472,931
17,1206,707
17,1210,723
17,842,536
17,987,415
17,856,500
17,863,502
17,916,436
17,905,410
17,897,411
17,1096,323
17,922,366
17,954,317
17,927,324
17,1408,208
17,1070,839
17,1429,570
17,1423,565
17,65,611
18,117,897
18,42,918
18,33,935
18,106,866
18,87,830
18,125,890
18,282,903
18,287,897
18,290,892
18,288,886
18,145,902
18,140,908
18,152,910
18,97,885
18,89,881
18,96,874
18,88,874
18,35,838
18,101,751
18,99,755
18,640,1001
18,639,995
18,601,989
18,593,974
18,590,982
18,545,964
18,569,967
18,645,958
18,510,964
18,517,975
18,518,969
18,716,1072
18,178,649
18,90,614
18,91,609
18,37,593
18,33,586
18,280,619
18,281,625
18,322,551
18,350,542
18,271,576
18,296,640
18,289,643
18,292,647
18,406,625
18,406,632
18,404,637
18,400,640
18,465,551
18,466,543
18,319,477
18,322,511
18,500,674
18,498,680
18,1053,858
18,1059,859
18,1062,842
18,1063,847
18,1034,917
18,987,598
18,979,595
18,982,607
18,1031,598
18,1032,604
18,1185,652
18,1216,515
18,1137,540
18,1130,539
18,1131,530
18,888,572
18,427,634
18,429,628
18,425,622
18,424,613
18,429,608
18,261,626
18,258,634
18,436,611
18,432,618
18,924,145
18,930,143
18,957,122
18,910,139
18,1128,86
18,1133,92
18,1045,151
18,1042,159
18,944,197
18,884,211
18,904,215
18,894,274
18,886,269
18,1127,413
18,1266,493
18,1260,488
18,1285,658
18,1129,740
18,489,630
18,490,635
18,493,669
18,489,674
18,488,677
18,651,794
18,649,799
18,1153,1056
18,1078,252
18,1235,697
18,1230,705
18,1212,716
18,1206,730
18,1200,727
18,1194,720
18,1193,713
18,1398,718
18,1392,714
18,1417,598
18,1424,547
18,1418,541
18,1124,1040
18,1391,1034
18,1386,1025
18,1383,1013
18,1375,1013
18,820,389
18,811,388
18,872,616
18,866,615
18,928,635
18,921,631
18,1469,934
18,1209,706
18,1214,723
18,843,538
18,986,412
18,855,502
18,863,504
18,915,438
18,905,413
18,897,413
18,1094,319
18,922,366
18,954,317
18,926,327
18,1409,197
18,1069,841
18,1425,571
18,1420,565
18,62,610
19,109,893
19,42,916
19,33,933
19,104,863
19,86,826
19,122,887
19,279,903
19,284,896
19,286,890
19,285,885
19,141,900
19,136,905
19,147,907
19,96,881
19,87,878
19,95,870
19,85,871
19,37,846
19,14,864
19,99,747
19,97,751
19,636,1001
19,637,995
19,599,987
19,590,972
19,587,981
19,541,964
19,566,970
19,648,957
19,507,963
19,513,975
19,515,969
19,716,1067
19,176,649
19,87,614
19,88,608
19,34,593
19,30,586
19,277,620
19,278,625
19,320,553
19,350,541
19,271,576
19,296,640
19,289,643
19,292,647
19,403,623
19,403,630
19,400,635
19,396,640
19,463,550
19,464,543
19,316,475
19,323,511
19,496,672
19,495,678
19,1053,859
19,1059,860
19,1061,843
19,1062,848
19,1032,917
19,985,594
19,974,592
19,980,604
19,1029,596
19,1029,602
19,1183,651
19,1213,512
19,1138,542
19,1131,541
19,1132,532
19,885,572
19,425,633
19,426,627
19,423,620
19,421,613
19,425,608
19,256,624
19,254,634
19,432,610
19,429,616
19,925,148
19,930,147
19,961,124
19,910,143
19,1126,87
19,1131,93
19,1042,149
19,1039,157
19,946,199
19,884,211
19,904,219
19,893,275
19,885,271
19,1128,417
19,1264,495
19,1260,490
19,1281,659
19,1127,741
19,485,630
19,487,635
19,490,667
19,487,671
19,485,675
19,650,791
19,648,795
19,1149,1056
19,1077,238
19,1236,696
19,1234,705
19,1215,715
19,1209,729
19,1203,726
19,1196,720
19,1196,713
19,1396,719
19,1389,716
19,1416,599
19,1420,549
19,1415,544
19,1125,1041
19,1389,1037
19,1384,1028
19,1380,1015
19,1373,1015
19,819,390
19,811,390
19,872,619
19,866,617
19,928,637
19,921,634
19,1467,936
19,1213,706
19,1218,723
19,843,540
19,985,409
19,855,504
19,863,506
19,914,441
19,905,415
19,898,415
19,1093,315
19,923,366
19,954,317
19,924,331
19,1409,182
19,1069,843
19,1421,572
19,1417,566
19,57,610
20,100,888
20,42,914
20,33,931
20,103,859
20,85,821
20,118,884
20,275,901
20,281,895
20,282,889
20,282,884
20,138,898
20,132,902
20,143,905
20,93,878
20,85,876
20,93,868
20,85,866
20,38,854
20,15,859
20,96,743
20,95,748
20,632,1001
20,635,995
20,596,985
20,587,971
20,584,980
20,537,964
20,564,972
20,652,957
20,504,963
20,510,975
20,513,968
20,715,1063
20,174,649
20,83,613
20,85,607
20,32,593
20,26,586
20,274,621
20,275,626
20,318,555
20,350,541
20,271,576
20,296,640
20,289,643
20,292,647
20,399,622
20,399,629
20,396,634
20,392,639
20,460,549
20,461,543
20,312,473
20,322,510
20,493,670
20,492,676
20,1053,861
20,1059,861
20,1060,844
20,1061,849
20,1029,917
20,983,590
20,970,589
20,978,601
20,1028,594
20,1026,601
20,1179,650
20,1211,509
20,1139,545
20,1131,543
20,1133,535
20,882,573
20,422,633
20,423,626
20,420,620
20,418,613
20,421,608
20,251,624
20,250,635
20,429,610
20,426,615
20,926,152
20,931,150
20,964,127
20,909,147
20,1124,88
20,1129,94
20,1039,147
20,1037,155
20,947,202
20,904,223
20,891,277
20,885,272
20,1129,421
20,1263,497
20,1259,492
20,1277,661
20,1124,743
20,482,627
20,484,633
20,486,665
20,483,669
20,481,674
20,649,787
20,646,792
20,1147,1058
20,1171,1051
20,1076,225
20,1239,695
20,1237,704
20,1217,714
20,1213,729
20,1207,726
20,1199,720
20,1199,713
20,1395,720
20,1387,718
20,1414,599
20,1415,553
20,1411,546
20,1125,1041
20,1386,1041
20,1381,1031
20,1376,1017
20,1370,1017
20,817,392
20,808,393
20,872,622
20,866,620
20,928,640
20,922,638
20,1465,939
20,1216,705
20,1221,722
20,844,543
20,984,407
20,854,507
20,863,509
20,914,444
20,905,417
20,898,417
20,1092,309
20,923,366
20,954,317
20,923,334
20,1410,172
20,1068,845
20,1419,575
20,1415,569
20,55,608
21,92,882
21,42,912
21,33,929
21,101,856
21,84,816
21,114,882
21,271,899
21,278,894
21,279,888
21,279,883
21,134,895
21,129,901
21,139,903
21,91,875
21,85,872
21,92,865
21,84,862
21,42,861
21,16,855
21,95,740
21,93,744
21,629,1000
21,633,994
21,593,984
21,585,970
21,581,978
21,533,964
21,561,974
21,655,957
21,502,962
21,506,975
21,510,968
21,714,1059
21,173,649
21,79,612
21,82,607
21,23,586
21,271,621
21,272,626
21,316,556
21,350,541
21,272,576
21,296,640
21,289,643
21,292,647
21,395,620
21,395,627
21,392,632
21,388,638
21,457,548
21,459,541
21,310,472
21,322,510
21,490,669
21,490,675
21,1053,863
21,1059,863
21,1058,845
21,1060,850
21,1027,917
21,981,588
21,968,587
21,976,599
21,1025,593
21,1024,600
21,1175,649
21,1209,506
21,1140,548
21,1131,545
21,1134,537
21,878,573
21,420,633
21,420,626
21,418,620
21,415,612
21,418,607
21,247,624
21,247,635
21,426,609
21,423,614
21,926,155
21,932,154
21,968,130
21,909,151
21,1122,89
21,1126,96
21,1036,145
21,1034,153
21,949,204
21,883,210
21,904,226
21,890,278
21,884,273
21,1130,424
21,1262,499
21,1258,494
21,1275,663
21,1122,744
21,479,625
21,481,632
21,483,664
21,480,668
21,478,673
21,648,784
21,644,788
21,1145,1060
21,1168,1052
21,1075,214
21,1242,694
21,1239,702
21,1220,713
21,1216,728
21,1210,725
21,1202,720
21,1202,712
21,1394,722
21,1386,721
21,1413,600
21,1412,556
21,1408,548
21,1125,1038
21,1382,1041
21,1378,1034
21,1376,1019
21,1367,1019
21,815,394
21,806,395
21,872,625
21,866,623
21,928,642
21,922,640
21,1463,942
21,1219,705
21,1224,722
21,844,545
21,984,404
21,853,509
21,862,511
21,913,447
21,905,420
21,898,419
21,1090,304
21,924,367
21,954,316
21,922,336
21,1411,161
21,1067,846
21,1400,85
21,1416,577
21,1412,571
21,53,607
22,85,877
22,42,911
22,32,927
22,99,852
22,82,812
22,111,878
22,268,898
22,276,893
22,276,887
22,277,883
22,131,893
22,124,899
22,136,901
22,91,872
22,85,868
22,91,859
22,84,860
22,46,868
22,17,850
22,93,736
22,91,741
22,627,999
22,631,993
22,589,982
22,582,969
22,578,977
22,529,963
22,558,976
22,659,957
22,500,961
22,503,975
22,507,968
22,714,1056
22,171,648
22,75,611
22,77,606
22,20,586
22,269,622
22,270,626
22,315,557
22,350,541
22,271,575
22,296,640
22,289,643
22,292,647
22,392,618
22,392,626
22,388,631
22,385,637
22,453,547
22,456,540
22,307,470
22,322,509
22,488,667
22,487,673
22,1053,864
22,1059,864
22,1057,846
22,1059,852
22,1024,916
22,979,585
22,965,586
22,975,596
22,1023,593
22,1021,600
22,1171,647
22,1207,504
22,1140,550
22,1131,548
22,1134,540
22,875,573
22,416,632
22,417,625
22,415,618
22,412,612
22,416,607
22,244,624
22,243,636
22,424,607
22,421,613
22,927,158
22,933,158
22,971,132
22,908,155
22,1120,90
22,1123,97
22,1034,143
22,1032,150
22,949,207
22,885,209
22,904,229
22,888,280
22,883,275
22,1131,428
22,1262,501
22,1257,496
22,1272,665
22,1122,746
22,476,625
22,478,631
22,480,662
22,477,666
22,475,671
22,646,781
22,642,785
22,1142,1061
22,1166,1053
22,1074,204
22,1245,694
22,1242,701
22,1223,712
22,1219,727
22,1214,725
22,1206,719
22,1205,711
22,1393,724
22,1386,724
22,1410,601
22,1410,558
22,1406,551
22,1124,1037
22,1377,1042
22,1374,1036
22,1375,1021
22,1365,1021
22,813,396
22,804,398
22,872,628
22,866,626
22,928,645
22,922,643
22,1462,944
22,1222,704
22,1226,720
22,843,548
22,984,401
22,853,512
22,862,512
22,912,450
22,905,422
22,898,421
22,1088,299
22,925,369
22,953,314
22,921,338
22,1412,148
22,1065,848
22,1400,93
22,1414,577
22,1409,573
22,49,606
23,80,868
23,42,911
23,32,925
23,98,848
23,80,809
23,108,874
23,265,896
23,272,890
23,274,887
23,274,881
23,127,889
23,123,895
23,132,897
23,90,868
23,85,865
23,90,857
23,83,856
23,50,875
23,18,846
23,11,848
23,91,732
23,88,737
23,624,998
23,628,992
23,586,980
23,578,968
23,576,976
23,526,962
23,661,958
23,498,961
23,499,974
23,504,968
23,714,1051
23,684,1076
23,169,647
23,71,611
23,73,605
23,16,585
23,266,623
23,268,627
23,314,558
23,350,540
23,271,574
23,296,640
23,289,643
23,292,647
23,389,617
23,389,624
23,385,629
23,382,635
23,450,546
23,454,539
23,305,469
23,322,509
23,486,665
23,484,672
23,1053,865
23,1058,865
23,1055,848
23,1058,853
23,1020,916
23,976,582
23,963,584
23,974,592
23,1020,592
23,1019,599
23,1168,646
23,1204,501
23,1140,553
23,1131,550
23,1135,542
23,872,573
23,413,631
23,415,625
23,413,617
23,409,611
23,413,606
23,240,624
23,240,636
23,420,606
23,419,612
23,927,161
23,933,161
23,975,134
23,908,158
23,1117,91
23,1120,98
23,1032,141
23,1029,147
23,950,210
23,886,207
23,904,232
23,888,282
23,883,276
23,1132,432
23,1261,503
23,1256,498
23,1268,666
23,1121,748
23,472,623
23,474,629
23,477,660
23,475,663
23,473,668
23,644,777
23,640,782
23,1139,1061
23,1162,1054
23,1072,194
23,1247,693
23,1244,700
23,1225,711
23,1221,726
23,1215,725
23,1209,718
23,1208,711
23,1392,727
23,1385,727
23,1408,603
23,1409,560
23,1404,554
23,1124,1038
23,1374,1043
23,1370,1037
23,1372,1024
23,1362,1022
23,811,397
23,803,400
23,873,631
23,865,629
23,928,648
23,921,645
23,1460,947
23,1225,703
23,1229,718
23,842,550
23,984,397
23,852,515
23,862,513
23,911,453
23,905,425
23,898,423
23,1086,294
23,925,372
23,953,313
23,920,340
23,1414,134
23,1064,850
23,1400,101
23,1412,578
23,1407,574
24,75,860
24,42,910
24,32,923
24,97,844
24,79,806
24,106,871
24,262,894
24,268,888
24,270,885
24,271,879
24,124,885
24,121,891
24,128,894
24,89,864
24,83,860
24,88,851
24,81,851
24,56,882
24,20,841
24,12,843
24,88,728
24,86,733
24,622,997
24,625,991
24,583,978
24,575,967
24,573,975
24,523,961
24,664,960
24,496,961
24,496,974
24,500,968
24,714,1047
24,682,1073
24,166,646
24,64,712
24,68,610
24,69,604
24,13,584
24,264,623
24,266,627
24,313,559
24,350,539
24,271,573
24,296,640
24,289,643
24,292,647
24,386,615
24,385,623
24,381,628
24,378,634
24,447,544
24,450,538
24,302,468
24,322,509
24,482,663
24,481,670
24,1053,867
24,1058,867
24,1053,849
24,1056,853
24,1017,916
24,973,579
24,960,582
24,971,589
24,1017,590
24,1016,597
24,1165,644
24,1202,498
24,1140,555
24,1131,552
24,1136,544
24,869,573
24,411,630
24,413,624
24,410,616
24,407,610
24,411,604
24,237,624
24,237,637
24,417,605
24,416,612
24,928,164
24,934,165
24,978,136
24,908,162
24,1115,92
24,1118,99
24,1029,140
24,1027,146
24,951,213
24,888,206
24,904,235
24,888,283
24,882,277
24,1134,437
24,1260,505
24,1255,500
24,1264,668
24,1121,750
24,469,622
24,471,628
24,473,658
24,471,662
24,469,666
24,642,773
24,638,778
24,1135,1061
24,1159,1055
24,1068,183
24,1250,693
24,1247,700
24,1228,711
24,1224,724
24,1218,724
24,1211,717
24,1210,710
24,1391,729
24,1384,729
24,1405,604
24,1408,562
24,1402,557
24,1124,1038
24,1372,1045
24,1367,1038
24,1370,1027
24,1360,1024
24,809,399
24,802,402
24,873,634
24,865,631
24,928,651
24,921,647
24,1458,949
24,1227,703
24,1232,718
24,842,554
24,984,394
24,852,518
24,861,515
24,910,456
24,905,426
24,898,425
24,1085,290
24,925,373
24,953,313
24,919,342
24,1416,118
24,1063,851
24,1401,109
24,1410,579
24,1405,576
25,74,851
25,42,910
25,32,921
25,96,839
25,79,803
25,103,867
25,260,892
25,265,886
25,267,883
25,268,877
25,122,881
25,116,888
25,125,890
25,88,860
25,82,856
25,89,849
25,81,846
25,63,888
25,22,836
25,13,838
25,87,725
25,83,728
25,619,995
25,622,990
25,580,976
25,572,966
25,570,973
25,520,960
25,666,962
25,494,960
25,493,974
25,497,968
25,714,1043
25,681,1071
25,164,646
25,66,716
25,64,609
25,66,602
25,11,583
25,262,624
25,264,628
25,312,560
25,350,539
25,271,573
25,296,640
25,289,643
25,292,647
25,383,614
25,381,622
25,379,627
25,375,632
25,444,542
25,446,537
25,300,466
25,322,509
25,479,661
25,477,668
25,1054,869
25,1059,869
25,1051,850
25,1054,855
25,1014,916
25,970,576
25,956,580
25,968,586
25,1015,589
25,1014,596
25,1161,643
25,1200,495
25,1140,558
25,1132,555
25,1137,547
25,866,574
25,409,629
25,411,622
25,408,616
25,404,610
25,408,603
25,234,624
25,234,637
25,414,604
25,412,611
25,929,167
25,936,168
25,982,138
25,908,166
25,1112,93
25,1115,100
25,1027,138
25,1024,145
25,951,215
25,890,205
25,904,238
25,887,285
25,882,279
25,1135,442
25,1260,507
25,1253,502
25,1261,670
25,1121,754
25,466,620
25,469,626
25,471,655
25,468,660
25,465,664
25,640,770
25,636,774
25,1131,1062
25,1155,1055
25,1064,174
25,1253,693
25,1250,700
25,1230,711
25,1227,724
25,1221,724
25,1215,717
25,1213,710
25,1390,731
25,1384,732
25,1404,605
25,1406,565
25,1400,560
25,1124,1039
25,1370,1047
25,1365,1039
25,1368,1029
25,1357,1026
25,807,401
25,801,404
25,873,638
25,864,634
25,928,654
25,921,650
25,1454,952
25,1229,703
25,1235,718
25,843,558
25,984,392
25,853,521
25,861,518
25,909,459
25,905,428
25,898,427
25,1083,286
25,925,374
25,953,313
25,918,345
25,1417,107
25,1062,852
25,1402,115
25,1408,581
25,1402,577
26,73,841
26,42,910
26,32,921
26,95,835
26,101,863
26,258,890
26,262,884
26,264,880
26,265,875
26,120,877
26,115,884
26,123,887
26,88,856
26,79,854
26,89,845
26,80,846
26,72,893
26,23,831
26,15,832
26,85,721
26,81,725
26,617,995
26,619,989
26,577,974
26,569,964
26,568,972
26,669,964
26,494,960
26,490,973
26,493,968
26,715,1039
26,679,1069
26,162,645
26,69,719
26,62,608
26,64,601
26,9,582
26,259,625
26,262,628
26,311,561
26,350,538
26,271,572
26,296,640
26,289,643
26,292,647
26,379,613
26,377,620
26,376,626
26,371,630
26,443,541
26,446,535
26,297,465
26,322,509
26,477,659
26,474,665
26,1055,871
26,1060,871
26,1048,851
26,1051,856
26,1011,915
26,968,574
26,954,579
26,965,585
26,1012,587
26,1012,594
26,1158,642
26,1197,492
26,1140,560
26,1132,557
26,1137,549
26,862,574
26,407,627
26,409,620
26,406,616
26,402,610
26,406,603
26,231,624
26,231,637
26,411,603
26,409,610
26,930,170
26,937,170
26,985,139
26,908,169
26,1109,94
26,1113,101
26,1023,137
26,1022,144
26,952,218
26,891,203
26,903,242
26,887,287
26,881,280
26,1136,446
26,1259,510
26,1252,505
26,1257,671
26,1120,758
26,463,618
26,465,624
26,466,654
26,466,659
26,462,662
26,638,766
26,635,771
26,1128,1063
26,1153,1055
26,1060,168
26,1256,691
26,1253,698
26,1233,711
26,1231,723
26,1225,722
26,1218,716
26,1216,709
26,1390,733
26,1384,734
26,1402,606
26,1405,567
26,1399,563
26,1124,1039
26,1366,1049
26,1362,1042
26,1365,1030
26,1356,1029
26,805,403
26,800,407
26,874,641
26,864,636
26,928,657
26,921,652
26,1452,954
26,1232,701
26,1238,718
26,844,562
26,984,390
26,854,524
26,861,521
26,908,462
26,905,430
26,898,429
26,1081,283
26,925,375
26,953,313
26,917,347
26,1418,96
26,1061,853
26,1403,121
26,1406,583
26,1400,578
27,74,831
27,42,908
27,32,921
27,95,830
27,99,859
27,257,889
27,260,882
27,261,878
27,262,873
27,118,874
27,112,879
27,120,883
27,87,852
27,80,848
27,89,841
27,82,837
27,82,897
27,25,825
27,16,826
27,83,718
27,79,722
27,615,994
27,616,988
27,575,972
27,566,963
27,565,970
27,671,967
27,493,960
27,487,972
27,490,967
27,715,1035
27,676,1066
27,160,644
27,71,722
27,59,606
27,61,599
27,8,582
27,257,625
27,260,629
27,310,562
27,350,537
27,272,572
27,296,640
27,289,643
27,292,647
27,376,612
27,373,619
27,373,625
27,368,629
27,441,540
27,446,532
27,293,464
27,322,509
27,475,658
27,472,663
27,104,52
27,1055,873
27,1061,873
27,1046,852
27,1049,857
27,1009,915
27,965,572
27,952,577
27,962,583
27,1010,585
27,1010,592
27,1154,641
27,1195,490
27,1141,564
27,1133,560
27,1138,552
27,859,574
27,405,626
27,408,620
27,404,615
27,398,610
27,401,603
27,228,624
27,228,637
27,407,601
27,405,610
27,931,174
27,938,173
27,989,140
27,908,173
27,1106,96
27,1110,102
27,1020,136
27,1019,144
27,953,221
27,893,202
27,903,245
27,888,285
27,881,278
27,1137,449
27,1258,512
27,1251,507
27,1254,673
27,1120,761
27,460,617
27,462,622
27,464,651
27,463,657
27,459,660
27,637,762
27,634,768
27,1124,1063
27,1150,1055
27,1055,162
27,1258,689
27,1256,696
27,1236,710
27,1234,722
27,1228,721
27,1223,715
27,1220,709
27,1391,735
27,1384,736
27,1400,608
27,1402,570
27,1397,566
27,1123,1040
27,1363,1052
27,1359,1045
27,1362,1032
27,1355,1032
27,804,405
27,799,409
27,874,643
27,864,639
27,928,660
27,921,656
27,1450,956
27,1235,700
27,1241,717
27,844,563
27,984,386
27,853,525
27,860,521
27,907,465
27,905,432
27,898,431
27,1081,279
27,925,379
27,953,313
27,917,349
27,1418,86
27,1061,853
27,1404,126
27,1404,584
27,1397,580
28,75,821
28,42,906
28,32,921
28,95,826
28,78,788
28,98,855
28,253,886
28,258,881
28,257,877
28,259,871
28,115,870
28,110,877
28,118,880
28,86,848
28,77,846
28,89,837
28,80,833
28,91,902
28,27,820
28,18,821
28,80,714
28,77,719
28,613,993
28,613,986
28,572,970
28,562,961
28,562,969
28,674,969
28,484,971
28,487,966
28,715,1031
28,674,1064
28,157,643
28,75,725
28,57,605
28,58,598
28,254,625
28,258,629
28,309,563
28,350,537
28,273,572
28,296,640
28,289,643
28,292,647
28,372,610
28,369,618
28,369,624
28,364,628
28,438,538
28,443,531
28,291,463
28,322,509
28,471,656
28,469,661
28,108,45
28,1056,875
28,1062,875
28,1045,854
28,1048,858
28,1007,915
28,962,571
28,949,575
28,959,581
28,1007,584
28,1007,591
28,1150,640
28,1193,487
28,1142,567
28,1133,562
28,1138,555
28,856,574
28,402,625
28,406,620
28,402,615
28,394,610
28,397,603
28,225,625
28,225,638
28,404,601
28,403,609
28,932,178
28,939,176
28,992,141
28,908,176
28,1103,98
28,1108,104
28,1017,135
28,1017,143
28,953,224
28,895,201
28,903,248
28,890,278
28,884,272
28,1138,453
28,1257,515
28,1251,510
28,1251,674
28,1120,764
28,456,615
28,458,621
28,462,649
28,460,655
28,457,659
28,635,758
28,632,765
28,1122,1063
28,1147,1056
28,1048,157
28,1260,688
28,1259,695
28,1239,709
28,1237,721
28,1231,720
28,1225,715
28,1223,708
28,1391,737
28,1384,739
28,1398,609
28,1400,573
28,1395,568
28,1123,1041
28,1360,1056
28,1357,1049
28,1360,1034
28,1354,1035
28,803,407
28,798,412
28,874,644
28,865,643
28,928,663
28,921,659
28,1447,957
28,1238,700
28,1243,715
28,844,565
28,984,382
28,853,527
28,860,522
28,905,468
28,904,424
28,897,423
28,1080,274
28,926,383
28,953,313
28,917,352
28,1419,76
28,1061,853
28,1406,132
28,1400,585
28,1395,581
29,80,810
29,42,904
29,32,921
29,95,822
29,76,784
29,98,852
29,251,886
29,256,880
29,254,876
29,256,869
29,112,867
29,106,875
29,115,877
29,84,844
29,75,842
29,88,833
29,80,829
29,100,907
29,29,815
29,20,815
29,76,711
29,75,717
29,611,993
29,610,985
29,570,968
29,560,960
29,558,968
29,676,972
29,481,970
29,484,966
29,715,1027
29,671,1061
29,695,1077
29,751,1074
29,155,643
29,79,728
29,55,605
29,55,597
29,252,625
29,256,630
29,309,565
29,350,537
29,273,572
29,296,640
29,289,643
29,292,647
29,367,609
29,366,618
29,364,623
29,361,628
29,435,536
29,440,529
29,288,462
29,322,509
29,468,655
29,466,660
29,112,37
29,1057,877
29,1063,877
29,1043,855
29,1046,860
29,1005,915
29,957,571
29,946,575
29,956,581
29,1005,583
29,1005,590
29,1147,640
29,1191,485
29,1142,570
29,1133,565
29,1138,558
29,854,574
29,400,625
29,405,620
29,400,615
29,391,610
29,393,603
29,222,625
29,222,638
29,401,600
29,400,608
29,933,182
29,941,180
29,996,143
29,908,181
29,1100,100
29,1105,106
29,1015,134
29,1015,142
29,954,227
29,896,199
29,903,252
29,893,271
29,886,266
29,1139,457
29,1255,517
29,1251,512
29,1248,676
29,1120,766
29,453,614
29,455,621
29,459,648
29,456,653
29,454,657
29,633,754
29,630,763
29,1119,1064
29,1145,1058
29,1042,155
29,1263,688
29,1262,695
29,1243,709
29,1241,721
29,1235,720
29,1227,715
29,1227,708
29,1392,739
29,1385,741
29,1397,610
29,1398,575
29,1393,570
29,1123,1041
29,1357,1059
29,1354,1052
29,1358,1037
29,1352,1038
29,802,409
29,797,415
29,874,647
29,866,646
29,929,666
29,922,663
29,1443,958
29,1241,700
29,1246,714
29,844,566
29,983,379
29,853,529
29,859,525
29,904,471
29,903,410
29,896,410
29,1079,270
29,926,387
29,953,313
29,917,354
29,1421,67
29,1060,854
29,1407,141
29,1399,587
29,1394,584
30,85,800
30,42,902
30,32,921
30,95,817
30,75,780
30,97,848
30,248,883
30,252,876
30,252,873
30,254,868
30,109,864
30,104,872
30,113,875
30,82,840
30,73,837
30,88,829
30,78,827
30,108,912
30,30,811
30,22,811
30,74,710
30,72,715
30,608,992
30,608,983
30,569,967
30,557,960
30,555,967
30,678,974
30,478,970
30,484,966
30,716,1024
30,669,1059
30,693,1074
30,755,1064
30,153,642
30,83,731
30,52,604
30,52,596
30,250,625
30,253,630
30,309,565
30,349,538
30,273,572
30,296,640
30,289,643
30,292,647
30,364,609
30,363,618
30,361,623
30,358,628
30,433,535
30,438,528
30,286,461
30,322,509
30,465,653
30,462,659
30,116,30
30,1059,881
30,1065,879
30,1042,857
30,1045,861
30,1003,915
30,953,571
30,943,574
30,954,580
30,1003,582
30,1003,589
30,1144,640
30,1189,483
30,1143,573
30,1133,566
30,1138,559
30,852,575
30,399,625
30,402,619
30,398,615
30,388,610
30,390,604
30,219,625
30,219,638
30,398,600
30,397,608
30,934,185
30,942,184
30,999,144
30,908,186
30,1099,102
30,1103,107
30,1014,134
30,1013,141
30,955,229
30,898,198
30,903,254
30,895,265
30,888,260
30,1140,462
30,1253,519
30,1251,514
30,1244,679
30,1120,769
30,450,613
30,452,619
30,457,647
30,454,652
30,451,656
30,632,752
30,629,760
30,1117,1065
30,1142,1059
30,1039,154
30,1265,687
30,1264,695
30,1246,709
30,1244,721
30,1238,719
30,1230,714
30,1230,708
30,1393,742
30,1386,744
30,1395,611
30,1398,579
30,1393,575
30,1123,1042
30,1354,1062
30,1351,1055
30,1356,1040
30,1350,1041
30,801,412
30,796,418
30,874,650
30,866,649
30,929,668
30,921,665
30,1443,963
30,1244,700
30,1252,715
30,843,568
30,982,376
30,853,531
30,858,528
30,902,474
30,902,396
30,895,396
30,1078,266
30,925,390
30,953,313
30,917,354
30,1423,56
30,1060,854
30,1408,148
30,1399,589
30,1394,587
