1,680,22
1,428,120
1,492,1002
1,424,500
1,536,936
1,619,187
1,637,188
1,785,139
1,913,126
1,792,60
1,788,8
1,445,642
1,460,557
1,473,553
1,553,703
1,663,860
1,673,844
1,691,871
1,713,881
1,934,99
1,403,786
1,1024,169
1,1018,91
1,1159,299
1,1179,298
1,1186,311
1,1167,325
1,1311,374
1,1252,335
1,1264,323
1,1402,301
1,1383,399
1,1411,475
1,1384,485
1,1001,16
1,1059,26
1,1318,615
1,1342,620
1,1316,720
1,1286,400
1,1340,887
1,1364,1026
1,1376,780
1,1412,508
1,1406,628
1,1420,679
1,1407,850
1,1403,1004
1,1362,400
1,1272,1073
2,667,30
2,435,134
2,496,1023
2,424,486
2,540,955
2,618,187
2,637,189
2,800,137
2,931,132
2,793,74
2,773,7
2,438,622
2,460,570
2,474,565
2,560,714
2,662,860
2,673,844
2,691,871
2,713,881
2,951,104
2,403,770
2,1042,176
2,1028,103
2,1159,299
2,1178,298
2,1185,311
2,1166,324
2,1293,362
2,1260,323
2,1272,309
2,1405,303
2,1383,397
2,1410,474
2,1384,485
2,1012,24
2,1068,36
2,1321,629
2,1343,642
2,1315,734
2,1287,414
2,1337,904
2,1364,1024
2,1376,771
2,1412,508
2,1406,628
2,1420,681
2,1406,849
2,1403,1004
2,1361,411
3,659,35
3,437,152
3,494,1041
3,425,471
3,544,977
3,618,187
3,637,191
3,815,136
3,948,139
3,794,88
3,757,7
3,435,603
3,460,583
3,475,577
3,568,726
3,662,860
3,673,844
3,691,871
3,713,881
3,968,109
3,403,754
3,1061,184
3,1039,116
3,1159,299
3,1178,298
3,1185,311
3,1166,324
3,1276,351
3,1269,309
3,1280,296
3,1408,306
3,1384,396
3,1389,29
3,1410,474
3,1384,485
3,1023,33
3,1078,46
3,1325,643
3,1344,665
3,1315,749
3,1288,428
3,1335,921
3,1365,1023
3,1376,762
3,1412,508
3,1406,629
3,1421,684
3,1405,849
3,1403,1004
3,1360,423
4,644,38
4,442,167
4,497,1056
4,427,456
4,548,994
4,617,188
4,638,193
4,829,136
4,965,147
4,796,100
4,739,6
4,434,585
4,462,596
4,476,590
4,575,737
4,661,861
4,673,844
4,691,871
4,713,881
4,983,115
4,403,738
4,1074,193
4,1050,128
4,1159,299
4,1177,298
4,1185,311
4,1165,324
4,1260,339
4,1280,290
4,1289,283
4,1408,307
4,1384,395
4,1391,47
4,1410,474
4,1384,485
4,1034,42
4,1087,57
4,1329,657
4,1345,687
4,1315,764
4,1289,443
4,1333,938
4,1365,1021
4,1376,753
4,1412,508
4,1406,629
4,1421,686
4,1404,849
4,1403,1004
4,1359,435
5,447,182
5,498,1072
5,428,441
5,553,1013
5,617,188
5,638,195
5,843,136
5,980,153
5,797,111
5,437,564
5,464,609
5,477,602
5,583,749
5,661,861
5,673,844
5,691,871
5,713,881
5,998,123
5,402,721
5,1087,202
5,1062,138
5,1159,299
5,1177,298
5,1185,311
5,1165,323
5,1251,320
5,1288,275
5,1296,269
5,1408,307
5,1385,394
5,1393,64
5,1410,474
5,1384,485
5,1045,51
5,1097,67
5,1332,672
5,1346,706
5,1315,779
5,1291,457
5,1331,955
5,1366,1020
5,1376,744
5,1412,508
5,1407,630
5,1422,689
5,1403,849
5,1403,1004
5,1359,446
6,449,200
6,427,427
6,558,1034
6,617,188
6,639,197
6,858,139
6,996,160
6,798,120
6,434,544
6,465,621
6,478,615
6,591,760
6,661,862
6,673,844
6,691,871
6,713,881
6,1013,131
6,401,704
6,1099,210
6,1074,148
6,1159,299
6,1176,298
6,1185,311
6,1164,323
6,1243,302
6,1293,265
6,1303,256
6,1408,307
6,1386,393
6,1395,81
6,1409,474
6,1384,485
6,1055,60
6,1107,77
6,1336,685
6,1347,725
6,1314,794
6,1291,471
6,1329,972
6,1367,1018
6,1376,735
6,1412,508
6,1407,631
6,1422,691
6,1403,849
6,1403,1004
6,1358,458
7,612,65
7,453,215
7,424,413
7,563,1056
7,616,189
7,639,198
7,872,140
7,1011,168
7,800,127
7,429,524
7,465,632
7,479,627
7,598,772
7,660,862
7,673,844
7,691,871
7,713,881
7,1028,139
7,399,686
7,1112,219
7,1085,158
7,1159,299
7,1176,298
7,1185,311
7,1164,323
7,1233,285
7,1300,254
7,1310,243
7,1408,308
7,1386,392
7,1397,98
7,1409,474
7,1384,485
7,1064,70
7,1118,86
7,1339,699
7,1348,744
7,1314,809
7,1291,481
7,1327,989
7,1367,1017
7,1376,726
7,1412,508
7,1407,631
7,1423,694
7,1402,848
7,1403,1004
7,1357,470
8,601,72
8,458,231
8,421,400
8,616,189
8,639,200
8,887,136
8,1026,177
8,803,128
8,429,506
8,466,643
8,480,640
8,606,784
8,660,862
8,673,844
8,691,871
8,713,881
8,1042,147
8,398,668
8,1125,228
8,1095,166
8,1159,299
8,1175,298
8,1185,311
8,1164,323
8,1223,271
8,1309,240
8,1315,233
8,1407,308
8,1387,391
8,1395,113
8,1409,474
8,1384,485
8,1073,80
8,1128,95
8,1342,713
8,1350,763
8,1314,824
8,1291,492
8,1324,1005
8,1368,1016
8,1376,717
8,1412,508
8,1408,632
8,1423,696
8,1401,848
8,1403,1004
8,1354,481
9,592,80
9,463,250
9,419,386
9,616,189
9,638,200
9,901,136
9,1040,186
9,807,130
9,429,487
9,467,654
9,481,652
9,613,795
9,660,863
9,673,844
9,691,871
9,713,881
9,1056,155
9,397,651
9,1138,237
9,1104,174
9,1159,299
9,1175,298
9,1185,311
9,1163,322
9,1213,256
9,1318,227
9,1319,225
9,1407,309
9,1386,389
9,1393,128
9,1409,474
9,1384,485
9,1082,90
9,1138,104
9,1345,727
9,1351,782
9,1314,839
9,1290,502
9,1319,1017
9,1369,1014
9,1376,708
9,1412,508
9,1408,633
9,1423,696
9,1400,848
9,1403,1004
9,1352,492
10,583,88
10,467,265
10,418,371
10,615,190
10,637,199
10,914,135
10,1054,196
10,810,131
10,430,467
10,467,665
10,482,665
10,620,805
10,659,863
10,673,844
10,691,871
10,713,881
10,1070,163
10,398,634
10,1151,246
10,1113,182
10,1159,299
10,1175,298
10,1185,311
10,1163,322
10,1203,239
10,1327,213
10,1323,218
10,1407,309
10,1382,387
10,1391,143
10,1409,474
10,1384,485
10,1091,100
10,1147,114
10,1348,742
10,1353,801
10,1314,854
10,1290,513
10,1315,1029
10,1369,1013
10,1376,699
10,1412,508
10,1408,633
10,1423,697
10,1399,848
10,1403,1004
10,1349,502
11,573,97
11,469,280
11,417,356
11,615,190
11,636,197
11,924,135
11,1068,206
11,813,132
11,431,447
11,468,676
11,483,677
11,625,810
11,659,864
11,673,844
11,691,871
11,713,881
11,1081,171
11,401,617
11,1161,255
11,1123,190
11,1159,299
11,1174,298
11,1185,311
11,1162,322
11,1191,226
11,1333,202
11,1329,204
11,1406,309
11,1378,384
11,1389,158
11,1408,473
11,1384,485
11,1100,109
11,1156,124
11,1350,757
11,1354,820
11,1312,869
11,1290,523
11,1312,1041
11,1370,1011
11,1376,690
11,1412,508
11,1408,634
11,1422,697
11,1399,848
11,1403,1004
11,1346,513
12,564,104
12,471,295
12,415,341
12,615,190
12,634,196
12,935,134
12,1080,216
12,815,129
12,432,427
12,469,687
12,484,690
12,629,814
12,659,864
12,673,844
12,691,871
12,713,881
12,1085,179
12,404,600
12,1171,265
12,1135,202
12,1159,299
12,1174,298
12,1185,311
12,1162,321
12,1177,216
12,1337,192
12,1337,188
12,1406,310
12,1375,381
12,1386,173
12,1408,473
12,1384,485
12,1110,117
12,1165,134
12,1352,772
12,1353,839
12,1309,884
12,1290,534
12,1310,1057
12,1370,1010
12,1376,681
12,1412,508
12,1409,634
12,1422,698
12,1398,847
12,1403,1004
12,1343,524
13,554,106
13,474,311
13,415,326
13,614,191
13,633,196
13,946,134
13,1096,223
13,818,126
13,433,407
13,469,698
13,485,701
13,634,819
13,658,864
13,673,844
13,691,871
13,713,881
13,1089,188
13,405,583
13,1181,274
13,1151,217
13,1159,299
13,1173,298
13,1185,311
13,1162,321
13,1164,203
13,1340,182
13,1344,172
13,1406,310
13,1373,381
13,1384,188
13,1408,473
13,1384,485
13,1119,124
13,1171,141
13,1355,787
13,1352,858
13,1307,900
13,1292,544
13,1371,1008
13,1376,671
13,1412,508
13,1409,635
13,1421,698
13,1397,847
13,1337,1054
13,1403,1004
13,1341,535
14,538,104
14,466,336
14,415,309
14,614,191
14,632,197
14,957,134
14,1114,229
14,820,123
14,434,386
14,470,710
14,485,711
14,639,824
14,658,865
14,673,844
14,691,871
14,713,881
14,1120,193
14,403,567
14,1191,284
14,1159,225
14,1159,299
14,1173,298
14,1184,312
14,1161,321
14,1151,190
14,1344,172
14,1349,161
14,1406,310
14,1373,381
14,1382,203
14,1408,473
14,1384,485
14,1128,132
14,1178,148
14,1357,802
14,1350,877
14,1304,916
14,1294,554
14,1372,1005
14,1375,660
14,1412,508
14,1409,636
14,1421,699
14,1396,847
14,1334,1039
14,1403,1004
14,1338,546
15,521,104
15,464,353
15,415,293
15,614,191
15,630,197
15,968,134
15,1129,236
15,823,121
15,435,365
15,471,721
15,485,722
15,643,828
15,658,865
15,673,844
15,691,871
15,713,881
15,401,551
15,1200,294
15,1166,235
15,1159,299
15,1172,298
15,1184,312
15,1161,321
15,1137,178
15,1348,158
15,1353,151
15,1405,310
15,1372,381
15,1379,218
15,1408,473
15,1384,485
15,1138,139
15,1185,154
15,1361,814
15,1348,896
15,1303,931
15,1295,565
15,1373,999
15,1373,649
15,1412,508
15,1410,636
15,1421,700
15,1395,847
15,1331,1024
15,1403,1004
15,1335,557
15,1421,547
16,504,99
16,463,367
16,414,276
16,613,192
16,629,198
16,980,134
16,1142,245
16,825,118
16,436,344
16,471,732
16,486,732
16,643,828
16,657,866
16,673,844
16,691,871
16,713,881
16,400,533
16,1207,308
16,1173,248
16,1159,299
16,1172,298
16,1184,312
16,1160,320
16,1122,167
16,1352,144
16,1357,141
16,1400,306
16,1371,381
16,1379,232
16,1407,473
16,1384,485
16,1147,147
16,1191,161
16,1366,826
16,1347,916
16,1303,946
16,1297,575
16,1374,993
16,1372,637
16,1412,508
16,1410,637
16,1416,706
16,1394,846
16,1328,1009
16,1403,1004
16,1335,568
16,1412,554
17,491,95
17,462,381
17,413,260
17,613,192
17,629,198
17,991,136
17,1153,253
17,831,110
17,437,322
17,472,743
17,486,743
17,642,828
17,657,866
17,673,844
17,691,871
17,713,881
17,400,515
17,1214,322
17,1179,260
17,1159,299
17,1171,298
17,1184,312
17,1160,320
17,1107,156
17,1354,131
17,1357,123
17,1396,302
17,1371,381
17,1380,245
17,1407,473
17,1384,485
17,1156,154
17,1197,170
17,1371,838
17,1345,935
17,1304,959
17,1299,585
17,1375,987
17,1371,626
17,1412,508
17,1410,638
17,1412,713
17,1394,846
17,1326,994
17,1403,1004
17,1337,578
17,1403,560
18,480,88
18,460,399
18,412,244
18,612,192
18,629,197
18,1003,138
18,1161,261
18,837,102
18,439,301
18,473,754
18,486,753
18,641,828
18,657,866
18,673,844
18,691,871
18,713,881
18,1167,229
18,399,497
18,1222,336
18,1195,264
18,1159,299
18,1171,298
18,1184,312
18,1160,320
18,1214,28
18,1094,145
18,1354,118
18,1356,106
18,1392,298
18,1370,382
18,1380,258
18,1407,473
18,1384,485
18,1164,160
18,1202,179
18,1376,851
18,1346,955
18,1304,969
18,1300,595
18,1375,982
18,1369,615
18,1412,508
18,1411,638
18,1408,720
18,1393,846
18,1323,979
18,1403,1004
18,1340,589
18,1394,567
18,1197,1071
19,468,81
19,459,415
19,411,228
19,612,192
19,629,197
19,1015,139
19,1169,268
19,842,94
19,441,279
19,473,765
19,487,763
19,641,828
19,656,867
19,673,844
19,691,871
19,713,881
19,1177,238
19,399,479
19,1229,349
19,1196,277
19,1159,299
19,1171,298
19,1184,312
19,1159,319
19,1218,45
19,1290,36
19,1081,134
19,1354,105
19,1355,91
19,1392,298
19,1370,382
19,1381,271
19,1407,473
19,1384,485
19,1172,167
19,1208,188
19,1381,866
19,1348,975
19,1304,979
19,1301,605
19,1376,976
19,1368,604
19,1412,508
19,1411,639
19,1403,726
19,1392,846
19,1320,964
19,1403,1004
19,1343,600
19,1385,574
19,1200,1066
20,459,68
20,457,430
20,411,211
20,611,191
20,629,196
20,1028,139
20,1178,274
20,847,86
20,446,259
20,474,776
20,487,774
20,640,828
20,656,867
20,673,844
20,691,871
20,713,881
20,1187,247
20,399,461
20,1236,363
20,1200,291
20,1159,299
20,1170,298
20,1184,312
20,1159,319
20,1223,63
20,1281,55
20,1287,55
20,1074,123
20,1355,90
20,1353,78
20,1392,298
20,1369,382
20,1382,283
20,1406,472
20,1384,485
20,1181,174
20,1213,198
20,1386,882
20,1350,994
20,1301,990
20,1302,615
20,1377,970
20,1367,592
20,1412,508
20,1411,640
20,1399,733
20,1391,846
20,1317,949
20,1403,1004
20,1346,611
20,1381,582
20,1336,1059
20,1199,1060
21,448,56
21,457,447
21,411,195
21,611,190
21,628,194
21,1041,139
21,1188,279
21,852,82
21,382,21
21,449,239
21,475,787
21,488,784
21,639,827
21,656,868
21,673,844
21,691,871
21,713,881
21,1199,256
21,401,444
21,1241,377
21,1208,306
21,1159,299
21,1170,298
21,1184,312
21,1158,319
21,1221,83
21,1280,70
21,1286,71
21,1052,114
21,1355,75
21,1352,66
21,1392,298
21,1369,382
21,1382,296
21,1406,472
21,1384,485
21,1185,189
21,1216,208
21,1393,895
21,1353,1012
21,1297,1004
21,1303,625
21,1378,964
21,1365,581
21,1412,508
21,1411,640
21,1395,740
21,1390,845
21,1316,934
21,1403,1004
21,1348,621
21,1382,590
21,1333,1045
21,1193,1051
22,439,45
22,458,464
22,411,179
22,610,189
22,628,193
22,1053,139
22,1195,292
22,858,79
22,382,39
22,448,220
22,476,799
22,488,795
22,639,827
22,655,868
22,673,844
22,691,871
22,713,881
22,1210,265
22,400,427
22,1246,391
22,1216,320
22,1159,299
22,1169,298
22,1184,312
22,1158,319
22,1221,103
22,1280,85
22,1291,83
22,1035,105
22,1353,59
22,1351,47
22,1392,298
22,1368,382
22,1383,309
22,1406,472
22,1384,485
22,1189,201
22,1219,218
22,1401,907
22,1356,1031
22,1293,1017
22,1304,635
22,1386,963
22,1364,570
22,1412,508
22,1412,641
22,1394,751
22,1390,845
22,1318,919
22,1403,1004
22,1351,632
22,1384,598
22,1331,1032
22,1190,1046
23,429,34
23,458,481
23,412,165
23,610,188
23,627,191
23,1065,139
23,1200,307
23,864,76
23,382,56
23,461,201
23,477,810
23,488,805
23,638,827
23,655,868
23,673,844
23,691,871
23,713,881
23,1220,279
23,397,407
23,1251,404
23,1222,333
23,1159,299
23,1169,298
23,1184,312
23,1158,318
23,1224,123
23,1280,102
23,1294,97
23,1020,95
23,1352,44
23,1351,27
23,1392,298
23,1368,383
23,1384,322
23,1406,472
23,1384,485
23,1192,213
23,1222,228
23,1409,919
23,1359,1049
23,1289,1031
23,1305,645
23,1385,960
23,1363,559
23,1412,508
23,1412,641
23,1394,763
23,1389,845
23,1320,905
23,1403,1004
23,1354,643
23,1385,606
23,1408,242
23,1329,1019
23,1189,1044
24,420,23
24,458,500
24,413,150
24,610,187
24,628,188
24,1077,143
24,1202,324
24,869,73
24,383,77
24,459,177
24,478,822
24,489,816
24,637,827
24,655,869
24,673,844
24,691,871
24,713,881
24,1228,295
24,394,387
24,1255,416
24,1229,346
24,1159,299
24,1168,298
24,1184,312
24,1157,318
24,1227,141
24,1280,118
24,1295,112
24,1011,84
24,1350,31
24,1351,21
24,1392,298
24,1367,381
24,1385,335
24,1406,472
24,1384,485
24,1196,224
24,1226,239
24,1417,930
24,1288,1049
24,1306,655
24,1384,956
24,1360,550
24,1412,508
24,1412,642
24,1393,776
24,1388,845
24,1321,891
24,1403,1004
24,1357,653
24,1385,615
24,1405,240
24,1327,1006
24,1189,1041
25,409,17
25,461,517
25,412,135
25,610,186
25,631,185
25,1088,149
25,1203,342
25,881,63
25,386,100
25,458,154
25,479,834
25,490,827
25,637,827
25,654,869
25,673,844
25,691,871
25,713,881
25,392,368
25,1259,428
25,1235,358
25,1159,299
25,1168,298
25,1184,312
25,1157,318
25,1230,158
25,1284,135
25,1296,127
25,997,79
25,1349,20
25,1352,15
25,836,13
25,1392,298
25,1366,380
25,1385,350
25,1405,472
25,1384,485
25,1207,226
25,1230,251
25,1426,948
25,1286,1064
25,1308,667
25,1382,953
25,1357,541
25,1412,508
25,1413,643
25,1393,788
25,1387,845
25,1323,876
25,1403,1004
25,1359,664
25,1385,626
25,1396,226
25,1402,237
25,1325,993
25,1191,1039
26,403,11
26,464,533
26,411,121
26,610,185
26,635,181
26,1100,155
26,1205,360
26,893,52
26,391,125
26,458,133
26,480,845
26,492,839
26,636,826
26,654,870
26,673,844
26,691,871
26,713,881
26,391,1038
26,398,1053
26,391,350
26,1263,441
26,1238,376
26,1159,299
26,1168,298
26,1184,312
26,1157,318
26,1234,175
26,1292,151
26,1296,142
26,980,78
26,1349,13
26,1353,11
26,848,19
26,1392,298
26,1366,379
26,1386,365
26,1405,472
26,1384,485
26,1207,239
26,1234,263
26,1434,967
26,1282,1073
26,1310,681
26,1381,949
26,1355,532
26,1412,508
26,1413,643
26,1392,799
26,1387,845
26,1323,862
26,1403,1004
26,1362,675
26,1384,637
26,1392,219
26,1400,234
26,1324,980
26,1193,1039
27,401,10
27,467,550
27,410,107
27,610,184
27,638,178
27,1112,163
27,1211,376
27,902,38
27,398,144
27,458,115
27,481,857
27,493,850
27,635,826
27,654,870
27,673,844
27,691,871
27,713,881
27,391,1023
27,394,1039
27,1240,346
27,389,333
27,1266,456
27,1239,396
27,1159,299
27,1168,298
27,1184,312
27,1159,319
27,1239,193
27,1293,161
27,1298,167
27,965,78
27,858,24
27,1392,298
27,1365,378
27,1387,381
27,1405,472
27,1384,485
27,1208,253
27,1239,274
27,1438,956
27,1312,695
27,1380,946
27,1352,523
27,1412,508
27,1413,644
27,1391,810
27,1391,846
27,1319,845
27,1403,1004
27,1365,686
27,1384,648
27,1389,212
27,1397,231
27,1407,416
27,1326,966
27,1195,1045
27,1438,976
28,465,569
28,412,91
28,610,183
28,642,174
28,1123,172
28,1216,391
28,915,27
28,406,161
28,457,97
28,482,868
28,494,861
28,635,826
28,653,870
28,673,844
28,691,871
28,713,881
28,391,1008
28,391,1024
28,1242,360
28,388,315
28,1249,407
28,1159,299
28,1168,298
28,1184,312
28,1161,320
28,1243,208
28,1290,179
28,1298,189
28,950,79
28,868,28
28,1392,298
28,1365,377
28,1388,396
28,1405,472
28,1384,485
28,1211,263
28,1243,286
28,1314,709
28,1380,946
28,1349,514
28,1412,508
28,1414,645
28,1391,820
28,1395,847
28,1322,832
28,1403,1004
28,1369,697
28,1383,659
28,1386,204
28,1394,229
28,1397,421
28,1328,952
28,1196,1042
28,1438,976
29,466,590
29,410,76
29,610,182
29,645,171
29,1134,179
29,1221,406
29,928,17
29,409,178
29,454,77
29,483,879
29,496,873
29,634,826
29,653,871
29,673,844
29,691,871
29,713,881
29,389,989
29,390,1010
29,1243,375
29,388,298
29,1258,418
29,1159,299
29,1168,298
29,1185,311
29,1163,322
29,1247,223
29,1290,198
29,1297,199
29,935,83
29,878,33
29,888,12
29,1392,298
29,1364,376
29,1394,406
29,1405,472
29,1384,485
29,1215,272
29,1242,296
29,1316,722
29,1380,946
29,1347,505
29,1412,508
29,1414,645
29,1390,831
29,1399,848
29,1325,819
29,1403,1004
29,1373,708
29,1383,670
29,1383,197
29,1394,223
29,1387,427
29,1330,938
29,1195,1031
29,1438,976
30,469,607
30,404,64
30,611,181
30,648,168
30,1146,182
30,1225,422
30,934,14
30,409,195
30,451,58
30,487,887
30,497,884
30,633,826
30,653,871
30,673,844
30,691,871
30,713,881
30,388,974
30,387,993
30,1242,391
30,387,281
30,1259,431
30,1159,299
30,1168,297
30,1185,311
30,1165,323
30,1248,240
30,1290,214
30,1297,209
30,920,87
30,1352,7
30,888,40
30,898,19
30,1392,298
30,1364,375
30,1400,417
30,1405,472
30,1384,485
30,1217,287
30,1240,305
30,1316,732
30,1380,946
30,1344,496
30,1412,508
30,1414,645
30,1391,842
30,1403,849
30,1329,805
30,1403,1004
30,1378,719
30,1382,681
30,1379,188
30,1397,215
30,1377,432
30,1332,925
30,1195,1033
30,1438,976
