1,1797,76
1,244,145
1,350,128
1,376,94
1,574,82
1,914,53
1,1104,61
1,611,96
1,681,68
1,1256,54
1,1618,90
1,767,164
1,1103,298
1,1351,358
1,1474,357
1,1459,368
1,1523,360
1,1507,352
1,663,29
1,702,64
1,94,1040
1,179,905
1,179,880
1,316,961
1,332,925
1,264,1010
1,295,1029
1,427,1008
1,432,1025
1,836,936
1,845,946
1,887,972
1,1055,982
1,1070,1005
1,939,861
1,1082,912
1,1032,1030
1,1190,1024
1,1212,974
1,1212,954
1,1270,964
1,1333,940
1,1280,844
1,1379,888
1,1516,904
1,1526,946
1,1611,846
1,1858,920
1,1775,714
1,1702,1006
1,1457,1035
1,1442,1050
1,1614,1039
1,1907,1066
1,391,846
1,1297,1014
1,1017,871
1,1513,926
2,1816,74
2,228,152
2,367,130
2,379,96
2,575,81
2,922,54
2,1092,65
2,620,97
2,667,70
2,1271,54
2,1608,85
2,1081,299
2,1350,358
2,1475,351
2,1461,367
2,1523,360
2,1506,352
2,662,29
2,702,64
2,91,1025
2,163,903
2,165,876
2,303,958
2,317,920
2,279,1007
2,310,1027
2,446,1007
2,450,1023
2,819,935
2,828,947
2,900,970
2,1053,983
2,1069,1005
2,940,861
2,1065,915
2,1014,1031
2,1172,1026
2,1227,975
2,1226,954
2,1285,964
2,1317,940
2,1294,843
2,1397,885
2,1503,906
2,1516,946
2,1621,849
2,1845,919
2,1768,714
2,1683,1007
2,1457,1037
2,1435,1047
2,1619,1040
2,1897,1058
2,33,1076
2,391,847
2,344,1061
2,1297,1014
2,1018,872
2,1505,926
3,1834,76
3,385,133
3,382,99
3,577,81
3,930,56
3,1080,69
3,630,98
3,653,73
3,1287,54
3,1598,81
3,730,215
3,1060,300
3,1350,358
3,1477,346
3,1463,367
3,1523,361
3,1506,352
3,692,86
3,662,30
3,702,64
3,88,1011
3,147,901
3,151,873
3,290,956
3,302,915
3,295,1005
3,326,1026
3,466,1007
3,468,1022
3,803,935
3,812,948
3,913,968
3,1052,984
3,1069,1005
3,941,862
3,1049,918
3,997,1033
3,1154,1029
3,1242,977
3,1240,954
3,1300,965
3,1302,940
3,1309,843
3,1416,883
3,1491,909
3,1506,946
3,1632,853
3,1833,918
3,1887,946
3,1897,957
3,1761,715
3,1664,1008
3,1457,1039
3,1428,1044
3,1625,1042
3,1889,1055
3,29,1058
3,392,848
3,362,1056
3,1297,1014
3,1019,873
3,1498,925
4,1853,77
4,402,138
4,385,101
4,578,81
4,938,57
4,1067,71
4,639,99
4,639,76
4,1302,53
4,1584,79
4,753,215
4,1039,303
4,1350,358
4,1479,343
4,1465,367
4,1523,362
4,1506,352
4,694,86
4,662,30
4,702,65
4,84,996
4,128,893
4,132,867
4,278,954
4,287,910
4,312,1001
4,341,1025
4,485,1007
4,486,1021
4,787,935
4,796,949
4,926,966
4,1051,986
4,1068,1005
4,943,863
4,1033,921
4,980,1034
4,1136,1032
4,1258,979
4,1254,954
4,1315,966
4,1287,940
4,1324,842
4,1435,881
4,1479,911
4,1497,947
4,1643,856
4,1821,917
4,1872,946
4,1880,957
4,1756,719
4,1645,1010
4,1458,1041
4,1422,1041
4,12,759
4,1878,1053
4,26,1040
4,54,1069
4,393,850
4,381,1051
4,1297,1014
4,1019,874
4,1490,925
5,1871,76
5,388,104
5,580,81
5,946,59
5,1054,74
5,649,100
5,624,74
5,1317,52
5,1570,77
5,775,214
5,1022,307
5,1350,359
5,1479,343
5,1467,367
5,1523,362
5,1506,353
5,696,86
5,662,31
5,702,65
5,81,982
5,109,885
5,112,861
5,265,952
5,273,905
5,332,997
5,357,1024
5,505,1007
5,504,1020
5,771,935
5,780,950
5,939,964
5,1050,987
5,1068,1005
5,944,863
5,1017,924
5,962,1036
5,1119,1035
5,1273,980
5,1268,955
5,1330,967
5,1272,941
5,1339,842
5,1454,879
5,1467,914
5,1487,947
5,1654,860
5,1808,916
5,1856,945
5,1864,957
5,1752,723
5,1626,1011
5,1458,1044
5,19,782
5,1867,1050
5,17,1023
5,55,1054
5,394,851
5,398,1045
5,1297,1014
5,1020,875
5,1477,926
6,1889,76
6,159,172
6,391,107
6,581,81
6,954,60
6,1041,76
6,656,103
6,608,65
6,1332,51
6,1555,74
6,795,213
6,784,195
6,1350,359
6,1479,343
6,1470,367
6,1523,363
6,1506,353
6,697,86
6,662,32
6,702,66
6,78,967
6,252,949
6,259,904
6,352,992
6,373,1023
6,525,1007
6,523,1020
6,754,935
6,763,951
6,952,962
6,1049,988
6,1068,1005
6,945,864
6,1000,927
6,945,1037
6,1101,1038
6,1288,982
6,1282,955
6,1345,968
6,1257,941
6,1354,841
6,1473,876
6,1455,916
6,1477,947
6,1664,863
6,1796,915
6,1841,944
6,1847,957
6,1750,726
6,1607,1013
6,1459,1046
6,25,802
6,1856,1043
6,9,1007
6,55,1039
6,9,955
6,395,852
6,416,1040
6,1297,1014
6,1021,877
6,1464,927
7,1907,76
7,144,178
7,394,109
7,583,81
7,957,62
7,1028,79
7,662,106
7,592,56
7,1347,50
7,1542,72
7,814,211
7,804,194
7,1350,359
7,1479,343
7,1472,367
7,1523,364
7,1506,353
7,697,86
7,662,32
7,702,66
7,78,952
7,85,856
7,94,838
7,237,946
7,245,902
7,372,988
7,388,1022
7,542,1007
7,542,1020
7,738,935
7,747,952
7,966,961
7,1042,992
7,1068,1003
7,946,865
7,984,931
7,928,1039
7,1083,1041
7,1304,984
7,1296,955
7,1360,969
7,1242,941
7,1369,841
7,1492,874
7,1447,917
7,1468,948
7,1674,865
7,1784,915
7,1826,944
7,1830,957
7,1893,941
7,1748,728
7,1588,1014
7,1459,1048
7,31,820
7,1845,1036
7,52,1025
7,13,971
7,396,854
7,434,1035
7,1297,1014
7,1020,877
7,1452,929
8,397,112
8,584,81
8,958,65
8,1015,81
8,575,59
8,1362,49
8,1529,70
8,834,209
8,824,194
8,1350,360
8,1479,343
8,1474,367
8,1523,365
8,1506,354
8,697,86
8,662,33
8,702,67
8,78,937
8,62,845
8,80,829
8,223,943
8,232,901
8,390,989
8,404,1021
8,559,1007
8,561,1020
8,722,935
8,731,953
8,979,959
8,1037,995
8,1068,999
8,946,865
8,968,934
8,911,1040
8,1065,1044
8,1317,984
8,1310,955
8,1375,970
8,1227,942
8,1384,841
8,1511,873
8,1440,917
8,1458,948
8,1683,868
8,1771,914
8,1810,943
8,1814,957
8,1877,941
8,1746,730
8,1568,1016
8,37,839
8,1834,1030
8,50,1011
8,18,987
8,1911,1002
8,400,853
8,452,1030
8,1297,1014
8,1020,877
8,1436,930
9,400,115
9,586,81
9,959,67
9,1002,84
9,555,63
9,1378,49
9,1516,68
9,853,208
9,846,192
9,946,306
9,1350,360
9,1479,343
9,1476,367
9,1523,365
9,1506,354
9,697,86
9,662,34
9,703,67
9,77,921
9,50,831
9,70,815
9,209,940
9,218,900
9,409,990
9,420,1020
9,575,1007
9,580,1021
9,706,935
9,715,954
9,991,955
9,1034,996
9,1067,997
9,945,866
9,951,936
9,893,1042
9,1048,1046
9,1330,985
9,1324,956
9,1390,971
9,1212,942
9,1398,842
9,1530,874
9,1433,917
9,1448,948
9,1693,870
9,1755,914
9,1794,942
9,1797,957
9,1860,941
9,1745,732
9,1549,1017
9,43,858
9,1822,1025
9,48,996
9,13,1012
9,1890,1005
9,404,852
9,472,1026
9,1297,1014
9,1020,877
9,1420,931
10,43,40
10,403,117
10,588,81
10,962,65
10,988,86
10,533,67
10,1393,48
10,1503,66
10,873,207
10,868,191
10,927,306
10,1350,360
10,1478,367
10,1523,366
10,1506,354
10,697,86
10,662,34
10,703,67
10,77,906
10,38,818
10,61,802
10,197,935
10,204,899
10,427,991
10,436,1020
10,592,1008
10,600,1021
10,689,935
10,698,955
10,1003,950
10,1032,996
10,1065,996
10,944,867
10,935,938
10,876,1045
10,1030,1049
10,1343,986
10,1338,957
10,1405,972
10,1197,942
10,1413,844
10,1548,874
10,1426,918
10,1439,949
10,1703,873
10,1737,915
10,1779,942
10,1780,956
10,1843,940
10,1743,734
10,1529,1018
10,49,877
10,1809,1022
10,42,983
10,1874,1006
10,408,851
10,17,862
10,492,1022
10,1297,1014
10,1020,878
10,1404,932
11,44,49
11,406,120
11,589,81
11,967,61
11,975,89
11,511,71
11,1409,48
11,1490,67
11,894,210
11,890,190
11,908,306
11,1349,361
11,1481,367
11,1523,367
11,1506,355
11,697,86
11,662,35
11,703,68
11,69,891
11,51,788
11,185,929
11,190,898
11,446,993
11,452,1020
11,609,1008
11,619,1021
11,673,935
11,680,956
11,1014,945
11,1029,997
11,1064,995
11,944,868
11,919,940
11,858,1047
11,1011,1051
11,1356,987
11,1352,958
11,1420,973
11,1181,943
11,1427,846
11,1567,875
11,1418,918
11,1429,949
11,1712,874
11,1718,917
11,1763,941
11,1762,955
11,1827,940
11,1741,736
11,1510,1020
11,55,898
11,1795,1020
11,33,971
11,1859,1006
11,412,850
11,25,875
11,512,1018
11,1297,1014
11,1020,878
11,1393,931
12,51,61
12,73,210
12,412,123
12,589,81
12,973,58
12,962,91
12,488,76
12,1424,47
12,1478,68
12,602,139
12,915,213
12,910,188
12,1349,361
12,1483,367
12,1523,368
12,1506,355
12,697,86
12,662,36
12,703,68
12,59,875
12,37,777
12,174,923
12,175,894
12,462,992
12,468,1020
12,625,1008
12,636,1021
12,655,938
12,663,957
12,1026,940
12,1026,998
12,1061,998
12,943,869
12,902,942
12,841,1049
12,993,1054
12,1369,988
12,1366,959
12,1436,972
12,1165,943
12,1441,848
12,1585,876
12,1411,918
12,1419,949
12,1720,875
12,1699,918
12,1747,940
12,1745,955
12,1810,939
12,1734,739
12,1490,1021
12,59,920
12,1782,1018
12,23,959
12,1844,1007
12,408,849
12,34,888
12,533,1015
12,1297,1014
12,1544,1064
12,1019,878
12,1383,930
13,57,72
13,60,217
13,418,127
13,589,81
13,980,56
13,949,94
13,1438,47
13,1465,68
13,587,138
13,934,216
13,1349,361
13,1483,367
13,1523,368
13,1506,355
13,697,86
13,662,36
13,703,69
13,49,860
13,21,764
13,163,918
13,161,889
13,478,992
13,484,1020
13,642,1008
13,651,1020
13,638,940
13,645,959
13,1038,935
13,1023,999
13,1056,1003
13,943,870
13,886,943
13,824,1052
13,975,1056
13,1382,989
13,1380,959
13,1451,971
13,1149,944
13,1455,850
13,1604,877
13,1400,919
13,1407,949
13,1729,876
13,1681,919
13,1731,939
13,1727,954
13,1793,939
13,1470,1022
13,63,942
13,1769,1016
13,1821,1006
13,404,848
13,43,902
13,10,892
13,550,1011
13,1297,1014
13,1531,1063
13,1019,878
13,1373,929
14,64,83
14,47,226
14,424,130
14,588,81
14,987,54
14,935,97
14,727,96
14,1453,47
14,1452,68
14,572,136
14,840,316
14,1349,361
14,1483,368
14,1523,369
14,1506,355
14,697,86
14,662,37
14,703,69
14,145,910
14,147,884
14,494,992
14,500,1020
14,658,1008
14,666,1018
14,620,942
14,627,960
14,1050,931
14,1021,999
14,1052,1009
14,942,870
14,869,945
14,806,1054
14,957,1059
14,1395,990
14,1394,960
14,1467,969
14,1133,945
14,1470,852
14,1622,878
14,1387,920
14,1394,949
14,1738,877
14,1662,920
14,1715,938
14,1710,953
14,1776,938
14,1450,1022
14,69,958
14,1756,1015
14,74,1060
14,1798,1006
14,400,848
14,47,917
14,18,905
14,213,1055
14,567,1008
14,1297,1014
14,1517,1062
14,1019,879
14,1361,929
15,78,90
15,588,81
15,997,52
15,920,100
15,735,93
15,420,96
15,1467,47
15,1439,68
15,557,135
15,819,321
15,1349,362
15,1483,368
15,1524,369
15,1506,356
15,13,72
15,697,86
15,662,38
15,703,70
15,128,903
15,126,875
15,510,992
15,516,1020
15,675,1005
15,681,1017
15,603,944
15,610,961
15,1063,926
15,1018,1000
15,1045,1015
15,941,871
15,853,947
15,789,1056
15,938,1061
15,1409,991
15,1408,961
15,1483,968
15,1117,945
15,1484,854
15,1641,879
15,1373,920
15,1382,949
15,1747,878
15,1643,921
15,1699,937
15,1692,953
15,1757,937
15,1430,1022
15,75,975
15,1744,1014
15,69,1048
15,1781,1005
15,398,847
15,51,933
15,24,916
15,12,915
15,226,1038
15,584,1005
15,1297,1014
15,1505,1058
15,1019,879
15,1349,929
16,588,81
16,1008,50
16,905,104
16,744,91
16,397,103
16,1482,47
16,1426,68
16,542,133
16,797,325
16,1349,362
16,1484,351
16,1483,369
16,1524,369
16,1506,356
16,29,74
16,400,192
16,446,51
16,697,86
16,662,38
16,703,70
16,113,895
16,526,992
16,532,1020
16,691,1003
16,697,1016
16,585,947
16,592,962
16,1076,921
16,1010,1001
16,1032,1022
16,941,872
16,836,949
16,771,1059
16,920,1063
16,1422,992
16,1422,962
16,1497,967
16,1101,946
16,1498,856
16,1659,879
16,1360,921
16,1369,949
16,1755,879
16,1625,921
16,1680,936
16,1675,952
16,1738,936
16,1888,887
16,1410,1022
16,81,992
16,1731,1014
16,64,1035
16,1765,1005
16,396,846
16,55,948
16,31,927
16,23,934
16,238,1020
16,6,896
16,601,1001
16,1297,1014
16,1493,1055
16,1019,879
16,1337,930
17,587,82
17,1022,50
17,890,107
17,753,89
17,373,115
17,1497,47
17,1419,59
17,528,133
17,777,326
17,1349,362
17,1483,351
17,1484,370
17,1524,369
17,1506,356
17,47,76
17,399,192
17,438,54
17,697,86
17,662,39
17,704,71
17,103,887
17,543,992
17,548,1019
17,708,1000
17,712,1015
17,568,949
17,574,964
17,1089,917
17,997,1003
17,1015,1031
17,940,873
17,819,949
17,754,1061
17,902,1066
17,1435,993
17,1435,963
17,1510,969
17,1085,946
17,1512,858
17,1678,880
17,1346,922
17,1357,949
17,1764,880
17,1606,919
17,1661,934
17,1658,952
17,1720,935
17,1861,877
17,1390,1022
17,87,1009
17,1718,1014
17,59,1023
17,1749,1005
17,59,964
17,38,939
17,35,953
17,248,1003
17,9,916
17,618,998
17,1297,1014
17,1481,1051
17,1019,879
17,1326,934
18,587,82
18,1036,51
18,875,111
18,762,87
18,349,128
18,1513,47
18,1412,50
18,514,133
18,758,327
18,1349,363
18,1484,370
18,1524,369
18,1506,357
18,64,77
18,399,192
18,429,57
18,697,86
18,662,40
18,704,71
18,559,993
18,565,1019
18,724,998
18,727,1014
18,550,951
18,557,966
18,1102,912
18,984,1005
18,998,1037
18,940,873
18,802,948
18,737,1063
18,883,1068
18,1449,993
18,1449,964
18,1523,971
18,1069,947
18,1527,860
18,1696,881
18,1333,923
18,1345,953
18,1774,880
18,1588,918
18,1643,932
18,1640,949
18,1701,934
18,1834,867
18,1370,1023
18,93,1026
18,1704,1014
18,55,1010
18,1728,999
18,61,977
18,46,948
18,40,960
18,256,986
18,636,995
18,238,1067
18,1297,1014
18,1469,1047
18,1018,880
18,1315,938
19,586,82
19,1050,52
19,862,113
19,771,85
19,327,135
19,1528,47
19,1404,40
19,500,132
19,1032,195
19,724,333
19,1349,363
19,1484,371
19,1524,368
19,1506,357
19,85,78
19,398,192
19,421,60
19,697,86
19,662,40
19,704,71
19,64,843
19,575,994
19,582,1018
19,741,995
19,743,1013
19,533,953
19,541,968
19,1114,909
19,970,1007
19,981,1039
19,940,872
19,784,947
19,720,1063
19,866,1069
19,1463,994
19,1462,965
19,1535,973
19,1053,948
19,1541,862
19,1714,884
19,1319,923
19,1334,957
19,1783,880
19,1570,917
19,1624,931
19,1622,947
19,1682,933
19,1810,854
19,1346,1009
19,100,1041
19,1690,1015
19,50,1000
19,1708,993
19,63,991
19,54,957
19,46,967
19,264,968
19,8,946
19,656,992
19,256,1057
19,1297,1014
19,1457,1043
19,1018,880
19,1304,942
20,586,82
20,1064,53
20,849,115
20,779,84
20,307,135
20,1543,47
20,1391,28
20,483,128
20,1050,195
20,707,336
20,1349,363
20,1478,349
20,1484,371
20,1524,368
20,1506,357
20,106,80
20,397,192
20,411,60
20,418,36
20,697,86
20,662,41
20,704,71
20,57,857
20,52,833
20,592,994
20,599,1018
20,757,993
20,759,1010
20,515,956
20,524,971
20,1127,907
20,954,1009
20,963,1041
20,940,871
20,767,946
20,702,1063
20,848,1069
20,1477,995
20,1476,966
20,1548,974
20,1037,948
20,1557,864
20,1732,889
20,1305,924
20,1322,961
20,1793,880
20,1552,916
20,1605,929
20,1605,945
20,1663,932
20,1787,841
20,1328,1006
20,1676,1015
20,44,990
20,1688,987
20,1901,992
20,65,1005
20,62,966
20,52,974
20,272,951
20,8,946
20,676,989
20,274,1048
20,1297,1014
20,1446,1041
20,16,898
20,11,881
20,1018,880
20,1289,942
21,586,82
21,1079,54
21,836,116
21,788,82
21,284,134
21,1558,46
21,1384,21
21,1068,194
21,1071,173
21,692,338
21,1348,364
21,1476,348
21,1485,372
21,1524,368
21,1506,358
21,126,83
21,397,192
21,402,61
21,408,41
21,697,86
21,662,42
21,704,71
21,42,849
21,38,822
21,608,995
21,615,1017
21,774,991
21,775,1007
21,499,958
21,508,974
21,1139,905
21,937,1011
21,945,1043
21,940,870
21,749,945
21,685,1064
21,831,1069
21,1490,995
21,1489,967
21,1561,976
21,1021,947
21,1573,866
21,1750,894
21,1291,925
21,1311,965
21,1802,880
21,1534,915
21,1587,927
21,1587,943
21,1645,930
21,1774,830
21,1310,1004
21,1663,1016
21,39,980
21,1669,982
21,1881,994
21,67,1019
21,67,979
21,55,985
21,278,934
21,8,946
21,697,986
21,289,1043
21,1297,1014
21,1434,1040
21,33,903
21,29,886
21,1018,880
21,1274,943
22,94,150
22,469,166
22,586,83
22,1093,55
22,824,118
22,797,81
22,257,131
22,1574,45
22,1382,18
22,668,343
22,1348,364
22,1474,347
22,1485,372
22,1523,368
22,1506,358
22,145,87
22,397,193
22,393,62
22,398,45
22,697,86
22,662,42
22,704,71
22,27,841
22,23,811
22,625,995
22,632,1017
22,791,989
22,791,1004
22,482,961
22,491,976
22,1152,902
22,920,1013
22,928,1045
22,940,869
22,732,944
22,668,1064
22,814,1069
22,1504,996
22,1503,969
22,1574,976
22,1005,945
22,1588,868
22,1768,899
22,1276,925
22,1301,964
22,1812,880
22,1514,918
22,1570,926
22,1570,941
22,1628,928
22,1765,819
22,1291,1007
22,1651,1017
22,34,969
22,1651,977
22,1860,996
22,64,1033
22,72,992
22,58,996
22,282,917
22,8,946
22,715,984
22,304,1037
22,1297,1014
22,1422,1038
22,50,908
22,47,891
22,1018,881
22,1260,944
23,99,160
23,586,83
23,1107,55
23,811,119
23,805,80
23,1589,43
23,649,349
23,1348,364
23,1473,347
23,1485,373
23,1523,368
23,1506,358
23,164,89
23,397,193
23,384,62
23,391,46
23,697,86
23,662,43
23,704,71
23,12,833
23,10,798
23,641,995
23,649,1016
23,809,988
23,807,1001
23,465,964
23,475,979
23,1164,900
23,904,1014
23,910,1047
23,940,868
23,714,943
23,651,1064
23,797,1068
23,1518,996
23,1516,970
23,1588,977
23,989,943
23,1604,870
23,1786,904
23,1261,926
23,1291,962
23,1822,882
23,1495,920
23,1553,925
23,1552,939
23,1611,927
23,1755,809
23,1272,1011
23,1639,1017
23,33,956
23,1633,973
23,1839,998
23,61,1047
23,78,1006
23,61,1007
23,286,899
23,8,946
23,733,983
23,319,1031
23,1297,1014
23,1411,1036
23,67,913
23,64,895
23,1018,881
23,1245,943
24,586,83
24,1122,56
24,798,121
24,814,79
24,1605,42
24,632,354
24,1348,364
24,1471,346
24,1485,374
24,1522,368
24,1506,358
24,183,89
24,397,193
24,377,62
24,384,47
24,697,86
24,662,44
24,704,71
24,658,995
24,666,1016
24,827,987
24,823,999
24,449,967
24,459,981
24,1176,898
24,887,1017
24,892,1049
24,940,867
24,697,942
24,634,1065
24,780,1068
24,1532,997
24,1530,971
24,1601,978
24,973,941
24,1620,871
24,1804,909
24,1246,926
24,1280,967
24,1832,883
24,1476,922
24,1535,924
24,1535,936
24,1593,925
24,1748,801
24,1253,1015
24,1627,1019
24,31,943
24,1616,971
24,1819,999
24,78,1020
24,65,1019
24,291,887
24,8,946
24,751,982
24,334,1026
24,1297,1014
24,1399,1034
24,84,918
24,82,900
24,1017,881
24,1231,942
25,586,83
25,1136,56
25,784,121
25,823,78
25,1623,41
25,616,359
25,1348,365
25,1470,346
25,1486,374
25,1521,369
25,1506,359
25,203,90
25,397,193
25,369,62
25,378,48
25,697,86
25,662,44
25,704,71
25,674,995
25,682,1015
25,845,986
25,840,997
25,432,970
25,442,984
25,1189,896
25,871,1020
25,875,1051
25,940,866
25,682,944
25,617,1065
25,762,1068
25,1546,998
25,1544,971
25,1614,978
25,956,939
25,1636,873
25,1822,913
25,1230,927
25,1266,966
25,1842,885
25,1457,923
25,1518,922
25,1518,936
25,1576,923
25,1748,804
25,1235,1017
25,1615,1022
25,32,933
25,1600,969
25,1799,994
25,78,1035
25,64,1031
25,295,880
25,8,946
25,770,981
25,349,1020
25,1297,1014
25,1387,1032
25,84,1064
25,98,1070
25,267,1066
25,101,923
25,100,905
25,1017,881
25,1215,942
26,586,83
26,1150,57
26,771,121
26,831,77
26,1641,41
26,393,117
26,599,364
26,1348,365
26,1474,347
26,1486,375
26,1521,369
26,1506,359
26,223,92
26,397,193
26,362,62
26,371,48
26,697,86
26,662,45
26,704,71
26,691,995
26,699,1015
26,862,985
26,858,996
26,415,972
26,426,986
26,1201,894
26,855,1022
26,859,1054
26,940,865
26,667,947
26,600,1065
26,745,1068
26,1560,998
26,1557,971
26,1625,977
26,940,937
26,1651,875
26,1842,915
26,1215,928
26,1252,966
26,1852,886
26,1439,925
26,1501,922
26,1502,937
26,1558,921
26,1749,809
26,1217,1019
26,1603,1025
26,34,923
26,1583,964
26,1779,988
26,69,1049
26,301,879
26,8,946
26,788,980
26,364,1015
26,1297,1014
26,1374,1028
26,85,1057
26,99,1060
26,286,1056
26,286,1067
26,118,928
26,117,910
26,1017,882
26,1199,942
27,586,83
27,1165,57
27,757,121
27,840,77
27,126,154
27,1660,41
27,378,119
27,581,373
27,1348,365
27,1479,348
27,1486,375
27,1520,370
27,1506,359
27,243,94
27,397,193
27,354,62
27,362,43
27,697,86
27,662,46
27,704,71
27,707,994
27,716,1014
27,880,984
27,875,994
27,399,975
27,412,986
27,1212,892
27,839,1025
27,843,1056
27,940,864
27,653,951
27,582,1065
27,727,1067
27,1574,998
27,1570,971
27,1634,975
27,924,934
27,1667,876
27,1861,918
27,1199,928
27,1239,966
27,1862,888
27,1420,927
27,1483,922
27,1487,938
27,1541,919
27,1740,807
27,1199,1021
27,1590,1028
27,34,923
27,1567,959
27,1759,983
27,66,1059
27,309,884
27,8,946
27,807,979
27,380,1013
27,1297,1014
27,1361,1024
27,86,1050
27,100,1050
27,303,1049
27,302,1061
27,134,931
27,134,912
27,1017,882
27,1186,943
28,586,83
28,1179,58
28,743,121
28,849,77
28,1678,41
28,363,121
28,563,384
28,1348,366
28,1481,348
28,1486,376
28,1519,370
28,1506,360
28,263,95
28,397,193
28,346,63
28,353,38
28,697,86
28,662,46
28,704,71
28,724,994
28,733,1014
28,898,983
28,893,993
28,382,978
28,395,988
28,1223,890
28,822,1028
28,826,1059
28,937,865
28,638,954
28,565,1065
28,708,1067
28,1589,998
28,1584,971
28,1644,973
28,908,933
28,1682,876
28,1881,921
28,1184,929
28,1229,965
28,1872,889
28,1401,928
28,1465,922
28,1471,938
28,1524,918
28,1728,803
28,1181,1023
28,1575,1030
28,34,923
28,1548,960
28,1739,977
28,317,888
28,8,946
28,826,978
28,396,1011
28,1297,1014
28,1348,1020
28,87,1042
28,101,1040
28,320,1042
28,319,1055
28,150,933
28,150,914
28,1017,882
28,1174,945
29,586,83
29,1193,59
29,730,120
29,858,77
29,1697,40
29,347,123
29,1229,176
29,544,395
29,1348,366
29,1480,347
29,1486,376
29,1519,371
29,1506,360
29,282,95
29,397,193
29,339,63
29,697,86
29,663,48
29,704,71
29,740,994
29,750,1013
29,916,982
29,910,992
29,365,981
29,378,991
29,1233,888
29,806,1031
29,810,1061
29,929,867
29,624,957
29,548,1064
29,690,1066
29,1604,997
29,1597,971
29,1653,971
29,890,933
29,1697,877
29,1168,930
29,1219,965
29,1882,891
29,1382,930
29,1447,922
29,1455,939
29,1505,917
29,1163,1026
29,1561,1032
29,34,923
29,1529,962
29,1719,972
29,325,893
29,8,946
29,844,977
29,413,1009
29,1297,1014
29,1335,1015
29,88,1035
29,102,1030
29,337,1035
29,335,1050
29,167,935
29,166,916
29,1017,883
29,1163,943
30,548,199
30,586,83
30,1208,59
30,713,118
30,867,77
30,1715,38
30,332,125
30,525,407
30,1348,366
30,1479,346
30,1478,375
30,1518,371
30,1506,360
30,302,95
30,397,193
30,329,65
30,697,86
30,666,50
30,704,71
30,757,994
30,766,1013
30,934,981
30,928,991
30,349,987
30,360,995
30,1244,886
30,790,1034
30,794,1063
30,921,869
30,610,961
30,531,1064
30,671,1066
30,1619,997
30,1610,971
30,1662,969
30,873,934
30,1712,877
30,1153,931
30,1210,966
30,1889,892
30,1362,931
30,1429,922
30,1440,940
30,1486,917
30,1141,1029
30,1553,1032
30,34,923
30,1510,964
30,1700,963
30,333,897
30,8,946
30,863,976
30,429,1006
30,1297,1014
30,1322,1011
30,87,1027
30,103,1023
30,354,1028
30,351,1044
30,183,936
30,183,919
30,1018,884
30,1153,941
