1,222,325
1,141,397
1,436,395
1,420,353
1,466,383
1,698,410
1,826,416
1,888,391
1,947,399
1,1002,403
1,1014,416
1,992,359
1,1173,419
1,1072,435
1,1437,554
1,1441,454
1,1477,585
1,1430,338
1,1396,357
1,1618,331
1,1592,321
1,1627,201
1,1627,91
1,1572,224
1,1659,290
1,1515,388
1,1568,723
1,1558,649
1,1536,637
1,1514,618
1,1515,561
1,1558,539
1,1525,513
1,1519,433
1,1581,500
1,1584,553
1,1563,554
1,1610,602
1,1594,737
1,1638,977
1,1676,1051
1,667,243
1,643,237
1,1758,179
1,1786,197
1,647,429
2,206,321
2,153,393
2,420,390
2,404,350
2,701,414
2,812,415
2,872,392
2,937,398
2,990,403
2,1000,418
2,988,350
2,1162,418
2,1074,433
2,1442,538
2,1440,451
2,1478,571
2,1440,340
2,1396,357
2,1614,342
2,1590,334
2,1627,209
2,1628,76
2,1576,212
2,1661,273
2,1525,375
2,1569,738
2,1558,658
2,1536,650
2,1515,628
2,1517,575
2,1556,551
2,1525,526
2,1518,446
2,1579,490
2,1584,539
2,1564,540
2,1611,590
2,1595,727
2,1673,1036
2,667,243
2,643,237
2,1758,180
2,1786,197
2,647,428
3,190,317
3,166,390
3,404,385
3,388,347
3,705,417
3,798,414
3,856,393
3,927,398
3,978,404
3,987,420
3,985,341
3,1151,418
3,1077,432
3,1448,523
3,1439,449
3,1480,558
3,1450,343
3,1396,358
3,1537,297
3,1519,307
3,1611,353
3,1589,347
3,1544,94
3,1628,217
3,1629,61
3,1581,201
3,1663,257
3,1535,363
3,1559,668
3,1537,663
3,1517,638
3,1520,589
3,1555,563
3,1525,539
3,1517,460
3,1578,480
3,1585,525
3,1566,526
3,1613,578
3,1596,718
3,1588,739
3,1670,1022
3,667,243
3,643,237
3,1759,181
3,1786,197
3,647,428
4,174,313
4,179,387
4,388,380
4,373,344
4,10,460
4,709,419
4,784,413
4,841,394
4,917,397
4,974,421
4,983,374
4,1140,418
4,1079,432
4,1454,508
4,1438,446
4,1482,544
4,1459,350
4,1396,358
4,1536,310
4,1518,319
4,1607,364
4,1588,360
4,1544,108
4,1628,225
4,1631,47
4,1586,190
4,1666,241
4,1545,351
4,1560,677
4,1538,677
4,1518,649
4,1522,604
4,1554,576
4,1525,552
4,1517,474
4,1576,471
4,1585,512
4,1567,513
4,1614,566
4,1597,708
4,1588,727
4,1677,810
4,1668,1008
4,667,243
4,643,237
4,1760,182
4,1786,198
4,647,427
5,158,310
5,192,384
5,373,375
5,357,341
5,15,469
5,712,421
5,770,412
5,825,395
5,907,397
5,962,418
5,1000,379
5,1129,418
5,1083,432
5,1460,493
5,1437,444
5,1484,531
5,1468,365
5,1396,359
5,1534,322
5,1517,332
5,1604,375
5,1587,374
5,1565,97
5,1545,118
5,1628,233
5,1632,32
5,1591,179
5,1668,224
5,1555,339
5,1560,687
5,1539,690
5,1520,659
5,1525,618
5,1553,588
5,1525,566
5,1516,488
5,1575,461
5,1586,498
5,1569,499
5,1616,555
5,1599,699
5,1587,716
5,1667,806
5,1665,993
5,1691,1062
5,667,243
5,643,237
5,1761,183
5,1786,198
5,647,427
6,143,306
6,205,381
6,356,376
6,341,338
6,20,476
6,714,423
6,758,408
6,810,396
6,897,397
6,938,398
6,949,414
6,1119,418
6,1088,431
6,1317,404
6,1466,478
6,1436,442
6,1486,517
6,1477,381
6,1396,359
6,1533,334
6,1516,344
6,1556,283
6,1601,387
6,1586,387
6,1566,104
6,1545,122
6,1626,243
6,1596,168
6,1670,208
6,1564,326
6,1563,703
6,1542,702
6,1523,669
6,1528,632
6,1551,601
6,1525,579
6,1516,501
6,1573,451
6,1586,485
6,1570,486
6,1617,543
6,1600,689
6,1587,705
6,1657,801
6,1663,979
6,1688,1049
6,1673,1061
6,667,243
6,643,237
6,1762,184
6,1786,198
6,647,427
7,127,303
7,218,378
7,326,336
7,25,481
7,457,350
7,713,425
7,794,398
7,887,396
7,927,397
7,934,414
7,1108,418
7,1093,430
7,1333,401
7,1471,463
7,1435,440
7,1488,504
7,1486,396
7,1396,360
7,1506,701
7,1532,347
7,1514,356
7,1519,321
7,1554,294
7,1601,398
7,1589,401
7,1566,112
7,1544,125
7,1623,253
7,1599,157
7,1673,192
7,1568,312
7,1565,719
7,1526,679
7,1530,647
7,1550,613
7,1525,592
7,1516,515
7,1572,441
7,1585,475
7,1569,475
7,1619,531
7,1600,678
7,1586,694
7,1647,796
7,1660,965
7,1686,1037
7,1670,1050
7,1712,1057
7,667,243
7,643,237
7,1763,185
7,1786,199
7,647,426
8,110,304
8,231,375
8,310,335
8,24,482
8,441,347
8,712,427
8,877,396
8,916,396
8,920,413
8,1097,418
8,1098,429
8,1348,399
8,1471,450
8,1431,440
8,1487,491
8,1492,412
8,1396,361
8,1502,688
8,1530,360
8,1513,368
8,1511,338
8,1551,305
8,1601,409
8,1592,414
8,1567,119
8,1544,125
8,1621,263
8,1601,147
8,1673,175
8,1573,299
8,1565,732
8,1529,688
8,1533,661
8,1548,626
8,1525,605
8,1516,530
8,1570,431
8,1584,466
8,1567,464
8,1621,519
8,1600,666
8,1585,682
8,1637,792
8,1658,951
8,1683,1025
8,1666,1038
8,1710,1039
8,667,243
8,643,237
8,1764,187
8,1786,199
8,647,426
9,92,305
9,242,373
9,294,335
9,23,482
9,426,344
9,712,429
9,867,395
9,905,394
9,905,413
9,1086,418
9,1103,428
9,1363,396
9,1470,437
9,1426,440
9,1485,478
9,1499,428
9,1396,361
9,1498,676
9,1530,375
9,1511,382
9,1503,356
9,1549,315
9,1602,421
9,1593,426
9,1567,122
9,1544,125
9,1619,273
9,1604,137
9,1674,159
9,1577,285
9,1565,746
9,1533,697
9,1539,675
9,1547,639
9,1524,616
9,1516,544
9,1568,421
9,1582,457
9,1566,453
9,1621,509
9,1601,655
9,1583,669
9,1655,938
9,1680,1013
9,1663,1027
9,1708,1022
9,667,243
9,643,237
9,1765,188
9,1787,199
9,647,426
10,74,307
10,253,370
10,284,386
10,278,335
10,20,482
10,410,341
10,712,425
10,858,395
10,891,409
10,997,369
10,1074,418
10,1108,428
10,1379,393
10,1469,423
10,1421,440
10,1483,466
10,1506,444
10,1396,362
10,1494,663
10,1530,390
10,1509,395
10,1495,374
10,1543,323
10,1604,434
10,1593,438
10,1567,122
10,1544,125
10,1616,282
10,1606,126
10,1675,143
10,1582,272
10,1536,707
10,1545,689
10,1545,651
10,1524,628
10,1516,559
10,1566,411
10,1581,448
10,1564,442
10,1622,499
10,1601,644
10,1581,656
10,1653,924
10,1679,999
10,1661,1015
10,1707,1005
10,667,243
10,643,237
10,1766,189
10,1787,200
10,647,425
11,57,308
11,264,367
11,268,387
11,262,335
11,17,482
11,395,339
11,465,354
11,713,422
11,849,395
11,878,403
11,979,369
11,1062,419
11,1118,427
11,1390,387
11,1468,410
11,1417,440
11,1481,453
11,1510,459
11,1396,362
11,1490,651
11,1530,405
11,1508,409
11,1493,392
11,1538,331
11,1606,447
11,1594,449
11,1567,122
11,1544,126
11,1611,289
11,1608,116
11,1676,127
11,1586,258
11,1539,717
11,1551,703
11,1543,664
11,1523,640
11,1516,573
11,1565,401
11,1580,440
11,1563,432
11,1622,488
11,1602,632
11,1578,642
11,1652,911
11,1677,985
11,1660,1003
11,1702,988
11,667,243
11,643,237
11,1766,189
11,1787,200
11,647,425
12,40,309
12,275,365
12,251,388
12,246,335
12,15,482
12,16,339
12,378,337
12,453,350
12,713,419
12,841,394
12,865,398
12,1050,420
12,1128,426
12,1400,382
12,1467,397
12,1412,440
12,1479,441
12,1514,475
12,1396,363
12,1485,638
12,1530,421
12,1509,426
12,1492,410
12,1532,338
12,1608,459
12,1594,460
12,1566,122
12,1544,126
12,1597,75
12,1605,297
12,1610,106
12,1677,111
12,1591,244
12,1558,719
12,1542,677
12,1523,652
12,1515,587
12,1563,391
12,1583,426
12,1566,419
12,1623,478
12,1602,621
12,1576,629
12,1651,897
12,1676,972
12,1658,990
12,1698,972
12,1650,1056
12,667,243
12,643,237
12,1766,189
12,1787,201
12,647,425
13,22,310
13,286,362
13,234,388
13,231,332
13,11,483
13,29,336
13,362,336
13,440,347
13,714,418
13,678,411
13,832,394
13,852,392
13,1038,421
13,1139,425
13,1410,376
13,1471,384
13,1408,439
13,1479,427
13,1519,491
13,1396,364
13,1481,626
13,1530,438
13,1511,443
13,1492,429
13,1527,346
13,1604,473
13,1590,473
13,1566,121
13,1544,126
13,1599,90
13,1579,87
13,1600,304
13,1612,95
13,1677,95
13,1596,231
13,1565,736
13,1541,691
13,1523,662
13,1515,600
13,1559,383
13,1586,413
13,1569,406
13,1623,468
13,1603,610
13,1578,617
13,1594,742
13,1587,749
13,1650,884
13,1674,958
13,1656,978
13,1694,955
13,1648,1044
13,667,243
13,643,237
13,1766,189
13,1787,201
13,647,424
14,300,362
14,217,389
14,215,329
14,43,334
14,345,335
14,427,344
14,714,418
14,681,413
14,823,393
14,839,387
14,1025,421
14,1151,423
14,1420,370
14,1479,371
14,1404,438
14,1479,414
14,1522,508
14,1396,364
14,1475,614
14,1530,455
14,1513,460
14,1491,450
14,1521,354
14,1599,488
14,1585,485
14,1566,121
14,1544,126
14,1601,105
14,1581,100
14,1589,74
14,1595,311
14,1614,84
14,1678,79
14,1600,217
14,1541,704
14,1524,672
14,1515,614
14,1555,376
14,1590,400
14,1573,394
14,1623,457
14,1603,597
14,1581,606
14,1593,735
14,1584,742
14,1649,871
14,1671,947
14,1652,966
14,1690,939
14,1646,1032
14,667,243
14,643,237
14,1766,189
14,1787,201
14,647,424
15,314,362
15,199,390
15,200,325
15,56,331
15,329,334
15,415,340
15,714,418
15,684,415
15,815,393
15,828,384
15,1013,422
15,1163,422
15,1423,365
15,1487,358
15,1399,437
15,1480,401
15,1526,526
15,1397,365
15,1469,601
15,1531,472
15,1514,478
15,1491,471
15,1513,362
15,1594,502
15,1580,498
15,1566,121
15,1544,126
15,1603,120
15,1583,114
15,1588,86
15,1590,318
15,1616,74
15,1682,63
15,1605,204
15,1540,717
15,1525,682
15,1515,627
15,1551,370
15,1594,387
15,1576,381
15,1623,447
15,1604,585
15,1584,595
15,1591,728
15,1582,735
15,1648,857
15,1668,936
15,1648,954
15,1686,923
15,1644,1020
15,667,243
15,643,237
15,1766,189
15,1787,202
15,647,424
16,328,362
16,182,391
16,184,322
16,69,329
16,313,333
16,402,337
16,714,418
16,688,416
16,806,393
16,1002,423
16,1175,421
16,1423,359
16,1495,346
16,1395,436
16,1480,388
16,1530,544
16,1397,365
16,1463,589
16,1532,490
16,1515,497
16,1491,493
16,1505,370
16,1589,516
16,1575,511
16,1565,121
16,1544,127
16,1604,134
16,1585,127
16,1588,99
16,1585,325
16,1617,63
16,1687,47
16,1610,190
16,1525,692
16,1515,641
16,1547,363
16,1599,372
16,1580,368
16,1623,436
16,1605,573
16,1588,584
16,1590,722
16,1579,728
16,1666,925
16,1644,941
16,1681,907
16,1642,1007
16,667,243
16,643,237
16,1766,189
16,1788,202
16,647,423
17,341,363
17,165,395
17,169,318
17,82,329
17,298,333
17,390,333
17,714,419
17,691,418
17,797,392
17,1002,375
17,990,423
17,1187,421
17,1424,354
17,1503,334
17,1391,436
17,1480,375
17,1536,559
17,1397,365
17,1456,577
17,1534,508
17,1516,515
17,1493,514
17,1497,378
17,1585,526
17,1571,520
17,1565,121
17,1544,127
17,1603,149
17,1587,141
17,1587,112
17,1580,332
17,1619,53
17,1692,31
17,1613,175
17,1528,702
17,1515,652
17,1543,356
17,1604,358
17,1584,356
17,1623,426
17,1606,561
17,1591,572
17,1589,715
17,1577,721
17,1663,913
17,1675,892
17,1642,995
17,667,243
17,643,237
17,1766,189
17,1788,202
17,647,423
18,355,363
18,148,399
18,154,315
18,6,504
18,95,331
18,9,392
18,284,332
18,377,330
18,714,419
18,691,418
18,789,392
18,985,375
18,979,423
18,1199,421
18,1424,349
18,1512,324
18,1391,436
18,1484,363
18,1543,573
18,1397,365
18,1450,564
18,1535,526
18,1516,534
18,1495,535
18,1488,387
18,1581,534
18,1568,527
18,1565,120
18,1544,127
18,1601,164
18,1589,154
18,1587,124
18,1577,94
18,1575,339
18,1697,16
18,1616,161
18,1531,712
18,1516,664
18,1539,349
18,1609,343
18,1588,343
18,1623,415
18,1606,549
18,1591,561
18,1587,708
18,1575,714
18,1661,903
18,1670,877
18,1642,983
18,667,243
18,643,237
18,1766,189
18,1788,203
18,647,423
19,368,364
19,131,403
19,138,313
19,6,511
19,108,334
19,17,398
19,14,407
19,269,332
19,365,327
19,714,419
19,690,418
19,967,423
19,1211,421
19,1428,346
19,1520,314
19,1390,437
19,1492,352
19,1550,587
19,1397,365
19,1443,552
19,1535,545
19,1517,552
19,1497,556
19,1480,393
19,1577,542
19,1565,535
19,1564,120
19,1544,127
19,1600,179
19,1591,167
19,1586,137
19,1580,104
19,1571,345
19,1620,146
19,1533,721
19,1516,676
19,1536,344
19,1615,329
19,1592,330
19,1623,405
19,1607,536
19,1591,550
19,1586,702
19,1572,707
19,1659,892
19,1664,862
19,1643,971
19,667,243
19,643,237
19,1766,189
19,1788,203
19,647,422
20,382,364
20,114,405
20,121,313
20,744,408
20,6,517
20,121,336
20,29,404
20,27,415
20,253,330
20,352,326
20,714,419
20,689,417
20,956,423
20,1223,420
20,1433,344
20,1529,304
20,1389,438
20,1499,341
20,1556,601
20,1397,365
20,1439,540
20,1535,564
20,1517,571
20,1496,577
20,1472,397
20,1573,550
20,1563,543
20,1564,120
20,1544,128
20,1600,193
20,1592,182
20,1586,150
20,1584,114
20,1599,81
20,1566,350
20,1622,131
20,1517,688
20,1536,341
20,1620,315
20,1596,318
20,1624,393
20,1607,524
20,1591,539
20,1586,694
20,1572,699
20,1595,737
20,1635,809
20,1657,881
20,1659,847
20,1643,959
20,667,243
20,643,237
20,1766,189
20,1788,203
20,647,422
21,395,365
21,98,406
21,105,312
21,757,409
21,4,528
21,133,339
21,41,411
21,40,423
21,237,329
21,340,325
21,714,419
21,689,417
21,1295,412
21,945,423
21,1235,419
21,1439,343
21,1537,294
21,1389,439
21,1507,330
21,1563,615
21,1397,365
21,1434,528
21,1535,584
21,1517,590
21,1495,599
21,1465,400
21,1570,557
21,1559,551
21,1564,120
21,1544,131
21,1600,206
21,1592,197
21,1585,163
21,1587,125
21,1600,95
21,1561,355
21,1622,116
21,1519,699
21,1536,338
21,1624,300
21,1599,304
21,1627,380
21,1607,513
21,1591,527
21,1586,686
21,1572,691
21,1596,726
21,1629,800
21,1654,871
21,1642,946
21,1655,1062
21,1637,1065
21,667,243
21,643,237
21,1766,189
21,1788,204
21,647,422
22,409,365
22,82,406
22,88,312
22,771,410
22,4,538
22,146,342
22,52,418
22,54,431
22,221,327
22,327,324
22,714,420
22,688,416
22,1315,410
22,781,381
22,933,423
22,1247,419
22,1445,342
22,1544,283
22,1388,439
22,1514,319
22,1564,629
22,1397,365
22,1430,516
22,1535,603
22,1517,608
22,1502,621
22,1457,404
22,1567,565
22,1555,559
22,1564,120
22,1545,133
22,1600,220
22,1592,212
22,1585,177
22,1587,137
22,1602,109
22,1556,360
22,1622,101
22,1521,711
22,1535,334
22,1626,286
22,1602,289
22,1630,367
22,1606,501
22,1591,516
22,1586,677
22,1572,683
22,1596,714
22,1624,791
22,1650,861
22,1639,934
22,1654,1049
22,1636,1048
22,667,243
22,643,237
22,1766,189
22,1788,204
22,647,421
23,421,368
23,66,407
23,72,312
23,785,411
23,6,545
23,159,345
23,64,422
23,67,436
23,204,325
23,315,324
23,712,421
23,474,353
23,688,415
23,1334,408
23,923,422
23,1259,417
23,1450,341
23,1388,439
23,1523,308
23,1560,642
23,1397,365
23,1426,504
23,1535,620
23,1519,625
23,1509,642
23,1448,408
23,1565,573
23,1551,567
23,1564,120
23,1545,136
23,1600,234
23,1592,227
23,1585,191
23,1587,148
23,1604,124
23,1589,83
23,1551,365
23,1622,86
23,1535,331
23,1628,272
23,1605,275
23,1634,354
23,1605,489
23,1590,504
23,1586,669
23,1572,676
23,1597,703
23,1619,781
23,1646,851
23,1637,921
23,1653,1035
23,1635,1032
23,667,243
23,643,237
23,1766,189
23,1788,205
23,647,421
24,433,372
24,50,408
24,56,311
24,798,405
24,10,555
24,171,349
24,78,419
24,83,434
24,188,324
24,303,323
24,711,422
24,459,351
24,688,414
24,1353,406
24,913,422
24,1271,416
24,1456,339
24,1388,439
24,1531,297
24,1556,655
24,1397,365
24,1421,492
24,1538,632
24,1522,639
24,1514,661
24,1438,410
24,1562,581
24,1547,575
24,1564,120
24,1546,139
24,1600,247
24,1591,242
24,1585,205
24,1587,160
24,1606,138
24,1593,96
24,1546,369
24,1622,71
24,1534,330
24,1631,258
24,1608,260
24,1637,341
24,1605,477
24,1590,492
24,1586,661
24,1572,668
24,1598,691
24,1636,800
24,1652,1020
24,1635,1019
24,667,243
24,643,237
24,1766,189
24,1789,205
24,647,421
25,445,377
25,33,405
25,39,311
25,812,400
25,14,566
25,184,353
25,91,416
25,99,433
25,173,322
25,290,322
25,709,422
25,443,348
25,474,337
25,687,413
25,1372,404
25,904,421
25,1283,415
25,1462,338
25,1389,439
25,1540,286
25,1552,668
25,1397,365
25,1411,481
25,1540,645
25,1525,653
25,1519,680
25,1427,413
25,1559,589
25,1543,583
25,1565,120
25,1546,142
25,1600,261
25,1591,254
25,1585,219
25,1587,172
25,1608,152
25,1598,108
25,1538,369
25,1621,56
25,1534,330
25,1633,244
25,1611,245
25,1638,329
25,1605,465
25,1589,480
25,1586,653
25,1572,660
25,1598,680
25,1597,739
25,1630,792
25,1651,1004
25,1635,1005
25,667,243
25,643,237
25,1766,189
25,1789,205
25,647,420
26,456,381
26,16,403
26,21,310
26,826,395
26,18,577
26,196,354
26,104,414
26,115,431
26,157,320
26,278,321
26,709,421
26,428,346
26,457,333
26,687,412
26,1389,400
26,894,421
26,1295,413
26,1470,338
26,1389,439
26,1548,682
26,1397,365
26,1402,469
26,1538,660
26,1523,666
26,1526,700
26,1417,415
26,1557,597
26,1539,592
26,1565,121
26,1546,140
26,1600,275
26,1590,267
26,1586,234
26,1586,185
26,1609,165
26,1599,120
26,1580,96
26,1531,370
26,1534,330
26,1635,229
26,1614,231
26,1639,317
26,1607,453
26,1588,468
26,1586,645
26,1572,652
26,1599,668
26,1595,726
26,1624,785
26,1651,990
26,1635,991
26,1649,1061
26,667,243
26,643,237
26,1766,189
26,1789,206
26,646,420
27,470,383
27,840,395
27,22,587
27,208,356
27,117,409
27,127,423
27,142,318
27,266,321
27,708,420
27,413,344
27,440,329
27,475,362
27,474,346
27,687,411
27,1405,393
27,885,420
27,1307,411
27,1126,405
27,1478,338
27,1390,438
27,1547,698
27,1397,365
27,1392,459
27,1529,681
27,1514,684
27,1532,719
27,1407,418
27,1553,606
27,1538,602
27,1566,121
27,1546,137
27,1600,288
27,1589,279
27,1587,250
27,1586,199
27,1607,179
27,1600,132
27,1584,107
27,1538,321
27,1524,370
27,1534,330
27,1638,215
27,1617,216
27,1640,305
27,1608,442
27,1587,456
27,1586,637
27,1572,644
27,1601,655
27,1593,712
27,1601,744
27,1619,778
27,1651,977
27,1635,977
27,1647,1043
27,667,243
27,643,237
27,1766,189
27,1789,206
27,646,419
28,483,385
28,855,394
28,26,598
28,220,357
28,130,401
28,138,415
28,126,316
28,254,319
28,708,419
28,399,341
28,423,325
28,458,360
28,457,344
28,686,409
28,1421,387
28,875,420
28,1318,408
28,1137,409
28,1486,338
28,1390,438
28,1546,713
28,1397,365
28,1378,456
28,1529,696
28,1514,701
28,1397,416
28,1549,616
28,1534,612
28,1566,122
28,1546,134
28,1597,301
28,1589,292
28,1589,266
28,1585,212
28,1606,192
28,1600,143
28,1588,118
28,1548,328
28,1518,370
28,1534,330
28,1638,200
28,1618,200
28,1641,294
28,1609,430
28,1586,444
28,1587,628
28,1572,636
28,1602,642
28,1590,699
28,1601,730
28,1614,771
28,1652,965
28,1635,963
28,1691,1062
28,1639,1065
28,1645,1026
28,667,243
28,643,237
28,1766,189
28,1789,206
28,645,419
29,496,387
29,869,393
29,31,608
29,233,359
29,143,393
29,149,407
29,110,313
29,243,318
29,707,418
29,385,338
29,406,320
29,442,357
29,440,342
29,686,408
29,1437,380
29,866,420
29,1329,404
29,1148,412
29,1494,335
29,1391,438
29,1544,729
29,1397,365
29,1363,453
29,1530,712
29,1388,415
29,1545,625
29,1530,623
29,1567,122
29,1545,131
29,1595,315
29,1587,305
29,1589,281
29,1584,225
29,1605,206
29,1600,155
29,1593,130
29,1553,337
29,1511,370
29,1534,330
29,1639,185
29,1620,184
29,1643,282
29,1610,418
29,1586,433
29,1589,618
29,1572,626
29,1603,629
29,1588,684
29,1601,717
29,1609,764
29,1651,951
29,1633,949
29,1686,1046
29,1640,1049
29,1643,1009
29,667,243
29,643,237
29,1766,189
29,1789,207
29,645,418
30,510,389
30,883,392
30,39,618
30,5,581
30,246,361
30,155,385
30,161,401
30,94,310
30,232,317
30,707,417
30,371,334
30,390,315
30,425,355
30,423,340
30,686,407
30,1453,373
30,983,393
30,858,420
30,1340,400
30,1159,416
30,1501,330
30,1391,438
30,1397,365
30,1349,449
30,1379,414
30,1541,635
30,1526,635
30,1567,122
30,1545,127
30,1592,328
30,1584,318
30,1588,294
30,1582,238
30,1605,220
30,1599,168
30,1593,138
30,1555,351
30,1534,306
30,1505,370
30,1534,330
30,1640,170
30,1621,168
30,1644,270
30,1612,407
30,1588,420
30,1590,609
30,1573,616
30,1604,616
30,1585,669
30,1601,703
30,1604,757
30,1586,737
30,1571,731
30,1649,935
30,1631,933
30,1682,1031
30,1641,1032
30,1670,1068
30,1641,991
30,667,243
30,643,237
30,1766,189
30,1789,207
30,644,418
