1,572,532
1,578,512
1,577,492
1,546,467
1,499,474
1,502,445
1,556,433
1,459,443
1,435,486
1,402,428
1,365,453
1,388,431
1,436,462
1,489,415
1,516,409
1,494,392
1,440,507
1,428,519
1,318,406
1,293,376
1,278,381
1,627,574
1,641,560
1,507,568
1,404,399
1,387,382
1,398,359
1,397,379
1,489,628
1,377,681
1,216,689
1,216,704
1,187,721
1,212,728
1,223,717
1,333,689
1,328,676
1,347,686
1,589,573
1,525,611
1,593,597
1,460,518
1,611,825
1,637,812
1,603,1061
1,626,1064
1,566,1065
1,659,57
1,1257,774
1,1246,782
1,1233,808
1,1254,809
1,1227,831
1,1238,831
1,1247,844
1,1258,857
1,1240,859
1,1230,871
1,1214,871
1,1217,893
1,1198,879
1,1198,805
1,1216,594
1,1182,861
1,1198,859
1,1168,847
1,1170,801
1,1234,908
1,1249,893
1,1240,927
1,1241,1020
1,1244,967
1,1162,824
1,1140,848
1,1222,880
1,1176,752
1,1153,802
1,1140,815
1,1023,873
1,997,866
1,1018,855
1,1009,845
1,1021,844
1,1030,854
1,1016,822
1,1031,832
1,1041,828
1,1046,821
1,1057,823
1,1056,832
1,1051,809
1,1033,824
1,1031,805
1,1005,799
1,1018,783
1,1065,803
1,1083,806
1,1089,758
1,1069,764
1,1079,783
1,1054,756
1,1065,781
1,1127,781
1,1108,834
1,1084,825
1,1072,832
1,1100,775
1,1112,768
1,995,779
1,1067,815
1,994,825
1,1016,834
1,1052,793
1,1122,803
1,1138,803
1,1120,832
1,1024,795
1,981,855
1,984,843
1,995,842
1,981,856
1,992,866
1,1335,459
1,1322,451
1,1237,569
1,1309,421
1,1354,416
1,1317,395
1,1276,394
1,1290,400
1,1325,408
1,1374,408
1,1255,380
1,1264,381
1,1253,361
1,1241,372
1,1352,402
1,1318,579
1,1514,408
1,1488,403
1,1475,406
1,1459,403
1,1429,402
1,1443,404
1,1248,220
1,1261,206
1,1256,189
1,1247,305
1,1262,259
1,1258,267
1,1658,585
1,1608,574
1,1619,562
1,1627,596
1,1642,606
1,1615,606
1,1631,614
1,1270,584
1,1275,570
1,1301,593
1,1288,592
1,1262,554
1,1235,602
1,1301,380
1,1571,407
1,1258,131
1,1270,121
1,1215,396
1,1402,431
1,1616,420
1,668,35
1,643,270
1,214,373
1,290,426
1,1518,616
1,1524,608
1,1534,613
1,1298,401
1,1324,433
1,1239,67
1,1241,581
1,533,623
1,483,524
1,498,534
1,687,1005
1,499,514
1,380,711
1,244,713
1,257,726
1,266,697
1,176,684
1,1187,807
1,1089,815
1,1243,985
1,352,695
1,419,604
1,396,622
1,288,672
1,1077,813
1,1219,851
1,1043,840
1,1043,848
1,1080,794
1,227,356
1,1018,809
1,1004,812
2,583,545
2,575,504
2,572,485
2,539,460
2,497,470
2,497,438
2,548,427
2,453,436
2,432,481
2,400,425
2,357,448
2,387,432
2,436,456
2,485,409
2,510,400
2,481,386
2,428,496
2,418,513
2,310,405
2,306,381
2,295,389
2,620,569
2,638,552
2,508,555
2,393,405
2,385,388
2,394,359
2,394,378
2,482,632
2,373,677
2,205,692
2,222,707
2,193,723
2,220,730
2,231,721
2,335,696
2,335,683
2,381,692
2,581,570
2,537,618
2,589,594
2,459,507
2,616,829
2,637,812
2,606,1070
2,627,1056
2,566,1065
2,661,51
2,1259,778
2,1254,787
2,1238,813
2,1254,808
2,1229,831
2,1239,832
2,1247,844
2,1259,854
2,1246,867
2,1230,868
2,1222,878
2,1226,896
2,1204,884
2,1201,796
2,1224,588
2,1191,872
2,1209,869
2,1174,859
2,1175,796
2,1237,916
2,1258,899
2,1242,933
2,1243,1019
2,1251,976
2,1165,832
2,1150,854
2,1231,888
2,1164,811
2,1149,814
2,1024,872
2,1006,865
2,1020,856
2,1014,844
2,1026,843
2,1034,854
2,1021,818
2,1034,833
2,1043,828
2,1053,819
2,1064,821
2,1069,834
2,1061,810
2,1033,819
2,1041,809
2,998,801
2,1014,782
2,1064,803
2,1083,804
2,1099,765
2,1084,769
2,1077,782
2,1070,756
2,1065,782
2,1142,787
2,1116,838
2,1093,830
2,1082,834
2,1112,783
2,1122,774
2,983,781
2,1076,819
2,999,821
2,1019,833
2,1049,791
2,1133,805
2,1151,801
2,1135,839
2,1013,797
2,988,861
2,983,844
2,998,842
2,981,856
2,992,866
2,1340,463
2,1328,454
2,1247,569
2,1310,428
2,1356,418
2,1320,403
2,1276,394
2,1293,401
2,1336,420
2,1374,407
2,1255,379
2,1266,381
2,1253,361
2,1240,373
2,1351,403
2,1316,587
2,1514,408
2,1488,403
2,1475,406
2,1459,403
2,1429,402
2,1443,404
2,1248,220
2,1261,205
2,1255,189
2,1247,305
2,1262,259
2,1258,267
2,1680,592
2,1636,574
2,1647,562
2,1627,596
2,1642,606
2,1615,606
2,1621,616
2,1279,583
2,1283,571
2,1300,604
2,1286,603
2,1266,552
2,1309,389
2,1571,406
2,1258,131
2,1269,121
2,1217,385
2,1401,433
2,1616,420
2,671,23
2,651,261
2,214,373
2,278,418
2,1517,615
2,1524,608
2,1534,613
2,1298,401
2,1324,434
2,1238,67
2,1247,581
2,546,633
2,489,536
2,499,542
2,683,1029
2,500,526
2,391,716
2,252,715
2,267,728
2,263,697
2,161,690
2,1192,812
2,1103,817
2,1248,993
2,361,699
2,422,604
2,401,624
2,288,672
2,1088,817
2,1210,859
2,1050,841
2,1045,846
2,1079,794
2,217,357
2,1024,811
2,1012,811
3,592,555
3,567,493
3,565,476
3,533,453
3,488,463
3,492,431
3,539,421
3,443,431
3,426,473
3,397,423
3,347,444
3,385,428
3,434,446
3,477,403
3,501,392
3,467,379
3,420,488
3,410,506
3,298,404
3,316,387
3,305,393
3,615,556
3,636,543
3,514,540
3,369,407
3,379,388
3,391,359
3,392,377
3,467,630
3,369,674
3,191,694
3,231,711
3,200,727
3,228,730
3,240,722
3,347,706
3,347,691
3,366,702
3,572,566
3,545,623
3,582,586
3,458,494
3,623,837
3,637,812
3,626,1049
3,566,1065
3,665,39
3,1259,779
3,1253,787
3,1240,814
3,1254,808
3,1229,831
3,1240,833
3,1247,844
3,1258,847
3,1249,871
3,1231,864
3,1230,884
3,1229,900
3,1214,888
3,1199,786
3,1239,587
3,1196,874
3,1216,875
3,1180,867
3,1182,788
3,1239,924
3,1260,907
3,1246,939
3,1242,1024
3,1254,986
3,1175,842
3,1157,861
3,1240,896
3,1170,821
3,1151,811
3,1025,871
3,1012,862
3,1021,856
3,1015,843
3,1028,841
3,1034,855
3,1023,818
3,1038,834
3,1046,829
3,1055,820
3,1069,823
3,1076,835
3,1066,812
3,1038,818
3,1048,808
3,988,804
3,999,782
3,1056,801
3,1078,803
3,1104,767
3,1090,771
3,1068,776
3,1080,756
3,1054,780
3,1149,794
3,1122,838
3,1102,832
3,1089,836
3,1118,785
3,1127,777
3,1081,820
3,1001,820
3,1020,832
3,1035,786
3,1140,807
3,1161,802
3,1139,842
3,1006,799
3,993,863
3,983,845
3,1002,839
3,981,856
3,992,866
3,1334,466
3,1326,457
3,1254,569
3,1300,438
3,1358,420
3,1318,413
3,1276,394
3,1292,401
3,1340,426
3,1374,407
3,1255,379
3,1268,382
3,1253,361
3,1240,375
3,1351,405
3,1313,595
3,1514,408
3,1488,403
3,1475,406
3,1459,403
3,1429,402
3,1443,404
3,1248,220
3,1261,205
3,1255,189
3,1247,306
3,1262,259
3,1259,268
3,1695,591
3,1665,572
3,1674,562
3,1627,596
3,1642,606
3,1616,606
3,1622,616
3,1290,585
3,1291,573
3,1282,608
3,1268,548
3,1311,398
3,1571,406
3,1258,131
3,1269,121
3,1214,367
3,1396,438
3,1617,421
3,674,17
3,653,255
3,214,373
3,265,409
3,1517,615
3,1524,608
3,1534,613
3,1298,401
3,1324,436
3,1238,67
3,1257,581
3,543,378
3,559,376
3,559,640
3,497,542
3,502,552
3,681,1040
3,496,535
3,395,710
3,261,717
3,273,728
3,254,698
3,149,690
3,86,670
3,1198,816
3,1110,825
3,1248,1001
3,377,696
3,422,602
3,400,623
3,288,672
3,1094,815
3,1202,856
3,1054,838
3,1048,844
3,1072,793
3,206,357
3,1032,810
3,1014,810
4,599,563
4,558,485
4,560,469
4,525,445
4,483,455
4,487,423
4,527,414
4,433,424
4,422,463
4,393,414
4,335,440
4,383,424
4,433,442
4,472,395
4,493,383
4,455,373
4,405,480
4,398,497
4,292,406
4,324,390
4,317,399
4,611,542
4,625,535
4,510,534
4,352,407
4,375,387
4,379,359
4,395,377
4,457,632
4,361,674
4,175,693
4,235,714
4,204,727
4,234,728
4,245,720
4,354,710
4,352,696
4,367,704
4,562,558
4,553,625
4,580,569
4,452,480
4,628,845
4,637,812
4,623,1038
4,566,1065
4,663,33
4,1260,781
4,1252,787
4,1242,815
4,1254,808
4,1229,831
4,1241,835
4,1247,844
4,1260,845
4,1248,878
4,1227,863
4,1237,890
4,1232,905
4,1219,890
4,1197,775
4,1246,586
4,1202,877
4,1223,879
4,1184,875
4,1187,781
4,1242,926
4,1258,911
4,1247,943
4,1241,1019
4,1254,994
4,1182,853
4,1165,859
4,1244,901
4,1175,831
4,1157,808
4,1028,869
4,1015,864
4,1022,852
4,1017,840
4,1031,839
4,1035,852
4,1027,818
4,1043,833
4,1050,827
4,1061,819
4,1075,825
4,1081,836
4,1074,813
4,1042,817
4,1054,809
4,987,783
4,1052,801
4,1075,806
4,1110,768
4,1095,773
4,1056,772
4,1088,756
4,1047,777
4,1153,792
4,1130,840
4,1114,834
4,1094,838
4,1126,787
4,1134,779
4,1087,821
4,1004,819
4,1022,829
4,1023,784
4,1144,804
4,1167,799
4,1145,846
4,994,796
4,1002,860
4,983,847
4,1003,834
4,981,856
4,992,866
4,1330,468
4,1326,457
4,1253,566
4,1299,440
4,1358,420
4,1316,423
4,1276,394
4,1292,401
4,1344,433
4,1374,407
4,1255,379
4,1270,383
4,1253,361
4,1240,376
4,1351,406
4,1308,602
4,1514,409
4,1488,403
4,1475,406
4,1459,403
4,1429,402
4,1443,404
4,1249,220
4,1261,205
4,1255,189
4,1247,307
4,1262,259
4,1259,269
4,1710,590
4,1691,571
4,1701,562
4,1627,596
4,1642,606
4,1617,607
4,1623,616
4,1302,583
4,1293,572
4,1270,541
4,1313,402
4,1572,406
4,1258,131
4,1269,122
4,1214,353
4,1394,437
4,1618,422
4,655,248
4,214,373
4,247,405
4,1516,615
4,1524,608
4,1534,613
4,1298,401
4,1325,437
4,1238,68
4,1261,581
4,547,386
4,561,383
4,479,552
4,501,561
4,674,1056
4,499,545
4,401,703
4,266,716
4,279,729
4,246,700
4,139,694
4,97,678
4,1200,824
4,1115,824
4,1249,1007
4,393,694
4,422,600
4,399,623
4,288,672
4,1104,810
4,1200,857
4,1059,836
4,1046,846
4,1067,792
4,194,358
4,1034,810
4,1016,807
5,606,573
5,550,476
5,553,461
5,519,436
5,473,449
5,476,415
5,516,408
5,423,417
5,421,452
5,389,412
5,326,436
5,378,421
5,430,435
5,462,390
5,485,377
5,448,368
5,394,474
5,390,489
5,282,406
5,335,393
5,324,402
5,606,539
5,621,527
5,512,525
5,338,410
5,371,387
5,377,361
5,396,379
5,445,636
5,347,676
5,164,695
5,240,717
5,208,728
5,238,728
5,255,727
5,364,715
5,359,704
5,379,715
5,554,557
5,565,631
5,574,553
5,443,470
5,634,850
5,637,812
5,620,1027
5,566,1065
5,668,29
5,1260,783
5,1251,787
5,1243,815
5,1252,808
5,1229,831
5,1241,835
5,1247,844
5,1262,845
5,1247,884
5,1230,862
5,1243,894
5,1234,911
5,1224,892
5,1196,765
5,1251,592
5,1209,879
5,1222,878
5,1190,881
5,1188,773
5,1246,929
5,1246,946
5,1239,1044
5,1256,1002
5,1185,860
5,1171,861
5,1249,906
5,1180,839
5,1167,807
5,1028,866
5,1015,866
5,1024,849
5,1018,835
5,1033,838
5,1037,849
5,1027,816
5,1047,833
5,1054,824
5,1068,815
5,1077,823
5,1092,837
5,1083,811
5,1046,814
5,1058,808
5,1042,797
5,1070,800
5,1117,766
5,1107,778
5,1050,771
5,1101,755
5,1038,778
5,1157,794
5,1134,840
5,1118,834
5,1102,834
5,1134,789
5,1143,780
5,1097,820
5,1005,818
5,1023,827
5,1010,785
5,1148,803
5,1173,797
5,1154,846
5,1006,860
5,990,846
5,1007,831
5,981,856
5,992,866
5,1330,471
5,1319,459
5,1258,565
5,1298,443
5,1358,420
5,1309,434
5,1276,394
5,1292,401
5,1346,440
5,1374,407
5,1255,379
5,1269,384
5,1253,361
5,1240,378
5,1351,408
5,1301,605
5,1514,409
5,1488,403
5,1475,406
5,1459,403
5,1429,402
5,1443,404
5,1249,220
5,1261,205
5,1255,189
5,1247,308
5,1262,259
5,1260,269
5,1724,593
5,1716,572
5,1728,562
5,1627,596
5,1642,606
5,1618,607
5,1624,616
5,1312,581
5,1295,571
5,1342,610
5,1275,533
5,1316,407
5,1572,406
5,1258,131
5,1268,122
5,1213,338
5,1393,435
5,1611,409
5,1619,423
5,654,240
5,215,373
5,236,398
5,1516,615
5,1524,608
5,1534,613
5,1298,401
5,1325,439
5,1238,68
5,1263,577
5,546,393
5,560,389
5,476,562
5,500,570
5,496,552
5,276,714
5,288,729
5,239,698
5,125,696
5,103,686
5,1203,829
5,1120,820
5,1247,1012
5,396,692
5,398,664
5,424,599
5,399,623
5,289,672
5,1114,807
5,1196,850
5,1067,832
5,1050,846
5,1061,787
5,183,359
5,1037,809
5,1023,804
6,611,584
6,544,471
6,547,452
6,515,428
6,466,440
6,468,411
6,506,403
6,414,414
6,421,446
6,385,405
6,314,433
6,374,419
6,428,429
6,454,385
6,475,372
6,433,365
6,384,463
6,378,480
6,270,401
6,343,396
6,329,406
6,599,527
6,611,514
6,512,506
6,321,411
6,372,389
6,377,361
6,399,375
6,434,640
6,342,675
6,147,698
6,246,715
6,215,728
6,241,728
6,260,729
6,370,722
6,366,710
6,386,722
6,545,555
6,572,636
6,569,539
6,436,461
6,635,855
6,638,812
6,618,1019
6,566,1065
6,621,1073
6,670,21
6,1261,785
6,1250,787
6,1245,816
6,1250,809
6,1229,831
6,1241,835
6,1247,844
6,1250,888
6,1230,861
6,1247,899
6,1237,916
6,1230,894
6,1260,594
6,1211,885
6,1222,878
6,1195,886
6,1191,762
6,1247,936
6,1245,950
6,1238,1052
6,1256,1013
6,1191,866
6,1175,867
6,1253,913
6,1179,850
6,1179,799
6,1028,861
6,1017,864
6,1024,847
6,1020,836
6,1034,833
6,1038,848
6,1031,814
6,1049,827
6,1058,823
6,1075,813
6,1089,823
6,1097,837
6,1089,808
6,1050,814
6,1063,807
6,1037,797
6,1066,797
6,1124,766
6,1118,775
6,1044,770
6,1113,755
6,1028,772
6,1166,802
6,1144,846
6,1127,832
6,1109,836
6,1140,786
6,1150,782
6,1106,819
6,1010,817
6,1023,825
6,998,786
6,1153,804
6,1178,788
6,1160,851
6,1007,855
6,995,844
6,1005,829
6,981,856
6,992,866
6,1330,475
6,1317,461
6,1265,569
6,1297,447
6,1358,420
6,1312,446
6,1276,394
6,1291,402
6,1351,448
6,1374,407
6,1255,379
6,1268,385
6,1253,361
6,1240,380
6,1351,407
6,1297,607
6,1515,410
6,1488,403
6,1475,406
6,1459,403
6,1429,402
6,1443,404
6,1249,220
6,1261,205
6,1255,189
6,1247,309
6,1262,259
6,1260,270
6,1741,593
6,1738,573
6,1756,564
6,1627,596
6,1642,606
6,1619,607
6,1625,617
6,1322,579
6,1300,568
6,1343,609
6,1280,526
6,1317,414
6,1572,405
6,1258,131
6,1268,122
6,1215,319
6,1395,438
6,1612,420
6,1623,420
6,649,231
6,215,374
6,220,392
6,1515,615
6,1524,608
6,1534,613
6,1298,401
6,1326,440
6,1238,68
6,1271,579
6,680,642
6,546,401
6,559,396
6,532,637
6,484,569
6,499,583
6,493,559
6,283,711
6,298,728
6,237,695
6,112,698
6,113,686
6,1207,836
6,1125,822
6,1250,1023
6,390,661
6,423,600
6,398,623
6,289,672
6,1120,805
6,1193,847
6,1074,834
6,1052,844
6,1052,787
6,165,364
6,1042,807
6,1018,806
7,617,595
7,536,458
7,541,445
7,501,422
7,459,433
7,462,405
7,496,396
7,405,412
7,417,440
7,383,407
7,308,431
7,372,417
7,422,424
7,451,378
7,462,366
7,418,363
7,378,457
7,363,473
7,260,394
7,348,402
7,335,410
7,595,519
7,599,504
7,514,495
7,305,410
7,373,389
7,378,362
7,401,368
7,423,644
7,332,677
7,128,703
7,253,716
7,225,728
7,245,729
7,260,729
7,377,730
7,374,716
7,392,731
7,542,551
7,579,639
7,562,521
7,433,453
7,636,861
7,638,812
7,616,1007
7,565,1060
7,619,1068
7,672,14
7,1261,786
7,1249,787
7,1247,817
7,1248,809
7,1229,831
7,1242,835
7,1247,844
7,1253,893
7,1230,860
7,1249,904
7,1240,921
7,1234,899
7,1270,595
7,1216,888
7,1223,879
7,1199,892
7,1191,755
7,1249,940
7,1246,956
7,1236,1059
7,1255,1019
7,1197,872
7,1178,872
7,1256,917
7,1182,855
7,1189,791
7,1027,858
7,1017,863
7,1026,845
7,1019,831
7,1037,832
7,1040,845
7,1034,813
7,1053,827
7,1064,823
7,1082,800
7,1094,822
7,1101,834
7,1096,802
7,1054,812
7,1068,806
7,1024,793
7,1063,797
7,1130,768
7,1124,777
7,1027,763
7,1122,755
7,1023,775
7,1172,805
7,1149,850
7,1137,834
7,1115,835
7,1146,787
7,1155,784
7,1112,817
7,1008,813
7,1028,822
7,1156,803
7,1177,776
7,1163,852
7,1009,852
7,998,839
7,1007,828
7,989,857
7,992,866
7,1327,479
7,1316,466
7,1268,571
7,1296,445
7,1363,421
7,1314,453
7,1276,394
7,1291,402
7,1346,456
7,1375,407
7,1255,379
7,1266,385
7,1253,361
7,1240,379
7,1351,407
7,1515,410
7,1488,403
7,1475,406
7,1459,403
7,1429,402
7,1443,404
7,1250,221
7,1262,205
7,1255,189
7,1248,310
7,1262,259
7,1261,271
7,1754,594
7,1763,577
7,1774,568
7,1627,596
7,1642,606
7,1620,608
7,1626,617
7,1332,572
7,1304,556
7,1339,599
7,1289,515
7,1315,421
7,1573,405
7,1258,131
7,1268,123
7,1214,304
7,1395,438
7,1606,422
7,1627,417
7,650,221
7,215,374
7,208,386
7,1515,615
7,1524,608
7,1534,613
7,1298,401
7,1326,442
7,1238,69
7,1277,583
7,674,636
7,549,412
7,565,406
7,529,636
7,478,570
7,495,590
7,487,560
7,287,712
7,302,730
7,229,698
7,96,699
7,120,687
7,1208,844
7,1135,821
7,1252,1027
7,382,662
7,423,601
7,398,624
7,289,672
7,1133,807
7,1187,842
7,1079,832
7,1051,841
7,1040,786
7,153,367
7,202,349
7,1046,805
7,1023,804
8,623,606
8,531,450
8,534,437
8,492,417
8,453,427
8,455,400
8,487,390
8,399,415
8,416,435
8,377,405
8,297,426
8,368,411
8,418,416
8,444,376
8,450,364
8,409,361
8,366,449
8,353,462
8,252,396
8,355,411
8,345,416
8,582,510
8,591,497
8,516,486
8,294,409
8,375,389
8,378,362
8,390,372
8,412,646
8,323,679
8,111,705
8,256,717
8,229,727
8,247,728
8,261,730
8,386,737
8,382,721
8,536,553
8,554,513
8,428,441
8,633,861
8,638,812
8,613,998
8,568,1046
8,616,1058
8,674,10
8,1256,791
8,1248,787
8,1248,818
8,1247,810
8,1230,832
8,1242,835
8,1247,844
8,1255,899
8,1231,860
8,1252,912
8,1244,925
8,1238,904
8,1279,597
8,1220,890
8,1223,880
8,1208,893
8,1252,942
8,1241,959
8,1236,1070
8,1254,1025
8,1199,877
8,1183,875
8,1257,924
8,1185,861
8,1194,774
8,1028,857
8,1018,859
8,1029,842
8,1024,828
8,1039,827
8,1045,841
8,1037,809
8,1058,824
8,1068,820
8,1092,792
8,1101,817
8,1107,833
8,1104,801
8,1058,810
8,1070,806
8,1015,790
8,1055,792
8,1140,767
8,1131,778
8,1020,766
8,1134,758
8,1012,777
8,1181,812
8,1154,858
8,1143,834
8,1125,836
8,1150,789
8,1161,785
8,1119,816
8,1010,812
8,1030,819
8,1154,801
8,1181,769
8,1167,854
8,1013,850
8,1002,838
8,1010,827
8,993,855
8,1000,863
8,1324,481
8,1316,469
8,1266,567
8,1295,445
8,1368,422
8,1322,459
8,1276,394
8,1291,402
8,1344,463
8,1375,407
8,1255,379
8,1267,386
8,1253,361
8,1240,379
8,1351,406
8,1515,411
8,1488,403
8,1475,406
8,1459,403
8,1429,402
8,1443,404
8,1249,221
8,1262,205
8,1255,189
8,1247,309
8,1262,259
8,1261,271
8,1764,593
8,1784,580
8,1794,572
8,1627,596
8,1642,606
8,1620,608
8,1627,617
8,1342,561
8,1308,545
8,1341,596
8,1300,509
8,1310,425
8,1573,405
8,1258,131
8,1267,123
8,1214,287
8,1395,439
8,1598,426
8,1637,414
8,649,213
8,216,374
8,196,381
8,1514,615
8,1524,608
8,1534,613
8,1298,402
8,1327,444
8,1238,69
8,1321,611
8,1275,579
8,664,627
8,557,421
8,572,417
8,528,636
8,474,568
8,489,602
8,484,560
8,291,713
8,310,729
8,222,700
8,83,701
8,123,689
8,1208,850
8,1139,818
8,371,663
8,421,601
8,398,624
8,290,672
8,1138,799
8,1184,839
8,1087,832
8,1057,835
8,1034,786
8,142,365
8,198,354
8,1052,805
8,1024,807
9,623,616
9,522,444
9,524,430
9,486,414
9,445,423
9,448,390
9,477,387
9,387,420
9,408,427
9,371,403
9,285,424
9,361,409
9,414,406
9,431,371
9,440,362
9,400,361
9,352,441
9,341,456
9,241,393
9,360,425
9,347,423
9,571,503
9,588,491
9,522,471
9,275,408
9,377,386
9,379,363
9,398,373
9,401,649
9,318,681
9,96,706
9,260,716
9,235,728
9,247,727
9,262,731
9,389,727
9,528,556
9,545,496
9,425,436
9,635,857
9,638,812
9,608,988
9,575,1037
9,613,1045
9,1256,791
9,1248,789
9,1250,819
9,1242,812
9,1230,832
9,1242,835
9,1248,844
9,1231,859
9,1255,918
9,1246,932
9,1239,908
9,1287,600
9,1226,893
9,1224,881
9,1213,899
9,1254,946
9,1243,965
9,1235,1072
9,1251,1032
9,1202,881
9,1187,879
9,1258,929
9,1189,867
9,1191,757
9,1030,855
9,1020,857
9,1030,839
9,1027,826
9,1046,825
9,1048,839
9,1039,805
9,1063,820
9,1074,820
9,1106,781
9,1107,812
9,1113,832
9,1110,800
9,1064,809
9,1076,805
9,1003,788
9,1048,789
9,1146,766
9,1137,778
9,1010,763
9,1004,774
9,1187,816
9,1163,861
9,1147,836
9,1128,838
9,1152,789
9,1170,787
9,1124,814
9,1013,809
9,1032,816
9,1160,802
9,1179,758
9,1172,856
9,1016,847
9,1003,838
9,1013,824
9,998,853
9,1004,862
9,1328,489
9,1315,476
9,1267,564
9,1295,445
9,1373,424
9,1327,464
9,1276,394
9,1291,403
9,1346,467
9,1375,407
9,1255,379
9,1266,385
9,1254,361
9,1240,378
9,1351,406
9,1515,411
9,1488,403
9,1475,406
9,1459,403
9,1429,402
9,1443,404
9,1249,222
9,1262,205
9,1255,189
9,1247,309
9,1262,259
9,1261,271
9,1776,592
9,1806,583
9,1816,575
9,1627,596
9,1642,606
9,1620,608
9,1628,618
9,1354,558
9,1311,538
9,1343,594
9,1303,501
9,1314,427
9,1573,405
9,1258,131
9,1267,123
9,1212,271
9,1397,436
9,1588,430
9,1653,416
9,650,202
9,216,374
9,181,377
9,1514,615
9,1524,608
9,1534,613
9,1298,402
9,1329,448
9,1238,69
9,1323,610
9,1278,578
9,658,617
9,1203,599
9,1218,605
9,559,429
9,575,433
9,528,635
9,470,567
9,493,607
9,485,556
9,299,710
9,313,726
9,212,701
9,67,701
9,135,689
9,1213,857
9,1145,820
9,364,665
9,420,601
9,397,624
9,383,680
9,290,672
9,1142,798
9,1180,839
9,1095,833
9,1062,834
9,1027,785
9,133,374
9,183,354
9,209,358
9,1054,804
9,1026,805
10,627,627
10,517,435
10,515,420
10,477,406
10,437,420
10,441,384
10,467,383
10,383,423
10,408,424
10,362,398
10,276,423
10,355,407
10,405,403
10,425,366
10,431,358
10,399,365
10,343,436
10,329,450
10,230,389
10,367,432
10,354,430
10,563,499
10,586,486
10,524,462
10,262,404
10,379,384
10,380,372
10,394,374
10,395,652
10,314,684
10,84,704
10,265,715
10,240,719
10,248,727
10,264,731
10,522,563
10,541,484
10,421,423
10,634,858
10,639,812
10,608,979
10,572,1031
10,613,1033
10,570,1068
10,612,811
10,1256,791
10,1248,790
10,1251,818
10,1240,812
10,1230,832
10,1243,836
10,1248,844
10,1232,859
10,1248,939
10,1240,915
10,1296,604
10,1232,899
10,1224,882
10,1216,902
10,1252,951
10,1244,970
10,1253,1038
10,1207,884
10,1190,884
10,1194,872
10,1033,853
10,1019,853
10,1030,834
10,1029,824
10,1051,826
10,1054,835
10,1043,802
10,1067,820
10,1079,819
10,1114,770
10,1114,808
10,1120,831
10,1121,801
10,1069,807
10,1086,802
10,993,788
10,1038,789
10,1151,766
10,1141,779
10,1004,766
10,998,776
10,1197,826
10,1168,863
10,1153,840
10,1136,841
10,1163,790
10,1177,792
10,1132,812
10,1016,803
10,1036,816
10,1165,805
10,1179,857
10,1016,841
10,1005,834
10,1015,820
10,1003,851
10,1010,861
10,1329,497
10,1316,488
10,1272,567
10,1294,445
10,1380,423
10,1329,472
10,1276,394
10,1290,403
10,1346,469
10,1375,407
10,1255,379
10,1266,386
10,1254,361
10,1240,378
10,1351,406
10,1516,412
10,1488,403
10,1475,406
10,1459,403
10,1429,402
10,1443,404
10,1249,222
10,1262,205
10,1255,189
10,1247,309
10,1262,259
10,1261,271
10,1791,592
10,1828,588
10,1835,578
10,1627,596
10,1642,606
10,1620,608
10,1629,618
10,1362,549
10,1319,527
10,1342,592
10,1307,495
10,1314,425
10,1574,405
10,1258,131
10,1267,123
10,1215,252
10,1399,434
10,1575,430
10,1660,415
10,651,197
10,216,374
10,166,375
10,1514,615
10,1524,608
10,1534,613
10,1298,402
10,1328,449
10,1238,70
10,1325,609
10,1282,576
10,646,606
10,1212,595
10,1226,601
10,561,438
10,581,443
10,528,634
10,469,562
10,497,611
10,672,639
10,489,557
10,308,712
10,317,728
10,206,703
10,49,701
10,149,688
10,1211,858
10,1151,826
10,544,373
10,561,377
10,352,667
10,419,601
10,397,624
10,377,683
10,290,672
10,1149,793
10,1202,1076
10,1174,832
10,1103,834
10,1073,830
10,1019,787
10,118,372
10,173,356
10,196,363
10,1063,799
10,1028,803
11,635,635
11,508,428
11,508,410
11,469,398
11,428,415
11,435,378
11,458,378
11,365,424
11,396,415
11,357,395
11,267,419
11,351,404
11,395,398
11,416,364
11,332,430
11,317,443
11,220,387
11,376,439
11,361,440
11,558,489
11,572,475
11,521,449
11,252,399
11,376,385
11,380,372
11,392,372
11,378,656
11,308,686
11,70,703
11,270,715
11,242,716
11,249,726
11,265,730
11,517,566
11,537,472
11,414,409
11,632,860
11,639,812
11,610,971
11,570,1027
11,611,1024
11,572,1059
11,609,827
11,1256,791
11,1248,791
11,1252,818
11,1238,812
11,1230,832
11,1242,835
11,1248,844
11,1232,858
11,1250,944
11,1239,920
11,1304,610
11,1236,902
11,1225,883
11,1221,899
11,1251,957
11,1242,974
11,1254,1044
11,1209,890
11,1193,883
11,1199,878
11,1035,851
11,1020,851
11,1032,832
11,1031,824
11,1056,822
11,1055,834
11,1048,798
11,1075,819
11,1089,816
11,1124,761
11,1114,797
11,1128,833
11,1128,800
11,1078,804
11,1094,801
11,1028,785
11,1159,769
11,1149,776
11,992,766
11,989,776
11,1199,835
11,1180,866
11,1157,843
11,1142,844
11,1170,792
11,1182,795
11,1138,808
11,1019,803
11,1042,818
11,1167,805
11,1184,861
11,1018,840
11,1008,829
11,1015,818
11,1005,849
11,1010,860
11,1326,505
11,1320,495
11,1276,569
11,1294,446
11,1386,421
11,1337,486
11,1276,394
11,1290,403
11,1337,472
11,1375,407
11,1255,379
11,1266,384
11,1254,361
11,1240,378
11,1351,405
11,1516,412
11,1488,403
11,1475,406
11,1459,403
11,1429,402
11,1443,404
11,1249,223
11,1262,205
11,1255,189
11,1247,309
11,1262,259
11,1262,271
11,1812,588
11,1846,590
11,1850,582
11,1627,596
11,1642,606
11,1620,608
11,1630,618
11,1373,539
11,1323,521
11,1336,587
11,1311,489
11,1315,426
11,1575,405
11,1258,131
11,1267,123
11,1215,239
11,1402,432
11,1564,432
11,1671,416
11,652,184
11,217,375
11,154,374
11,1514,615
11,1524,608
11,1534,613
11,1298,402
11,1328,451
11,1237,70
11,1324,602
11,1288,578
11,639,596
11,1219,592
11,1234,598
11,569,442
11,584,446
11,523,632
11,467,558
11,502,616
11,665,630
11,487,555
11,315,711
11,323,728
11,195,702
11,41,697
11,159,694
11,618,1068
11,1209,859
11,1154,829
11,543,383
11,558,390
11,341,667
11,420,601
11,397,625
11,371,682
11,291,672
11,1155,789
11,1203,1062
11,1169,830
11,1106,833
11,1079,832
11,1011,790
11,648,23
11,105,370
11,165,358
11,184,367
11,1069,793
11,1037,799
12,641,641
12,501,423
12,503,400
12,460,394
12,422,412
12,425,371
12,449,372
12,354,423
12,390,409
12,354,395
12,261,417
12,346,401
12,388,395
12,408,361
12,323,421
12,309,434
12,210,385
12,382,449
12,370,452
12,551,483
12,563,471
12,520,442
12,242,397
12,373,386
12,381,372
12,393,372
12,368,657
12,294,691
12,57,704
12,277,720
12,246,710
12,250,726
12,266,729
12,503,575
12,531,463
12,414,398
12,635,858
12,639,812
12,613,966
12,572,1019
12,609,1009
12,579,1045
12,605,834
12,1257,791
12,1249,792
12,1253,817
12,1236,813
12,1230,832
12,1241,834
12,1248,844
12,1233,858
12,1250,950
12,1240,926
12,1241,905
12,1233,890
12,1226,900
12,1253,963
12,1242,979
12,1255,1049
12,1213,888
12,1197,883
12,1201,877
12,1039,848
12,1024,850
12,1036,831
12,1035,820
12,1065,823
12,1063,834
12,1056,792
12,1081,815
12,1096,814
12,1135,749
12,1121,787
12,1134,833
12,1132,801
12,1087,799
12,1100,799
12,1022,784
12,1168,771
12,1156,776
12,984,775
12,1199,841
12,1185,869
12,1168,844
12,1148,847
12,1178,798
12,1190,804
12,1148,804
12,1026,795
12,1045,815
12,1170,802
12,1190,858
12,1020,839
12,1011,828
12,1020,820
12,1007,848
12,1013,861
12,1327,510
12,1320,500
12,1277,568
12,1293,446
12,1392,419
12,1346,498
12,1276,394
12,1290,403
12,1336,476
12,1375,407
12,1255,379
12,1267,383
12,1254,361
12,1240,377
12,1351,405
12,1516,412
12,1488,403
12,1475,406
12,1459,403
12,1429,402
12,1443,404
12,1249,223
12,1262,205
12,1255,189
12,1247,309
12,1262,259
12,1261,271
12,1825,588
12,1865,594
12,1865,582
12,1627,596
12,1642,606
12,1621,609
12,1630,617
12,1385,530
12,1323,519
12,1338,580
12,1311,483
12,1316,428
12,1577,403
12,1258,131
12,1267,124
12,1211,222
12,1407,433
12,1561,438
12,1683,413
12,651,171
12,217,375
12,134,373
12,1514,615
12,1524,608
12,1534,613
12,1298,402
12,1328,453
12,1237,70
12,1326,600
12,1285,579
12,636,588
12,1224,587
12,1239,592
12,569,439
12,581,444
12,519,631
12,468,560
12,513,614
12,658,621
12,488,556
12,317,711
12,330,725
12,185,704
12,21,693
12,171,692
12,622,1058
12,590,1065
12,1214,860
12,1160,831
12,543,393
12,559,397
12,338,669
12,421,601
12,397,625
12,391,665
12,364,680
12,291,672
12,563,632
12,1172,788
12,1205,1049
12,1167,824
12,1109,832
12,1087,828
12,1001,798
12,656,37
12,95,373
12,152,356
12,176,371
12,1076,787
12,1041,799
13,496,414
13,498,391
13,452,391
13,418,411
13,418,369
13,444,370
13,343,422
13,381,402
13,351,386
13,252,412
13,342,395
13,380,391
13,398,359
13,310,405
13,300,426
13,204,385
13,388,460
13,374,466
13,544,475
13,555,467
13,522,430
13,235,394
13,373,384
13,382,372
13,394,373
13,361,659
13,286,691
13,44,706
13,281,722
13,257,706
13,251,726
13,266,729
13,494,580
13,531,454
13,415,391
13,638,857
13,639,812
13,615,956
13,571,1009
13,609,997
13,584,1034
13,601,848
13,1257,791
13,1249,794
13,1254,817
13,1233,810
13,1231,833
13,1241,834
13,1248,844
13,1232,858
13,1251,955
13,1244,930
13,1244,912
13,1242,898
13,1228,902
13,1253,970
13,1243,987
13,1255,1056
13,1220,890
13,1198,886
13,1207,881
13,1043,845
13,1027,850
13,1044,830
13,1042,821
13,1074,823
13,1070,837
13,1064,787
13,1087,815
13,1103,815
13,1128,775
13,1142,837
13,1136,803
13,1094,799
13,1111,800
13,1011,780
13,1174,771
13,1163,776
13,1200,848
13,1191,869
13,1175,845
13,1157,851
13,1182,806
13,1196,813
13,1152,801
13,1032,792
13,1049,812
13,1177,794
13,1197,861
13,1024,837
13,1017,822
13,1029,812
13,1009,848
13,1018,859
13,1326,519
13,1311,511
13,1275,565
13,1293,446
13,1398,418
13,1349,516
13,1276,394
13,1290,403
13,1335,485
13,1376,407
13,1255,379
13,1267,384
13,1254,361
13,1240,377
13,1351,405
13,1516,412
13,1488,403
13,1475,406
13,1459,403
13,1429,402
13,1443,404
13,1249,224
13,1263,205
13,1255,189
13,1247,309
13,1262,259
13,1261,271
13,1839,588
13,1877,595
13,1886,586
13,1627,596
13,1642,606
13,1621,609
13,1630,616
13,1398,522
13,1334,515
13,1342,563
13,1312,476
13,1317,430
13,1576,403
13,1258,131
13,1267,123
13,1211,207
13,1415,428
13,1559,446
13,1691,415
13,652,167
13,217,375
13,126,373
13,1514,615
13,1524,608
13,1534,614
13,1298,402
13,1328,455
13,1237,71
13,1325,594
13,1284,577
13,623,578
13,1233,586
13,1245,587
13,1220,605
13,569,436
13,580,438
13,519,630
13,470,565
13,521,612
13,651,613
13,489,557
13,323,707
13,333,724
13,168,705
13,181,691
13,621,1041
13,593,1044
13,1218,864
13,1165,835
13,542,400
13,555,401
13,332,673
13,423,601
13,397,625
13,389,667
13,349,688
13,291,672
13,559,624
13,990,875
13,985,859
13,1178,785
13,1206,1036
13,1160,821
13,1111,834
13,1095,829
13,658,51
13,85,375
13,140,358
13,165,374
13,1082,786
13,1045,793
14,486,408
14,492,384
14,444,383
14,410,413
14,415,366
14,434,367
14,334,418
14,373,400
14,349,382
14,246,407
14,335,391
14,369,390
14,305,402
14,292,422
14,198,384
14,395,472
14,380,475
14,538,471
14,552,463
14,524,419
14,224,388
14,374,383
14,382,373
14,394,373
14,355,662
14,279,692
14,29,707
14,284,725
14,268,705
14,251,726
14,266,729
14,490,589
14,532,445
14,404,376
14,637,857
14,640,813
14,616,946
14,573,1003
14,609,987
14,587,1024
14,599,860
14,1257,791
14,1249,795
14,1254,816
14,1230,807
14,1228,830
14,1242,834
14,1248,844
14,1232,858
14,1252,959
14,1248,934
14,1246,916
14,1248,904
14,1231,905
14,1255,975
14,1242,995
14,1225,892
14,1200,890
14,1213,882
14,1045,842
14,1030,849
14,1055,825
14,1047,820
14,1082,823
14,1080,834
14,1071,782
14,1092,813
14,1107,812
14,1134,766
14,1150,839
14,1141,800
14,1104,798
14,1118,802
14,999,782
14,1179,772
14,1168,777
14,1205,852
14,1193,868
14,1180,848
14,1165,853
14,1189,819
14,1202,824
14,1154,797
14,1037,786
14,1059,812
14,1183,791
14,1204,864
14,1029,833
14,1022,817
14,1029,812
14,1013,848
14,1024,856
14,1323,528
14,1310,518
14,1273,563
14,1292,446
14,1404,420
14,1345,534
14,1276,394
14,1289,402
14,1334,495
14,1376,407
14,1255,379
14,1267,385
14,1254,361
14,1240,377
14,1351,404
14,1516,412
14,1488,403
14,1475,406
14,1459,403
14,1429,402
14,1443,404
14,1248,224
14,1263,204
14,1255,190
14,1247,309
14,1262,259
14,1261,271
14,1852,585
14,1891,600
14,1627,596
14,1642,606
14,1621,609
14,1630,615
14,1413,516
14,1340,504
14,1346,557
14,1314,468
14,1312,435
14,1576,403
14,1258,131
14,1267,123
14,1213,188
14,1420,430
14,1555,460
14,1701,414
14,654,164
14,218,375
14,115,373
14,1514,615
14,1524,608
14,1534,613
14,1298,402
14,1331,451
14,1237,71
14,1326,592
14,1286,575
14,614,570
14,1239,585
14,1251,587
14,1231,605
14,564,433
14,580,433
14,520,630
14,473,571
14,521,608
14,641,605
14,490,557
14,328,708
14,336,723
14,158,707
14,186,693
14,619,1030
14,595,1037
14,1224,868
14,1169,837
14,544,408
14,556,410
14,325,676
14,422,603
14,397,625
14,381,676
14,345,689
14,291,672
14,552,612
14,1008,871
14,1003,859
14,1189,784
14,1207,1016
14,1155,823
14,1126,837
14,1103,831
14,660,61
14,68,373
14,135,358
14,149,376
14,1090,778
14,1055,781
15,475,397
15,480,378
15,437,378
15,401,410
15,408,362
15,429,365
15,322,417
15,364,406
15,345,379
15,238,399
15,331,385
15,363,392
15,294,400
15,282,411
15,191,382
15,402,482
15,387,486
15,527,467
15,537,452
15,520,407
15,215,384
15,374,382
15,383,373
15,394,374
15,343,665
15,269,694
15,14,702
15,284,724
15,274,707
15,252,726
15,267,728
15,481,593
15,523,433
15,403,377
15,636,858
15,640,813
15,615,939
15,575,1000
15,607,977
15,591,1013
15,596,870
15,1257,791
15,1249,796
15,1255,816
15,1227,804
15,1228,829
15,1242,834
15,1248,844
15,1232,858
15,1245,964
15,1250,940
15,1252,923
15,1253,910
15,1234,910
15,1254,983
15,1242,1000
15,1230,894
15,1202,893
15,1217,884
15,1048,838
15,1031,844
15,1065,823
15,1052,819
15,1093,822
15,1084,835
15,1081,779
15,1098,807
15,1114,811
15,1154,840
15,1143,801
15,1112,798
15,1126,803
15,987,784
15,1183,771
15,1172,778
15,1208,853
15,1198,870
15,1181,849
15,1169,854
15,1191,829
15,1205,832
15,1159,792
15,1044,776
15,1064,807
15,1192,789
15,1210,867
15,1035,831
15,1021,820
15,1034,813
15,1018,850
15,1028,855
15,1317,537
15,1307,531
15,1271,561
15,1292,447
15,1411,423
15,1337,545
15,1276,394
15,1289,401
15,1329,504
15,1376,407
15,1255,379
15,1266,382
15,1254,361
15,1240,377
15,1351,404
15,1516,412
15,1488,403
15,1475,406
15,1459,403
15,1429,402
15,1443,404
15,1248,224
15,1263,204
15,1255,190
15,1247,309
15,1262,259
15,1261,271
15,1865,586
15,1627,596
15,1642,606
15,1621,609
15,1630,614
15,1427,512
15,1348,495
15,1352,544
15,1316,461
15,1307,440
15,1576,403
15,1258,131
15,1267,123
15,1212,175
15,1426,431
15,1551,467
15,1709,416
15,654,150
15,218,375
15,103,374
15,1514,615
15,1524,608
15,1534,613
15,1298,403
15,1335,448
15,1237,71
15,1321,598
15,1287,573
15,607,559
15,1243,585
15,1256,584
15,1239,603
15,570,435
15,580,434
15,511,623
15,480,575
15,523,603
15,635,594
15,491,557
15,333,708
15,347,720
15,159,708
15,203,698
15,618,1016
15,598,1028
15,1228,873
15,1175,834
15,541,413
15,553,421
15,317,678
15,422,603
15,397,625
15,379,678
15,336,689
15,292,672
15,544,601
15,1019,869
15,1007,859
15,1197,780
15,1209,1003
15,1151,819
15,1136,839
15,1116,827
15,658,71
15,58,376
15,125,359
15,137,376
15,1102,768
15,1066,772
16,465,393
16,473,374
16,433,373
16,394,408
16,424,363
16,311,416
16,350,405
16,339,374
16,233,397
16,329,381
16,356,392
16,287,391
16,274,400
16,188,373
16,410,491
16,397,497
16,518,463
16,528,447
16,522,399
16,207,378
16,375,381
16,384,373
16,395,374
16,332,669
16,267,699
16,284,724
16,287,709
16,253,726
16,269,728
16,476,598
16,521,426
16,637,857
16,640,813
16,618,933
16,574,996
16,608,968
16,592,1001
16,596,878
16,1257,791
16,1248,796
16,1256,816
16,1226,803
16,1228,829
16,1242,834
16,1249,845
16,1231,858
16,1247,972
16,1250,948
16,1254,927
16,1255,913
16,1235,914
16,1251,986
16,1245,1009
16,1236,900
16,1207,895
16,1222,889
16,1052,836
16,1033,843
16,1071,824
16,1060,818
16,1102,824
16,1092,837
16,1088,775
16,1104,804
16,1117,808
16,1160,844
16,1163,806
16,1119,798
16,1135,798
16,1187,773
16,1178,780
16,1211,856
16,1205,872
16,1184,850
16,1173,856
16,1197,836
16,1205,842
16,1166,788
16,1052,774
16,1071,806
16,1201,791
16,1216,869
16,1038,829
16,1022,819
16,1039,811
16,1022,849
16,1032,856
16,1319,550
16,1306,541
16,1274,560
16,1291,446
16,1414,421
16,1328,559
16,1276,394
16,1288,400
16,1323,516
16,1376,407
16,1255,379
16,1266,384
16,1255,362
16,1241,377
16,1351,404
16,1516,412
16,1488,403
16,1475,406
16,1459,403
16,1429,402
16,1443,404
16,1248,224
16,1263,204
16,1255,190
16,1247,309
16,1262,259
16,1261,272
16,1880,588
16,1627,596
16,1642,606
16,1622,610
16,1629,614
16,1440,509
16,1355,490
16,1358,532
16,1321,455
16,1306,445
16,1576,403
16,1258,131
16,1267,123
16,1211,157
16,1432,433
16,1550,479
16,1719,421
16,654,139
16,218,376
16,85,370
16,1514,615
16,1524,608
16,1534,613
16,1298,403
16,1338,447
16,1237,72
16,1333,591
16,1289,572
16,595,548
16,1245,585
16,1259,583
16,1248,605
16,571,441
16,583,442
16,505,616
16,484,577
16,519,597
16,625,589
16,498,569
16,339,711
16,353,719
16,160,709
16,212,697
16,616,1002
16,606,1020
16,616,1065
16,1235,881
16,1180,834
16,542,422
16,554,429
16,307,682
16,422,603
16,398,625
16,370,679
16,331,687
16,292,673
16,538,591
16,1027,863
16,1021,858
16,1208,786
16,1207,989
16,1143,818
16,1145,841
16,1123,831
16,662,78
16,46,377
16,116,356
16,128,376
16,1106,765
16,1076,764
17,453,389
17,464,369
17,428,370
17,387,403
17,417,362
17,306,416
17,347,400
17,337,371
17,227,393
17,327,379
17,348,391
17,280,377
17,266,396
17,176,369
17,413,498
17,406,505
17,509,455
17,514,442
17,528,389
17,194,379
17,376,380
17,384,373
17,395,375
17,325,673
17,255,705
17,285,724
17,303,711
17,253,726
17,269,728
17,468,609
17,523,415
17,638,857
17,640,813
17,620,924
17,574,992
17,609,954
17,595,995
17,595,890
17,1257,791
17,1247,795
17,1256,816
17,1226,803
17,1228,829
17,1242,834
17,1249,845
17,1231,858
17,1247,975
17,1250,953
17,1256,932
17,1237,918
17,1249,990
17,1242,1016
17,1237,902
17,1212,898
17,1228,889
17,1056,831
17,1039,838
17,1076,822
17,1068,817
17,1110,825
17,1102,839
17,1095,770
17,1109,797
17,1120,805
17,1168,848
17,1166,807
17,1127,800
17,1142,799
17,1190,777
17,1182,784
17,1211,858
17,1208,874
17,1186,845
17,1179,859
17,1201,843
17,1215,847
17,1169,781
17,1059,770
17,1081,806
17,1209,790
17,1220,871
17,1040,826
17,1025,819
17,1047,809
17,1028,844
17,1039,851
17,1317,560
17,1304,551
17,1277,561
17,1291,445
17,1422,421
17,1321,575
17,1276,394
17,1288,400
17,1322,528
17,1376,407
17,1255,379
17,1264,382
17,1255,362
17,1240,377
17,1350,404
17,1516,412
17,1488,403
17,1475,406
17,1459,403
17,1429,402
17,1443,404
17,1248,224
17,1263,204
17,1256,190
17,1247,309
17,1262,259
17,1261,272
17,1897,588
17,1627,596
17,1642,606
17,1618,607
17,1629,614
17,1458,503
17,1357,479
17,1357,525
17,1320,448
17,1305,444
17,1575,403
17,1258,131
17,1267,123
17,1210,141
17,1444,431
17,1554,484
17,1729,422
17,656,127
17,219,376
17,70,366
17,1514,615
17,1524,608
17,1534,613
17,1298,403
17,1337,446
17,1237,72
17,1328,589
17,1291,568
17,587,544
17,1247,587
17,1261,580
17,1257,607
17,572,447
17,583,442
17,505,613
17,489,579
17,518,597
17,617,584
17,500,573
17,346,707
17,359,719
17,138,702
17,222,703
17,621,987
17,606,1010
17,612,1051
17,983,872
17,1241,886
17,1185,831
17,542,429
17,555,434
17,300,686
17,422,603
17,398,625
17,361,681
17,330,689
17,292,673
17,527,581
17,1033,858
17,1023,857
17,1216,785
17,1205,976
17,1138,815
17,1150,846
17,1138,828
17,668,90
17,33,371
17,103,358
17,115,377
17,1090,758
18,446,380
18,455,366
18,417,368
18,378,403
18,298,411
18,340,400
18,335,373
18,219,388
18,326,377
18,342,388
18,274,368
18,258,385
18,175,366
18,422,509
18,411,515
18,499,454
18,503,439
18,529,382
18,182,381
18,376,381
18,385,374
18,396,375
18,314,674
18,250,712
18,285,723
18,314,716
18,254,727
18,269,728
18,460,616
18,521,408
18,638,856
18,641,813
18,620,916
18,609,944
18,599,985
18,593,902
18,1257,792
18,1247,794
18,1256,816
18,1226,804
18,1228,829
18,1241,833
18,1249,845
18,1231,858
18,1246,982
18,1250,960
18,1256,939
18,1239,926
18,1252,998
18,1243,1023
18,1238,904
18,1215,899
18,1229,891
18,1063,831
18,1046,836
18,1088,822
18,1076,815
18,1121,831
18,1106,838
18,1103,767
18,1111,793
18,1122,800
18,1174,848
18,1172,811
18,1138,802
18,1147,799
18,1195,782
18,1183,786
18,1213,861
18,1212,878
18,1188,841
18,1183,859
18,1203,847
18,1216,846
18,1174,769
18,1066,768
18,1089,807
18,1212,795
18,1227,879
18,1045,823
18,1027,817
18,1054,807
18,1029,842
18,1041,852
18,1315,570
18,1305,562
18,1279,560
18,1291,446
18,1429,423
18,1311,590
18,1276,394
18,1288,400
18,1317,538
18,1376,407
18,1255,379
18,1264,381
18,1255,362
18,1240,377
18,1350,404
18,1516,412
18,1488,403
18,1475,406
18,1459,403
18,1429,402
18,1443,404
18,1248,224
18,1263,204
18,1256,190
18,1247,309
18,1262,259
18,1261,272
18,1904,588
18,1627,596
18,1642,606
18,1614,605
18,1629,614
18,1469,504
18,1360,468
18,1358,514
18,1319,441
18,1305,446
18,1575,403
18,1258,131
18,1267,123
18,1212,125
18,1449,432
18,1555,487
18,1739,422
18,657,121
18,219,376
18,61,363
18,1514,615
18,1524,608
18,1533,613
18,1298,403
18,1336,445
18,1237,72
18,1328,588
18,1289,567
18,578,534
18,1249,590
18,1263,578
18,1262,606
18,1211,599
18,568,457
18,581,459
18,493,599
18,496,587
18,519,597
18,611,584
18,501,574
18,351,707
18,363,717
18,125,699
18,223,711
18,619,969
18,611,1002
18,613,1038
18,994,859
18,1241,887
18,1185,829
18,540,434
18,552,439
18,292,690
18,423,603
18,398,625
18,353,678
18,310,688
18,293,673
18,561,378
18,519,567
18,1036,853
18,1025,854
18,1225,785
18,1207,965
18,1134,815
18,1155,848
18,1145,828
18,671,98
18,19,371
18,95,359
18,106,375
18,1100,749
19,440,374
19,446,363
19,414,365
19,373,403
19,286,404
19,330,400
19,332,369
19,209,383
19,322,375
19,335,387
19,265,358
19,247,379
19,175,360
19,431,518
19,417,524
19,489,454
19,497,437
19,531,376
19,170,382
19,377,382
19,386,374
19,396,376
19,305,677
19,240,720
19,286,723
19,325,719
19,255,727
19,270,729
19,453,619
19,519,399
19,638,856
19,641,813
19,619,906
19,611,935
19,598,976
19,593,914
19,1258,792
19,1247,794
19,1257,816
19,1226,805
19,1228,829
19,1240,832
19,1249,845
19,1231,858
19,1246,989
19,1247,965
19,1251,942
19,1242,931
19,1253,1003
19,1246,1028
19,1240,910
19,1219,902
19,1232,893
19,1067,827
19,1048,831
19,1090,820
19,1083,813
19,1129,832
19,1114,839
19,1110,764
19,1113,785
19,1128,791
19,1178,850
19,1175,814
19,1143,806
19,1156,805
19,1197,790
19,1185,788
19,1216,863
19,1217,881
19,1192,840
19,1188,860
19,1204,849
19,1214,854
19,1074,766
19,1095,806
19,1217,793
19,1232,881
19,1051,816
19,1035,810
19,1061,803
19,1033,837
19,1041,841
19,1312,579
19,1304,570
19,1279,559
19,1291,447
19,1440,421
19,1300,599
19,1276,394
19,1288,400
19,1317,546
19,1377,407
19,1255,379
19,1265,381
19,1255,362
19,1239,377
19,1350,404
19,1516,412
19,1488,403
19,1475,406
19,1459,403
19,1429,402
19,1443,404
19,1248,224
19,1264,204
19,1257,190
19,1247,309
19,1262,259
19,1261,272
19,1627,596
19,1642,606
19,1614,605
19,1629,615
19,1485,504
19,1359,458
19,1360,503
19,1318,439
19,1306,448
19,1575,403
19,1258,131
19,1267,123
19,1215,110
19,1463,432
19,1556,491
19,1748,421
19,658,124
19,219,376
19,48,363
19,1514,615
19,1524,608
19,1533,613
19,1298,403
19,1335,445
19,1237,73
19,1333,587
19,1292,566
19,570,524
19,1251,587
19,1265,578
19,1268,604
19,1217,594
19,570,470
19,580,474
19,489,591
19,510,585
19,520,597
19,599,577
19,502,575
19,354,709
19,369,719
19,117,700
19,226,713
19,617,962
19,609,992
19,612,1026
19,1011,842
19,1245,892
19,1188,828
19,537,439
19,554,445
19,285,693
19,423,603
19,398,625
19,348,679
19,302,690
19,293,673
19,560,386
19,549,377
19,514,553
19,1039,855
19,1027,848
19,1231,787
19,1206,950
19,1127,816
19,1160,851
19,1150,829
19,672,101
19,83,360
19,98,379
19,1108,747
20,430,373
20,436,363
20,409,363
20,363,399
20,279,400
20,323,401
20,325,366
20,200,380
20,317,375
20,326,390
20,254,355
20,239,377
20,173,356
20,436,524
20,426,532
20,479,452
20,487,434
20,533,372
20,156,384
20,377,383
20,386,374
20,397,377
20,299,685
20,231,722
20,286,723
20,341,724
20,255,727
20,270,729
20,448,628
20,519,391
20,638,856
20,641,813
20,621,900
20,613,925
20,600,966
20,591,926
20,1259,792
20,1249,795
20,1257,816
20,1226,803
20,1228,829
20,1239,831
20,1249,845
20,1231,857
20,1246,994
20,1248,969
20,1251,945
20,1242,937
20,1252,1008
20,1244,1034
20,1245,915
20,1224,905
20,1236,896
20,1075,826
20,1055,825
20,1098,821
20,1088,814
20,1139,839
20,1120,837
20,1120,763
20,1120,778
20,1132,788
20,1185,854
20,1182,817
20,1150,812
20,1164,812
20,1200,797
20,1188,792
20,1217,868
20,1222,883
20,1196,834
20,1195,868
20,1205,851
20,1218,857
20,1086,761
20,1098,801
20,1220,794
20,1236,880
20,1055,812
20,1045,807
20,1068,801
20,1032,829
20,1043,836
20,1310,588
20,1302,578
20,1279,559
20,1292,448
20,1448,421
20,1276,394
20,1288,400
20,1311,557
20,1376,407
20,1255,379
20,1265,381
20,1255,362
20,1239,377
20,1350,404
20,1516,412
20,1488,403
20,1475,406
20,1459,403
20,1429,402
20,1443,404
20,1248,224
20,1264,204
20,1255,190
20,1247,309
20,1262,259
20,1261,273
20,1627,596
20,1642,606
20,1614,605
20,1629,615
20,1503,503
20,1362,450
20,1357,490
20,1317,427
20,1311,450
20,1575,403
20,1258,131
20,1267,123
20,1214,91
20,1467,433
20,1544,500
20,1756,420
20,657,116
20,220,377
20,40,363
20,1514,615
20,1524,608
20,1533,612
20,1298,403
20,1335,445
20,1237,72
20,1338,584
20,1291,567
20,561,515
20,1253,585
20,1267,578
20,1272,609
20,1224,587
20,568,479
20,577,488
20,483,587
20,504,599
20,524,603
20,591,572
20,511,590
20,360,707
20,372,720
20,109,701
20,226,714
20,621,951
20,613,983
20,612,1014
20,1016,829
20,1252,900
20,1193,823
20,533,452
20,546,454
20,277,695
20,423,603
20,398,625
20,342,682
20,290,692
20,293,673
20,562,393
20,551,382
20,508,539
20,1039,851
20,1030,843
20,1235,792
20,1208,935
20,1121,813
20,1165,856
20,1152,828
20,673,105
20,70,359
20,82,378
21,424,374
21,428,359
21,403,361
21,359,391
21,268,396
21,313,400
21,322,366
21,192,376
21,313,375
21,318,391
21,227,365
21,442,530
21,437,539
21,467,449
21,476,432
21,539,370
21,144,377
21,378,384
21,387,374
21,401,384
21,292,688
21,224,730
21,287,723
21,350,729
21,256,727
21,271,730
21,439,634
21,525,386
21,638,855
21,641,813
21,624,897
21,616,916
21,602,959
21,586,939
21,1260,792
21,1250,796
21,1258,816
21,1226,802
21,1228,829
21,1239,831
21,1249,845
21,1231,856
21,1246,1000
21,1250,976
21,1254,951
21,1245,943
21,1252,1014
21,1244,1040
21,1247,921
21,1229,911
21,1239,900
21,1081,829
21,1057,822
21,1101,819
21,1092,813
21,1148,844
21,1126,836
21,1125,760
21,1125,776
21,1140,778
21,1190,855
21,1187,817
21,1157,817
21,1170,816
21,1204,804
21,1190,793
21,1216,874
21,1224,891
21,1195,833
21,1199,870
21,1207,854
21,1219,856
21,1094,758
21,1103,805
21,1236,793
21,1238,886
21,1063,812
21,1053,801
21,1075,802
21,1034,828
21,1046,833
21,1304,594
21,1297,585
21,1280,559
21,1292,449
21,1456,422
21,1276,394
21,1289,400
21,1311,565
21,1376,407
21,1255,379
21,1265,381
21,1255,362
21,1239,377
21,1350,404
21,1516,412
21,1488,403
21,1475,406
21,1459,403
21,1429,402
21,1443,404
21,1248,224
21,1264,204
21,1253,190
21,1247,309
21,1262,259
21,1261,272
21,1627,596
21,1642,606
21,1614,605
21,1629,615
21,1517,505
21,1359,442
21,1356,482
21,1319,419
21,1308,452
21,1575,403
21,1258,131
21,1267,123
21,1216,75
21,1473,434
21,1550,511
21,1769,417
21,662,109
21,217,376
21,25,363
21,1514,615
21,1525,608
21,1533,612
21,1298,404
21,1335,446
21,1237,72
21,1337,586
21,1290,566
21,548,507
21,1256,586
21,1267,575
21,1274,608
21,1234,584
21,564,496
21,574,503
21,475,579
21,510,606
21,528,609
21,581,564
21,520,595
21,363,706
21,376,721
21,102,701
21,226,715
21,623,942
21,619,972
21,611,1001
21,1023,815
21,1196,821
21,533,460
21,543,469
21,268,698
21,424,603
21,399,626
21,336,681
21,287,698
21,294,673
21,558,399
21,549,390
21,500,520
21,1042,846
21,1032,835
21,1205,922
21,1117,805
21,1176,857
21,1152,827
21,668,112
21,57,359
21,72,380
22,417,375
22,420,359
22,401,358
22,354,386
22,258,393
22,303,400
22,312,360
22,180,372
22,314,376
22,309,390
22,222,359
22,453,537
22,442,545
22,460,447
22,464,428
22,546,365
22,127,379
22,379,384
22,388,375
22,408,387
22,286,691
22,219,732
22,287,722
22,364,731
22,257,727
22,271,725
22,431,641
22,528,382
22,639,855
22,642,813
22,625,892
22,614,908
22,609,950
22,584,949
22,1261,795
22,1251,796
22,1260,819
22,1226,801
22,1229,830
22,1239,831
22,1249,845
22,1232,856
22,1247,1008
22,1250,982
22,1251,957
22,1247,946
22,1251,1020
22,1248,1044
22,1249,924
22,1233,914
22,1243,905
22,1086,827
22,1063,821
22,1110,820
22,1097,812
22,1158,846
22,1133,835
22,1131,757
22,1127,769
22,1144,768
22,1193,860
22,1190,817
22,1161,819
22,1173,820
22,1209,805
22,1193,794
22,1219,878
22,1227,896
22,1199,833
22,1202,875
22,1208,860
22,1215,860
22,1102,758
22,1108,807
22,1234,793
22,1240,891
22,1073,812
22,1059,799
22,1082,799
22,1044,818
22,1050,827
22,1301,600
22,1292,587
22,1278,554
22,1293,451
22,1463,421
22,1276,394
22,1289,401
22,1311,569
22,1376,407
22,1255,379
22,1265,382
22,1255,362
22,1238,377
22,1350,404
22,1516,412
22,1488,403
22,1475,406
22,1459,403
22,1429,402
22,1443,404
22,1248,224
22,1264,204
22,1251,190
22,1247,309
22,1262,259
22,1261,272
22,1627,596
22,1642,606
22,1614,605
22,1629,615
22,1531,501
22,1356,437
22,1359,472
22,1321,414
22,1306,453
22,1574,403
22,1258,131
22,1267,123
22,1216,62
22,1486,432
22,1556,526
22,1788,415
22,662,100
22,214,376
22,1514,615
22,1525,607
22,1533,612
22,1298,404
22,1335,446
22,1237,71
22,1335,585
22,1289,562
22,537,505
22,1256,585
22,1267,571
22,1277,608
22,1240,578
22,565,506
22,566,516
22,470,573
22,516,610
22,532,615
22,570,561
22,523,598
22,366,706
22,385,719
22,91,698
22,227,714
22,625,932
22,622,966
22,613,991
22,1039,797
22,1199,820
22,530,467
22,542,473
22,262,699
22,424,603
22,399,626
22,331,681
22,281,703
22,294,673
22,559,404
22,548,399
22,518,359
22,490,509
22,1044,840
22,1034,827
22,1201,907
22,1113,796
22,1180,859
22,1152,824
22,672,121
22,51,360
22,62,379
23,410,372
23,412,359
23,350,381
23,252,388
23,294,397
23,307,356
23,172,374
23,315,377
23,298,388
23,210,359
23,463,546
23,452,552
23,450,448
23,451,430
23,555,363
23,115,376
23,381,385
23,390,377
23,409,388
23,283,694
23,208,734
23,288,722
23,380,733
23,258,728
23,273,723
23,425,644
23,533,380
23,639,855
23,642,813
23,626,887
23,609,898
23,612,941
23,586,961
23,1261,797
23,1252,797
23,1262,822
23,1226,800
23,1230,831
23,1239,831
23,1249,845
23,1231,856
23,1248,1016
23,1248,985
23,1252,962
23,1249,950
23,1251,1029
23,1243,1051
23,1252,928
23,1235,917
23,1249,911
23,1096,827
23,1070,820
23,1113,821
23,1102,813
23,1167,851
23,1137,831
23,1138,755
23,1132,767
23,1147,763
23,1197,864
23,1191,823
23,1166,820
23,1177,825
23,1212,808
23,1197,797
23,1223,883
23,1231,898
23,1200,832
23,1207,880
23,1210,864
23,1219,872
23,1108,754
23,1113,807
23,1235,794
23,1243,897
23,1077,808
23,1071,795
23,1089,798
23,1052,815
23,1058,825
23,1299,605
23,1292,592
23,1280,552
23,1291,451
23,1469,421
23,1276,394
23,1289,401
23,1307,573
23,1376,408
23,1255,379
23,1265,382
23,1256,362
23,1238,377
23,1350,404
23,1516,412
23,1488,403
23,1475,406
23,1459,403
23,1429,402
23,1443,404
23,1248,223
23,1264,204
23,1250,190
23,1247,309
23,1262,259
23,1261,272
23,1627,596
23,1642,606
23,1615,606
23,1628,616
23,1538,495
23,1354,433
23,1361,465
23,1327,412
23,1305,449
23,1574,403
23,1258,131
23,1267,123
23,1220,43
23,1494,433
23,1569,541
23,1794,415
23,662,93
23,211,375
23,1514,615
23,1525,607
23,1533,611
23,1298,404
23,1335,447
23,1237,71
23,1334,585
23,1291,562
23,528,500
23,1257,584
23,1265,571
23,1245,572
23,1205,598
23,562,516
23,567,517
23,466,566
23,521,615
23,535,613
23,564,557
23,527,603
23,370,707
23,389,718
23,82,699
23,233,717
23,628,920
23,624,955
23,614,981
23,1053,789
23,1200,820
23,527,475
23,541,485
23,259,694
23,424,603
23,399,626
23,318,691
23,277,706
23,294,673
23,561,412
23,546,406
23,512,371
23,480,494
23,1045,834
23,1039,821
23,1196,896
23,1106,789
23,1183,861
23,1155,816
23,670,128
23,42,358
23,52,380
24,403,370
24,405,358
24,342,378
24,243,386
24,287,396
24,296,355
24,165,367
24,296,368
24,293,389
24,197,361
24,471,552
24,459,557
24,434,443
24,439,432
24,101,372
24,382,385
24,393,379
24,410,389
24,281,696
24,198,735
24,289,722
24,393,733
24,261,730
24,279,726
24,414,648
24,547,380
24,639,854
24,642,813
24,629,879
24,606,889
24,616,933
24,587,973
24,1262,800
24,1253,798
24,1226,800
24,1230,828
24,1240,831
24,1250,845
24,1231,857
24,1246,1022
24,1248,991
24,1253,966
24,1249,955
24,1250,1034
24,1241,1056
24,1253,932
24,1237,920
24,1253,916
24,1103,831
24,1075,821
24,1115,822
24,1110,816
24,1176,853
24,1143,829
24,1142,752
24,1135,764
24,1155,760
24,1201,865
24,1190,827
24,1174,822
24,1182,831
24,1212,813
24,1203,803
24,1226,886
24,1232,902
24,1202,831
24,1206,883
24,1212,870
24,1223,876
24,1113,752
24,1120,804
24,1236,796
24,1245,898
24,1082,806
24,1077,794
24,1095,802
24,1057,810
24,1066,821
24,1298,605
24,1291,594
24,1286,551
24,1289,451
24,1480,423
24,1276,394
24,1290,401
24,1299,576
24,1376,408
24,1256,379
24,1265,383
24,1256,362
24,1238,377
24,1350,404
24,1516,412
24,1488,403
24,1475,406
24,1459,403
24,1429,402
24,1443,404
24,1248,223
24,1264,204
24,1250,190
24,1247,309
24,1262,259
24,1261,272
24,1627,596
24,1642,606
24,1615,606
24,1628,616
24,1547,485
24,1344,427
24,1360,457
24,1324,404
24,1305,452
24,1574,403
24,1258,131
24,1267,123
24,1222,28
24,1499,435
24,1578,548
24,1802,412
24,663,83
24,208,375
24,1514,615
24,1526,607
24,1533,611
24,1298,404
24,1335,447
24,1238,71
24,1333,585
24,1296,557
24,518,494
24,1258,583
24,1273,571
24,1250,570
24,1213,591
24,556,525
24,568,518
24,460,559
24,523,616
24,536,618
24,560,553
24,532,609
24,374,709
24,397,719
24,73,699
24,233,717
24,629,912
24,628,947
24,616,971
24,1068,773
24,1201,819
24,528,482
24,542,490
24,256,689
24,425,603
24,399,626
24,314,694
24,265,706
24,294,673
24,560,414
24,542,412
24,509,378
24,468,481
24,1051,829
24,1041,808
24,1188,888
24,1104,785
24,1186,865
24,1158,811
24,669,135
24,30,355
24,44,380
25,400,368
25,396,358
25,328,376
25,235,384
25,278,397
25,288,357
25,146,366
25,291,365
25,285,383
25,187,363
25,483,562
25,465,562
25,423,446
25,425,431
25,88,373
25,384,386
25,396,381
25,410,390
25,276,698
25,190,730
25,288,720
25,265,732
25,285,730
25,410,653
25,560,382
25,639,854
25,642,813
25,634,877
25,602,879
25,614,921
25,589,986
25,1262,801
25,1254,798
25,1227,800
25,1230,827
25,1240,831
25,1250,845
25,1231,858
25,1245,1026
25,1249,1002
25,1254,974
25,1249,960
25,1245,1039
25,1238,1064
25,1249,939
25,1238,924
25,1255,922
25,1110,830
25,1080,821
25,1116,819
25,1111,812
25,1181,855
25,1149,823
25,1148,751
25,1140,759
25,1160,756
25,1206,867
25,1192,831
25,1179,823
25,1183,835
25,1217,816
25,1205,805
25,1230,890
25,1234,907
25,1203,830
25,1209,884
25,1212,867
25,1227,878
25,1121,750
25,1125,805
25,1237,798
25,1248,903
25,1088,811
25,1081,793
25,1103,802
25,1068,805
25,1071,817
25,1298,607
25,1289,595
25,1287,548
25,1288,452
25,1486,423
25,1276,394
25,1290,401
25,1293,580
25,1376,408
25,1256,379
25,1265,383
25,1256,362
25,1238,377
25,1350,405
25,1516,412
25,1488,403
25,1475,406
25,1459,403
25,1429,402
25,1443,404
25,1248,222
25,1265,204
25,1250,191
25,1247,309
25,1262,259
25,1261,272
25,1627,596
25,1642,606
25,1615,606
25,1628,616
25,1555,475
25,1344,421
25,1354,450
25,1331,401
25,1304,453
25,1574,403
25,1258,131
25,1267,123
25,1223,12
25,1512,429
25,1600,554
25,1809,408
25,664,69
25,198,377
25,1514,615
25,1526,607
25,1534,611
25,1298,404
25,1335,448
25,1238,71
25,1334,584
25,1298,553
25,505,488
25,1261,581
25,1276,571
25,1254,565
25,1219,579
25,552,533
25,563,548
25,454,554
25,525,618
25,537,621
25,543,553
25,534,612
25,385,710
25,401,717
25,62,700
25,238,716
25,632,899
25,631,932
25,619,960
25,1082,768
25,1203,819
25,530,489
25,542,497
25,253,686
25,425,603
25,399,626
25,311,693
25,266,707
25,295,673
25,560,415
25,541,418
25,506,385
25,457,473
25,1062,825
25,1050,798
25,1183,876
25,1095,782
25,1192,867
25,1161,800
25,669,149
25,38,379
26,391,367
26,390,358
26,320,375
26,220,375
26,273,399
26,136,369
26,284,362
26,278,381
26,173,361
26,489,572
26,477,569
26,414,437
26,411,431
26,73,374
26,385,387
26,397,383
26,410,391
26,269,700
26,186,726
26,287,719
26,268,730
26,292,732
26,402,659
26,569,379
26,640,854
26,643,814
26,634,875
26,598,875
26,616,909
26,589,1000
26,1263,802
26,1253,799
26,1227,800
26,1230,827
26,1240,832
26,1250,845
26,1230,858
26,1245,1032
26,1248,1009
26,1253,981
26,1249,970
26,1246,1040
26,1242,1071
26,1247,946
26,1239,928
26,1120,833
26,1087,823
26,1123,819
26,1116,806
26,1187,858
26,1156,813
26,1142,753
26,1164,757
26,1208,868
26,1195,835
26,1181,823
26,1184,840
26,1217,815
26,1207,807
26,1234,896
26,1236,913
26,1205,829
26,1214,886
26,1219,870
26,1230,881
26,1125,749
26,1133,808
26,1238,800
26,1250,910
26,1093,809
26,1089,793
26,1107,803
26,1075,806
26,1077,815
26,1290,597
26,1287,545
26,1285,459
26,1494,423
26,1276,394
26,1290,401
26,1288,581
26,1376,408
26,1256,379
26,1265,383
26,1256,362
26,1238,377
26,1350,405
26,1516,412
26,1488,403
26,1475,406
26,1459,403
26,1429,402
26,1443,404
26,1248,222
26,1265,204
26,1250,191
26,1247,309
26,1262,259
26,1261,271
26,1627,596
26,1642,606
26,1615,606
26,1628,616
26,1557,466
26,1341,417
26,1356,442
26,1335,400
26,1298,452
26,1574,404
26,1258,131
26,1267,123
26,1519,426
26,1618,568
26,1816,413
26,660,46
26,195,376
26,1514,615
26,1526,607
26,1534,611
26,1298,404
26,1335,449
26,1238,71
26,1335,583
26,1298,551
26,495,479
26,1264,579
26,1276,565
26,1259,564
26,1223,567
26,1227,593
26,551,543
26,559,563
26,450,548
26,527,620
26,538,625
26,536,551
26,534,614
26,396,711
26,51,702
26,244,720
26,622,889
26,633,927
26,612,949
26,1095,766
26,1205,818
26,525,498
26,540,505
26,246,686
26,425,603
26,400,626
26,302,694
26,261,707
26,295,673
26,560,416
26,542,418
26,502,394
26,447,458
26,1069,828
26,1060,797
26,1174,863
26,1090,781
26,1194,869
26,1164,790
26,668,162
26,22,376
27,386,365
27,380,358
27,314,376
27,214,371
27,264,400
27,124,368
27,272,362
27,266,380
27,165,360
27,494,579
27,483,580
27,399,436
27,400,426
27,58,375
27,387,388
27,399,386
27,414,394
27,264,701
27,175,726
27,290,719
27,271,729
27,300,731
27,394,658
27,574,372
27,638,854
27,643,814
27,593,869
27,618,902
27,591,1010
27,1264,804
27,1251,800
27,1228,801
27,1230,827
27,1241,832
27,1250,845
27,1229,859
27,1245,1055
27,1248,1017
27,1255,985
27,1249,977
27,1247,1041
27,1250,953
27,1241,935
27,1124,834
27,1098,822
27,1129,815
27,1121,798
27,1193,861
27,1161,805
27,1144,750
27,1170,750
27,1210,870
27,1198,841
27,1184,823
27,1187,843
27,1218,814
27,1208,808
27,1240,900
27,1206,828
27,1219,887
27,1222,876
27,1236,883
27,1127,749
27,1140,808
27,1239,803
27,1252,914
27,1099,811
27,1097,793
27,1113,804
27,1080,804
27,1084,815
27,1288,600
27,1285,538
27,1284,461
27,1504,423
27,1276,394
27,1290,402
27,1282,578
27,1376,408
27,1256,379
27,1265,384
27,1256,362
27,1238,378
27,1350,406
27,1516,412
27,1488,403
27,1475,406
27,1459,403
27,1429,402
27,1443,404
27,1249,222
27,1265,204
27,1250,192
27,1247,309
27,1262,259
27,1261,271
27,1627,596
27,1642,606
27,1616,607
27,1628,617
27,1564,460
27,1338,413
27,1359,437
27,1297,452
27,1574,404
27,1258,131
27,1267,123
27,1525,424
27,1633,572
27,1822,413
27,661,38
27,188,375
27,1514,615
27,1526,607
27,1534,611
27,1298,404
27,1335,449
27,1238,71
27,1336,583
27,1299,547
27,484,473
27,1269,579
27,1278,563
27,1266,559
27,1230,556
27,1235,589
27,552,552
27,558,573
27,445,545
27,528,622
27,541,629
27,517,544
27,536,618
27,395,711
27,44,704
27,247,722
27,622,879
27,633,917
27,607,935
27,1105,760
27,1205,817
27,523,511
27,538,516
27,233,688
27,426,603
27,400,626
27,293,696
27,253,709
27,295,673
27,560,417
27,542,418
27,504,399
27,434,449
27,1075,825
27,1069,794
27,1175,857
27,1088,781
27,1197,871
27,1171,784
27,663,174
27,15,379
28,370,368
28,372,358
28,305,378
28,202,366
28,255,393
28,117,368
28,265,360
28,252,379
28,150,362
28,500,587
28,487,588
28,390,438
28,392,424
28,42,377
28,389,389
28,403,387
28,418,398
28,256,694
28,165,727
28,293,719
28,275,729
28,307,731
28,385,658
28,591,372
28,637,855
28,643,814
28,587,861
28,620,895
28,590,1024
28,1263,806
28,1249,800
28,1228,801
28,1230,827
28,1241,832
28,1250,845
28,1227,859
28,1246,1063
28,1249,1026
28,1253,996
28,1247,983
28,1248,1017
28,1246,958
28,1243,942
28,1133,836
28,1102,823
28,1134,810
28,1129,794
28,1200,863
28,1165,800
28,1158,750
28,1212,875
28,1201,846
28,1188,827
28,1190,847
28,1220,823
28,1212,810
28,1242,905
28,1208,828
28,1223,894
28,1225,880
28,1240,888
28,1130,748
28,1148,810
28,1240,809
28,1105,812
28,1099,790
28,1116,804
28,1087,803
28,1090,814
28,1289,536
28,1281,470
28,1510,426
28,1276,394
28,1291,402
28,1280,580
28,1376,408
28,1256,379
28,1265,384
28,1256,362
28,1239,378
28,1350,406
28,1516,412
28,1488,403
28,1475,406
28,1459,403
28,1429,402
28,1443,404
28,1249,221
28,1265,204
28,1250,192
28,1247,309
28,1262,260
28,1261,271
28,1627,596
28,1642,606
28,1616,606
28,1628,617
28,1571,449
28,1344,399
28,1345,430
28,1296,459
28,1574,404
28,1258,131
28,1267,123
28,1532,422
28,1656,578
28,664,28
28,181,374
28,1514,615
28,1526,607
28,1534,611
28,1298,404
28,1335,450
28,1238,71
28,1337,582
28,1298,543
28,475,467
28,1272,579
28,1280,560
28,1268,552
28,1237,547
28,1244,579
28,1209,584
28,554,558
28,556,578
28,445,542
28,526,626
28,544,634
28,507,540
28,539,623
28,397,712
28,38,706
28,251,724
28,11,592
28,623,869
28,635,906
28,600,923
28,1114,759
28,1206,817
28,1173,598
28,519,517
28,533,523
28,220,690
28,427,601
28,400,626
28,290,698
28,250,708
28,296,673
28,560,418
28,542,418
28,504,397
28,424,443
28,1084,824
28,1077,793
28,1173,838
28,1084,778
28,1200,878
28,1177,779
28,658,189
29,364,373
29,361,359
29,294,378
29,199,367
29,246,389
29,108,365
29,258,360
29,247,380
29,140,362
29,505,595
29,495,598
29,382,433
29,385,422
29,27,377
29,391,390
29,407,389
29,423,400
29,253,693
29,159,728
29,297,719
29,280,730
29,316,732
29,376,664
29,600,370
29,636,856
29,644,814
29,584,856
29,616,888
29,590,1034
29,1263,809
29,1251,802
29,1229,801
29,1231,827
29,1241,832
29,1250,845
29,1228,858
29,1245,1070
29,1250,1034
29,1251,998
29,1248,988
29,1249,994
29,1248,964
29,1244,949
29,1143,843
29,1108,824
29,1136,801
29,1137,789
29,1202,864
29,1171,793
29,1164,748
29,1214,879
29,1205,851
29,1190,832
29,1191,853
29,1223,832
29,1213,812
29,1241,908
29,1209,830
29,1226,898
29,1228,884
29,1247,896
29,1133,748
29,1151,815
29,1240,809
29,1111,812
29,1109,792
29,1121,806
29,1092,803
29,1096,813
29,1291,532
29,1278,479
29,1516,422
29,1276,394
29,1291,402
29,1275,583
29,1376,408
29,1256,379
29,1265,385
29,1256,362
29,1239,379
29,1350,407
29,1516,412
29,1488,403
29,1475,406
29,1459,403
29,1429,402
29,1443,404
29,1249,221
29,1265,204
29,1250,192
29,1247,309
29,1262,260
29,1261,271
29,1627,596
29,1642,606
29,1617,605
29,1628,617
29,1574,437
29,1347,430
29,1297,467
29,1574,404
29,1258,131
29,1267,123
29,1536,424
29,1670,585
29,666,21
29,169,374
29,1514,615
29,1526,607
29,1534,611
29,1298,404
29,1335,450
29,1238,71
29,1339,582
29,1301,541
29,463,457
29,1272,569
29,1282,559
29,1273,547
29,1242,538
29,1246,566
29,1216,577
29,563,567
29,550,580
29,473,573
29,527,627
29,497,533
29,546,629
29,400,713
29,29,707
29,257,721
29,21,592
29,617,853
29,637,901
29,602,906
29,1119,759
29,1208,814
29,1180,590
29,512,525
29,535,530
29,206,692
29,428,600
29,400,626
29,286,697
29,250,710
29,296,673
29,561,419
29,542,418
29,505,396
29,414,435
29,1089,824
29,1083,794
29,1175,836
29,1077,777
29,1200,878
29,1183,771
29,657,200
30,355,375
30,357,359
30,283,379
30,196,368
30,240,389
30,95,363
30,250,358
30,238,376
30,130,361
30,511,607
30,498,607
30,367,425
30,372,416
30,10,374
30,394,391
30,409,391
30,428,403
30,248,694
30,154,729
30,308,719
30,288,733
30,326,731
30,369,668
30,635,857
30,644,814
30,617,878
30,586,1048
30,1264,810
30,1253,803
30,1229,801
30,1231,827
30,1242,833
30,1250,845
30,1230,858
30,1239,1070
30,1252,1041
30,1249,1008
30,1247,993
30,1250,971
30,1249,969
30,1245,953
30,1151,848
30,1115,824
30,1144,797
30,1140,785
30,1204,866
30,1176,786
30,1165,748
30,1217,881
30,1193,836
30,1223,837
30,1214,814
30,1246,914
30,1207,828
30,1230,901
30,1230,888
30,1252,902
30,1157,818
30,1241,811
30,1116,813
30,1116,793
30,1129,808
30,1100,799
30,1105,809
30,1294,523
30,1279,490
30,1524,423
30,1276,394
30,1291,402
30,1272,585
30,1376,408
30,1256,379
30,1265,385
30,1257,363
30,1239,379
30,1350,407
30,1516,412
30,1488,403
30,1475,406
30,1459,403
30,1429,402
30,1443,404
30,1249,221
30,1265,204
30,1250,192
30,1247,309
30,1262,260
30,1261,271
30,1627,596
30,1642,606
30,1617,605
30,1628,617
30,1580,428
30,1349,422
30,1291,473
30,1575,404
30,1258,131
30,1267,123
30,1541,425
30,1691,589
30,164,372
30,1514,615
30,1526,607
30,1534,611
30,1298,404
30,1335,451
30,1238,71
30,1337,577
30,1304,538
30,453,450
30,1273,568
30,1288,554
30,1275,547
30,1247,524
30,1250,554
30,1224,571
30,1225,589
30,567,573
30,544,574
30,502,605
30,529,629
30,488,521
30,24,704
30,264,719
30,40,593
30,616,840
30,631,896
30,599,892
30,1127,758
30,1210,814
30,1184,579
30,514,536
30,532,537
30,200,694
30,423,600
30,401,627
30,279,696
30,239,714
30,296,673
30,561,422
30,542,418
30,505,397
30,405,431
30,1094,826
30,1092,790
30,1177,820
30,1076,779
30,1206,885
30,1189,763
30,658,214
