1,598,518
1,835,559
1,702,565
1,272,198
1,1087,535
1,842,584
1,1039,605
1,1031,552
1,181,526
1,1137,565
1,1032,510
1,1776,345
1,1284,537
1,1771,549
1,1842,573
1,1372,324
1,1375,302
1,1485,621
1,1241,582
1,1402,535
1,373,645
1,388,647
1,205,481
1,1311,737
1,1495,531
1,1658,537
1,1609,572
1,1595,608
1,1669,575
1,1698,566
1,1688,562
1,1110,522
2,587,517
2,829,557
2,718,571
2,272,198
2,1073,532
2,860,587
2,1057,604
2,1043,556
2,197,528
2,1133,558
2,1027,505
2,1759,345
2,1275,536
2,1757,549
2,1830,572
2,1358,324
2,1357,298
2,1485,621
2,1255,583
2,1418,539
2,373,645
2,388,647
2,217,477
2,1312,750
2,1495,531
2,1643,542
2,1609,573
2,1595,608
2,1687,586
2,1715,570
2,1708,567
2,1723,598
2,1112,522
3,578,516
3,824,556
3,733,572
3,272,198
3,1063,525
3,872,587
3,1079,607
3,1055,555
3,1125,554
3,1026,497
3,1739,345
3,1264,535
3,1741,546
3,1817,567
3,1336,323
3,1335,299
3,1485,622
3,1266,574
3,1431,545
3,373,645
3,388,647
3,229,469
3,1314,759
3,1496,532
3,1627,542
3,1609,575
3,1596,608
3,1732,572
3,1724,571
3,1114,522
4,574,513
4,818,554
4,745,575
4,272,198
4,1050,520
4,884,586
4,1091,603
4,1066,558
4,1113,549
4,1026,488
4,1720,346
4,1251,534
4,1724,547
4,1802,566
4,1314,325
4,1309,296
4,1486,622
4,1281,571
4,1445,547
4,373,645
4,388,647
4,237,455
4,13,539
4,1320,772
4,1496,533
4,1614,546
4,1609,576
4,1597,609
4,1725,609
4,1745,579
4,1739,576
4,1115,523
5,574,506
5,812,555
5,757,579
5,272,198
5,1041,514
5,896,586
5,1106,603
5,1078,557
5,1103,542
5,1025,478
5,1699,349
5,1240,537
5,1711,545
5,1788,564
5,1292,327
5,1486,623
5,1294,568
5,1461,548
5,373,645
5,388,647
5,28,536
5,1323,784
5,1497,534
5,1599,552
5,1610,578
5,1598,609
5,1758,581
5,1752,580
5,1757,598
5,1115,523
6,571,503
6,806,556
6,771,584
6,272,198
6,1034,504
6,907,584
6,1126,601
6,1085,554
6,1091,539
6,1024,467
6,1679,350
6,1228,535
6,1698,543
6,1774,564
6,1487,624
6,1307,559
6,1476,552
6,373,645
6,388,647
6,43,533
6,1327,795
6,1497,535
6,1585,554
6,1610,579
6,1598,610
6,1766,621
6,1771,587
6,1767,583
6,1769,599
6,1115,523
7,570,504
7,801,555
7,785,586
7,272,198
7,1030,494
7,919,582
7,1137,601
7,1096,557
7,1080,534
7,1660,350
7,1218,536
7,1682,543
7,1759,566
7,1487,624
7,1321,561
7,1489,553
7,373,645
7,388,647
7,1334,806
7,1498,536
7,1568,557
7,1610,581
7,1599,610
7,1786,623
7,1783,592
7,1778,585
7,1781,600
7,1115,523
8,576,509
8,796,559
8,800,598
8,272,198
8,1030,484
8,933,583
8,1154,600
8,1103,554
8,1068,528
8,1642,352
8,1208,537
8,1667,540
8,1745,565
8,1488,625
8,1332,558
8,1503,553
8,373,645
8,388,647
8,1339,819
8,1498,535
8,1555,561
8,1610,582
8,1600,611
8,1813,627
8,1797,589
8,1790,586
8,1794,600
8,1116,524
9,574,508
9,792,563
9,818,598
9,272,198
9,945,581
9,1170,600
9,1108,552
9,1056,526
9,1624,353
9,1197,540
9,1652,539
9,1730,565
9,1488,625
9,1344,552
9,1520,553
9,373,645
9,388,647
9,1347,831
9,1500,535
9,1541,566
9,1611,584
9,1601,611
9,1833,628
9,1809,589
9,1803,584
9,1806,602
9,1116,524
10,572,508
10,785,562
10,829,599
10,272,198
10,957,577
10,1184,603
10,1118,555
10,1046,522
10,1605,355
10,1188,540
10,1637,540
10,1715,565
10,1489,626
10,1359,554
10,1533,553
10,373,645
10,388,647
10,1359,845
10,1500,536
10,1525,569
10,1619,581
10,1602,612
10,1854,630
10,1823,593
10,1817,586
10,1817,606
10,1116,524
11,571,508
11,779,565
11,848,599
11,272,198
11,970,577
11,1202,607
11,1125,556
11,1041,511
11,1586,356
11,1177,540
11,1624,535
11,1699,561
11,1490,626
11,1370,553
11,1550,553
11,373,645
11,388,647
11,131,522
11,1367,856
11,1500,536
11,1510,565
11,1622,580
11,1602,612
11,1877,628
11,1837,593
11,1830,590
11,1829,606
11,1116,524
12,567,507
12,775,571
12,861,594
12,272,198
12,982,574
12,1220,607
12,1132,557
12,1034,502
12,1006,497
12,1568,355
12,1167,540
12,1607,536
12,1680,560
12,1490,627
12,1385,555
12,1567,554
12,373,645
12,388,647
12,150,518
12,1500,537
12,1496,563
12,1629,581
12,1602,612
12,1899,631
12,1848,588
12,1842,607
12,1116,524
13,570,508
13,772,575
13,878,594
13,272,198
13,995,572
13,1234,611
13,1140,559
13,1031,490
13,1015,508
13,1549,352
13,1157,538
13,1596,537
13,1668,559
13,1491,627
13,1400,559
13,1582,559
13,373,645
13,388,647
13,167,516
13,1499,536
13,1480,554
13,1636,584
13,1602,611
13,1838,577
13,1116,524
14,573,509
14,767,579
14,892,594
14,272,198
14,1007,573
14,1250,613
14,1149,559
14,1020,520
14,1529,349
14,1146,539
14,1584,537
14,1651,556
14,1492,628
14,1412,560
14,1597,561
14,373,645
14,388,647
14,181,511
14,1500,535
14,1464,549
14,1645,582
14,1602,611
14,1871,611
14,1827,578
14,1116,524
15,574,510
15,759,584
15,908,591
15,272,198
15,1019,575
15,1268,619
15,1164,561
15,1027,531
15,1508,347
15,1138,541
15,1570,541
15,1638,556
15,1492,628
15,1428,567
15,1610,564
15,373,645
15,388,647
15,195,504
15,1501,534
15,1449,543
15,1653,582
15,1602,611
15,1886,615
15,1813,577
15,1116,524
16,578,511
16,751,585
16,924,593
16,272,198
16,1032,575
16,1283,624
16,1176,556
16,1041,532
16,1488,347
16,1129,545
16,1555,543
16,1621,553
16,1066,314
16,1492,629
16,1440,573
16,1625,567
16,373,645
16,388,647
16,213,498
16,1502,534
16,1434,539
16,1662,588
16,1602,612
16,1903,616
16,1799,574
16,1116,524
17,582,513
17,740,586
17,936,594
17,272,198
17,1045,581
17,1303,628
17,1189,554
17,1054,540
17,1466,346
17,1120,545
17,1542,550
17,1609,557
17,1052,337
17,1048,319
17,1492,630
17,1454,574
17,1640,565
17,373,645
17,388,647
17,228,488
17,1503,533
17,1417,539
17,1672,589
17,1602,612
17,1787,573
17,1116,524
17,173,544
18,588,507
18,733,591
18,953,594
18,272,198
18,1059,585
18,1315,633
18,1205,553
18,1065,545
18,1446,345
18,1110,545
18,1529,553
18,1597,560
18,1030,340
18,1026,323
18,1492,630
18,1467,583
18,1654,563
18,373,645
18,388,647
18,243,478
18,1505,533
18,1403,536
18,1678,591
18,1602,612
18,1775,571
18,1116,524
18,188,537
19,598,503
19,723,594
19,968,593
19,272,198
19,1067,587
19,1331,637
19,1218,550
19,1075,552
19,1426,343
19,1102,545
19,1515,552
19,1583,562
19,1005,344
19,1004,326
19,1492,631
19,1481,588
19,1669,564
19,373,645
19,388,647
19,256,470
19,1506,534
19,1386,538
19,1602,613
19,1761,566
19,1116,524
19,203,532
20,615,508
20,712,597
20,981,590
20,272,198
20,1079,592
20,1349,644
20,1232,553
20,1085,557
20,1404,344
20,1094,543
20,1499,552
20,1569,569
20,979,349
20,980,328
20,1492,632
20,1496,589
20,1686,562
20,373,645
20,388,647
20,267,460
20,1505,534
20,1369,538
20,1692,596
20,1602,613
20,1750,564
20,1116,524
21,624,509
21,702,600
21,997,592
21,272,198
21,1091,595
21,1365,643
21,1245,553
21,1097,560
21,1384,345
21,1086,539
21,1486,548
21,1553,571
21,1492,632
21,1509,592
21,1699,567
21,373,645
21,388,647
21,284,454
21,1505,534
21,1351,540
21,1704,599
21,1602,614
21,1088,496
21,1736,561
21,1116,524
21,251,459
22,628,508
22,692,602
22,1010,592
22,272,198
22,1098,596
22,1377,643
22,1259,552
22,1107,567
22,1361,347
22,1079,537
22,1471,543
22,1539,572
22,1492,633
22,1521,592
22,1718,570
22,373,645
22,388,647
22,1505,534
22,1337,539
22,1709,601
22,1602,614
22,1090,506
22,1723,556
22,1116,524
22,241,471
22,235,463
23,625,507
23,682,604
23,1029,591
23,272,198
23,1107,593
23,1391,640
23,1275,554
23,1120,568
23,1339,349
23,1069,536
23,1453,540
23,1522,572
23,1492,634
23,1538,591
23,1729,573
23,373,645
23,388,647
23,1505,534
23,1317,538
23,1602,614
23,1091,517
23,1709,554
23,1116,524
23,231,482
23,222,475
24,625,506
24,671,605
24,1040,594
24,272,198
24,1118,593
24,1409,632
24,1288,553
24,425,592
24,1132,569
24,1314,348
24,1059,534
24,1438,532
24,1509,572
24,1491,635
24,1550,595
24,1743,576
24,373,645
24,388,647
24,1505,533
24,1303,538
24,1602,615
24,1093,528
24,1699,555
24,1116,524
24,219,491
24,211,485
25,628,505
25,661,606
25,1053,592
25,272,198
25,1130,592
25,1424,628
25,1304,555
25,435,597
25,1143,570
25,1294,348
25,1054,530
25,1422,532
25,1491,576
25,1487,638
25,1564,593
25,1756,577
25,373,645
25,388,647
25,1505,533
25,1289,537
25,1727,605
25,1602,615
25,1097,537
25,1684,552
25,1116,524
25,205,500
25,198,493
26,626,504
26,651,608
26,1068,592
26,272,198
26,1141,588
26,1441,623
26,1318,555
26,445,603
26,1156,570
26,1048,525
26,1406,531
26,1472,580
26,1479,641
26,1578,593
26,1774,579
26,373,645
26,388,647
26,1505,533
26,1273,540
26,1730,608
26,1602,615
26,1102,543
26,1669,555
26,1116,524
26,191,506
26,183,500
26,280,467
26,1093,487
27,622,505
27,641,608
27,1082,592
27,272,198
27,1153,587
27,1457,614
27,1331,554
27,455,607
27,1170,571
27,1041,517
27,1392,530
27,1455,584
27,1470,647
27,1592,594
27,1788,581
27,373,645
27,388,647
27,1505,533
27,1256,541
27,1736,613
27,1603,616
27,1103,551
27,1657,556
27,1116,524
27,176,511
27,166,505
27,286,453
27,1092,500
28,618,507
28,631,608
28,1095,593
28,272,198
28,1162,587
28,1471,610
28,1353,557
28,466,613
28,1181,573
28,1039,512
28,1376,530
28,1440,593
28,1460,654
28,1604,591
28,1804,584
28,373,645
28,388,647
28,1505,533
28,1242,542
28,1603,616
28,1105,557
28,1639,552
28,1116,524
28,157,516
28,149,509
28,1095,510
28,1011,491
29,609,510
29,618,607
29,1108,595
29,272,198
29,1170,584
29,1483,607
29,1363,553
29,478,615
29,1193,575
29,1039,505
29,1364,531
29,1425,600
29,1444,658
29,1617,590
29,1820,585
29,373,645
29,388,647
29,1505,533
29,1226,543
29,1603,616
29,1108,562
29,1628,552
29,1116,524
29,142,520
29,133,514
29,266,458
29,277,451
29,1094,521
29,1005,505
29,1079,491
30,601,514
30,605,606
30,1124,596
30,272,198
30,1182,584
30,1498,603
30,1380,555
30,489,619
30,1206,578
30,1037,497
30,1348,532
30,1411,613
30,1432,664
30,1632,589
30,1835,584
30,373,645
30,388,647
30,1505,533
30,1208,546
30,1603,616
30,1108,568
30,1616,551
30,1116,524
30,126,524
30,114,516
30,265,470
30,277,463
30,1095,529
30,1009,519
30,1080,502
