1,74,660
1,53,661
1,49,778
1,302,672
1,382,703
1,360,720
1,25,434
1,717,594
1,894,638
1,484,742
1,777,731
1,775,741
1,797,706
1,843,704
1,851,751
1,859,731
1,1080,749
1,733,813
1,739,829
1,1094,781
1,1251,746
1,1325,699
1,1455,721
1,1403,787
1,1419,793
1,1436,965
1,1575,743
1,1574,758
1,1550,877
1,1602,872
1,1602,857
1,1619,821
1,1825,920
1,1870,813
1,1870,831
1,1756,820
1,1688,633
1,1667,645
1,1737,721
1,1904,782
1,1911,862
1,1221,234
1,1092,400
1,1096,379
1,1085,362
1,1699,484
1,117,180
1,168,168
1,193,173
1,169,191
1,189,191
1,179,225
1,172,237
1,190,264
1,187,288
1,254,295
1,272,258
1,270,150
1,359,320
1,300,234
1,168,69
1,181,83
1,193,74
1,209,56
1,219,104
1,289,124
1,328,160
1,388,242
1,381,220
1,367,185
1,498,322
1,803,270
1,385,160
1,477,144
1,527,140
1,415,170
1,446,211
1,494,240
1,533,290
1,638,298
1,579,190
1,583,208
1,676,263
1,665,179
1,750,250
1,737,190
1,870,156
1,921,176
1,912,192
1,822,185
1,862,195
1,1030,184
1,1011,194
1,1067,210
1,1060,181
1,1091,163
1,1107,163
1,1147,225
1,1156,188
1,1185,209
1,1202,172
1,1282,199
1,1328,205
1,1405,218
1,1411,232
1,1378,242
1,1353,220
1,1353,224
1,1523,275
1,1585,211
1,1580,189
1,1556,235
1,1570,255
1,1636,306
1,1640,233
1,1682,247
1,1691,179
1,1721,188
1,1747,202
1,1739,368
1,1758,370
1,1718,311
1,1746,276
1,1800,201
1,1835,182
1,1801,226
1,1760,341
1,1808,328
1,1807,338
1,1869,341
1,1777,258
1,1884,199
1,1853,335
1,1801,268
1,1825,238
1,1850,221
1,1857,270
1,1883,266
1,1883,282
1,1869,303
1,1897,301
1,1898,247
1,1860,231
1,1873,247
2,62,648
2,42,653
2,42,765
2,302,672
2,368,705
2,379,721
2,29,431
2,739,595
2,937,639
2,496,741
2,788,739
2,786,741
2,783,707
2,829,705
2,843,753
2,881,733
2,1105,753
2,733,817
2,738,833
2,1077,780
2,1241,744
2,1347,706
2,1465,710
2,1403,776
2,1406,795
2,1426,955
2,1559,748
2,1558,763
2,1556,858
2,1616,873
2,1615,859
2,1628,822
2,1838,920
2,1853,815
2,1853,833
2,1747,804
2,1680,629
2,1659,640
2,1746,731
2,1904,782
2,1224,236
2,1095,401
2,1096,378
2,1085,361
2,1725,481
2,117,180
2,163,171
2,190,176
2,170,195
2,186,190
2,178,227
2,174,239
2,188,265
2,187,288
2,255,296
2,265,258
2,272,166
2,369,321
2,313,234
2,167,81
2,187,99
2,196,84
2,208,66
2,218,104
2,278,121
2,340,158
2,249,61
2,402,244
2,395,222
2,380,186
2,498,322
2,785,275
2,400,161
2,464,143
2,516,142
2,427,176
2,459,214
2,511,240
2,548,295
2,654,301
2,597,191
2,600,206
2,695,263
2,684,180
2,756,250
2,755,189
2,864,152
2,914,179
2,907,192
2,835,191
2,875,199
2,1016,182
2,1002,191
2,1051,214
2,1059,182
2,1092,163
2,1107,163
2,1164,220
2,1145,195
2,1205,209
2,1192,176
2,1298,204
2,1341,214
2,1395,208
2,1405,225
2,1390,251
2,1371,228
2,1364,235
2,1509,270
2,1576,211
2,1580,189
2,1556,235
2,1570,255
2,1646,302
2,1640,233
2,1682,247
2,1690,179
2,1721,188
2,1747,202
2,1739,368
2,1759,370
2,1733,313
2,1755,270
2,1800,201
2,1835,182
2,1801,226
2,1774,342
2,1820,329
2,1819,342
2,1874,345
2,1788,256
2,1885,199
2,1862,340
2,1791,271
2,1829,235
2,1850,224
2,1847,274
2,1873,267
2,1873,285
2,1878,315
2,1903,297
2,1896,254
2,1862,231
2,1877,245
3,51,637
3,31,645
3,35,752
3,302,672
3,355,708
3,398,723
3,34,428
3,761,597
3,980,641
3,508,740
3,799,747
3,797,742
3,769,708
3,815,707
3,836,756
3,903,736
3,1120,756
3,733,821
3,737,837
3,1061,779
3,1231,743
3,1370,714
3,1475,699
3,1402,765
3,1393,798
3,1544,754
3,1543,769
3,1562,839
3,1631,875
3,1629,861
3,1638,824
3,1852,921
3,1836,817
3,1837,835
3,1738,789
3,1672,626
3,1651,635
3,1755,741
3,1905,783
3,1908,812
3,1227,238
3,1099,403
3,1097,378
3,1085,360
3,1752,478
3,117,180
3,158,175
3,187,180
3,172,199
3,183,190
3,177,229
3,177,241
3,186,267
3,188,289
3,256,297
3,259,259
3,275,182
3,380,323
3,326,234
3,167,94
3,186,107
3,194,94
3,207,77
3,218,104
3,268,118
3,355,156
3,257,78
3,416,247
3,409,225
3,393,187
3,498,322
3,768,280
3,416,162
3,499,144
3,439,182
3,473,217
3,528,241
3,564,300
3,670,305
3,611,185
3,615,205
3,714,263
3,699,181
3,763,250
3,773,189
3,854,154
3,907,176
3,889,184
3,849,197
3,888,204
3,1010,177
3,989,186
3,1035,213
3,1059,183
3,1093,163
3,1108,164
3,1182,215
3,1135,202
3,1218,208
3,1183,181
3,1314,210
3,1354,223
3,1385,198
3,1399,218
3,1402,260
3,1380,235
3,1374,244
3,1496,265
3,1568,212
3,1581,190
3,1557,236
3,1570,256
3,1656,299
3,1640,233
3,1682,247
3,1690,180
3,1721,189
3,1748,203
3,1740,369
3,1760,370
3,1748,315
3,1764,264
3,1800,202
3,1836,183
3,1801,226
3,1788,343
3,1832,331
3,1831,346
3,1879,350
3,1799,254
3,1887,200
3,1871,345
3,1782,275
3,1834,233
3,1849,220
3,1838,278
3,1863,269
3,1864,288
3,1889,316
3,1910,294
3,1894,261
3,1912,275
3,1864,231
3,1881,244
4,40,626
4,20,637
4,28,739
4,302,673
4,342,710
4,413,722
4,38,425
4,783,599
4,1023,643
4,518,742
4,810,755
4,808,743
4,757,707
4,801,709
4,827,758
4,926,739
4,1140,760
4,732,822
4,737,842
4,1043,780
4,1222,742
4,1392,719
4,1480,691
4,1414,761
4,1380,801
4,1526,762
4,1525,776
4,1569,821
4,1646,877
4,1642,863
4,1648,826
4,1863,924
4,1823,819
4,1820,836
4,1729,774
4,1665,623
4,1643,630
4,1764,751
4,1905,784
4,1892,815
4,1231,241
4,1103,405
4,1097,377
4,1085,360
4,1779,474
4,117,180
4,150,178
4,183,177
4,172,201
4,181,190
4,177,232
4,180,243
4,186,267
4,188,290
4,257,298
4,253,259
4,278,199
4,391,325
4,339,234
4,169,101
4,186,116
4,192,104
4,206,88
4,217,104
4,257,111
4,366,149
4,266,94
4,432,248
4,424,228
4,407,189
4,498,322
4,749,280
4,428,163
4,492,143
4,449,187
4,486,220
4,545,242
4,580,306
4,685,305
4,625,181
4,633,205
4,733,263
4,708,181
4,770,250
4,787,191
4,846,154
4,890,166
4,862,175
4,863,204
4,900,208
4,997,172
4,976,186
4,1016,212
4,1059,185
4,1094,163
4,1109,165
4,1196,210
4,1125,209
4,1231,207
4,1170,188
4,1327,214
4,1364,227
4,1373,192
4,1392,209
4,1414,267
4,1389,242
4,1381,249
4,1483,260
4,1560,212
4,1582,191
4,1557,236
4,1571,256
4,1666,295
4,1640,234
4,1682,247
4,1689,181
4,1722,190
4,1749,204
4,1741,370
4,1761,370
4,1763,318
4,1774,259
4,1801,203
4,1836,184
4,1801,226
4,1803,344
4,1838,335
4,1837,351
4,1884,355
4,1810,251
4,1888,200
4,1872,345
4,1776,278
4,1834,228
4,1852,227
4,1828,280
4,1852,272
4,1856,290
4,1901,318
4,1887,262
4,1900,280
4,1908,327
4,1866,232
4,1887,242
5,29,613
5,22,727
5,302,673
5,329,713
5,429,721
5,43,422
5,806,601
5,1061,647
5,820,753
5,819,744
5,745,706
5,785,710
5,818,760
5,947,741
5,1162,763
5,732,823
5,737,842
5,1025,781
5,1207,740
5,1414,725
5,1486,683
5,1418,752
5,1366,797
5,1509,770
5,1507,783
5,1574,800
5,1661,879
5,1656,865
5,1658,828
5,1875,927
5,1810,821
5,1803,837
5,1719,759
5,1662,620
5,1640,623
5,1772,760
5,1906,784
5,1877,818
5,1234,243
5,1102,405
5,1098,377
5,1085,359
5,1806,470
5,117,181
5,142,182
5,180,174
5,170,202
5,178,190
5,176,232
5,180,243
5,187,267
5,189,291
5,258,299
5,247,260
5,277,215
5,398,320
5,353,235
5,171,108
5,186,125
5,192,115
5,202,100
5,217,105
5,247,104
5,381,148
5,275,105
5,449,249
5,440,231
5,419,194
5,498,323
5,730,281
5,441,164
5,479,142
5,460,192
5,500,224
5,563,244
5,593,310
5,701,306
5,640,177
5,647,203
5,750,267
5,726,180
5,777,251
5,801,193
5,837,157
5,881,156
5,848,171
5,876,203
5,912,212
5,976,167
5,964,178
5,1002,209
5,1058,186
5,1095,163
5,1110,166
5,1211,206
5,1112,211
5,1246,208
5,1157,195
5,1340,219
5,1375,232
5,1362,186
5,1385,201
5,1426,274
5,1399,249
5,1394,257
5,1469,254
5,1552,213
5,1583,192
5,1558,237
5,1571,257
5,1676,292
5,1640,234
5,1683,248
5,1689,182
5,1722,190
5,1749,204
5,1742,370
5,1762,371
5,1776,320
5,1783,256
5,1801,203
5,1837,184
5,1801,226
5,1814,344
5,1844,339
5,1844,356
5,1886,354
5,1821,249
5,1890,201
5,1873,345
5,1771,282
5,1834,223
5,1854,225
5,1819,283
5,1842,276
5,1849,293
5,1881,263
5,1889,285
5,1895,325
5,1868,232
5,1893,241
6,14,604
6,15,716
6,303,674
6,317,716
6,445,720
6,48,419
6,826,602
6,1100,652
6,830,752
6,830,745
6,734,706
6,770,712
6,809,762
6,969,744
6,1180,765
6,732,824
6,737,842
6,1007,782
6,1193,738
6,1435,728
6,1495,675
6,1422,743
6,1352,793
6,1493,774
6,1491,787
6,1580,780
6,1674,878
6,1669,863
6,1668,830
6,1793,818
6,1786,834
6,1710,744
6,1660,617
6,1638,617
6,1780,769
6,1907,785
6,1862,821
6,1238,246
6,1102,406
6,1098,377
6,1085,359
6,1833,469
6,117,181
6,139,188
6,173,174
6,169,203
6,176,190
6,176,232
6,180,243
6,188,267
6,190,292
6,259,300
6,244,262
6,276,231
6,405,316
6,363,235
6,169,117
6,186,134
6,193,126
6,205,111
6,217,105
6,238,94
6,394,144
6,281,117
6,460,250
6,451,232
6,431,199
6,498,323
6,712,280
6,455,163
6,468,143
6,471,193
6,512,223
6,581,247
6,607,315
6,717,307
6,656,174
6,661,201
6,768,271
6,740,179
6,783,250
6,816,195
6,838,176
6,889,203
6,925,217
6,957,178
6,988,209
6,1058,187
6,1096,163
6,1111,167
6,1224,204
6,1100,213
6,1262,210
6,1144,202
6,1351,225
6,1386,237
6,1348,180
6,1371,197
6,1434,279
6,1409,253
6,1404,263
6,1456,249
6,1543,212
6,1584,192
6,1559,237
6,1572,257
6,1685,286
6,1641,234
6,1683,248
6,1688,183
6,1722,191
6,1750,205
6,1743,371
6,1763,371
6,1789,323
6,1793,254
6,1802,204
6,1837,185
6,1801,226
6,1826,345
6,1847,346
6,1844,362
6,1888,354
6,1830,252
6,1892,202
6,1873,345
6,1761,283
6,1835,218
6,1854,225
6,1808,285
6,1832,276
6,1838,295
6,1875,264
6,1878,291
6,1883,324
6,1871,233
6,1897,241
7,9,592
7,303,674
7,306,720
7,461,720
7,59,407
7,847,603
7,1138,656
7,508,770
7,840,751
7,841,746
7,720,703
7,755,714
7,800,765
7,990,744
7,1198,767
7,732,825
7,737,842
7,989,782
7,1184,737
7,1457,731
7,1504,668
7,1426,734
7,1339,790
7,1477,778
7,1476,792
7,1586,760
7,1688,877
7,1683,862
7,1676,829
7,1777,815
7,1770,832
7,1699,730
7,1658,615
7,1637,615
7,1788,778
7,1907,786
7,1847,824
7,1240,248
7,1102,406
7,1099,376
7,1085,358
7,1861,469
7,117,181
7,137,195
7,167,175
7,168,204
7,169,186
7,176,233
7,180,243
7,186,267
7,190,292
7,260,301
7,241,264
7,275,243
7,412,312
7,373,235
7,168,127
7,184,138
7,194,136
7,206,118
7,216,105
7,230,84
7,404,146
7,289,127
7,298,118
7,304,138
7,473,251
7,466,233
7,443,204
7,498,323
7,695,280
7,469,163
7,482,195
7,525,223
7,599,250
7,621,320
7,732,305
7,671,171
7,674,199
7,784,273
7,755,179
7,790,250
7,831,198
7,820,176
7,902,208
7,937,220
7,942,176
7,974,205
7,1058,189
7,1097,163
7,1112,168
7,1238,202
7,1088,215
7,1276,212
7,1133,205
7,1362,231
7,1397,240
7,1335,175
7,1357,194
7,1443,285
7,1420,257
7,1412,269
7,1442,242
7,1535,211
7,1585,193
7,1559,238
7,1572,258
7,1694,280
7,1641,235
7,1683,248
7,1688,184
7,1723,192
7,1751,206
7,1744,372
7,1765,371
7,1802,325
7,1803,252
7,1802,205
7,1838,186
7,1801,226
7,1834,343
7,1850,353
7,1844,368
7,1890,354
7,1839,255
7,1893,202
7,1873,346
7,1751,285
7,1837,215
7,1854,225
7,1798,287
7,1822,277
7,1827,297
7,1869,266
7,1866,294
7,1871,323
7,1871,233
7,1901,241
8,303,674
8,476,717
8,70,396
8,868,604
8,1177,661
8,494,770
8,851,750
8,854,750
8,707,700
8,741,711
8,791,764
8,1011,745
8,1216,770
8,732,826
8,737,842
8,971,783
8,1175,736
8,1481,734
8,1514,661
8,1431,725
8,1324,784
8,1461,784
8,1459,798
8,1591,743
8,1702,877
8,1697,861
8,1684,829
8,1761,812
8,1754,830
8,1688,717
8,1657,614
8,1636,613
8,1795,787
8,1907,786
8,1832,827
8,1242,250
8,1102,407
8,1099,376
8,1085,358
8,1887,468
8,117,182
8,130,201
8,159,173
8,167,205
8,163,190
8,176,233
8,180,244
8,185,267
8,190,292
8,261,302
8,239,266
8,275,256
8,408,308
8,384,236
8,167,135
8,183,143
8,195,147
8,207,126
8,216,105
8,224,72
8,421,145
8,296,140
8,311,131
8,291,157
8,487,252
8,481,235
8,455,213
8,498,323
8,677,279
8,482,162
8,490,197
8,538,224
8,614,249
8,634,323
8,747,303
8,687,168
8,688,197
8,801,276
8,768,181
8,796,250
8,846,202
8,798,169
8,915,214
8,950,224
8,933,173
8,963,200
8,1047,187
8,1098,163
8,1113,169
8,1254,200
8,1076,217
8,1290,215
8,1123,208
8,1373,236
8,1408,243
8,1319,172
8,1344,190
8,1455,290
8,1430,262
8,1425,272
8,1428,236
8,1526,210
8,1586,194
8,1560,238
8,1573,258
8,1704,274
8,1641,235
8,1683,248
8,1687,185
8,1723,192
8,1751,206
8,1744,372
8,1766,371
8,1815,328
8,1812,251
8,1803,205
8,1838,186
8,1801,226
8,1843,341
8,1857,359
8,1848,374
8,1892,354
8,1846,252
8,1895,203
8,1873,346
8,1741,287
8,1839,213
8,1854,225
8,1787,290
8,1810,277
8,1816,295
8,1865,265
8,1854,298
8,1859,322
8,1871,233
8,1906,237
9,303,675
9,491,715
9,82,385
9,889,605
9,1215,668
9,480,771
9,866,751
9,868,754
9,693,697
9,728,708
9,782,764
9,1034,746
9,1234,774
9,732,827
9,737,842
9,954,784
9,751,734
9,1167,735
9,1506,737
9,1523,657
9,1438,716
9,1310,778
9,1446,790
9,1442,804
9,1596,727
9,1714,872
9,1709,856
9,1693,829
9,1744,808
9,1739,826
9,1680,702
9,1656,613
9,1636,612
9,1802,796
9,1908,787
9,1816,822
9,1245,252
9,1102,408
9,1100,375
9,1085,357
9,118,182
9,127,204
9,155,176
9,167,206
9,157,194
9,176,233
9,180,244
9,183,267
9,191,293
9,262,303
9,236,266
9,276,266
9,404,305
9,396,233
9,167,144
9,182,157
9,192,158
9,210,142
9,216,106
9,218,61
9,433,146
9,308,151
9,323,138
9,282,163
9,501,254
9,497,237
9,467,222
9,499,324
9,659,279
9,496,162
9,499,200
9,551,225
9,630,249
9,647,326
9,762,301
9,700,169
9,703,194
9,816,275
9,781,183
9,803,250
9,863,204
9,784,168
9,926,216
9,963,228
9,921,174
9,950,195
9,1037,186
9,1099,164
9,1114,170
9,1270,198
9,1064,215
9,1304,218
9,1113,211
9,1385,242
9,1423,246
9,1304,169
9,1331,187
9,1467,296
9,1441,266
9,1438,275
9,1415,230
9,1518,209
9,1587,195
9,1560,239
9,1573,259
9,1709,271
9,1641,235
9,1684,249
9,1687,186
9,1723,193
9,1752,207
9,1745,373
9,1767,372
9,1823,331
9,1821,251
9,1803,206
9,1839,187
9,1801,226
9,1852,339
9,1864,366
9,1852,380
9,1894,354
9,1854,249
9,1897,204
9,1873,347
9,1731,290
9,1842,211
9,1854,226
9,1776,293
9,1798,277
9,1805,293
9,1861,264
9,1842,302
9,1847,317
9,1909,329
9,1871,233
9,1911,234
10,304,675
10,506,713
10,41,781
10,95,372
10,910,607
10,1253,676
10,467,773
10,882,752
10,881,758
10,680,695
10,708,711
10,773,763
10,1057,748
10,1252,778
10,732,828
10,737,842
10,938,786
10,771,740
10,1159,736
10,1528,742
10,1533,654
10,1446,707
10,1296,773
10,1431,796
10,1426,810
10,1601,711
10,1727,868
10,1721,852
10,1701,830
10,1727,805
10,1725,823
10,1673,687
10,1655,612
10,1635,613
10,1810,805
10,1908,788
10,1801,818
10,1247,254
10,1102,408
10,1100,375
10,1086,357
10,118,182
10,125,207
10,152,179
10,166,207
10,152,198
10,176,234
10,180,244
10,182,267
10,191,293
10,264,304
10,234,266
10,277,276
10,401,302
10,408,231
10,167,152
10,183,165
10,187,164
10,210,151
10,215,106
10,209,54
10,445,145
10,321,164
10,337,150
10,273,170
10,515,255
10,514,241
10,479,231
10,499,324
10,642,278
10,510,159
10,513,203
10,564,224
10,646,249
10,661,330
10,777,299
10,714,170
10,718,191
10,832,274
10,795,186
10,809,249
10,880,206
10,768,161
10,937,218
10,974,229
10,907,171
10,938,187
10,1027,185
10,1098,164
10,1114,170
10,1284,202
10,1052,213
10,1317,221
10,1103,215
10,1396,249
10,1438,249
10,1296,169
10,1315,179
10,1479,302
10,1452,271
10,1450,280
10,1402,224
10,1508,208
10,1588,196
10,1561,239
10,1574,259
10,1714,268
10,1642,236
10,1684,249
10,1687,187
10,1724,194
10,1753,208
10,1746,374
10,1768,372
10,1831,334
10,1830,251
10,1804,207
10,1840,188
10,1801,226
10,1860,337
10,1870,371
10,1856,380
10,1896,354
10,1865,248
10,1897,204
10,1877,345
10,1720,291
10,1841,210
10,1854,226
10,1766,296
10,1787,278
10,1795,291
10,1858,264
10,1830,306
10,1834,320
10,1896,323
10,1871,233
10,1913,231
11,304,676
11,522,715
11,35,767
11,108,359
11,932,609
11,1286,681
11,454,775
11,898,754
11,895,763
11,666,697
11,692,711
11,765,763
11,1077,751
11,1270,783
11,732,829
11,737,842
11,922,789
11,791,746
11,1152,737
11,1550,748
11,1540,648
11,1454,699
11,1281,768
11,1417,800
11,1413,814
11,1601,699
11,1739,863
11,1733,847
11,1710,831
11,1686,1062
11,1705,1070
11,1760,1071
11,1711,803
11,1711,819
11,1664,677
11,1655,611
11,1635,614
11,1817,814
11,1909,788
11,1786,814
11,1250,256
11,1102,409
11,1101,375
11,1086,353
11,118,183
11,120,208
11,147,183
11,166,209
11,147,202
11,175,234
11,180,245
11,181,268
11,192,294
11,267,304
11,233,265
11,273,281
11,392,301
11,420,229
11,167,160
11,183,173
11,189,170
11,209,164
11,215,106
11,203,43
11,462,144
11,332,177
11,352,158
11,265,177
11,530,257
11,531,246
11,489,237
11,499,324
11,626,277
11,525,157
11,527,207
11,578,224
11,663,251
11,674,331
11,792,298
11,731,169
11,732,191
11,848,274
11,809,190
11,815,248
11,895,209
11,754,157
11,950,219
11,986,231
11,897,167
11,925,182
11,1016,184
11,1098,164
11,1114,170
11,1298,206
11,1041,212
11,1331,224
11,1090,220
11,1408,257
11,1453,252
11,1282,171
11,1301,180
11,1491,308
11,1464,275
11,1463,286
11,1389,218
11,1498,207
11,1587,196
11,1562,240
11,1574,260
11,1719,265
11,1642,236
11,1684,249
11,1687,187
11,1727,192
11,1754,209
11,1747,374
11,1769,372
11,1840,338
11,1837,250
11,1804,207
11,1840,188
11,1801,226
11,1869,335
11,1877,377
11,1860,380
11,1898,354
11,1876,247
11,1897,205
11,1881,344
11,1710,293
11,1841,209
11,1854,226
11,1752,300
11,1778,280
11,1784,292
11,1854,263
11,1816,306
11,1822,324
11,1884,318
11,1871,233
12,304,676
12,537,718
12,29,754
12,116,345
12,954,611
12,1319,686
12,451,757
12,914,755
12,910,764
12,652,699
12,676,711
12,757,763
12,1098,754
12,1288,784
12,787,779
12,732,830
12,737,842
12,904,788
12,811,750
12,1141,735
12,1573,754
12,1548,643
12,1460,690
12,1266,763
12,1403,805
12,1400,818
12,1601,687
12,1752,859
12,1745,843
12,1719,832
12,1687,1049
12,1706,1056
12,1760,1059
12,1695,802
12,1697,816
12,1655,668
12,1655,611
12,1635,616
12,1825,823
12,1909,789
12,1769,810
12,1252,258
12,1102,409
12,1101,374
12,1087,350
12,118,183
12,116,210
12,143,187
12,167,209
12,145,206
12,175,235
12,180,245
12,180,268
12,191,294
12,270,305
12,233,265
12,270,286
12,383,300
12,431,224
12,163,165
12,185,178
12,193,183
12,206,174
12,214,106
12,199,33
12,475,143
12,348,188
12,363,170
12,254,174
12,543,257
12,545,247
12,499,244
12,499,324
12,609,278
12,536,156
12,538,208
12,590,225
12,680,253
12,688,333
12,807,297
12,748,169
12,746,191
12,865,273
12,824,192
12,821,247
12,910,213
12,963,220
12,998,233
12,884,165
12,915,175
12,1006,184
12,1098,164
12,1114,170
12,1314,209
12,1027,210
12,1345,227
12,1078,226
12,1421,260
12,1468,253
12,1269,174
12,1288,181
12,1504,311
12,1476,279
12,1473,289
12,1376,212
12,1489,206
12,1587,196
12,1562,240
12,1575,260
12,1724,263
12,1642,236
12,1685,250
12,1687,187
12,1730,191
12,1754,209
12,1748,375
12,1770,372
12,1848,336
12,1844,249
12,1804,207
12,1840,189
12,1801,226
12,1878,333
12,1889,376
12,1864,382
12,1901,354
12,1884,249
12,1898,206
12,1885,342
12,1700,293
12,1841,209
12,1854,227
12,1739,304
12,1769,282
12,1774,293
12,1851,263
12,1802,306
12,1808,326
12,1872,314
12,1871,234
12,387,146
13,304,676
13,553,721
13,20,736
13,11,649
13,124,331
13,977,614
13,1354,694
13,461,759
13,447,742
13,930,757
13,925,765
13,638,701
13,660,713
13,756,761
13,1118,756
13,1306,785
13,787,763
13,732,831
13,737,842
13,886,787
13,831,755
13,1130,734
13,1595,756
13,1555,640
13,1467,681
13,1251,758
13,1389,807
13,1385,822
13,1602,675
13,1758,859
13,1758,845
13,1728,834
13,1688,1037
13,1708,1042
13,1760,1048
13,1678,801
13,1680,817
13,1649,657
13,1654,610
13,1635,617
13,1826,834
13,1910,790
13,1752,806
13,1912,853
13,1255,260
13,1102,410
13,1102,374
13,1088,346
13,118,183
13,117,208
13,144,190
13,168,209
13,143,211
13,175,235
13,180,245
13,180,269
13,191,294
13,273,306
13,232,265
13,269,288
13,375,299
13,442,220
13,159,171
13,175,183
13,185,180
13,204,184
13,214,107
13,192,21
13,489,145
13,360,197
13,378,179
13,246,176
13,556,258
13,559,248
13,511,250
13,499,325
13,592,279
13,548,155
13,549,209
13,603,226
13,697,255
13,702,335
13,822,295
13,764,172
13,763,189
13,882,272
13,838,196
13,827,246
13,925,217
13,976,221
13,1010,235
13,872,164
13,905,168
13,993,185
13,1098,164
13,1114,170
13,1331,213
13,1013,208
13,1357,233
13,1066,225
13,1435,264
13,1483,254
13,1253,176
13,1271,186
13,1518,315
13,1488,283
13,1486,293
13,1364,207
13,1479,206
13,1587,196
13,1563,241
13,1575,261
13,1727,260
13,1642,237
13,1685,250
13,1688,187
13,1733,190
13,1754,209
13,1749,376
13,1772,373
13,1856,335
13,1851,248
13,1804,207
13,1840,189
13,1801,226
13,1891,328
13,1901,376
13,1868,385
13,1893,252
13,1898,207
13,1889,341
13,1691,293
13,1841,208
13,1855,227
13,1727,307
13,1757,284
13,1763,296
13,1847,260
13,1788,306
13,1794,328
13,1861,310
13,1868,233
13,400,147
14,305,677
14,12,723
14,28,667
14,129,314
14,997,617
14,1390,702
14,469,757
14,462,745
14,945,754
14,940,766
14,622,700
14,645,716
14,756,759
14,1138,759
14,1324,787
14,785,747
14,732,832
14,737,842
14,868,786
14,851,760
14,1119,733
14,1618,758
14,1563,638
14,1474,672
14,1237,754
14,1246,790
14,1376,809
14,1371,827
14,1605,666
14,1764,860
14,1771,847
14,1736,834
14,1690,1025
14,1710,1029
14,1760,1037
14,1753,1068
14,1661,801
14,1664,819
14,1643,647
14,1654,609
14,1635,619
14,1828,845
14,1910,790
14,1734,805
14,1900,860
14,1257,262
14,1102,411
14,1103,374
14,1089,343
14,118,184
14,118,207
14,145,193
14,168,208
14,142,216
14,175,235
14,180,245
14,179,270
14,190,294
14,273,306
14,232,265
14,268,291
14,363,300
14,454,216
14,160,173
14,175,184
14,184,185
14,205,191
14,214,107
14,189,11
14,506,147
14,379,202
14,393,184
14,242,180
14,574,256
14,574,247
14,523,257
14,499,325
14,571,280
14,562,156
14,560,214
14,616,228
14,711,256
14,714,333
14,838,293
14,776,174
14,776,191
14,900,271
14,852,200
14,833,245
14,939,220
14,985,224
14,1022,237
14,861,162
14,893,162
14,980,186
14,1098,165
14,1114,170
14,1344,218
14,1000,206
14,1369,239
14,1054,225
14,1450,266
14,1499,258
14,1237,178
14,1255,191
14,1532,319
14,1501,287
14,1500,297
14,1349,203
14,1469,207
14,1587,196
14,1564,242
14,1576,262
14,1730,258
14,1643,237
14,1685,250
14,1688,187
14,1729,186
14,1754,209
14,1749,376
14,1773,377
14,1865,334
14,1857,247
14,1804,207
14,1841,190
14,1801,226
14,1904,324
14,1909,375
14,1886,375
14,1895,249
14,1898,207
14,1897,336
14,1682,293
14,1841,207
14,1856,228
14,1715,310
14,1746,286
14,1753,299
14,1843,257
14,1774,307
14,1780,330
14,1850,306
14,1866,233
14,413,149
15,305,677
15,46,673
15,134,298
15,1017,620
15,1424,709
15,479,756
15,471,740
15,451,720
15,961,752
15,955,767
15,606,700
15,630,719
15,745,758
15,1160,764
15,1338,786
15,775,736
15,732,831
15,737,842
15,851,783
15,868,763
15,1110,731
15,1639,761
15,1563,631
15,1481,664
15,1221,752
15,1242,778
15,1362,809
15,1356,825
15,1608,658
15,1771,861
15,1785,850
15,1745,834
15,1692,1012
15,1714,1019
15,1761,1024
15,1755,1055
15,1761,1064
15,1646,801
15,1646,819
15,1636,640
15,1654,609
15,1635,620
15,1830,856
15,1911,791
15,1716,804
15,1889,867
15,1260,264
15,1101,410
15,1102,374
15,1087,341
15,118,184
15,115,206
15,144,194
15,168,208
15,139,216
15,175,236
15,180,246
15,179,271
15,190,294
15,273,306
15,231,265
15,267,292
15,352,301
15,463,211
15,161,175
15,177,184
15,188,186
15,200,193
15,213,107
15,519,145
15,394,211
15,409,191
15,231,173
15,593,255
15,589,247
15,536,259
15,499,325
15,551,281
15,576,157
15,571,219
15,630,231
15,725,258
15,726,332
15,854,292
15,789,176
15,789,193
15,915,269
15,867,205
15,840,245
15,953,224
15,994,227
15,1034,239
15,882,162
15,967,179
15,1098,165
15,1114,170
15,1358,223
15,987,203
15,1381,245
15,1041,223
15,1466,269
15,1516,262
15,1223,181
15,1242,194
15,1543,323
15,1512,289
15,1510,300
15,1334,200
15,1459,208
15,1587,196
15,1563,242
15,1575,262
15,1734,255
15,1643,238
15,1685,250
15,1688,188
15,1725,183
15,1754,209
15,1749,376
15,1774,382
15,1876,331
15,1863,247
15,1804,207
15,1841,190
15,1801,226
15,1914,319
15,1896,375
15,1897,246
15,1899,208
15,1907,333
15,1671,292
15,1841,207
15,1857,229
15,1703,314
15,1735,288
15,1743,303
15,1839,254
15,1762,309
15,1764,333
15,1837,304
15,1863,232
15,426,150
16,305,678
16,58,692
16,139,283
16,1038,624
16,1459,716
16,486,756
16,479,740
16,465,723
16,977,749
16,970,768
16,589,700
16,612,718
16,735,758
16,1182,769
16,1353,785
16,765,725
16,732,830
16,737,842
16,834,780
16,886,767
16,1102,729
16,1661,765
16,1568,628
16,1487,656
16,1206,750
16,1232,767
16,1348,809
16,1341,823
16,1606,653
16,1772,867
16,1787,859
16,1753,835
16,1694,999
16,1718,1009
16,1759,1014
16,1753,1043
16,1764,1052
16,1632,802
16,1629,820
16,1630,633
16,1653,608
16,1635,622
16,1830,863
16,1912,792
16,1698,803
16,1878,875
16,1255,268
16,1100,409
16,1101,374
16,1085,340
16,118,184
16,112,206
16,144,195
16,168,208
16,137,217
16,175,236
16,180,246
16,179,272
16,190,294
16,273,306
16,231,265
16,266,293
16,341,302
16,473,206
16,160,175
16,174,185
16,183,188
16,200,199
16,213,107
16,535,142
16,407,215
16,425,192
16,227,168
16,605,258
16,601,248
16,549,261
16,499,325
16,533,280
16,587,158
16,579,220
16,643,231
16,740,260
16,739,331
16,868,288
16,803,180
16,805,195
16,930,267
16,879,208
16,845,243
16,964,228
16,1003,231
16,1045,237
16,866,169
16,955,172
16,1098,165
16,1114,170
16,1374,225
16,974,201
16,1391,251
16,1029,221
16,1479,272
16,1531,267
16,1209,185
16,1229,197
16,1554,328
16,1523,292
16,1521,303
16,1320,197
16,1448,205
16,1587,196
16,1563,242
16,1575,262
16,1737,253
16,1643,238
16,1686,251
16,1689,188
16,1723,183
16,1754,209
16,1749,376
16,1776,387
16,1887,328
16,1870,247
16,1804,207
16,1841,191
16,1801,226
16,1904,378
16,1900,243
16,1899,209
16,1913,330
16,1660,292
16,1840,206
16,1859,230
16,1689,316
16,1722,290
16,1729,303
16,1914,264
16,1836,247
16,1751,312
16,1748,336
16,1824,302
16,1861,232
16,437,151
17,305,678
17,72,705
17,16,658
17,145,269
17,1057,625
17,1491,726
17,493,756
17,488,740
17,477,722
17,993,747
17,985,767
17,573,701
17,596,717
17,1201,776
17,1368,784
17,755,714
17,732,830
17,737,842
17,818,775
17,905,770
17,744,773
17,1091,729
17,1683,769
17,1567,627
17,1493,649
17,1191,749
17,1220,758
17,1335,810
17,1326,822
17,1605,648
17,1773,873
17,1790,869
17,1762,835
17,1696,986
17,1722,999
17,1757,1004
17,1752,1031
17,1767,1041
17,1615,803
17,1612,819
17,1627,624
17,1653,608
17,1634,621
17,1831,870
17,1911,792
17,1681,802
17,1871,882
17,1250,272
17,1099,408
17,1100,374
17,1084,338
17,119,185
17,110,206
17,144,197
17,168,208
17,135,218
17,174,237
17,180,246
17,178,271
17,189,295
17,273,306
17,230,264
17,265,292
17,333,303
17,483,201
17,160,175
17,176,186
17,186,188
17,199,199
17,213,108
17,546,141
17,426,219
17,439,199
17,215,167
17,617,262
17,614,250
17,562,264
17,500,326
17,515,280
17,599,159
17,587,222
17,656,232
17,756,260
17,753,331
17,882,285
17,817,184
17,822,197
17,945,265
17,892,211
17,850,241
17,976,233
17,1015,230
17,1057,235
17,854,166
17,944,170
17,1098,165
17,1114,170
17,1391,228
17,962,199
17,1402,258
17,1019,218
17,1492,276
17,1546,272
17,1193,186
17,1214,202
17,1565,332
17,1534,295
17,1533,306
17,1305,198
17,1437,203
17,1587,196
17,1563,242
17,1575,262
17,1741,251
17,1643,238
17,1686,251
17,1689,188
17,1721,183
17,1754,209
17,1749,376
17,1775,386
17,1899,326
17,1869,246
17,1804,207
17,1842,191
17,1801,226
17,1899,240
17,1899,210
17,1649,292
17,1839,205
17,1860,231
17,1676,318
17,1710,293
17,1716,304
17,1905,266
17,1834,241
17,1739,315
17,1732,337
17,1810,301
17,1858,231
17,449,152
18,305,678
18,88,720
18,35,676
18,145,254
18,1077,626
18,1523,736
18,501,756
18,495,738
18,493,721
18,459,728
18,512,782
18,1009,747
18,1001,766
18,557,702
18,580,716
18,1220,784
18,1380,777
18,739,711
18,732,829
18,737,842
18,802,771
18,925,773
18,752,774
18,742,788
18,1081,729
18,1706,774
18,1567,626
18,1499,642
18,1176,747
18,1208,750
18,1323,806
18,1313,816
18,1606,647
18,1775,879
18,1793,879
18,1771,836
18,1705,984
18,1728,993
18,1761,987
18,1757,1017
18,1769,1027
18,1599,805
18,1595,818
18,1624,616
18,1653,607
18,1633,620
18,1831,877
18,1911,792
18,1664,802
18,1864,889
18,1246,277
18,1098,407
18,1100,374
18,1082,337
18,119,183
18,110,206
18,143,197
18,167,208
18,133,218
18,174,237
18,180,247
18,178,271
18,189,295
18,273,306
18,230,264
18,265,292
18,325,304
18,493,196
18,160,175
18,173,187
18,183,187
18,199,200
18,209,105
18,560,145
18,442,221
18,459,205
18,206,160
18,630,266
18,627,252
18,575,267
18,500,326
18,498,275
18,613,159
18,600,224
18,668,230
18,772,260
18,767,331
18,896,282
18,833,187
18,835,199
18,959,262
18,908,213
18,855,240
18,988,234
18,1027,230
18,1069,233
18,842,164
18,933,168
18,1098,166
18,1114,170
18,1405,232
18,952,193
18,1413,265
18,1010,215
18,1505,279
18,1561,277
18,1177,188
18,1200,207
18,1576,337
18,1546,299
18,1545,309
18,1290,199
18,1427,201
18,1587,196
18,1563,242
18,1575,262
18,1743,250
18,1644,239
18,1686,251
18,1690,188
18,1754,209
18,1749,376
18,1775,386
18,1908,324
18,1869,246
18,1804,207
18,1842,192
18,1801,226
18,1899,237
18,1900,211
18,1639,293
18,1838,204
18,1861,232
18,1663,318
18,1698,292
18,1704,305
18,1896,269
18,1832,235
18,1728,318
18,1716,338
18,1796,300
18,1856,231
18,461,153
19,306,679
19,102,734
19,55,694
19,152,242
19,1099,630
19,1551,739
19,509,755
19,501,738
19,503,721
19,473,730
19,499,779
19,1025,748
19,1017,765
19,540,702
19,567,714
19,1236,794
19,1392,770
19,724,709
19,732,828
19,737,842
19,786,767
19,944,776
19,760,775
19,761,789
19,845,777
19,1071,729
19,1729,780
19,1567,626
19,1503,637
19,1161,746
19,1201,747
19,1274,793
19,1311,803
19,1300,811
19,1608,646
19,1774,879
19,1791,882
19,1782,837
19,1714,983
19,1735,987
19,1764,979
19,1759,1005
19,1770,1013
19,1582,803
19,1579,819
19,1623,610
19,1652,606
19,1633,619
19,1832,884
19,1911,792
19,1648,802
19,1858,897
19,1241,276
19,1097,406
19,1099,374
19,1081,336
19,120,181
19,110,206
19,143,197
19,166,209
19,132,218
19,174,237
19,180,247
19,178,271
19,189,295
19,274,306
19,229,264
19,264,292
19,317,306
19,504,191
19,160,176
19,170,184
19,182,185
19,199,200
19,206,102
19,573,147
19,468,227
19,473,208
19,194,152
19,645,269
19,642,254
19,589,271
19,500,326
19,481,271
19,627,160
19,613,227
19,680,228
19,789,261
19,782,331
19,910,279
19,850,190
19,848,201
19,973,259
19,925,216
19,860,238
19,1001,235
19,1036,226
19,1081,231
19,823,167
19,918,168
19,1098,166
19,1114,170
19,1419,236
19,942,187
19,1424,272
19,998,211
19,1518,283
19,1573,276
19,1163,188
19,1183,211
19,1587,339
19,1555,302
19,1554,313
19,1275,200
19,1417,201
19,1587,197
19,1562,242
19,1575,262
19,1746,249
19,1644,239
19,1687,252
19,1690,189
19,1754,209
19,1749,376
19,1775,385
19,1869,245
19,1804,207
19,1842,192
19,1801,226
19,1899,234
19,1904,211
19,1627,291
19,1837,203
19,1863,233
19,1650,319
19,1686,292
19,1693,306
19,1888,272
19,1833,230
19,1717,321
19,1701,340
19,1783,300
19,1853,231
19,473,154
20,306,679
20,119,745
20,71,710
20,159,231
20,1122,635
20,1580,742
20,517,757
20,510,738
20,517,721
20,486,727
20,486,776
20,1041,749
20,1033,764
20,524,702
20,551,711
20,1253,805
20,1405,764
20,709,707
20,732,828
20,737,842
20,770,764
20,964,780
20,769,775
20,766,794
20,835,772
20,1061,727
20,1751,785
20,1567,625
20,1507,632
20,1144,745
20,1188,743
20,1264,784
20,1298,796
20,1288,805
20,1610,645
20,1774,879
20,1789,885
20,1793,838
20,1723,982
20,1742,982
20,1767,971
20,1762,993
20,1771,999
20,1565,801
20,1563,821
20,1623,605
20,1652,606
20,1632,618
20,1833,892
20,1910,792
20,1632,802
20,1855,904
20,1237,276
20,1096,405
20,1098,374
20,1082,337
20,121,180
20,110,206
20,142,197
20,165,209
20,129,218
20,174,238
20,180,247
20,177,271
20,188,295
20,274,306
20,229,264
20,264,292
20,317,306
20,516,187
20,159,176
20,172,186
20,180,189
20,199,201
20,203,99
20,587,145
20,485,230
20,490,213
20,184,148
20,660,273
20,658,257
20,603,275
20,500,326
20,463,267
20,637,162
20,625,233
20,693,223
20,805,263
20,795,329
20,925,276
20,863,193
20,862,204
20,987,257
20,939,218
20,865,237
20,1011,236
20,1046,222
20,1093,227
20,811,170
20,905,169
20,1098,166
20,1114,170
20,1433,242
20,930,184
20,1435,280
20,986,207
20,1532,287
20,1585,275
20,1149,189
20,1167,216
20,1598,341
20,1565,306
20,1564,317
20,1158,172
20,1260,201
20,1407,201
20,1587,197
20,1562,242
20,1575,263
20,1749,248
20,1644,239
20,1687,252
20,1690,189
20,1754,209
20,1749,376
20,1775,385
20,1869,245
20,1804,207
20,1842,193
20,1801,226
20,1912,359
20,1899,231
20,1908,212
20,1615,290
20,1837,202
20,1864,234
20,1637,322
20,1674,293
20,1681,306
20,1883,273
20,1834,225
20,1709,315
20,1689,339
20,1770,300
20,1851,230
20,482,155
21,306,680
21,133,755
21,87,726
21,171,224
21,1142,639
21,1608,746
21,499,728
21,473,782
21,1059,751
21,1049,764
21,507,702
21,536,709
21,1418,754
21,693,704
21,732,827
21,737,842
21,754,761
21,983,782
21,778,775
21,772,799
21,822,769
21,1051,725
21,1773,791
21,1567,625
21,1512,627
21,1128,744
21,1175,740
21,1254,775
21,1286,790
21,1276,799
21,1610,643
21,1774,879
21,1787,888
21,1804,839
21,1731,978
21,1747,972
21,1767,969
21,1766,989
21,1775,990
21,1549,799
21,1548,823
21,1621,602
21,1652,605
21,1631,617
21,1835,896
21,1910,792
21,1615,801
21,1852,911
21,1232,276
21,1096,405
21,1098,374
21,1084,338
21,118,177
21,110,206
21,142,197
21,164,210
21,126,218
21,174,238
21,180,248
21,177,271
21,188,295
21,274,306
21,228,264
21,264,293
21,317,306
21,528,183
21,158,177
21,171,188
21,182,186
21,199,201
21,198,101
21,605,147
21,503,233
21,507,219
21,177,145
21,675,277
21,674,260
21,615,278
21,500,327
21,446,264
21,647,164
21,637,240
21,707,219
21,821,265
21,809,327
21,939,273
21,876,196
21,876,208
21,1002,255
21,953,221
21,868,233
21,1022,237
21,1055,218
21,1105,223
21,800,174
21,892,166
21,1098,166
21,1114,170
21,1447,249
21,919,181
21,1447,288
21,975,203
21,1547,286
21,1598,275
21,1135,188
21,1153,223
21,1610,343
21,1575,308
21,1575,318
21,1153,175
21,1245,202
21,1397,201
21,1587,197
21,1562,242
21,1575,263
21,1752,247
21,1644,240
21,1687,252
21,1691,189
21,1754,209
21,1749,376
21,1775,384
21,1869,244
21,1804,207
21,1843,193
21,1801,226
21,1904,360
21,1894,223
21,1913,213
21,1605,295
21,1836,201
21,1865,234
21,1625,326
21,1663,294
21,1670,306
21,1879,274
21,1836,220
21,1701,310
21,1678,338
21,1757,300
21,1848,230
21,492,157
22,306,680
22,103,738
22,183,217
22,1163,643
22,1637,750
22,510,726
22,459,779
22,460,763
22,1077,753
22,1065,766
22,490,703
22,521,707
22,1432,745
22,678,701
22,732,826
22,737,842
22,738,758
22,1003,784
22,787,778
22,783,799
22,745,736
22,810,766
22,1041,724
22,1794,797
22,1567,624
22,1511,618
22,1112,743
22,1158,735
22,1240,766
22,1274,784
22,1265,793
22,1611,641
22,1774,879
22,1785,891
22,1815,840
22,1739,975
22,1752,962
22,1767,967
22,1770,985
22,1779,981
22,1533,799
22,1532,822
22,1620,599
22,1651,605
22,1631,617
22,1837,900
22,1910,792
22,1599,801
22,1849,919
22,1228,276
22,1097,407
22,1097,374
22,1085,339
22,115,174
22,110,206
22,141,197
22,162,210
22,123,219
22,174,239
22,180,248
22,177,271
22,188,296
22,274,307
22,228,264
22,264,293
22,318,306
22,539,184
22,158,178
22,172,185
22,181,187
22,199,202
22,194,103
22,617,148
22,519,237
22,524,221
22,167,139
22,688,279
22,686,260
22,627,281
22,500,327
22,427,261
22,659,169
22,649,243
22,720,217
22,838,267
22,822,326
22,953,270
22,890,200
22,891,212
22,1014,253
22,966,222
22,872,230
22,1033,235
22,1065,215
22,1118,220
22,783,175
22,878,165
22,1098,166
22,1114,170
22,1461,254
22,907,180
22,1456,297
22,965,199
22,1562,285
22,1613,271
22,1121,187
22,1139,231
22,1622,347
22,1586,310
22,1586,320
22,1149,179
22,1230,204
22,1388,202
22,1587,197
22,1562,242
22,1575,263
22,1755,246
22,1645,240
22,1687,252
22,1691,189
22,1754,209
22,1749,376
22,1775,384
22,1869,244
22,1804,207
22,1843,194
22,1801,226
22,1897,361
22,1889,216
22,1914,218
22,1593,294
22,1835,200
22,1867,235
22,1613,330
22,1652,295
22,1658,306
22,1874,275
22,1832,217
22,1693,305
22,1667,338
22,1745,300
22,1846,229
22,502,158
23,307,680
23,120,751
23,195,210
23,1184,647
23,1666,762
23,445,788
23,472,755
23,1095,755
23,1081,768
23,475,706
23,506,706
23,1446,733
23,663,698
23,732,826
23,737,842
23,1021,787
23,796,781
23,755,738
23,796,765
23,1030,727
23,1815,803
23,1567,623
23,1510,609
23,1096,742
23,1141,731
23,1226,758
23,1259,778
23,1251,789
23,1611,639
23,1774,879
23,1784,895
23,1824,842
23,1747,972
23,1757,952
23,1769,964
23,1769,984
23,1780,977
23,1518,800
23,1516,822
23,1619,597
23,1651,604
23,1630,616
23,1839,904
23,1910,792
23,1583,801
23,1850,930
23,1224,276
23,1099,409
23,1096,374
23,1087,340
23,112,171
23,110,206
23,141,197
23,160,211
23,125,218
23,171,238
23,180,248
23,177,271
23,188,296
23,274,307
23,228,265
23,264,294
23,318,306
23,551,185
23,157,179
23,173,185
23,185,190
23,199,202
23,193,102
23,631,150
23,536,242
23,541,224
23,154,138
23,702,282
23,698,261
23,644,286
23,500,327
23,408,259
23,672,175
23,661,247
23,733,215
23,853,268
23,836,324
23,967,267
23,905,201
23,906,213
23,1027,252
23,980,223
23,875,227
23,1044,233
23,1068,211
23,1128,214
23,767,176
23,865,165
23,1098,167
23,1114,170
23,1475,259
23,895,179
23,1465,306
23,955,196
23,1575,281
23,1628,267
23,1111,189
23,1125,237
23,1634,351
23,1596,310
23,1594,321
23,1145,183
23,1216,207
23,1378,201
23,1587,197
23,1561,243
23,1574,263
23,1758,245
23,1645,240
23,1688,253
23,1691,190
23,1754,209
23,1749,376
23,1775,383
23,1866,242
23,1804,207
23,1843,194
23,1801,226
23,1891,362
23,1886,214
23,1916,224
23,1581,294
23,1834,199
23,1868,236
23,1601,335
23,1641,297
23,1647,306
23,1870,276
23,1828,215
23,1683,297
23,1661,332
23,1729,301
23,1843,229
23,512,160
24,307,681
24,160,741
24,142,754
24,207,203
24,1205,651
24,1695,774
24,485,748
24,1110,759
24,1097,770
24,460,710
24,492,705
24,1461,721
24,643,699
24,732,825
24,737,842
24,1040,790
24,805,778
24,766,740
24,783,765
24,1020,730
24,1839,807
24,1567,623
24,1510,601
24,1081,742
24,1128,728
24,1210,756
24,1245,772
24,1238,786
24,1612,638
24,1775,878
24,1783,894
24,1834,844
24,1752,961
24,1767,940
24,1772,961
24,1768,984
24,1782,974
24,1499,800
24,1499,820
24,1617,590
24,1651,603
24,1629,615
24,1842,909
24,1909,792
24,1565,801
24,1852,942
24,1218,277
24,1101,411
24,1096,374
24,1088,341
24,109,168
24,110,206
24,140,197
24,158,211
24,128,218
24,168,238
24,180,248
24,177,271
24,189,296
24,274,307
24,228,266
24,263,294
24,318,306
24,563,185
24,157,180
24,167,182
24,179,187
24,199,202
24,193,102
24,648,152
24,553,246
24,559,228
24,142,137
24,714,282
24,708,262
24,661,291
24,500,327
24,391,257
24,679,181
24,672,252
24,744,213
24,869,269
24,850,323
24,981,265
24,920,203
24,921,215
24,1038,248
24,995,224
24,879,224
24,1055,232
24,1072,207
24,1138,209
24,753,180
24,855,163
24,1098,167
24,1114,170
24,1489,264
24,884,178
24,1475,315
24,945,193
24,1588,278
24,1643,267
24,1101,192
24,1112,243
24,1647,355
24,1606,311
24,1603,322
24,1140,185
24,1202,209
24,1368,201
24,1587,197
24,1561,243
24,1574,263
24,1761,244
24,1645,241
24,1688,253
24,1692,190
24,1754,209
24,1749,376
24,1775,383
24,1864,240
24,1804,207
24,1844,195
24,1802,226
24,1886,363
24,1884,212
24,1916,233
24,1568,295
24,1834,199
24,1869,237
24,1588,336
24,1627,295
24,1636,306
24,1864,271
24,1824,212
24,1673,290
24,1656,326
24,1714,303
24,1841,228
24,525,164
25,307,681
25,162,742
25,220,197
25,1224,657
25,1724,786
25,500,742
25,1126,763
25,1113,773
25,444,712
25,477,705
25,1476,709
25,628,698
25,732,824
25,737,842
25,1058,796
25,814,776
25,777,742
25,738,734
25,769,764
25,1010,734
25,1864,812
25,1567,622
25,1507,588
25,1067,740
25,1116,726
25,1195,754
25,1232,767
25,1224,780
25,1609,628
25,1776,877
25,1782,893
25,1844,847
25,1758,950
25,1777,928
25,1776,955
25,1766,979
25,1780,972
25,1481,801
25,1483,818
25,1616,584
25,1650,603
25,1629,614
25,1847,915
25,1909,792
25,1548,801
25,1850,953
25,1213,278
25,1103,413
25,1095,374
25,1090,342
25,108,168
25,110,206
25,140,197
25,157,212
25,128,218
25,168,238
25,180,249
25,177,271
25,189,296
25,275,307
25,228,268
25,263,295
25,319,306
25,575,185
25,156,181
25,168,186
25,176,190
25,199,202
25,192,101
25,659,154
25,571,251
25,577,232
25,136,133
25,727,282
25,719,263
25,673,294
25,501,328
25,375,256
25,687,188
25,683,257
25,756,212
25,885,271
25,864,321
25,996,263
25,934,208
25,939,217
25,1050,245
25,1010,226
25,883,221
25,1067,231
25,1075,204
25,1149,204
25,740,176
25,846,161
25,1098,167
25,1114,170
25,1503,268
25,873,178
25,1484,326
25,935,191
25,1602,275
25,1659,267
25,1094,199
25,1098,250
25,1658,357
25,1613,316
25,1611,324
25,1136,187
25,1188,212
25,1358,201
25,1587,197
25,1561,243
25,1574,263
25,1766,247
25,1645,241
25,1688,253
25,1692,190
25,1754,209
25,1749,376
25,1775,383
25,1861,238
25,1804,207
25,1843,193
25,1801,222
25,1883,364
25,1881,212
25,1916,243
25,1556,297
25,1835,200
25,1871,238
25,1575,337
25,1613,294
25,1625,306
25,1858,267
25,1820,210
25,1660,287
25,1651,320
25,1699,305
25,1838,228
25,538,168
26,307,682
26,163,743
26,226,181
26,1243,663
26,1753,797
26,513,735
26,1142,767
26,1128,776
26,428,713
26,462,705
26,1487,696
26,614,697
26,732,824
26,737,842
26,1076,796
26,823,774
26,785,741
26,750,738
26,756,764
26,1002,736
26,1884,812
26,1567,622
26,1504,575
26,1053,738
26,1106,724
26,1179,752
26,1219,762
26,1211,774
26,1606,618
26,1778,877
26,1781,893
26,1852,846
26,1765,938
26,1785,918
26,1781,949
26,1765,974
26,1778,971
26,1463,801
26,1463,817
26,1614,577
26,1650,602
26,1628,613
26,1852,921
26,1909,792
26,1531,802
26,1848,964
26,1207,279
26,1105,416
26,1094,374
26,1092,344
26,108,168
26,111,206
26,140,197
26,157,211
26,129,218
26,169,238
26,180,249
26,177,271
26,190,296
26,275,307
26,227,270
26,263,295
26,319,306
26,585,184
26,156,182
26,171,190
26,182,187
26,200,202
26,192,101
26,672,156
26,590,256
26,594,236
26,126,135
26,742,285
26,734,263
26,686,297
26,497,329
26,359,252
26,697,196
26,696,265
26,770,195
26,900,269
26,879,319
26,1011,261
26,949,211
26,951,222
26,1060,243
26,1023,227
26,887,218
26,1078,229
26,1078,201
26,1159,195
26,725,177
26,833,162
26,1098,167
26,1114,170
26,1517,272
26,861,177
26,1493,337
26,921,191
26,1617,272
26,1675,271
26,1088,206
26,1084,257
26,1669,360
26,1621,321
26,1620,326
26,1130,189
26,1175,220
26,1348,201
26,1587,197
26,1561,243
26,1574,264
26,1771,251
26,1646,242
26,1689,254
26,1693,190
26,1754,209
26,1749,376
26,1775,383
26,1859,236
26,1804,207
26,1842,192
26,1801,219
26,1881,365
26,1878,212
26,1911,254
26,1545,297
26,1836,202
26,1872,239
26,1565,332
26,1601,296
26,1611,308
26,1853,263
26,1817,208
26,1647,284
26,1643,314
26,1686,304
26,1836,228
26,551,172
27,308,682
27,163,744
27,233,166
27,1263,669
27,1782,808
27,1157,769
27,1144,779
27,413,715
27,447,706
27,1498,683
27,600,697
27,732,823
27,737,842
27,1094,797
27,833,775
27,794,741
27,762,742
27,995,739
27,1904,813
27,1567,621
27,1502,562
27,1039,736
27,1097,723
27,1163,750
27,1206,757
27,1198,768
27,1604,609
27,1779,876
27,1780,892
27,1861,846
27,1773,926
27,1794,908
27,1789,943
27,1767,966
27,1779,965
27,1446,801
27,1443,816
27,1613,571
27,1650,602
27,1628,613
27,1858,928
27,1909,792
27,1513,800
27,1841,973
27,1202,281
27,1103,413
27,1094,374
27,1091,342
27,108,168
27,113,206
27,142,193
27,158,211
27,130,218
27,170,239
27,180,249
27,178,272
27,190,297
27,275,307
27,226,272
27,263,296
27,319,306
27,595,184
27,157,182
27,177,195
27,183,189
27,200,202
27,192,101
27,685,155
27,609,262
27,612,241
27,120,137
27,757,288
27,750,264
27,697,298
27,493,331
27,344,248
27,708,204
27,713,268
27,783,192
27,915,268
27,893,317
27,1023,258
27,965,215
27,964,228
27,1071,241
27,1036,228
27,891,216
27,1089,227
27,1082,198
27,1170,187
27,710,179
27,821,163
27,1098,168
27,1114,170
27,1528,277
27,849,177
27,1502,348
27,907,192
27,1631,272
27,1691,276
27,1077,209
27,1069,261
27,1680,363
27,1629,327
27,1629,337
27,1124,192
27,1163,229
27,1339,201
27,1587,197
27,1560,243
27,1574,264
27,1776,255
27,1645,242
27,1688,254
27,1693,191
27,1754,209
27,1749,376
27,1775,383
27,1857,235
27,1804,207
27,1842,191
27,1795,218
27,1879,367
27,1875,212
27,1906,265
27,1535,298
27,1837,204
27,1873,240
27,1556,328
27,1589,298
27,1598,311
27,1849,258
27,1827,219
27,1635,281
27,1636,308
27,1673,303
27,1833,227
27,564,176
28,308,682
28,163,745
28,235,153
28,1283,677
28,1811,810
28,1172,772
28,1160,782
28,397,716
28,434,704
28,1509,668
28,585,695
28,732,822
28,737,842
28,843,776
28,804,742
28,772,747
28,988,739
28,1567,621
28,1500,548
28,1023,733
28,1082,722
28,1148,748
28,1193,750
28,1184,762
28,1602,593
28,1781,876
28,1779,892
28,1869,847
28,1782,916
28,1801,898
28,1797,936
28,1772,955
28,1780,959
28,1428,800
28,1428,816
28,1615,557
28,1645,597
28,1624,604
28,1858,933
28,1908,792
28,1496,798
28,1769,1056
28,1834,980
28,1200,282
28,1101,411
28,1093,374
28,1090,341
28,107,169
28,116,206
28,144,189
28,159,211
28,130,219
28,170,239
28,180,250
28,178,272
28,191,297
28,275,307
28,224,271
28,263,296
28,320,306
28,606,184
28,158,183
28,172,198
28,183,186
28,200,202
28,193,100
28,142,14
28,153,14
28,698,157
28,625,264
28,630,243
28,117,137
28,769,287
28,761,264
28,709,299
28,491,336
28,329,247
28,719,214
28,724,267
28,801,190
28,929,266
28,908,316
28,1035,255
28,972,215
28,980,230
28,1081,241
28,1048,228
28,895,213
28,1098,226
28,1083,195
28,1181,184
28,699,184
28,807,157
28,1098,168
28,1114,170
28,1540,283
28,840,175
28,1509,358
28,898,188
28,1645,272
28,1705,282
28,1067,212
28,1055,266
28,1690,361
28,1640,330
28,1639,342
28,1119,195
28,1149,238
28,1330,201
28,1333,170
28,1587,198
28,1560,243
28,1574,264
28,1782,259
28,1644,242
28,1687,255
28,1693,191
28,1754,209
28,1749,376
28,1775,383
28,1856,233
28,1804,207
28,1841,190
28,1790,217
28,1876,368
28,1872,213
28,1896,271
28,1523,295
28,1838,205
28,1875,241
28,1546,323
28,1577,300
28,1585,314
28,1846,253
28,1838,231
28,1623,281
28,1625,309
28,1663,308
28,1831,227
28,577,180
29,308,683
29,163,746
29,238,138
29,1303,685
29,1841,813
29,1187,778
29,1174,789
29,382,718
29,421,703
29,1520,655
29,571,693
29,732,822
29,737,842
29,854,777
29,815,744
29,783,752
29,981,740
29,1563,613
29,1499,534
29,1007,730
29,1068,721
29,1134,747
29,1180,743
29,1170,756
29,1600,577
29,1779,874
29,1777,891
29,1878,848
29,1792,906
29,1809,888
29,1805,929
29,1777,945
29,1782,954
29,1411,799
29,1413,817
29,1616,539
29,1641,592
29,1620,595
29,1858,938
29,1908,792
29,1479,796
29,1767,1035
29,1827,988
29,1905,830
29,1198,283
29,1099,408
29,1092,374
29,1089,340
29,107,169
29,119,206
29,147,185
29,160,211
29,131,219
29,171,240
29,180,250
29,178,272
29,191,297
29,275,307
29,223,271
29,263,297
29,320,306
29,616,185
29,159,184
29,176,199
29,181,188
29,200,202
29,194,100
29,142,32
29,153,34
29,713,158
29,641,267
29,649,246
29,115,138
29,785,288
29,774,265
29,722,297
29,490,342
29,314,247
29,731,224
29,734,273
29,809,191
29,944,265
29,919,313
29,1047,252
29,987,218
29,993,231
29,1092,242
29,1060,229
29,900,211
29,1107,225
29,1084,193
29,1193,181
29,688,189
29,801,157
29,1098,168
29,1114,170
29,1547,287
29,832,174
29,1517,369
29,889,184
29,1659,277
29,1719,289
29,1053,207
29,1039,270
29,1700,359
29,1652,333
29,1650,347
29,1113,198
29,1135,247
29,1319,200
29,1341,175
29,1586,198
29,1560,243
29,1574,264
29,1788,264
29,1644,243
29,1686,255
29,1694,191
29,1754,209
29,1749,376
29,1775,383
29,1856,232
29,1804,207
29,1841,189
29,1784,215
29,1873,369
29,1869,215
29,1886,278
29,1511,293
29,1839,207
29,1874,245
29,1537,319
29,1565,302
29,1572,317
29,1842,252
29,1848,243
29,1612,281
29,1614,311
29,1653,313
29,1828,226
29,586,184
30,308,683
30,163,744
30,241,120
30,1323,693
30,1866,811
30,1203,784
30,1189,796
30,366,719
30,404,703
30,1531,642
30,557,700
30,732,821
30,737,842
30,861,780
30,819,747
30,792,758
30,973,745
30,1560,606
30,1498,521
30,993,726
30,1050,713
30,1117,747
30,1167,739
30,1156,750
30,1600,559
30,1777,872
30,1776,890
30,1887,849
30,1798,899
30,1815,882
30,1811,922
30,1784,935
30,1787,941
30,1394,799
30,1396,814
30,1617,521
30,1637,581
30,1614,585
30,1859,943
30,1908,792
30,1463,796
30,1766,1015
30,1823,994
30,1889,830
30,1196,284
30,1097,406
30,1092,374
30,1088,339
30,107,169
30,122,206
30,149,182
30,161,211
30,132,219
30,172,240
30,180,250
30,178,272
30,192,297
30,275,307
30,222,271
30,264,297
30,320,306
30,626,186
30,160,185
30,175,199
30,181,188
30,201,203
30,195,100
30,143,49
30,152,49
30,725,162
30,658,271
30,666,252
30,113,138
30,801,289
30,788,266
30,735,295
30,491,346
30,299,245
30,743,231
30,750,278
30,820,203
30,959,264
30,931,311
30,1058,251
30,1003,221
30,1007,233
30,1106,238
30,1073,230
30,901,206
30,1113,221
30,1085,191
30,1203,176
30,673,195
30,1098,168
30,1114,170
30,1555,291
30,817,169
30,1525,380
30,878,179
30,1673,283
30,1734,293
30,1039,203
30,1023,274
30,1710,358
30,1664,333
30,1663,345
30,1108,201
30,1121,256
30,1309,199
30,1350,181
30,1586,199
30,1560,243
30,1574,264
30,1794,268
30,1643,243
30,1685,256
30,1694,191
30,1754,209
30,1749,376
30,1775,383
30,1856,231
30,1804,207
30,1840,188
30,1782,213
30,1871,370
30,1867,217
30,1876,285
30,1504,286
30,1840,209
30,1873,249
30,1531,315
30,1555,303
30,1562,317
30,1838,251
30,1859,255
30,1601,281
30,1602,311
30,1639,311
30,1826,226
30,596,189
