1,638,533
1,618,555
1,1211,1016
1,1258,784
1,1243,742
1,1251,770
1,1255,622
1,1251,602
1,1257,583
1,1242,576
1,1234,561
1,1236,553
1,1237,536
1,1246,528
1,1240,517
1,1236,503
1,1239,486
1,1239,474
1,1241,456
1,1254,458
1,1253,442
1,1224,233
1,1281,259
1,1268,382
1,1250,345
1,1262,332
1,1252,350
1,1286,380
1,1284,351
1,1265,348
1,1287,548
1,1272,404
1,1290,463
1,1275,284
1,624,172
1,645,367
1,661,385
1,627,345
1,631,409
1,666,572
1,657,584
1,666,641
1,664,686
1,667,736
1,647,995
1,637,1030
1,672,789
1,658,785
1,654,804
1,658,851
1,652,856
1,653,822
1,664,824
1,1253,1054
1,1253,1033
1,1257,1064
1,1264,1069
1,1238,621
1,632,377
1,1206,597
1,1263,1006
2,636,544
2,619,567
2,1211,1003
2,1255,783
2,1243,742
2,1251,769
2,1255,621
2,1251,601
2,1257,583
2,1242,576
2,1234,561
2,1236,552
2,1237,536
2,1246,528
2,1241,516
2,1236,502
2,1239,486
2,1239,474
2,1241,456
2,1255,454
2,1248,441
2,1218,226
2,1287,257
2,1273,376
2,1247,334
2,1266,326
2,1250,341
2,1288,378
2,1289,341
2,1267,343
2,1282,550
2,1271,395
2,1291,456
2,1279,279
2,623,171
2,645,373
2,660,393
2,624,350
2,633,416
2,671,559
2,657,571
2,668,630
2,668,681
2,669,727
2,648,1004
2,639,1021
2,674,777
2,660,783
2,652,795
2,665,843
2,655,846
2,656,817
2,665,820
2,1253,1050
2,1254,1029
2,1258,1062
2,1262,1068
2,1237,620
2,1249,300
2,1276,297
2,633,387
2,1211,628
2,1263,1003
3,635,556
3,621,579
3,1214,995
3,1256,780
3,1244,742
3,1251,768
3,1255,621
3,1252,600
3,1257,583
3,1242,576
3,1234,561
3,1236,552
3,1237,536
3,1246,528
3,1242,516
3,1237,502
3,1239,486
3,1239,474
3,1241,456
3,1256,450
3,1243,440
3,1215,213
3,1290,251
3,1275,364
3,1248,320
3,1267,314
3,1250,325
3,1290,370
3,1291,335
3,1270,338
3,1277,538
3,1272,388
3,1295,444
3,1282,271
3,1283,176
3,1281,209
3,1275,536
3,623,170
3,649,383
3,658,412
3,626,354
3,635,430
3,672,551
3,656,558
3,670,619
3,669,666
3,670,717
3,649,1013
3,641,1006
3,675,771
3,669,771
3,654,783
3,666,835
3,659,839
3,660,811
3,667,812
3,1255,1045
3,1256,1026
3,1259,1061
3,1263,1069
3,1237,619
3,1253,290
3,1270,290
3,632,396
3,1214,663
3,1264,1001
4,634,568
4,622,591
4,1217,986
4,1256,780
4,1244,742
4,1251,768
4,1256,621
4,1253,599
4,1257,583
4,1242,576
4,1234,561
4,1236,552
4,1237,536
4,1246,528
4,1243,516
4,1238,502
4,1240,486
4,1239,474
4,1241,456
4,1257,446
4,1238,440
4,1213,199
4,1290,244
4,1275,359
4,1249,312
4,1270,306
4,1252,313
4,1285,361
4,1289,320
4,1274,324
4,1279,525
4,1273,381
4,1271,702
4,1284,267
4,1276,184
4,1286,191
4,1279,223
4,1275,535
4,623,170
4,652,402
4,661,425
4,630,360
4,637,442
4,671,543
4,657,552
4,672,607
4,668,654
4,672,708
4,652,1022
4,644,990
4,677,759
4,670,759
4,656,777
4,669,826
4,661,824
4,658,800
4,667,796
4,1259,1044
4,1259,1020
4,1259,1061
4,1262,1067
4,1237,618
4,1254,282
4,1269,277
4,631,405
4,1215,686
4,1267,997
5,634,579
5,624,602
5,1220,974
5,1256,781
5,1245,743
5,1251,767
5,1256,621
5,1254,598
5,1258,583
5,1242,576
5,1234,561
5,1237,552
5,1237,536
5,1246,528
5,1244,516
5,1239,502
5,1240,487
5,1240,474
5,1242,456
5,1262,445
5,1238,440
5,1212,190
5,1296,238
5,1278,349
5,1246,298
5,1269,300
5,1263,277
5,1287,351
5,1293,316
5,1277,318
5,1278,509
5,1275,371
5,1269,690
5,1288,266
5,1271,193
5,1285,200
5,1277,227
5,1275,534
5,622,169
5,648,409
5,663,430
5,635,367
5,638,450
5,671,534
5,658,546
5,674,590
5,629,392
5,667,647
5,674,702
5,647,1034
5,646,972
5,678,748
5,667,751
5,657,770
5,671,819
5,664,817
5,657,791
5,670,791
5,646,934
5,638,915
5,1260,1043
5,1261,1020
5,1260,1059
5,1262,1066
5,1237,618
5,1254,271
5,1272,266
5,631,409
5,627,375
5,1218,708
5,1267,1000
6,634,589
6,626,614
6,1222,960
6,1253,775
6,1245,743
6,1251,767
6,1256,621
6,1255,597
6,1258,583
6,1242,576
6,1234,561
6,1237,552
6,1237,536
6,1246,528
6,1245,515
6,1239,502
6,1241,487
6,1240,474
6,1242,457
6,1261,441
6,1238,440
6,1214,180
6,1276,337
6,1248,284
6,1269,294
6,1265,264
6,1289,342
6,1295,309
6,1279,311
6,1277,493
6,1270,362
6,1268,671
6,1291,256
6,1269,199
6,1283,208
6,1268,238
6,1275,533
6,622,169
6,645,416
6,665,435
6,640,375
6,638,456
6,673,521
6,657,532
6,673,579
6,631,401
6,669,628
6,676,699
6,648,1046
6,648,959
6,679,736
6,670,740
6,658,763
6,673,813
6,662,814
6,658,785
6,672,783
6,648,921
6,641,894
6,1261,1042
6,1262,1016
6,1260,1055
6,1262,1066
6,1237,618
6,1263,268
6,1271,251
6,632,413
6,636,385
6,1221,735
6,1268,995
7,632,600
7,628,625
7,1223,955
7,1259,774
7,1246,743
7,1252,766
7,1257,621
7,1256,596
7,1258,583
7,1242,576
7,1234,561
7,1237,552
7,1237,536
7,1246,528
7,1246,515
7,1240,502
7,1241,487
7,1240,474
7,1242,457
7,1261,438
7,1239,440
7,1215,169
7,1277,331
7,1253,273
7,1271,284
7,1269,261
7,1291,335
7,1295,295
7,1277,296
7,1285,481
7,1266,354
7,1268,658
7,1265,212
7,1277,216
7,1261,242
7,1275,532
7,1289,669
7,1281,701
7,622,168
7,646,425
7,655,443
7,644,378
7,637,467
7,668,507
7,656,518
7,674,572
7,633,409
7,671,617
7,667,688
7,642,1051
7,648,955
7,682,725
7,672,731
7,658,747
7,673,802
7,661,804
7,657,774
7,670,775
7,654,912
7,645,883
7,1261,1035
7,1264,1012
7,1262,1051
7,1263,1066
7,1237,618
7,1269,261
7,1280,248
7,628,485
7,633,417
7,640,388
7,1223,755
7,1264,991
8,632,611
8,630,636
8,1225,948
8,1254,774
8,1246,743
8,1252,766
8,1257,621
8,1256,598
8,1258,583
8,1242,576
8,1234,561
8,1238,552
8,1237,536
8,1246,528
8,1247,515
8,1241,502
8,1242,488
8,1241,474
8,1243,457
8,1263,434
8,1239,441
8,1219,159
8,1280,323
8,1256,268
8,1276,276
8,1272,256
8,1292,327
8,1280,292
8,1285,468
8,1262,344
8,1272,640
8,1265,224
8,1273,224
8,1260,263
8,1275,531
8,1289,653
8,1283,688
8,1282,181
8,1291,654
8,1282,691
8,622,168
8,637,436
8,657,453
8,648,381
8,636,474
8,669,498
8,653,499
8,671,566
8,631,416
8,673,612
8,663,677
8,637,1063
8,648,946
8,678,719
8,673,719
8,657,734
8,676,795
8,661,794
8,659,766
8,665,761
8,656,902
8,649,877
8,649,846
8,1262,1029
8,1266,1009
8,1264,1045
8,1266,1062
8,1237,618
8,1272,255
8,1279,235
8,629,497
8,629,422
8,645,392
8,1227,777
9,632,623
9,631,646
9,1225,945
9,1255,776
9,1247,744
9,1252,765
9,1258,621
9,1256,600
9,1259,583
9,1242,576
9,1234,561
9,1238,552
9,1237,536
9,1246,528
9,1248,515
9,1242,502
9,1242,488
9,1241,474
9,1243,457
9,1261,434
9,1240,441
9,1221,152
9,1278,314
9,1261,260
9,1275,271
9,1279,251
9,1294,317
9,1286,283
9,1283,455
9,1260,331
9,1275,624
9,1256,227
9,1268,233
9,1251,257
9,1275,530
9,1288,640
9,1284,674
9,1276,190
9,1290,193
9,1292,649
9,621,169
9,641,444
9,654,460
9,651,387
9,633,480
9,667,488
9,654,494
9,669,549
9,631,426
9,671,607
9,663,669
9,648,934
9,672,709
9,667,708
9,657,726
9,677,786
9,660,783
9,659,758
9,667,755
9,661,893
9,655,861
9,647,855
9,1264,1021
9,1272,997
9,1263,1043
9,1267,1057
9,1264,1065
9,1270,1069
9,1237,618
9,1278,251
9,1283,229
9,621,505
9,625,428
9,641,396
9,1227,804
10,634,634
10,1226,938
10,1255,776
10,1248,743
10,1252,765
10,1258,621
10,1256,600
10,1259,583
10,1242,576
10,1234,561
10,1238,552
10,1237,536
10,1246,528
10,1247,515
10,1242,502
10,1243,488
10,1241,474
10,1243,457
10,1260,433
10,1240,441
10,1224,147
10,1280,307
10,1270,250
10,1281,268
10,1284,247
10,1293,312
10,1293,276
10,1286,438
10,1261,323
10,1279,609
10,1254,234
10,1259,238
10,1252,259
10,1276,529
10,1286,633
10,1284,662
10,1271,196
10,1283,202
10,621,170
10,635,452
10,651,467
10,652,388
10,630,489
10,662,477
10,655,490
10,669,537
10,631,437
10,672,600
10,668,655
10,650,919
10,674,706
10,665,704
10,658,722
10,674,775
10,662,777
10,657,749
10,669,746
10,664,878
10,658,851
10,1264,1013
10,1269,990
10,1264,1040
10,1267,1053
10,1266,1063
10,1237,618
10,1284,244
10,1289,217
10,627,515
10,626,433
10,637,401
10,1225,803
11,634,644
11,1226,938
11,1255,776
11,1249,742
11,1252,764
11,1259,622
11,1256,600
11,1259,583
11,1242,576
11,1234,561
11,1238,552
11,1237,536
11,1246,528
11,1246,516
11,1242,502
11,1243,488
11,1242,474
11,1243,458
11,1260,433
11,1241,441
11,1227,136
11,1283,300
11,1277,239
11,1283,259
11,1285,239
11,1294,301
11,1292,270
11,1284,422
11,1263,316
11,1282,593
11,1252,243
11,1260,245
11,1249,266
11,1276,528
11,1287,619
11,1280,646
11,1268,201
11,1279,205
11,621,171
11,631,465
11,647,476
11,653,389
11,632,496
11,664,470
11,656,486
11,670,529
11,630,436
11,673,587
11,670,646
11,653,910
11,674,695
11,663,698
11,660,714
11,675,763
11,664,768
11,657,738
11,670,735
11,667,859
11,667,840
11,1265,1037
11,1269,1054
11,1265,1061
11,1237,618
11,1288,239
11,1290,211
11,657,866
11,628,522
11,628,438
11,638,407
11,1256,1070
11,1226,814
12,634,654
12,1222,938
12,1256,777
12,1250,741
12,1253,764
12,1259,622
12,1257,600
12,1259,584
12,1242,576
12,1234,561
12,1239,552
12,1237,536
12,1246,528
12,1245,517
12,1242,502
12,1244,489
12,1242,474
12,1244,458
12,1260,433
12,1241,442
12,1230,130
12,1281,291
12,1282,235
12,1286,254
12,1287,235
12,1295,292
12,1292,264
12,1285,408
12,1265,307
12,1285,575
12,1251,250
12,1262,250
12,1249,272
12,1276,527
12,1294,607
12,1279,636
12,1269,202
12,1274,210
12,621,172
12,635,473
12,649,479
12,653,398
12,633,500
12,661,464
12,658,478
12,664,516
12,629,441
12,673,573
12,672,637
12,658,903
12,676,689
12,660,689
12,654,699
12,674,757
12,662,759
12,659,732
12,671,729
12,668,854
12,668,822
12,1261,1033
12,1269,1051
12,1264,1059
12,1237,618
12,1285,233
12,1292,205
12,661,855
12,623,531
12,627,444
12,640,413
12,1253,1070
12,1227,825
12,620,432
13,1223,938
13,1256,777
13,1251,741
13,1253,764
13,1260,623
13,1257,601
13,1259,584
13,1242,576
13,1234,561
13,1239,552
13,1237,536
13,1246,528
13,1245,516
13,1242,502
13,1244,489
13,1242,474
13,1244,458
13,1259,433
13,1241,442
13,1233,132
13,1283,284
13,1281,228
13,1288,248
13,1290,228
13,1296,284
13,1291,259
13,1283,396
13,1269,291
13,1282,564
13,1251,262
13,1264,257
13,1247,285
13,1276,526
13,1287,599
13,1279,618
13,1270,203
13,1268,218
13,620,174
13,630,483
13,649,486
13,653,410
13,634,505
13,662,454
13,661,469
13,663,505
13,628,446
13,676,563
13,672,626
13,660,896
13,673,671
13,663,677
13,650,691
13,674,751
13,663,749
13,661,722
13,673,719
13,668,841
13,670,808
13,1257,1030
13,1271,1049
13,1237,618
13,1287,227
13,648,782
13,645,814
13,662,840
13,625,535
13,627,451
13,638,425
13,1251,1067
13,1229,836
13,623,442
13,648,878
14,1225,938
14,1257,778
14,1251,740
14,1254,764
14,1260,623
14,1258,601
14,1260,584
14,1242,576
14,1234,561
14,1239,552
14,1237,536
14,1246,528
14,1245,516
14,1242,502
14,1245,489
14,1243,474
14,1244,458
14,1259,433
14,1242,442
14,1239,135
14,1282,274
14,1280,226
14,1292,240
14,1290,221
14,1298,276
14,1292,250
14,1287,382
14,1271,288
14,1276,548
14,1248,272
14,1262,266
14,1250,294
14,1276,525
14,1286,595
14,1280,612
14,1254,227
14,1269,228
14,1294,669
14,1288,713
14,620,175
14,626,493
14,645,494
14,652,419
14,635,516
14,667,446
14,662,456
14,665,492
14,624,460
14,670,556
14,669,615
14,662,889
14,673,665
14,660,666
14,650,679
14,671,740
14,662,740
14,658,711
14,674,715
14,671,832
14,664,800
14,1253,1027
14,1257,1042
14,1237,618
14,1289,222
14,650,793
14,646,825
14,653,840
14,624,543
14,626,457
14,637,437
14,1249,1062
14,1267,1074
14,1231,847
14,621,451
14,651,869
15,1227,939
15,1257,778
15,1252,740
15,1254,764
15,1261,624
15,1258,601
15,1260,585
15,1242,576
15,1234,561
15,1240,552
15,1237,536
15,1246,528
15,1245,516
15,1242,502
15,1245,490
15,1243,475
15,1245,459
15,1259,433
15,1242,443
15,1242,137
15,1284,267
15,1282,215
15,1292,235
15,1293,213
15,1299,270
15,1290,244
15,1287,370
15,1272,289
15,1282,536
15,1250,279
15,1264,275
15,1251,304
15,1276,524
15,1285,591
15,1281,599
15,1254,236
15,1265,245
15,1294,659
15,1291,703
15,620,176
15,627,498
15,643,502
15,651,427
15,637,528
15,669,430
15,662,446
15,667,480
15,623,470
15,671,547
15,666,610
15,662,876
15,671,657
15,661,661
15,652,670
15,671,732
15,664,733
15,653,701
15,667,698
15,670,814
15,663,789
15,1253,1024
15,1257,1040
15,1237,618
15,1290,213
15,649,802
15,641,837
15,659,830
15,623,554
15,626,463
15,638,446
15,1247,1060
15,1266,1071
15,1231,854
15,626,453
15,654,860
16,1228,939
16,1258,778
16,1251,741
16,1255,765
16,1261,624
16,1258,601
16,1260,585
16,1242,576
16,1234,561
16,1240,551
16,1237,536
16,1246,528
16,1245,516
16,1242,502
16,1246,490
16,1243,475
16,1245,459
16,1258,433
16,1243,443
16,1243,139
16,1285,262
16,1285,209
16,1294,223
16,1296,264
16,1286,359
16,1273,291
16,1282,525
16,1250,286
16,1262,285
16,1259,316
16,1277,524
16,1284,587
16,1280,592
16,1255,245
16,1264,255
16,1291,646
16,1293,688
16,620,177
16,628,504
16,643,511
16,646,438
16,638,536
16,671,421
16,662,437
16,667,471
16,624,484
16,673,534
16,666,602
16,664,869
16,672,647
16,660,652
16,649,659
16,671,726
16,666,725
16,650,692
16,663,690
16,670,809
16,663,776
16,1253,1022
16,1258,1039
16,1237,618
16,649,816
16,643,846
16,661,815
16,622,565
16,626,469
16,640,455
16,1247,1061
16,1266,1068
16,1231,861
16,625,464
16,664,847
17,1230,939
17,1258,779
17,1251,742
17,1255,766
17,1262,625
17,1259,602
17,1260,585
17,1242,576
17,1234,561
17,1240,551
17,1237,536
17,1246,528
17,1245,516
17,1242,502
17,1246,490
17,1244,475
17,1245,459
17,1258,433
17,1243,443
17,1244,141
17,1287,258
17,1287,206
17,1296,218
17,1298,261
17,1289,347
17,1282,285
17,1278,508
17,1250,301
17,1261,296
17,1258,332
17,1280,507
17,1284,583
17,1279,586
17,1250,262
17,1261,266
17,1291,634
17,1293,680
17,619,179
17,630,514
17,640,520
17,646,448
17,636,548
17,673,412
17,663,427
17,664,463
17,620,498
17,668,525
17,665,590
17,665,865
17,672,637
17,661,641
17,647,648
17,667,715
17,657,719
17,648,681
17,662,678
17,668,799
17,663,768
17,639,1024
17,1253,1019
17,1259,1038
17,1276,167
17,1288,172
17,1237,618
17,643,818
17,640,857
17,667,805
17,621,572
17,630,479
17,638,465
17,1249,1065
17,1267,1065
17,1232,863
17,623,473
17,666,838
18,1232,940
18,1259,779
18,1251,743
18,1255,767
18,1262,625
18,1259,602
18,1261,586
18,1242,576
18,1234,561
18,1240,551
18,1237,536
18,1246,528
18,1245,516
18,1242,502
18,1247,491
18,1244,475
18,1245,459
18,1258,433
18,1244,443
18,1245,144
18,1287,251
18,1291,198
18,1299,259
18,1289,338
18,1284,280
18,1281,489
18,1253,311
18,1263,308
18,1260,342
18,1283,490
18,1279,578
18,1274,584
18,1252,275
18,1263,270
18,1288,620
18,1294,668
18,619,180
18,633,527
18,644,532
18,648,463
18,634,554
18,673,396
18,661,414
18,663,451
18,624,505
18,668,516
18,662,581
18,665,855
18,673,632
18,663,633
18,647,636
18,668,707
18,660,711
18,648,673
18,662,671
18,675,782
18,661,752
18,642,1018
18,1253,1017
18,1260,1037
18,1277,172
18,1285,186
18,1237,618
18,640,820
18,636,866
18,669,794
18,620,579
18,635,489
18,642,476
18,1251,1069
18,1269,1062
18,1233,866
18,627,482
18,669,830
19,1237,940
19,1259,780
19,1252,744
19,1255,768
19,1263,626
19,1260,602
19,1261,586
19,1242,576
19,1234,561
19,1241,551
19,1237,536
19,1246,528
19,1246,516
19,1242,502
19,1247,491
19,1244,475
19,1246,459
19,1257,433
19,1244,444
19,1247,143
19,1288,247
19,1296,255
19,1288,325
19,1288,278
19,1282,477
19,1267,321
19,1267,323
19,1264,355
19,1285,481
19,1274,574
19,1269,582
19,1249,288
19,1264,283
19,1284,611
19,1292,658
19,619,181
19,633,535
19,649,544
19,646,476
19,632,561
19,675,391
19,659,403
19,663,440
19,626,510
19,668,507
19,663,577
19,669,846
19,675,627
19,662,627
19,649,618
19,669,699
19,661,700
19,647,660
19,659,660
19,672,773
19,665,738
19,645,1009
19,1254,1015
19,1261,1035
19,1270,187
19,1281,191
19,1237,618
19,646,851
19,636,866
19,669,784
19,620,587
19,634,496
19,646,489
19,1252,1071
19,1270,1057
19,1233,869
19,626,489
19,670,818
20,1240,938
20,1260,780
20,1252,745
20,1255,769
20,1263,626
20,1260,603
20,1261,587
20,1242,576
20,1234,561
20,1241,551
20,1237,536
20,1246,528
20,1246,516
20,1242,502
20,1248,491
20,1245,475
20,1246,460
20,1257,433
20,1245,444
20,1245,143
20,1286,245
20,1294,251
20,1290,311
20,1298,264
20,1285,457
20,1259,332
20,1271,336
20,1266,369
20,1289,465
20,1269,570
20,1265,581
20,1251,294
20,1266,297
20,1285,603
20,1291,649
20,619,182
20,632,544
20,649,551
20,647,485
20,630,578
20,671,379
20,659,392
20,665,426
20,628,518
20,670,501
20,666,570
20,673,834
20,677,623
20,666,617
20,651,608
20,670,689
20,664,684
20,646,649
20,660,656
20,673,762
20,666,730
20,645,996
20,1255,1010
20,1262,1034
20,1266,194
20,1278,196
20,1237,618
20,648,856
20,636,866
20,666,777
20,620,598
20,634,504
20,648,500
20,1252,1071
20,1269,1051
20,1234,873
20,626,497
20,671,806
20,1287,712
21,1241,938
21,1260,780
21,1253,747
21,1255,769
21,1264,627
21,1260,603
21,1261,587
21,1242,576
21,1234,561
21,1241,551
21,1237,536
21,1246,528
21,1246,516
21,1242,502
21,1248,491
21,1245,475
21,1246,460
21,1257,433
21,1245,444
21,1243,143
21,1291,239
21,1296,254
21,1290,300
21,1288,447
21,1260,349
21,1272,345
21,1268,380
21,1291,452
21,1270,575
21,1266,588
21,1254,303
21,1266,310
21,1282,591
21,1291,639
21,619,184
21,633,552
21,649,559
21,648,495
21,632,582
21,669,371
21,660,383
21,668,415
21,629,529
21,666,490
21,668,559
21,677,826
21,679,612
21,671,612
21,653,598
21,672,678
21,664,678
21,648,642
21,660,646
21,675,762
21,649,731
21,647,982
21,646,1010
21,1257,1005
21,1263,1033
21,1256,204
21,1272,203
21,1237,618
21,641,872
21,636,866
21,666,762
21,619,609
21,635,511
21,650,511
21,1252,1072
21,1269,1050
21,1234,879
21,630,511
21,671,795
21,1286,701
21,1265,248
22,1240,939
22,1261,781
22,1253,748
22,1255,769
22,1264,627
22,1261,603
22,1261,587
22,1242,576
22,1234,561
22,1242,551
22,1237,536
22,1246,528
22,1246,515
22,1242,502
22,1249,492
22,1245,475
22,1247,460
22,1253,433
22,1245,445
22,1241,144
22,1293,238
22,1295,250
22,1288,289
22,1285,441
22,1263,359
22,1274,355
22,1266,393
22,1293,438
22,1272,581
22,1268,595
22,1256,313
22,1268,317
22,1281,578
22,1292,621
22,622,189
22,634,553
22,647,573
22,653,511
22,634,589
22,665,357
22,660,374
22,670,405
22,627,536
22,663,480
22,667,550
22,673,817
22,680,594
22,667,604
22,659,587
22,671,672
22,663,673
22,651,635
22,662,633
22,676,754
22,659,709
22,649,978
22,644,1008
22,1256,1000
22,1264,1032
22,1253,213
22,1269,210
22,1237,618
22,641,872
22,636,866
22,666,752
22,619,613
22,637,519
22,646,520
22,1253,1072
22,1269,1048
22,1235,885
22,637,512
22,672,784
22,1286,691
22,1276,508
22,1263,238
23,1238,938
23,1261,781
23,1254,749
23,1255,769
23,1265,628
23,1261,603
23,1262,588
23,1242,576
23,1234,561
23,1242,551
23,1237,536
23,1246,528
23,1246,515
23,1242,502
23,1249,492
23,1246,475
23,1247,460
23,1250,433
23,1246,445
23,1239,144
23,1295,235
23,1297,247
23,1289,284
23,1271,518
23,1266,369
23,1276,369
23,1266,403
23,1294,425
23,1273,587
23,1270,603
23,1258,323
23,1270,324
23,1279,566
23,1290,611
23,626,189
23,635,554
23,649,580
23,653,523
23,631,604
23,666,348
23,660,365
23,671,395
23,626,542
23,662,475
23,667,542
23,676,805
23,682,600
23,664,597
23,666,577
23,673,662
23,665,662
23,649,630
23,663,620
23,677,742
23,659,697
23,654,963
23,641,993
23,1255,996
23,1265,1031
23,1252,219
23,1265,214
23,1237,618
23,641,872
23,636,866
23,661,743
23,619,619
23,638,528
23,647,539
23,1253,1072
23,1269,1045
23,1280,1068
23,1236,892
23,1269,513
23,632,522
23,675,778
23,1288,679
23,1276,499
23,1262,234
23,1277,238
24,1236,938
24,1262,782
24,1254,750
24,1255,769
24,1265,628
24,1262,604
24,1262,588
24,1242,576
24,1234,561
24,1242,551
24,1237,536
24,1246,528
24,1246,515
24,1242,502
24,1250,492
24,1246,475
24,1247,460
24,1248,430
24,1246,445
24,1237,144
24,1291,278
24,1269,508
24,1262,381
24,1272,382
24,1265,408
24,1293,410
24,1275,593
24,1271,610
24,1261,334
24,1274,341
24,1279,558
24,1287,599
24,625,192
24,630,574
24,645,588
24,655,534
24,631,610
24,662,338
24,656,353
24,670,390
24,623,550
24,662,467
24,669,536
24,677,797
24,683,592
24,665,591
24,668,569
24,675,662
24,666,656
24,650,623
24,664,616
24,675,737
24,659,691
24,655,952
24,642,984
24,662,820
24,1255,992
24,1266,1029
24,1251,225
24,1262,219
24,1289,215
24,1237,618
24,641,872
24,636,866
24,649,793
24,619,629
24,639,537
24,645,547
24,1253,1072
24,1269,1040
24,1278,1065
24,1235,896
24,1271,493
24,631,532
24,676,767
24,1291,665
24,1276,499
24,1261,231
24,1277,248
24,1288,218
25,1235,938
25,1262,782
25,1255,752
25,1255,769
25,1266,629
25,1262,604
25,1262,588
25,1242,576
25,1234,561
25,1242,551
25,1237,536
25,1246,528
25,1247,515
25,1242,502
25,1250,493
25,1246,475
25,1247,461
25,1246,428
25,1247,445
25,1235,145
25,1293,272
25,1271,499
25,1264,391
25,1273,395
25,1261,413
25,1292,396
25,1276,598
25,1273,618
25,1263,343
25,1277,351
25,1278,549
25,1286,592
25,1294,660
25,1298,694
25,625,196
25,629,582
25,642,597
25,651,547
25,629,615
25,657,329
25,655,345
25,670,375
25,622,562
25,665,459
25,672,528
25,676,780
25,683,585
25,667,587
25,666,558
25,671,645
25,668,652
25,653,612
25,665,612
25,673,732
25,660,682
25,657,943
25,644,973
25,663,836
25,654,803
25,1259,1001
25,1267,1028
25,1254,232
25,1260,227
25,1286,220
25,1237,618
25,641,872
25,636,866
25,660,728
25,620,639
25,637,544
25,643,555
25,1254,1072
25,1268,1035
25,1276,1061
25,1235,900
25,1274,485
25,630,541
25,677,756
25,1292,654
25,1277,500
25,1262,232
25,1275,260
25,1283,228
26,1233,938
26,1263,783
26,1253,750
26,1255,769
26,1266,629
26,1262,604
26,1262,589
26,1242,576
26,1234,561
26,1243,551
26,1237,536
26,1246,528
26,1247,515
26,1242,502
26,1251,493
26,1247,475
26,1248,461
26,1243,430
26,1247,446
26,1233,145
26,1295,265
26,1272,489
26,1268,398
26,1275,401
26,1260,419
26,1292,379
26,1278,604
26,1275,625
26,1262,353
26,1276,358
26,1276,535
26,1285,582
26,1297,650
26,1299,686
26,627,200
26,632,592
26,641,607
26,653,557
26,628,618
26,658,321
26,652,339
26,668,365
26,624,572
26,671,446
26,672,518
26,667,750
26,680,574
26,668,575
26,667,551
26,675,639
26,670,645
26,660,600
26,666,603
26,671,718
26,658,667
26,661,933
26,648,960
26,663,857
26,656,815
26,1263,1010
26,1268,1026
26,1251,239
26,1261,232
26,1283,227
26,1237,618
26,641,872
26,636,866
26,659,713
26,621,649
26,636,551
26,641,563
26,1254,1073
26,1267,1031
26,1275,1057
26,1279,472
26,632,551
26,670,743
26,1291,646
26,1277,500
26,1263,234
26,1273,272
26,1283,234
27,1232,938
27,1261,785
27,1252,749
27,1255,769
27,1267,630
27,1263,604
27,1263,589
27,1242,576
27,1234,561
27,1243,551
27,1237,536
27,1246,528
27,1247,515
27,1242,502
27,1251,493
27,1247,475
27,1248,461
27,1244,430
27,1248,446
27,1231,145
27,1298,258
27,1268,478
27,1270,405
27,1278,405
27,1260,426
27,1294,369
27,1279,610
27,1277,633
27,1261,360
27,1276,366
27,1292,637
27,1300,678
27,630,205
27,634,601
27,643,614
27,649,562
27,628,629
27,660,310
27,649,325
27,667,358
27,625,581
27,668,438
27,668,510
27,679,755
27,680,569
27,670,569
27,668,538
27,675,632
27,663,629
27,665,591
27,672,595
27,669,702
27,657,658
27,662,919
27,649,951
27,663,866
27,658,824
27,1268,1020
27,1265,1024
27,1248,245
27,1261,235
27,1280,238
27,1237,618
27,641,872
27,636,866
27,659,704
27,621,659
27,629,559
27,639,572
27,1254,1073
27,1265,1024
27,1275,1053
27,1272,1069
27,1278,461
27,629,554
27,672,739
27,1290,632
27,1276,500
27,1266,234
27,1271,283
27,1281,242
28,1230,938
28,1261,785
28,1250,747
28,1255,769
28,1267,630
28,1263,605
28,1263,589
28,1242,576
28,1234,561
28,1243,551
28,1237,536
28,1246,528
28,1247,515
28,1242,502
28,1252,494
28,1247,475
28,1248,461
28,1246,430
28,1248,446
28,1229,146
28,1303,250
28,1270,472
28,1272,411
28,1281,409
28,1261,431
28,1296,359
28,1281,616
28,1278,640
28,1259,370
28,1276,380
28,1287,625
28,1299,666
28,634,212
28,634,606
28,644,622
28,650,573
28,629,635
28,660,297
28,648,313
28,663,345
28,624,585
28,665,430
28,667,497
28,677,747
28,680,558
28,666,560
28,661,520
28,676,625
28,665,624
28,664,583
28,677,583
28,670,697
28,658,650
28,662,911
28,653,939
28,660,879
28,657,844
28,1271,1034
28,1261,1021
28,1246,252
28,1262,239
28,1281,248
28,1237,618
28,641,872
28,636,866
28,659,695
28,620,667
28,632,567
28,638,587
28,1255,1073
28,1268,1018
28,1273,1048
28,1272,1064
28,1275,455
28,631,562
28,677,731
28,1290,616
28,1277,501
28,1268,221
28,1271,295
28,1278,252
29,1228,938
29,1261,785
29,1249,746
29,1255,769
29,1268,631
29,1264,605
29,1263,590
29,1242,576
29,1234,561
29,1244,551
29,1237,536
29,1246,528
29,1247,515
29,1242,502
29,1252,494
29,1248,476
29,1249,462
29,1248,431
29,1249,447
29,1227,146
29,1298,243
29,1266,453
29,1271,416
29,1285,416
29,1262,432
29,1296,343
29,1283,622
29,1280,647
29,1261,382
29,1279,391
29,1287,611
29,1298,654
29,641,219
29,631,614
29,644,634
29,647,580
29,628,642
29,657,286
29,647,300
29,665,336
29,624,589
29,664,420
29,661,491
29,668,715
29,680,559
29,664,550
29,657,511
29,676,612
29,663,607
29,660,570
29,675,577
29,669,686
29,660,642
29,665,902
29,659,926
29,662,882
29,652,858
29,1271,1044
29,1263,1020
29,1246,257
29,1262,243
29,1279,262
29,1237,618
29,641,872
29,636,866
29,658,684
29,636,575
29,638,595
29,1255,1072
29,1276,1019
29,1272,1042
29,1272,1062
29,1269,448
29,633,572
29,682,724
29,1290,604
29,1278,502
29,1271,209
29,1272,308
29,1276,263
30,1227,938
30,1261,786
30,1248,745
30,1255,769
30,1268,631
30,1264,605
30,1263,590
30,1242,576
30,1234,561
30,1244,551
30,1237,536
30,1246,528
30,1247,515
30,1242,502
30,1252,494
30,1248,476
30,1249,462
30,1254,432
30,1243,443
30,1225,146
30,1299,242
30,1266,453
30,1277,426
30,1287,426
30,1263,434
30,1298,338
30,1284,627
30,1282,655
30,1260,389
30,1276,397
30,1287,601
30,1298,639
30,646,227
30,633,625
30,644,643
30,644,590
30,632,654
30,651,274
30,648,294
30,671,322
30,621,595
30,666,406
30,661,486
30,676,713
30,676,542
30,661,541
30,649,505
30,678,607
30,664,604
30,662,562
30,670,565
30,668,675
30,661,630
30,668,890
30,661,920
30,659,890
30,648,866
30,1268,1040
30,1266,1029
30,1246,262
30,1263,247
30,1279,279
30,1237,618
30,641,872
30,636,866
30,658,675
30,636,581
30,639,603
30,1256,1071
30,1279,1021
30,1274,1039
30,1273,1062
30,1266,443
30,632,582
30,661,711
30,1288,595
30,1278,502
30,1274,204
30,1274,324
30,1277,278
