1,592,1000
1,656,957
1,674,815
1,700,780
1,472,950
1,480,951
1,470,871
1,590,826
1,610,831
1,577,754
1,435,718
1,451,817
1,679,674
1,671,659
1,609,667
1,613,678
1,625,682
1,526,674
1,545,669
1,548,653
1,447,644
1,425,638
1,428,662
1,437,663
1,434,651
1,548,722
1,457,623
1,425,592
1,483,624
1,492,637
1,654,571
1,655,588
1,635,577
1,626,587
1,603,567
1,588,571
1,555,575
1,634,638
1,701,569
1,549,595
1,581,599
1,602,605
1,619,600
1,527,565
1,593,617
1,681,404
1,695,404
1,665,432
1,679,426
1,493,614
1,529,593
1,523,590
1,514,601
1,579,426
1,561,428
1,545,429
1,532,434
1,516,440
1,501,444
1,629,468
1,645,503
1,650,499
1,631,506
1,614,512
1,553,490
1,540,509
1,515,526
1,474,606
1,491,596
1,458,601
1,455,636
1,564,356
1,489,573
1,487,553
1,474,580
1,473,567
1,464,531
1,446,531
1,489,488
1,497,486
1,592,399
1,507,414
1,600,374
1,471,511
1,446,519
1,435,502
1,457,469
1,473,452
1,430,489
1,485,442
1,431,469
1,466,427
1,487,163
1,504,173
1,480,97
1,629,65
1,700,262
1,700,283
1,651,279
1,523,230
1,807,602
1,857,570
1,846,528
1,873,536
1,892,415
1,907,455
1,901,509
1,984,498
1,983,487
1,951,397
1,970,404
1,990,437
1,997,442
1,984,415
1,982,390
1,1166,116
1,1164,133
1,1145,14
1,1078,174
1,1125,234
1,1094,196
1,1122,207
1,1140,250
1,1162,264
1,1168,284
1,1177,222
1,1193,250
1,1190,264
1,1214,258
1,1167,303
1,1168,310
1,1190,299
1,1192,324
1,1250,293
1,1184,343
1,1281,162
1,1313,157
1,1299,356
1,1350,330
1,1424,320
1,1557,234
1,1562,254
1,1560,347
1,1670,290
1,1736,274
1,1736,289
1,1822,333
1,1810,355
1,1687,370
1,1617,224
1,1644,199
1,1641,211
1,1783,193
1,1846,200
1,1901,203
1,1763,724
1,1786,741
1,1793,692
1,1800,712
1,1856,722
1,1843,743
1,1904,714
1,1630,674
1,1146,727
1,1105,794
1,1169,730
1,1178,735
1,1101,841
1,1131,813
2,594,1013
2,662,951
2,679,811
2,699,780
2,472,964
2,481,966
2,470,858
2,579,741
2,435,718
2,449,817
2,686,666
2,680,653
2,614,665
2,618,675
2,630,681
2,520,674
2,536,663
2,559,653
2,446,644
2,425,638
2,428,662
2,437,663
2,434,651
2,549,722
2,466,629
2,425,592
2,477,624
2,504,639
2,654,571
2,655,588
2,635,577
2,626,587
2,603,567
2,588,570
2,555,573
2,643,637
2,701,569
2,549,595
2,581,599
2,602,605
2,619,600
2,528,566
2,590,615
2,681,404
2,695,404
2,665,431
2,679,426
2,492,616
2,530,593
2,517,590
2,525,618
2,579,426
2,561,428
2,545,429
2,532,435
2,516,440
2,501,443
2,629,468
2,643,502
2,647,502
2,629,507
2,612,512
2,543,482
2,533,515
2,508,525
2,474,606
2,491,596
2,458,600
2,450,630
2,560,357
2,496,573
2,482,559
2,477,581
2,467,574
2,468,532
2,450,534
2,492,490
2,501,486
2,593,399
2,507,414
2,600,374
2,467,514
2,438,523
2,435,502
2,457,469
2,473,452
2,430,489
2,485,442
2,422,467
2,454,438
2,494,157
2,505,165
2,473,109
2,637,78
2,699,262
2,699,283
2,650,278
2,528,226
2,830,595
2,870,570
2,862,532
2,880,532
2,892,421
2,913,451
2,905,503
2,991,498
2,987,484
2,952,396
2,974,400
2,990,436
2,999,441
2,990,413
2,979,382
2,1166,116
2,1164,133
2,1149,25
2,1078,174
2,1121,235
2,1105,185
2,1120,208
2,1139,251
2,1161,264
2,1165,285
2,1166,229
2,1190,249
2,1191,266
2,1210,257
2,1164,304
2,1169,314
2,1189,301
2,1202,326
2,1246,298
2,1182,344
2,1271,161
2,1307,154
2,1300,352
2,1344,330
2,1436,321
2,1546,235
2,1554,256
2,1560,347
2,1682,290
2,1747,274
2,1747,289
2,1822,334
2,1811,354
2,1686,370
2,1600,223
2,1637,201
2,1632,214
2,1774,193
2,1836,197
2,1891,201
2,1914,230
2,1779,726
2,1796,745
2,1809,695
2,1818,717
2,1875,724
2,1861,750
2,1916,674
2,1617,680
2,1150,740
2,1105,794
2,1169,729
2,1178,735
2,1094,854
2,1133,827
3,597,1027
3,668,946
3,674,806
3,699,780
3,472,978
3,483,982
3,469,845
3,581,729
3,435,719
3,448,818
3,693,658
3,687,645
3,619,663
3,623,672
3,636,680
3,515,669
3,528,662
3,570,658
3,446,644
3,425,639
3,428,662
3,437,663
3,434,651
3,551,722
3,476,635
3,425,592
3,472,625
3,516,637
3,654,571
3,656,588
3,635,578
3,626,588
3,603,567
3,588,570
3,556,572
3,653,637
3,701,569
3,549,595
3,582,599
3,602,605
3,619,600
3,529,567
3,587,613
3,681,405
3,695,405
3,666,430
3,679,427
3,491,619
3,532,594
3,512,591
3,540,626
3,579,426
3,562,428
3,546,429
3,532,436
3,516,440
3,502,443
3,629,469
3,642,501
3,644,506
3,627,509
3,610,512
3,533,474
3,527,521
3,501,524
3,474,606
3,492,596
3,458,599
3,446,624
3,556,358
3,501,573
3,478,564
3,486,576
3,459,575
3,472,533
3,454,531
3,496,492
3,505,487
3,594,399
3,507,414
3,601,375
3,459,514
3,416,564
3,431,527
3,435,503
3,457,470
3,474,453
3,431,489
3,486,442
3,412,468
3,443,450
3,502,152
3,518,156
3,466,121
3,644,91
3,699,263
3,699,284
3,649,277
3,533,222
3,852,588
3,881,569
3,875,539
3,887,522
3,893,428
3,920,448
3,910,497
3,994,494
3,991,481
3,953,396
3,978,397
3,990,436
3,1001,441
3,996,411
3,976,375
3,1166,117
3,1164,134
3,1154,37
3,1078,175
3,1117,237
3,1106,174
3,1119,210
3,1139,252
3,1161,264
3,1162,286
3,1159,234
3,1191,248
3,1188,274
3,1207,257
3,1161,305
3,1171,319
3,1188,304
3,1209,324
3,1239,297
3,1180,346
3,1262,161
3,1302,152
3,1301,349
3,1339,330
3,1449,322
3,1536,237
3,1546,259
3,1560,348
3,1694,290
3,1758,274
3,1759,289
3,1823,335
3,1812,354
3,1686,370
3,1584,223
3,1630,204
3,1624,217
3,1766,193
3,1826,195
3,1882,199
3,1904,234
3,1791,724
3,1804,746
3,1822,695
3,1832,720
3,1888,724
3,1878,750
3,1910,679
3,1735,712
3,1738,742
3,1602,680
3,1154,753
3,1105,794
3,1170,729
3,1179,735
3,1085,868
3,1118,835
3,1068,1070
4,598,1040
4,672,938
4,670,802
4,699,781
4,467,988
4,479,991
4,468,833
4,577,716
4,435,720
4,446,819
4,702,651
4,695,637
4,624,661
4,629,670
4,642,680
4,510,671
4,520,660
4,582,654
4,446,645
4,425,640
4,428,662
4,437,663
4,434,651
4,552,722
4,485,637
4,425,592
4,465,622
4,529,636
4,655,571
4,656,589
4,636,578
4,626,588
4,604,568
4,588,570
4,556,570
4,660,635
4,701,569
4,549,595
4,583,599
4,602,606
4,619,601
4,530,568
4,585,611
4,681,405
4,695,406
4,667,429
4,679,427
4,485,622
4,533,595
4,515,589
4,551,630
4,580,427
4,562,429
4,547,429
4,532,437
4,516,441
4,502,443
4,629,469
4,641,501
4,640,506
4,622,510
4,609,512
4,519,471
4,506,519
4,495,525
4,474,607
4,492,596
4,458,598
4,434,620
4,557,359
4,505,569
4,474,572
4,490,569
4,451,577
4,477,535
4,459,528
4,500,494
4,509,488
4,596,399
4,507,414
4,601,376
4,451,517
4,419,572
4,422,528
4,436,503
4,457,470
4,474,454
4,432,489
4,487,442
4,406,463
4,432,462
4,508,144
4,525,147
4,467,137
4,645,102
4,699,264
4,699,284
4,648,277
4,538,218
4,867,584
4,896,570
4,889,541
4,897,519
4,894,429
4,923,446
4,915,489
4,998,490
4,995,478
4,954,395
4,982,394
4,990,435
4,1004,441
4,998,408
4,970,372
4,1166,117
4,1164,134
4,1159,44
4,1078,176
4,1113,238
4,1108,165
4,1118,212
4,1139,253
4,1161,264
4,1160,287
4,1156,239
4,1190,249
4,1187,274
4,1204,257
4,1159,306
4,1169,318
4,1187,307
4,1216,323
4,1233,297
4,1178,348
4,1256,155
4,1296,146
4,1304,353
4,1333,332
4,1461,323
4,1524,236
4,1532,257
4,1560,348
4,1706,291
4,1769,275
4,1771,289
4,1824,337
4,1813,354
4,1685,371
4,1568,218
4,1621,205
4,1618,216
4,1752,194
4,1814,190
4,1871,197
4,1889,237
4,1804,723
4,1812,748
4,1836,699
4,1843,719
4,1903,726
4,1890,751
4,1897,679
4,1750,713
4,1752,741
4,1911,693
4,1588,681
4,1180,757
4,1105,794
4,1171,729
4,1180,735
4,1079,882
4,1113,849
4,1071,1056
5,599,1053
5,676,930
5,670,799
5,699,781
5,462,998
5,475,1001
5,468,819
5,573,704
5,435,721
5,445,819
5,705,644
5,700,632
5,627,659
5,633,671
5,646,679
5,506,673
5,512,658
5,594,651
5,446,645
5,425,641
5,428,662
5,437,663
5,434,651
5,554,723
5,494,639
5,426,593
5,458,619
5,540,635
5,655,572
5,657,589
5,636,579
5,626,589
5,604,568
5,589,570
5,557,569
5,667,634
5,701,569
5,549,595
5,583,599
5,603,606
5,619,601
5,531,570
5,587,610
5,682,406
5,696,406
5,668,428
5,680,428
5,479,625
5,535,596
5,519,588
5,562,634
5,580,427
5,563,429
5,548,430
5,532,438
5,516,441
5,503,442
5,629,470
5,636,497
5,637,507
5,618,512
5,601,513
5,505,469
5,503,519
5,489,527
5,474,607
5,493,597
5,458,597
5,436,604
5,558,360
5,509,565
5,468,576
5,494,563
5,446,572
5,479,541
5,463,529
5,498,497
5,513,489
5,596,399
5,507,414
5,602,377
5,444,518
5,427,573
5,436,504
5,457,471
5,475,455
5,433,489
5,488,443
5,423,472
5,515,139
5,529,137
5,463,153
5,646,113
5,699,265
5,698,285
5,647,276
5,544,214
5,879,580
5,907,571
5,903,541
5,901,516
5,896,430
5,926,445
5,921,481
5,1002,485
5,1000,475
5,955,395
5,985,393
5,990,435
5,1006,441
5,1000,405
5,964,370
5,1166,118
5,1164,135
5,1164,51
5,1078,177
5,1109,240
5,1110,155
5,1117,214
5,1138,254
5,1160,264
5,1157,289
5,1149,236
5,1190,250
5,1187,275
5,1204,257
5,1160,307
5,1168,318
5,1187,310
5,1223,323
5,1224,301
5,1177,349
5,1250,149
5,1290,141
5,1308,358
5,1328,334
5,1474,324
5,1512,236
5,1518,255
5,1560,349
5,1717,290
5,1779,274
5,1782,289
5,1824,337
5,1812,354
5,1685,371
5,1553,214
5,1612,206
5,1612,216
5,1738,195
5,1802,186
5,1860,196
5,1875,241
5,1656,186
5,1818,723
5,1820,750
5,1850,703
5,1854,719
5,1913,726
5,1902,752
5,1884,679
5,1766,715
5,1767,741
5,1899,696
5,1572,686
5,1186,756
5,1105,794
5,1172,728
5,1181,735
5,1073,896
5,1108,864
5,1074,1043
6,602,1066
6,681,923
6,670,796
6,699,781
6,457,1008
6,471,1010
6,468,806
6,565,693
6,435,722
6,443,820
6,709,638
6,706,627
6,631,658
6,637,672
6,650,678
6,499,670
6,505,657
6,603,647
6,446,646
6,425,642
6,428,662
6,437,663
6,435,651
6,554,723
6,503,641
6,426,593
6,452,616
6,552,634
6,656,572
6,657,590
6,637,579
6,626,589
6,604,568
6,589,570
6,562,566
6,674,632
6,701,569
6,549,595
6,584,599
6,603,606
6,619,601
6,529,570
6,589,609
6,682,406
6,696,407
6,669,428
6,680,429
6,474,629
6,535,595
6,518,589
6,575,632
6,580,428
6,563,430
6,548,430
6,532,439
6,516,442
6,503,442
6,629,470
6,628,497
6,628,506
6,610,514
6,593,514
6,493,468
6,493,514
6,482,525
6,475,607
6,493,597
6,458,596
6,416,604
6,417,615
6,560,361
6,513,561
6,461,577
6,499,558
6,442,571
6,482,547
6,467,530
6,497,501
6,512,489
6,597,399
6,507,414
6,602,378
6,438,520
6,430,575
6,437,504
6,458,471
6,476,456
6,434,489
6,488,443
6,414,482
6,513,128
6,530,127
6,461,169
6,648,130
6,698,265
6,698,285
6,646,275
6,551,206
6,892,576
6,918,572
6,917,542
6,905,513
6,898,431
6,929,444
6,926,473
6,1007,480
6,1004,472
6,956,394
6,988,393
6,990,434
6,1009,441
6,1002,402
6,965,369
6,1166,118
6,1164,135
6,1170,58
6,1078,178
6,1106,242
6,1110,142
6,1114,214
6,1138,255
6,1160,264
6,1155,290
6,1144,235
6,1189,251
6,1187,275
6,1204,258
6,1161,308
6,1167,317
6,1187,310
6,1231,323
6,1216,305
6,1175,351
6,1241,145
6,1282,137
6,1306,360
6,1318,335
6,1487,322
6,1504,238
6,1507,256
6,1201,8
6,1560,349
6,1728,289
6,1790,274
6,1793,289
6,1824,337
6,1811,354
6,1685,372
6,1910,214
6,1540,209
6,1605,210
6,1598,220
6,1731,196
6,1787,184
6,1849,190
6,1861,241
6,1645,192
6,1832,725
6,1824,750
6,1862,704
6,1868,723
6,1911,749
6,1867,677
6,1776,715
6,1777,743
6,1882,693
6,1554,690
6,1192,755
6,1105,794
6,1172,728
6,1181,735
6,1064,908
6,1099,874
6,1075,1029
7,683,915
7,670,794
7,699,782
7,452,1018
7,467,1020
7,469,792
7,557,682
7,436,723
7,442,821
7,710,635
7,710,623
7,634,657
7,641,673
7,654,677
7,493,667
7,498,656
7,613,644
7,446,646
7,425,643
7,428,662
7,437,663
7,435,651
7,554,724
7,515,639
7,426,593
7,442,612
7,564,631
7,656,572
7,658,590
7,637,580
7,626,590
7,605,569
7,589,570
7,568,564
7,681,631
7,701,569
7,550,595
7,585,599
7,603,607
7,620,602
7,528,570
7,591,608
7,682,407
7,696,408
7,668,427
7,680,429
7,467,627
7,535,594
7,518,591
7,588,631
7,581,428
7,564,430
7,549,430
7,532,440
7,516,442
7,504,442
7,629,471
7,617,495
7,620,505
7,602,516
7,586,516
7,481,467
7,484,511
7,476,523
7,475,608
7,494,597
7,458,595
7,425,621
7,564,364
7,518,557
7,455,581
7,505,553
7,435,577
7,484,552
7,472,532
7,497,502
7,512,489
7,598,399
7,507,414
7,603,379
7,427,521
7,433,577
7,437,505
7,458,472
7,476,456
7,435,489
7,489,443
7,414,495
7,522,113
7,537,119
7,459,187
7,652,147
7,698,266
7,698,286
7,645,275
7,558,199
7,903,578
7,929,573
7,932,540
7,912,504
7,897,431
7,932,440
7,932,466
7,1012,475
7,1009,469
7,957,394
7,991,392
7,990,434
7,1011,441
7,1001,401
7,966,369
7,1166,119
7,1165,136
7,1175,69
7,1078,179
7,1099,242
7,1114,132
7,1112,214
7,1138,256
7,1160,264
7,1152,291
7,1138,236
7,1189,252
7,1187,276
7,1204,259
7,1162,309
7,1166,317
7,1188,310
7,1240,321
7,1212,308
7,1173,353
7,1232,141
7,1274,134
7,1305,362
7,1311,337
7,1497,322
7,1489,239
7,1494,257
7,1202,17
7,1560,350
7,1740,288
7,1801,274
7,1805,289
7,1825,337
7,1811,355
7,1684,372
7,1904,220
7,1525,204
7,1597,213
7,1592,225
7,1725,197
7,1777,182
7,1838,187
7,1847,244
7,1635,199
7,1626,186
7,1845,730
7,1831,751
7,1874,706
7,1881,725
7,1853,678
7,1788,716
7,1788,744
7,1864,692
7,1541,690
7,1217,753
7,1105,794
7,1173,728
7,1182,735
7,1266,720
7,1057,924
7,1089,888
7,1075,1017
8,686,908
8,669,793
8,699,782
8,454,1034
8,471,1038
8,471,778
8,549,674
8,436,724
8,443,820
8,712,633
8,715,619
8,638,656
8,645,675
8,658,676
8,484,665
8,492,656
8,620,641
8,446,647
8,425,644
8,428,662
8,437,663
8,435,651
8,554,724
8,527,638
8,426,593
8,432,609
8,577,628
8,656,572
8,659,590
8,637,580
8,626,590
8,605,569
8,590,570
8,568,565
8,685,632
8,701,569
8,550,596
8,581,596
8,603,607
8,620,602
8,526,570
8,592,605
8,682,407
8,696,409
8,668,427
8,680,430
8,461,622
8,535,593
8,518,593
8,602,630
8,581,428
8,565,430
8,550,430
8,532,442
8,516,443
8,504,443
8,629,471
8,606,493
8,612,505
8,593,515
8,578,517
8,472,459
8,475,509
8,470,522
8,475,608
8,495,598
8,458,594
8,434,627
8,414,619
8,569,367
8,525,550
8,444,577
8,512,549
8,437,559
8,487,557
8,480,532
8,498,503
8,511,490
8,605,399
8,507,414
8,603,380
8,417,522
8,437,579
8,437,506
8,458,472
8,477,457
8,436,489
8,490,443
8,416,503
8,526,106
8,542,111
8,456,204
8,651,163
8,698,267
8,697,286
8,647,269
8,564,195
8,915,580
8,941,575
8,945,543
8,912,502
8,897,432
8,936,436
8,934,462
8,1016,472
8,1012,465
8,959,394
8,994,392
8,991,434
8,1014,441
8,1001,401
8,968,368
8,1166,119
8,1165,136
8,1178,78
8,1078,180
8,1093,243
8,1116,115
8,1107,220
8,1138,258
8,1160,265
8,1149,293
8,1136,237
8,1188,253
8,1189,275
8,1205,259
8,1163,310
8,1166,319
8,1187,310
8,1246,320
8,1209,312
8,1171,355
8,1224,137
8,1267,131
8,1304,364
8,1305,339
8,1508,322
8,1475,240
8,1482,259
8,1203,27
8,1560,350
8,1750,286
8,1810,274
8,1814,289
8,1823,337
8,1810,355
8,1684,373
8,1891,226
8,1507,202
8,1582,216
8,1577,227
8,1711,199
8,1765,181
8,1822,180
8,1832,248
8,1625,203
8,1617,193
8,1859,736
8,1837,753
8,1886,708
8,1892,726
8,1835,677
8,1799,717
8,1798,744
8,1845,694
8,1907,686
8,1527,694
8,1228,744
8,1105,794
8,1174,728
8,1183,735
8,1276,718
8,1049,939
8,1083,900
8,1079,1006
9,689,901
9,668,792
9,699,782
9,451,1047
9,469,1051
9,470,765
9,542,667
9,436,725
9,444,820
9,714,631
9,720,616
9,642,655
9,648,672
9,659,674
9,479,664
9,485,654
9,627,641
9,446,647
9,425,645
9,428,662
9,437,663
9,435,651
9,554,725
9,539,637
9,427,594
9,423,607
9,588,627
9,657,573
9,659,591
9,638,581
9,626,591
9,606,570
9,590,570
9,569,567
9,690,633
9,701,569
9,551,597
9,577,594
9,604,608
9,620,602
9,525,570
9,593,603
9,683,408
9,697,409
9,668,427
9,681,431
9,455,618
9,535,592
9,518,595
9,612,626
9,581,429
9,565,431
9,551,431
9,533,440
9,516,443
9,504,444
9,629,472
9,594,494
9,605,505
9,584,515
9,571,519
9,464,452
9,466,511
9,463,522
9,475,608
9,495,598
9,458,595
9,445,630
9,423,621
9,569,365
9,533,544
9,435,564
9,520,546
9,429,558
9,492,563
9,488,532
9,498,504
9,511,490
9,613,400
9,507,414
9,604,381
9,441,582
9,438,506
9,458,473
9,478,458
9,437,489
9,491,444
9,419,513
9,526,99
9,538,106
9,455,222
9,653,176
9,698,268
9,697,287
9,649,264
9,570,191
9,924,586
9,948,572
9,959,546
9,913,500
9,896,433
9,939,433
9,936,458
9,1020,469
9,1015,462
9,965,392
9,997,387
9,999,431
9,1016,441
9,1007,398
9,969,368
9,1167,120
9,1165,137
9,1182,87
9,1079,180
9,1089,249
9,1114,107
9,1102,226
9,1128,263
9,1153,268
9,1147,294
9,1135,238
9,1188,254
9,1191,274
9,1205,260
9,1164,312
9,1167,321
9,1186,311
9,1253,320
9,1207,316
9,1170,356
9,1219,131
9,1258,127
9,1304,364
9,1298,343
9,1519,320
9,1464,241
9,1471,261
9,1203,36
9,1560,351
9,1760,285
9,1820,275
9,1824,289
9,1821,337
9,1810,355
9,1684,373
9,1876,231
9,1491,197
9,1572,218
9,1567,229
9,1698,202
9,1751,179
9,1807,182
9,1820,251
9,1615,207
9,1608,200
9,1640,183
9,1871,740
9,1853,756
9,1897,710
9,1901,728
9,1817,677
9,1812,717
9,1807,746
9,1824,698
9,1892,686
9,1513,696
9,1241,733
9,1105,794
9,1175,727
9,1184,735
9,1292,712
9,1041,954
9,1077,912
9,1083,995
10,692,894
10,668,792
10,699,783
10,449,1061
10,468,1065
10,470,752
10,533,659
10,436,725
10,445,819
10,716,631
10,720,616
10,646,655
10,651,669
10,661,673
10,475,664
10,478,653
10,635,641
10,446,648
10,425,646
10,428,662
10,437,663
10,436,651
10,554,725
10,552,635
10,427,594
10,600,626
10,657,573
10,660,591
10,638,581
10,626,591
10,606,570
10,590,570
10,568,567
10,691,635
10,701,569
10,551,598
10,577,596
10,604,608
10,620,603
10,519,566
10,595,597
10,683,408
10,697,410
10,668,427
10,681,431
10,445,613
10,538,593
10,526,593
10,622,624
10,582,429
10,566,431
10,551,431
10,535,439
10,516,444
10,504,445
10,629,472
10,584,496
10,594,508
10,569,517
10,560,519
10,469,444
10,458,513
10,456,523
10,475,609
10,495,598
10,458,596
10,457,631
10,432,624
10,569,364
10,545,546
10,436,568
10,532,539
10,421,558
10,496,567
10,497,536
10,499,505
10,511,491
10,618,396
10,507,414
10,604,382
10,445,582
10,438,507
10,458,473
10,478,459
10,438,489
10,491,444
10,426,515
10,435,515
10,527,91
10,540,97
10,454,240
10,655,194
10,697,268
10,697,288
10,654,260
10,576,188
10,934,592
10,955,570
10,970,550
10,916,493
10,896,434
10,943,429
10,938,454
10,1024,464
10,1018,459
10,972,390
10,1001,382
10,1008,428
10,1019,441
10,1013,395
10,970,368
10,1167,121
10,1165,138
10,1184,97
10,1079,181
10,1080,254
10,1117,94
10,1098,233
10,1117,269
10,1145,274
10,1144,295
10,1133,239
10,1187,255
10,1193,273
10,1205,261
10,1163,314
10,1167,323
10,1185,312
10,1260,320
10,1205,321
10,1168,358
10,1215,125
10,1249,123
10,1304,365
10,1292,347
10,1531,319
10,1453,243
10,1460,263
10,1203,46
10,1292,145
10,1304,154
10,1560,351
10,1772,283
10,1832,276
10,1834,289
10,1821,339
10,1809,356
10,1683,374
10,1861,237
10,1476,192
10,1563,221
10,1558,232
10,1685,205
10,1738,178
10,1792,184
10,1809,255
10,1603,211
10,1596,201
10,1630,187
10,1882,744
10,1875,759
10,1909,714
10,1910,729
10,1803,679
10,1825,718
10,1816,747
10,1802,702
10,1876,687
10,1498,703
10,1253,726
10,1105,794
10,1176,727
10,1185,735
10,1303,705
10,1304,731
10,1044,969
10,1069,927
10,1084,985
11,692,887
11,666,788
11,699,783
11,471,743
11,525,652
11,436,726
11,446,819
11,719,631
11,720,616
11,650,654
11,654,666
11,663,671
11,474,662
11,474,651
11,643,638
11,446,648
11,425,647
11,428,662
11,437,663
11,436,652
11,554,726
11,566,634
11,427,594
11,612,626
11,658,573
11,660,592
11,639,582
11,627,592
11,606,570
11,591,570
11,568,568
11,692,637
11,701,569
11,552,599
11,578,598
11,604,608
11,620,603
11,513,563
11,597,592
11,683,409
11,697,411
11,668,427
11,681,432
11,437,610
11,541,594
11,522,589
11,630,624
11,582,430
11,566,432
11,552,431
11,536,437
11,516,444
11,504,446
11,629,473
11,573,497
11,585,508
11,558,519
11,551,521
11,474,436
11,451,516
11,451,525
11,476,609
11,495,598
11,458,597
11,469,634
11,442,627
11,569,363
11,554,538
11,440,577
11,543,538
11,413,554
11,499,578
11,506,535
11,500,506
11,511,491
11,623,392
11,507,414
11,605,383
11,449,583
11,439,507
11,459,474
11,479,460
11,439,489
11,492,444
11,433,533
11,442,535
11,528,84
11,543,88
11,453,259
11,653,207
11,697,269
11,696,288
11,656,256
11,580,185
11,943,595
11,963,571
11,982,555
11,920,486
11,896,435
11,947,426
11,941,450
11,1028,460
11,1022,456
11,979,388
11,1009,377
11,1017,426
11,1028,437
11,1020,392
11,972,367
11,1167,121
11,1165,138
11,1186,108
11,1079,182
11,1071,260
11,1120,82
11,1092,243
11,1107,276
11,1138,280
11,1142,297
11,1132,240
11,1187,256
11,1195,273
11,1206,262
11,1162,316
11,1168,326
11,1185,313
11,1268,320
11,1201,326
11,1166,360
11,1212,118
11,1240,121
11,1304,365
11,1295,347
11,1543,322
11,1441,246
11,1447,267
11,1203,54
11,1283,138
11,1295,147
11,1560,352
11,1782,283
11,1843,275
11,1844,291
11,1821,340
11,1808,357
11,1683,375
11,1848,241
11,1914,204
11,1454,193
11,1549,226
11,1546,239
11,1675,205
11,1724,180
11,1778,187
11,1796,259
11,1592,215
11,1585,202
11,1620,192
11,1894,749
11,1894,758
11,1787,681
11,1838,721
11,1826,747
11,1780,706
11,1857,688
11,1478,702
11,1266,720
11,1105,794
11,1176,727
11,1185,735
11,1315,699
11,1316,728
11,1039,983
11,1065,938
11,1084,971
12,692,880
12,664,784
12,699,783
12,473,734
12,520,645
12,437,727
12,447,818
12,722,632
12,720,616
12,654,654
12,658,664
12,665,670
12,473,661
12,471,649
12,651,636
12,446,649
12,425,648
12,428,662
12,437,663
12,436,652
12,554,726
12,578,633
12,428,595
12,624,626
12,658,573
12,661,592
12,639,581
12,627,592
12,607,571
12,591,570
12,568,568
12,693,639
12,701,569
12,552,600
12,579,600
12,604,608
12,620,603
12,509,563
12,597,591
12,684,410
12,698,412
12,668,427
12,682,433
12,425,609
12,542,594
12,523,589
12,641,621
12,582,430
12,567,432
12,553,431
12,538,436
12,517,445
12,506,447
12,630,474
12,563,498
12,576,508
12,548,522
12,543,523
12,481,432
12,445,519
12,447,528
12,476,609
12,495,598
12,459,598
12,481,633
12,453,632
12,570,363
12,563,535
12,458,582
12,552,533
12,404,546
12,507,587
12,516,535
12,498,505
12,512,492
12,626,384
12,507,414
12,606,384
12,453,584
12,439,508
12,459,474
12,480,461
12,440,489
12,493,444
12,440,546
12,449,531
12,530,76
12,544,80
12,452,276
12,653,220
12,697,270
12,696,289
12,658,252
12,585,183
12,953,599
12,971,573
12,991,557
12,920,480
12,895,435
12,955,420
12,940,445
12,1033,456
12,1026,452
12,989,383
12,1017,372
12,1026,421
12,1037,433
12,1030,386
12,973,367
12,1167,122
12,1166,139
12,1191,120
12,1079,183
12,1060,268
12,1122,71
12,1082,252
12,1101,289
12,1130,285
12,1134,311
12,1126,246
12,1186,257
12,1188,278
12,1200,265
12,1154,324
12,1161,331
12,1184,315
12,1276,321
12,1197,331
12,1165,362
12,1209,112
12,1232,120
12,1304,366
12,1298,348
12,1555,326
12,1430,250
12,1434,271
12,1203,63
12,1275,132
12,1286,141
12,1560,352
12,1792,284
12,1853,274
12,1854,293
12,1821,341
12,1807,358
12,1683,375
12,1836,246
12,1912,206
12,1433,194
12,1535,231
12,1534,247
12,1666,206
12,1710,183
12,1764,190
12,1783,263
12,1579,213
12,1572,205
12,1604,194
12,1522,190
12,1906,749
12,1909,757
12,1770,683
12,1851,720
12,1834,747
12,1761,708
12,1841,689
12,1911,681
12,1468,704
12,1276,716
12,1105,794
12,1177,727
12,1186,735
12,1325,693
12,1281,738
12,1035,998
12,1061,949
12,1085,957
13,692,873
13,662,780
13,699,784
13,474,721
13,515,638
13,437,728
13,448,818
13,721,631
13,720,616
13,654,653
13,657,663
13,665,670
13,462,661
13,460,650
13,659,636
13,446,649
13,425,649
13,428,662
13,437,663
13,436,652
13,554,727
13,590,632
13,429,592
13,631,624
13,659,574
13,662,593
13,639,581
13,627,592
13,607,571
13,591,570
13,568,569
13,694,639
13,701,569
13,553,601
13,580,602
13,604,608
13,621,604
13,506,563
13,598,590
13,683,409
13,698,411
13,667,427
13,682,433
13,540,595
13,525,589
13,648,620
13,583,431
13,568,433
13,554,432
13,540,435
13,523,448
13,508,450
13,630,474
13,553,500
13,566,508
13,539,523
13,535,525
13,496,433
13,440,520
13,440,530
13,476,610
13,495,598
13,459,599
13,490,637
13,465,634
13,434,627
13,571,364
13,573,532
13,463,584
13,562,528
13,512,596
13,526,536
13,496,504
13,512,493
13,629,377
13,507,414
13,607,385
13,457,585
13,440,509
13,459,475
13,479,460
13,439,488
13,494,445
13,447,560
13,456,528
13,532,69
13,546,71
13,448,293
13,644,232
13,697,271
13,696,289
13,660,249
13,592,169
13,958,609
13,969,575
13,1000,559
13,921,474
13,894,435
13,964,415
13,940,441
13,1037,452
13,1031,449
13,1000,379
13,1026,368
13,1036,416
13,1046,429
13,1040,381
13,975,367
13,1167,122
13,1166,139
13,1194,128
13,1079,184
13,1050,277
13,1119,58
13,1072,262
13,1088,298
13,1116,291
13,1126,315
13,1121,252
13,1186,258
13,1181,284
13,1194,268
13,1146,333
13,1154,337
13,1183,317
13,1284,322
13,1193,336
13,1160,370
13,1203,107
13,1230,124
13,1304,366
13,1301,349
13,1567,325
13,1417,251
13,1420,271
13,1205,71
13,1267,125
13,1277,134
13,1560,353
13,1802,283
13,1861,274
13,1864,292
13,1821,343
13,1806,359
13,1683,376
13,1822,251
13,1906,206
13,1418,194
13,1531,233
13,1531,242
13,1654,210
13,1693,186
13,1752,195
13,1770,267
13,1568,215
13,1560,205
13,1594,193
13,1510,192
13,1757,685
13,1863,719
13,1842,744
13,1743,710
13,1825,692
13,1903,681
13,1736,733
13,1452,711
13,1287,709
13,1105,794
13,1181,725
13,1190,735
13,1339,692
13,1036,1014
13,1059,965
13,1090,947
14,693,867
14,661,776
14,699,784
14,475,708
14,594,988
14,611,985
14,512,634
14,437,729
14,449,818
14,721,630
14,720,616
14,655,653
14,657,663
14,666,670
14,464,659
14,458,647
14,664,635
14,446,650
14,425,650
14,428,662
14,437,663
14,437,652
14,554,727
14,602,631
14,430,590
14,638,622
14,656,574
14,662,590
14,639,581
14,627,592
14,608,572
14,592,570
14,567,569
14,695,640
14,701,569
14,552,600
14,579,603
14,604,609
14,620,604
14,503,564
14,602,589
14,683,409
14,698,411
14,667,427
14,682,433
14,538,596
14,527,589
14,656,619
14,583,431
14,568,433
14,553,432
14,539,435
14,526,443
14,508,452
14,630,474
14,544,503
14,557,510
14,530,525
14,527,526
14,505,434
14,435,521
14,433,533
14,476,610
14,495,598
14,459,600
14,499,641
14,478,637
14,451,629
14,429,623
14,573,365
14,583,529
14,471,582
14,573,523
14,518,605
14,536,538
14,495,504
14,513,494
14,632,370
14,507,414
14,609,386
14,461,586
14,440,508
14,459,475
14,479,460
14,438,488
14,494,445
14,458,562
14,463,525
14,539,55
14,552,61
14,445,311
14,645,248
14,696,271
14,695,290
14,660,243
14,597,162
14,963,611
14,968,574
14,1004,562
14,926,470
14,893,435
14,973,410
14,940,437
14,1042,448
14,1034,443
14,1008,378
14,1035,364
14,1045,410
14,1056,422
14,1048,374
14,986,358
14,1167,123
14,1166,140
14,1199,136
14,1079,185
14,1038,283
14,1119,47
14,1064,269
14,1072,307
14,1105,300
14,1113,323
14,1119,251
14,1182,258
14,1177,285
14,1188,271
14,1142,334
14,1148,343
14,1182,320
14,1291,321
14,1187,346
14,1155,378
14,1197,102
14,1228,129
14,1305,367
14,1304,350
14,1579,325
14,1405,252
14,1407,272
14,1208,80
14,1260,119
14,1268,127
14,1560,353
14,1813,282
14,1869,274
14,1874,289
14,1821,344
14,1806,360
14,1683,376
14,1808,257
14,1899,206
14,1404,194
14,1520,235
14,1520,245
14,1642,211
14,1687,189
14,1738,199
14,1755,268
14,1557,217
14,1549,205
14,1584,193
14,1498,194
14,1741,686
14,1878,720
14,1848,740
14,1808,693
14,1894,682
14,1748,733
14,1437,712
14,1300,706
14,1105,794
14,1187,724
14,1194,734
14,1353,690
14,1032,1030
14,1061,977
14,1093,932
15,691,859
15,659,773
15,699,784
15,476,696
15,510,630
15,437,730
15,450,817
15,721,629
15,720,616
15,655,653
15,656,663
15,667,670
15,467,658
15,457,644
15,669,634
15,446,650
15,424,649
15,428,662
15,437,663
15,437,652
15,554,728
15,613,629
15,431,588
15,644,618
15,654,574
15,662,588
15,639,580
15,627,592
15,607,572
15,592,570
15,567,570
15,696,641
15,701,569
15,552,600
15,579,604
15,604,609
15,620,604
15,506,565
15,606,588
15,683,409
15,698,411
15,667,427
15,682,433
15,537,598
15,529,589
15,662,620
15,583,431
15,568,433
15,552,433
15,538,435
15,523,445
15,512,447
15,630,474
15,534,509
15,550,512
15,524,527
15,519,528
15,510,434
15,425,521
15,421,536
15,476,610
15,495,598
15,460,601
15,507,644
15,487,642
15,461,633
15,442,627
15,572,364
15,593,528
15,474,582
15,585,522
15,524,614
15,546,536
15,494,503
15,514,494
15,636,363
15,507,414
15,611,387
15,466,587
15,440,507
15,460,476
15,479,460
15,438,487
15,494,445
15,469,565
15,464,518
15,547,42
15,558,52
15,443,330
15,643,260
15,696,272
15,695,290
15,661,237
15,603,156
15,968,614
15,968,574
15,1008,563
15,934,466
15,888,436
15,982,403
15,939,432
15,1046,443
15,1038,438
15,1018,376
15,1044,359
15,1054,405
15,1064,415
15,1057,367
15,998,349
15,1167,123
15,1166,140
15,1204,144
15,1079,186
15,1027,290
15,1117,37
15,1056,277
15,1064,316
15,1098,307
15,1111,331
15,1106,262
15,1171,262
15,1173,290
15,1182,274
15,1133,344
15,1142,351
15,1176,324
15,1298,321
15,1182,357
15,1150,386
15,1192,94
15,1228,128
15,1304,366
15,1310,353
15,1591,326
15,1392,255
15,1396,274
15,1210,90
15,1253,110
15,1262,121
15,1560,354
15,1826,280
15,1879,274
15,1884,288
15,1821,345
15,1807,361
15,1683,377
15,1795,261
15,1890,208
15,1390,195
15,1509,238
15,1510,249
15,1631,212
15,1682,192
15,1725,203
15,1740,269
15,1542,217
15,1537,203
15,1571,191
15,1485,193
15,1723,687
15,1891,718
15,1847,736
15,1791,695
15,1879,683
15,1758,733
15,1425,716
15,1316,705
15,1105,794
15,1192,722
15,1199,733
15,1365,687
15,1028,1047
15,1063,990
15,1097,918
15,1066,1075
16,689,851
16,657,770
16,699,785
16,474,686
16,502,630
16,437,731
16,451,817
16,721,629
16,720,616
16,656,653
16,656,662
16,667,670
16,461,653
16,452,639
16,674,640
16,446,650
16,424,649
16,428,662
16,437,663
16,437,652
16,554,729
16,624,627
16,430,583
16,650,614
16,652,574
16,662,588
16,640,580
16,627,592
16,607,572
16,592,570
16,567,570
16,697,642
16,701,569
16,552,599
16,579,605
16,604,609
16,620,605
16,509,567
16,610,587
16,683,409
16,698,411
16,667,427
16,682,433
16,536,596
16,528,590
16,664,617
16,583,431
16,568,433
16,551,433
16,538,435
16,520,448
16,509,447
16,630,474
16,523,509
16,542,514
16,514,530
16,510,530
16,516,434
16,412,540
16,477,611
16,495,599
16,459,600
16,516,648
16,496,648
16,472,638
16,454,627
16,572,364
16,603,527
16,483,583
16,594,518
16,530,620
16,556,535
16,494,503
16,514,495
16,639,355
16,507,414
16,613,388
16,470,588
16,441,506
16,462,476
16,479,460
16,437,487
16,494,445
16,480,570
16,464,512
16,549,33
16,560,39
16,438,344
16,649,272
16,696,273
16,695,291
16,664,234
16,610,151
16,974,617
16,968,574
16,1013,565
16,942,462
16,883,438
16,992,397
16,939,428
16,1051,439
16,1043,433
16,1026,370
16,1054,354
16,1063,398
16,1073,408
16,1065,359
16,1010,339
16,1167,124
16,1166,141
16,1209,152
16,1080,187
16,1022,298
16,1116,26
16,1044,285
16,1053,324
16,1084,312
16,1098,339
16,1093,273
16,1161,267
16,1170,295
16,1176,278
16,1124,354
16,1137,360
16,1171,328
16,1306,321
16,1176,368
16,1142,396
16,1188,87
16,1228,127
16,1303,365
16,1316,356
16,1604,327
16,1380,258
16,1386,276
16,1213,100
16,1246,102
16,1256,115
16,1560,354
16,1838,278
16,1890,274
16,1894,287
16,1821,345
16,1810,362
16,1683,377
16,1782,265
16,1881,210
16,1377,192
16,1498,241
16,1500,252
16,1620,213
16,1671,193
16,1712,206
16,1726,268
16,1528,217
16,1526,202
16,1559,190
16,1472,193
16,1710,687
16,1904,721
16,1846,733
16,1773,698
16,1862,684
16,1771,731
16,1408,715
16,1331,700
16,1105,794
16,1198,721
16,1206,730
16,1379,687
16,1028,1065
16,1057,1001
16,1101,904
16,1067,1069
17,688,844
17,655,768
17,699,785
17,472,677
17,495,630
17,438,732
17,452,816
17,721,629
17,720,616
17,656,652
17,655,662
17,668,670
17,459,648
17,442,640
17,679,646
17,447,650
17,424,649
17,428,662
17,437,663
17,437,652
17,554,727
17,631,624
17,429,579
17,654,610
17,651,575
17,662,589
17,640,580
17,627,592
17,607,573
17,593,570
17,567,571
17,698,643
17,701,569
17,552,599
17,578,606
17,604,609
17,619,605
17,512,569
17,613,584
17,683,409
17,698,411
17,667,427
17,682,433
17,536,594
17,528,592
17,667,614
17,583,431
17,568,433
17,550,434
17,537,435
17,519,447
17,508,447
17,630,474
17,516,515
17,531,517
17,506,531
17,502,532
17,517,434
17,477,611
17,495,599
17,459,600
17,526,650
17,505,655
17,479,649
17,467,627
17,572,364
17,613,523
17,490,585
17,603,515
17,536,626
17,567,533
17,493,502
17,515,496
17,642,347
17,507,414
17,615,390
17,474,589
17,441,506
17,464,476
17,479,460
17,437,487
17,494,445
17,491,572
17,465,506
17,552,25
17,563,26
17,433,359
17,655,288
17,696,274
17,695,292
17,667,232
17,619,149
17,974,617
17,974,569
17,1018,567
17,950,458
17,871,441
17,1003,392
17,939,424
17,1055,434
17,1048,428
17,1035,365
17,1063,346
17,1072,391
17,1081,401
17,1071,354
17,1023,330
17,1168,125
17,1167,142
17,1215,160
17,1080,186
17,1013,307
17,1111,15
17,1033,293
17,1044,334
17,1072,320
17,1096,347
17,1082,274
17,1151,273
17,1165,296
17,1167,279
17,1123,363
17,1132,370
17,1163,335
17,1314,319
17,1171,380
17,1138,406
17,1187,78
17,1228,126
17,1303,365
17,1322,357
17,1615,327
17,1367,259
17,1373,275
17,1210,109
17,1241,90
17,1249,106
17,1560,354
17,1849,277
17,1900,273
17,1903,287
17,1822,345
17,1812,363
17,1683,378
17,1769,270
17,1873,210
17,1915,208
17,1364,189
17,1488,244
17,1490,255
17,1609,215
17,1660,194
17,1700,209
17,1712,268
17,1520,220
17,1510,204
17,1547,191
17,1460,193
17,1696,687
17,1844,730
17,1757,699
17,1847,686
17,1784,730
17,1346,697
17,1105,794
17,1205,720
17,1214,726
17,1395,690
17,1287,725
17,1221,750
17,1058,1014
17,1107,900
17,1069,1064
18,686,836
18,654,767
18,699,786
18,469,668
18,490,628
18,438,732
18,453,816
18,721,629
18,720,616
18,657,652
18,655,662
18,669,670
18,456,644
18,435,633
18,682,653
18,447,650
18,424,649
18,428,662
18,437,663
18,437,652
18,554,726
18,639,621
18,431,573
18,659,606
18,652,574
18,662,587
18,640,579
18,627,592
18,607,572
18,592,569
18,567,571
18,698,642
18,701,569
18,552,599
18,578,607
18,604,609
18,619,605
18,515,568
18,616,581
18,683,409
18,698,411
18,667,427
18,682,433
18,535,594
18,527,592
18,668,613
18,583,431
18,568,433
18,549,435
18,536,435
18,519,446
18,508,447
18,630,474
18,507,519
18,523,520
18,498,532
18,494,535
18,518,434
18,477,611
18,495,599
18,459,599
18,536,653
18,515,663
18,489,654
18,477,633
18,572,364
18,623,520
18,496,585
18,612,512
18,544,629
18,578,532
18,493,502
18,516,497
18,640,337
18,507,414
18,618,388
18,478,590
18,442,505
18,466,476
18,478,460
18,436,486
18,494,445
18,502,574
18,465,496
18,552,18
18,564,21
18,429,375
18,657,292
18,696,273
18,692,290
18,668,229
18,625,145
18,974,617
18,980,564
18,1017,565
18,959,451
18,859,444
18,1014,387
18,939,420
18,1060,430
18,1053,423
18,1042,359
18,1074,340
18,1079,381
18,1089,395
18,1082,352
18,1033,314
18,1168,125
18,1167,142
18,1222,165
18,1080,186
18,1004,316
18,1024,296
18,1034,342
18,1061,327
18,1098,354
18,1071,276
18,1142,279
18,1160,298
18,1158,281
18,1123,372
18,1127,381
18,1155,343
18,1322,317
18,1167,392
18,1134,416
18,1186,69
18,1228,126
18,1302,364
18,1329,358
18,1626,327
18,1354,260
18,1360,275
18,1207,119
18,1236,79
18,1242,97
18,1560,354
18,1859,276
18,1909,273
18,1911,288
18,1822,345
18,1815,364
18,1683,378
18,1755,275
18,1865,209
18,1912,208
18,1352,186
18,1478,247
18,1480,259
18,1598,217
18,1650,195
18,1688,213
18,1699,268
18,1506,218
18,1500,204
18,1533,189
18,1448,192
18,1679,685
18,1843,726
18,1741,701
18,1831,687
18,1795,728
18,1360,694
18,1105,794
18,1215,717
18,1222,724
18,1410,689
18,1274,734
18,1208,750
18,1053,1029
18,1114,896
18,1074,1052
19,685,829
19,654,766
19,699,786
19,467,660
19,485,626
19,438,732
19,454,815
19,721,629
19,720,616
19,657,652
19,654,661
19,669,670
19,448,639
19,688,657
19,448,650
19,424,649
19,428,662
19,437,663
19,438,652
19,554,724
19,645,617
19,433,568
19,668,602
19,654,573
19,662,586
19,640,579
19,627,592
19,607,571
19,592,568
19,567,571
19,699,642
19,702,570
19,551,598
19,578,609
19,604,610
19,619,606
19,518,567
19,619,578
19,683,408
19,698,411
19,666,427
19,682,433
19,535,594
19,527,592
19,670,612
19,583,431
19,568,433
19,548,435
19,536,435
19,519,445
19,508,447
19,630,474
19,416,618
19,500,520
19,516,524
19,492,532
19,487,534
19,519,434
19,477,611
19,495,599
19,459,599
19,546,650
19,526,664
19,498,661
19,487,639
19,571,363
19,632,522
19,499,587
19,621,509
19,552,633
19,588,527
19,493,502
19,516,499
19,638,327
19,507,414
19,621,386
19,483,591
19,442,504
19,469,476
19,478,460
19,436,486
19,424,549
19,494,445
19,506,576
19,450,489
19,414,461
19,552,11
19,565,17
19,425,391
19,667,308
19,696,272
19,689,288
19,669,226
19,632,141
19,974,617
19,986,559
19,1016,564
19,968,444
19,845,448
19,1023,380
19,944,412
19,1065,424
19,1058,417
19,1052,352
19,1085,335
19,1090,375
19,1097,388
19,1090,348
19,1043,299
19,1168,125
19,1167,142
19,1229,170
19,1080,186
19,998,324
19,1016,300
19,1023,350
19,1052,332
19,1092,362
19,1071,281
19,1131,281
19,1149,303
19,1150,283
19,1120,381
19,1125,392
19,1151,352
19,1330,317
19,1170,403
19,1130,425
19,1186,59
19,1228,125
19,1301,363
19,1336,359
19,1639,328
19,1341,259
19,1347,277
19,1206,129
19,1230,69
19,1238,85
19,1560,354
19,1870,273
19,1914,266
19,1914,286
19,1823,345
19,1817,364
19,1683,378
19,1737,278
19,1857,208
19,1910,208
19,1914,228
19,1467,246
19,1470,258
19,1595,222
19,1636,195
19,1677,220
19,1685,264
19,1492,216
19,1490,204
19,1519,187
19,1437,192
19,1662,685
19,1839,721
19,1725,702
19,1817,689
19,1806,728
19,1375,690
19,1105,794
19,1226,713
19,1230,724
19,1425,687
19,1259,738
19,1194,750
19,1052,1042
19,1118,886
19,1070,1040
20,683,821
20,654,765
20,699,786
20,628,1060
20,462,652
20,475,629
20,438,732
20,455,815
20,722,629
20,720,616
20,658,652
20,654,661
20,670,670
20,452,632
20,694,661
20,448,651
20,424,649
20,428,662
20,437,663
20,438,652
20,554,723
20,651,613
20,432,570
20,678,598
20,656,573
20,662,585
20,641,579
20,627,592
20,608,570
20,592,567
20,568,571
20,699,641
20,711,565
20,551,598
20,578,608
20,604,609
20,619,606
20,521,566
20,620,573
20,683,408
20,698,411
20,666,427
20,682,433
20,535,595
20,527,593
20,672,611
20,583,431
20,568,433
20,547,436
20,535,435
20,519,444
20,508,447
20,630,474
20,428,618
20,492,522
20,508,524
20,487,533
20,480,533
20,520,434
20,477,611
20,495,599
20,459,598
20,564,647
20,537,666
20,507,669
20,491,648
20,571,363
20,641,517
20,503,590
20,633,507
20,556,634
20,598,523
20,493,503
20,516,501
20,637,318
20,507,414
20,623,385
20,487,592
20,443,503
20,471,476
20,478,460
20,435,486
20,430,553
20,494,445
20,515,578
20,449,481
20,425,454
20,551,12
20,565,13
20,421,402
20,673,318
20,696,272
20,686,286
20,663,217
20,641,134
20,975,617
20,992,555
20,1016,564
20,974,439
20,831,453
20,1032,373
20,949,404
20,1070,418
20,1063,412
20,1062,344
20,1093,328
20,1102,369
20,1105,382
20,1099,341
20,1050,284
20,1168,125
20,1167,142
20,1237,178
20,1080,186
20,992,333
20,1008,306
20,1014,357
20,1040,337
20,1085,368
20,1064,287
20,1124,279
20,1140,302
20,1140,285
20,1118,390
20,1124,404
20,1147,361
20,1338,316
20,1164,409
20,1126,434
20,1187,50
20,1228,125
20,1301,363
20,1343,361
20,1652,329
20,1329,259
20,1335,279
20,1205,139
20,1225,59
20,1234,73
20,1560,354
20,1881,272
20,1823,345
20,1817,364
20,1683,378
20,1722,279
20,1851,211
20,1908,209
20,1911,226
20,1457,249
20,1456,260
20,1581,222
20,1624,194
20,1665,221
20,1672,261
20,1481,216
20,1480,204
20,1508,183
20,1420,188
20,1646,687
20,1831,715
20,1709,702
20,1804,692
20,1818,730
20,1391,688
20,1105,794
20,1238,715
20,1234,722
20,1440,685
20,1185,749
20,1051,1052
20,1123,871
20,1077,1027
21,682,814
21,648,767
21,699,786
21,626,1042
21,457,644
21,470,626
21,438,732
21,456,815
21,722,629
21,720,616
21,659,652
21,654,661
21,671,671
21,437,631
21,698,660
21,449,651
21,424,649
21,428,662
21,437,663
21,438,653
21,554,721
21,658,609
21,431,572
21,686,596
21,656,571
21,663,585
21,641,578
21,627,592
21,608,569
21,592,566
21,568,571
21,700,641
21,711,565
21,551,598
21,578,607
21,604,609
21,619,606
21,526,566
21,622,568
21,683,408
21,698,411
21,666,427
21,682,433
21,535,595
21,527,593
21,674,610
21,583,431
21,568,433
21,546,437
21,534,435
21,518,444
21,508,447
21,630,474
21,440,618
21,486,520
21,501,526
21,479,531
21,474,532
21,521,434
21,477,611
21,495,599
21,459,598
21,570,650
21,546,667
21,522,669
21,495,658
21,571,363
21,649,514
21,506,596
21,645,505
21,561,636
21,608,524
21,493,504
21,516,503
21,633,309
21,507,414
21,626,385
21,491,593
21,443,503
21,473,476
21,478,460
21,435,485
21,436,552
21,494,445
21,520,578
21,448,473
21,435,451
21,414,442
21,416,409
21,680,328
21,696,271
21,683,284
21,663,221
21,651,128
21,975,616
21,1000,549
21,1016,564
21,980,435
21,817,458
21,1042,367
21,954,396
21,1075,412
21,1068,406
21,1073,336
21,1109,325
21,1109,363
21,1114,375
21,1115,335
21,1058,269
21,1168,125
21,1167,142
21,1245,186
21,1080,185
21,984,340
21,998,314
21,1006,365
21,1029,342
21,1078,374
21,1057,293
21,1118,277
21,1131,301
21,1130,287
21,1112,400
21,1119,411
21,1140,368
21,1346,315
21,1159,416
21,1120,442
21,1188,39
21,1229,124
21,1300,362
21,1350,360
21,1664,329
21,1316,258
21,1321,280
21,1200,147
21,1224,45
21,1231,58
21,1560,354
21,1893,271
21,1823,345
21,1817,363
21,1684,378
21,1708,279
21,1846,210
21,1905,209
21,1909,225
21,1447,253
21,1443,262
21,1568,222
21,1613,193
21,1653,223
21,1659,259
21,1471,216
21,1471,205
21,1498,180
21,1404,184
21,1820,710
21,1789,692
21,1830,732
21,1406,688
21,1105,794
21,1251,721
21,1236,721
21,1454,682
21,1176,747
21,1133,848
21,1076,1015
22,680,806
22,644,765
22,699,786
22,625,1025
22,453,638
22,465,623
22,438,732
22,457,814
22,722,629
22,720,616
22,658,651
22,654,660
22,672,670
22,428,627
22,702,660
22,449,651
22,424,649
22,428,662
22,437,663
22,438,653
22,554,720
22,663,606
22,430,574
22,694,595
22,656,570
22,664,585
22,641,578
22,627,592
22,608,568
22,592,565
22,568,571
22,700,640
22,711,566
22,551,597
22,578,606
22,605,609
22,619,606
22,531,566
22,622,567
22,683,408
22,698,411
22,666,427
22,682,433
22,535,595
22,527,593
22,678,607
22,583,431
22,568,433
22,545,437
22,534,435
22,518,444
22,508,447
22,630,474
22,443,620
22,481,522
22,496,529
22,472,529
22,470,531
22,522,434
22,477,611
22,495,599
22,459,597
22,581,650
22,556,668
22,531,668
22,507,663
22,571,363
22,658,512
22,511,599
22,654,501
22,566,637
22,619,525
22,493,506
22,516,505
22,630,303
22,507,414
22,628,384
22,495,594
22,444,502
22,475,476
22,478,460
22,434,485
22,442,551
22,494,445
22,526,579
22,448,466
22,438,444
22,425,439
22,414,432
22,415,418
22,683,337
22,696,271
22,680,283
22,663,225
22,657,120
22,975,616
22,1008,544
22,1016,564
22,986,431
22,804,463
22,1052,361
22,960,388
22,1079,406
22,1071,398
22,1084,334
22,1123,323
22,1119,356
22,1124,368
22,1126,332
22,1067,253
22,1168,125
22,1167,142
22,1251,194
22,1080,185
22,976,348
22,989,323
22,996,374
22,1020,350
22,1066,382
22,1051,298
22,1108,279
22,1121,303
22,1120,290
22,1105,408
22,1115,418
22,1136,379
22,1355,314
22,1154,423
22,1115,451
22,1189,29
22,1229,124
22,1300,362
22,1357,359
22,1676,330
22,1304,257
22,1308,282
22,1195,155
22,1224,31
22,1229,43
22,1560,354
22,1905,271
22,1824,345
22,1817,363
22,1684,378
22,1693,279
22,1842,209
22,1903,209
22,1907,224
22,1435,253
22,1433,265
22,1556,222
22,1603,191
22,1642,224
22,1646,259
22,1458,216
22,1459,206
22,1489,185
22,1399,183
22,1809,708
22,1773,693
22,1842,732
22,1422,686
22,1105,794
22,1264,721
22,1255,726
22,1467,683
22,1174,750
22,1133,848
23,678,799
23,641,764
23,699,786
23,620,1004
23,441,634
23,463,620
23,438,732
23,458,814
23,722,629
23,720,616
23,658,650
23,655,660
23,673,669
23,706,660
23,450,651
23,424,648
23,428,662
23,437,663
23,439,653
23,554,718
23,668,603
23,429,576
23,698,595
23,656,569
23,666,585
23,641,578
23,627,592
23,609,567
23,592,564
23,569,571
23,700,640
23,711,567
23,551,597
23,578,605
23,605,609
23,619,606
23,537,567
23,622,566
23,683,408
23,698,411
23,666,427
23,682,433
23,535,596
23,527,594
23,682,604
23,583,431
23,568,433
23,545,437
23,533,435
23,517,444
23,508,448
23,630,474
23,446,622
23,476,524
23,490,529
23,469,529
23,466,531
23,523,434
23,477,610
23,495,599
23,458,597
23,593,650
23,568,664
23,544,671
23,519,670
23,570,362
23,665,508
23,515,609
23,664,497
23,571,639
23,631,525
23,493,507
23,516,507
23,628,298
23,507,414
23,631,384
23,500,595
23,444,501
23,478,477
23,478,460
23,434,485
23,447,558
23,494,445
23,521,584
23,455,453
23,444,446
23,432,428
23,421,427
23,416,426
23,690,351
23,696,273
23,680,283
23,661,229
23,663,115
23,975,615
23,1017,542
23,1017,564
23,995,424
23,791,469
23,1062,356
23,969,378
23,1083,400
23,1077,393
23,1096,332
23,1139,321
23,1130,349
23,1134,362
23,1135,331
23,1080,238
23,1168,125
23,1167,142
23,1257,202
23,1081,185
23,968,354
23,983,333
23,994,382
23,1004,366
23,1061,390
23,1046,304
23,1098,282
23,1112,305
23,1111,292
23,1098,416
23,1109,426
23,1129,387
23,1364,311
23,1148,434
23,1113,459
23,1193,20
23,1229,123
23,1299,360
23,1362,353
23,1688,329
23,1292,261
23,1296,282
23,1188,166
23,1226,21
23,1229,34
23,1560,354
23,1912,271
23,1824,345
23,1817,362
23,1684,377
23,1679,278
23,1848,208
23,1900,208
23,1902,220
23,1423,254
23,1423,268
23,1545,222
23,1594,189
23,1631,226
23,1633,259
23,1445,216
23,1447,207
23,1480,190
23,1394,183
23,1800,707
23,1761,699
23,1854,734
23,1434,685
23,1105,794
23,1277,722
23,1273,728
23,1482,683
23,1164,749
23,1133,848
24,676,791
24,637,762
24,699,786
24,616,984
24,436,627
24,461,617
24,438,732
24,459,813
24,723,629
24,720,616
24,658,650
24,655,659
24,675,668
24,710,660
24,450,651
24,424,648
24,428,662
24,437,663
24,439,653
24,554,717
24,673,600
24,428,578
24,703,595
24,657,568
24,666,583
24,642,578
24,627,592
24,608,566
24,592,563
24,569,571
24,700,640
24,711,568
24,551,597
24,578,605
24,605,608
24,619,606
24,543,567
24,623,566
24,683,408
24,698,411
24,666,427
24,682,433
24,535,595
24,527,593
24,687,602
24,583,431
24,568,433
24,550,432
24,533,436
24,517,444
24,512,446
24,630,474
24,450,625
24,472,523
24,485,532
24,466,528
24,462,531
24,522,434
24,477,610
24,496,600
24,458,597
24,606,642
24,580,663
24,553,669
24,531,677
24,570,362
24,672,505
24,521,617
24,669,491
24,578,638
24,643,526
24,493,509
24,517,509
24,635,296
24,507,414
24,626,384
24,504,596
24,445,501
24,476,477
24,478,460
24,434,485
24,453,558
24,494,445
24,517,590
24,455,445
24,439,449
24,439,418
24,432,414
24,412,436
24,700,361
24,697,276
24,680,283
24,659,233
24,481,10
24,669,110
24,976,614
24,1027,541
24,1017,564
24,1004,417
24,778,475
24,1076,349
24,978,372
24,1090,394
24,1082,385
24,1107,325
24,1155,320
24,1137,344
24,1142,357
24,1149,329
24,1093,223
24,1168,125
24,1167,142
24,1263,205
24,1081,185
24,961,360
24,977,343
24,985,389
24,1000,370
24,1050,396
24,1036,312
24,1086,285
24,1102,307
24,1102,294
24,1091,425
24,1103,434
24,1122,395
24,1374,309
24,1143,446
24,1112,468
24,1193,10
24,1229,123
24,1299,359
24,1368,348
24,1701,328
24,1280,266
24,1285,282
24,1181,178
24,1229,12
24,1230,26
24,1560,354
24,1825,345
24,1817,362
24,1685,377
24,1666,276
24,1857,207
24,1894,208
24,1897,218
24,1908,197
24,1413,254
24,1412,267
24,1534,223
24,1581,189
24,1617,228
24,1621,260
24,1437,219
24,1433,209
24,1471,189
24,1388,184
24,1790,707
24,1747,701
24,1865,735
24,1532,716
24,1450,683
24,1105,794
24,1290,720
24,1289,727
24,1498,685
24,1163,748
24,1296,741
24,1133,848
25,675,784
25,634,761
25,700,786
25,432,620
25,460,614
25,438,732
25,460,813
25,723,629
25,720,616
25,658,649
25,656,659
25,676,667
25,710,660
25,451,651
25,424,648
25,428,662
25,437,663
25,439,653
25,553,711
25,677,596
25,428,580
25,707,596
25,658,567
25,666,582
25,643,573
25,627,592
25,608,565
25,592,562
25,569,571
25,700,640
25,711,569
25,550,596
25,578,604
25,606,608
25,619,606
25,549,567
25,623,565
25,683,407
25,698,411
25,665,427
25,682,433
25,535,595
25,527,593
25,692,600
25,583,431
25,568,433
25,550,432
25,532,436
25,517,444
25,512,450
25,630,474
25,456,630
25,468,521
25,479,531
25,458,527
25,459,531
25,522,434
25,478,609
25,496,600
25,458,596
25,618,640
25,597,656
25,565,669
25,538,682
25,570,362
25,675,503
25,528,621
25,675,485
25,586,637
25,652,526
25,489,511
25,514,512
25,642,295
25,507,414
25,622,384
25,508,597
25,442,504
25,475,477
25,478,460
25,434,486
25,459,559
25,494,445
25,503,579
25,456,432
25,441,450
25,445,401
25,436,401
25,409,447
25,703,367
25,697,276
25,680,283
25,658,237
25,481,29
25,678,106
25,976,614
25,1036,540
25,1017,564
25,1011,409
25,767,481
25,1086,342
25,988,366
25,1098,389
25,1088,378
25,1119,318
25,1169,319
25,1145,340
25,1151,352
25,1155,326
25,1103,208
25,1168,125
25,1167,142
25,1270,208
25,1081,184
25,952,366
25,972,349
25,977,396
25,996,375
25,1040,402
25,1027,320
25,1074,288
25,1093,310
25,1093,296
25,1085,431
25,1094,442
25,1116,402
25,1383,308
25,1136,451
25,1105,478
25,1230,123
25,1298,357
25,1367,343
25,1713,328
25,1267,267
25,1272,285
25,1174,189
25,1229,9
25,1230,19
25,1560,354
25,1825,345
25,1817,361
25,1685,377
25,1653,274
25,1865,207
25,1887,208
25,1892,217
25,1899,196
25,1403,254
25,1401,267
25,1523,225
25,1568,190
25,1604,230
25,1609,261
25,1429,223
25,1420,211
25,1462,189
25,1382,186
25,1416,193
25,1779,707
25,1732,701
25,1875,735
25,1518,721
25,1469,681
25,1105,794
25,1298,715
25,1301,722
25,1513,684
25,1163,746
25,1281,746
26,673,776
26,631,760
26,700,786
26,427,613
26,456,609
26,438,732
26,461,813
26,723,629
26,720,616
26,658,648
26,656,658
26,678,667
26,710,660
26,451,652
26,424,648
26,428,662
26,437,663
26,439,653
26,552,706
26,682,592
26,427,583
26,711,597
26,659,566
26,666,581
26,643,573
26,627,592
26,608,565
26,592,561
26,570,571
26,700,639
26,711,570
26,550,596
26,578,604
26,606,608
26,619,606
26,549,566
26,624,565
26,683,407
26,698,411
26,665,427
26,682,433
26,535,595
26,527,592
26,698,598
26,583,431
26,568,433
26,550,432
26,532,438
26,516,444
26,512,455
26,630,474
26,462,636
26,462,522
26,475,533
26,456,528
26,454,531
26,522,434
26,478,609
26,496,600
26,458,596
26,629,631
26,603,653
26,576,667
26,546,687
26,570,362
26,678,501
26,539,619
26,677,481
26,593,635
26,661,527
26,488,515
26,511,515
26,650,294
26,507,414
26,617,385
26,513,598
26,440,507
26,473,477
26,478,460
26,435,487
26,465,559
26,494,445
26,490,568
26,461,423
26,444,451
26,451,385
26,440,389
26,708,378
26,697,276
26,680,283
26,659,241
26,480,45
26,686,105
26,975,613
26,1045,540
26,1017,563
26,1018,401
26,756,488
26,1096,336
26,997,359
26,1100,383
26,1095,371
26,1129,311
26,1183,319
26,1153,339
26,1162,349
26,1161,316
26,1109,195
26,1168,125
26,1167,142
26,1278,213
26,1081,184
26,943,373
26,967,355
26,969,403
26,985,381
26,1031,407
26,1014,329
26,1062,300
26,1080,313
26,1082,299
26,1080,438
26,1085,451
26,1111,410
26,1392,307
26,1130,457
26,1098,488
26,1230,123
26,1298,356
26,1367,339
26,1726,328
26,1254,268
26,1260,288
26,1167,201
26,1230,13
26,1560,354
26,1825,345
26,1817,361
26,1685,377
26,1635,272
26,1874,206
26,1881,208
26,1887,217
26,1891,196
26,1394,255
26,1390,267
26,1513,227
26,1556,191
26,1591,233
26,1598,263
26,1419,217
26,1415,210
26,1453,192
26,1381,191
26,1409,196
26,1768,709
26,1888,737
26,1739,739
26,1501,720
26,1485,681
26,1105,794
26,1309,714
26,1313,723
26,1527,685
26,1164,743
26,1264,744
27,672,769
27,631,759
27,700,786
27,452,605
27,438,732
27,463,804
27,723,629
27,720,616
27,658,648
27,657,658
27,679,666
27,710,661
27,452,652
27,424,648
27,428,662
27,437,663
27,440,653
27,542,705
27,687,588
27,427,585
27,716,598
27,660,566
27,666,580
27,643,573
27,627,592
27,608,565
27,592,562
27,570,570
27,700,639
27,711,571
27,550,596
27,579,604
27,607,608
27,619,606
27,549,566
27,624,565
27,683,407
27,698,411
27,665,427
27,682,433
27,535,595
27,527,592
27,700,600
27,583,431
27,568,433
27,550,432
27,533,441
27,516,444
27,513,460
27,630,474
27,473,640
27,458,521
27,471,536
27,450,526
27,449,532
27,522,434
27,478,608
27,496,600
27,458,595
27,637,625
27,609,651
27,588,665
27,559,692
27,570,362
27,681,499
27,549,628
27,679,478
27,601,633
27,670,528
27,488,519
27,507,517
27,657,292
27,507,414
27,613,385
27,514,596
27,434,509
27,472,477
27,478,460
27,435,488
27,471,559
27,494,445
27,477,557
27,466,412
27,447,452
27,454,373
27,444,375
27,712,384
27,697,276
27,680,283
27,660,246
27,479,62
27,691,100
27,974,613
27,1052,543
27,1018,563
27,1029,397
27,746,494
27,1109,332
27,1009,352
27,1107,378
27,1101,368
27,1140,305
27,1195,315
27,1161,338
27,1173,347
27,1170,313
27,1116,179
27,1168,125
27,1167,142
27,1287,219
27,1081,184
27,935,376
27,957,361
27,962,410
27,974,388
27,1023,412
27,1002,335
27,1058,295
27,1074,323
27,1071,303
27,1069,448
27,1076,457
27,1105,417
27,1401,307
27,1127,465
27,1096,493
27,1230,123
27,1297,355
27,1363,340
27,1739,326
27,1241,269
27,1247,287
27,1160,212
27,1560,354
27,1825,343
27,1815,360
27,1685,376
27,1620,270
27,1882,205
27,1877,210
27,1883,217
27,1886,197
27,1887,247
27,1382,257
27,1380,269
27,1502,228
27,1547,195
27,1577,232
27,1584,262
27,1409,217
27,1409,209
27,1443,194
27,1377,192
27,1403,199
27,1756,710
27,1901,739
27,1748,741
27,1477,713
27,1499,679
27,1105,794
27,1317,715
27,1320,725
27,1541,686
27,1164,740
27,1252,741
28,671,762
28,631,759
28,700,786
28,449,599
28,438,732
28,466,795
28,724,629
28,720,616
28,658,647
28,657,657
28,681,665
28,710,661
28,452,652
28,424,648
28,428,662
28,437,663
28,440,653
28,533,705
28,693,581
28,427,588
28,715,597
28,659,567
28,666,580
28,643,573
28,627,592
28,608,565
28,592,563
28,570,569
28,700,639
28,711,572
28,550,595
28,579,604
28,606,608
28,619,606
28,549,565
28,624,565
28,683,407
28,698,411
28,665,427
28,682,433
28,535,595
28,527,592
28,703,602
28,583,431
28,568,433
28,550,432
28,534,444
28,516,444
28,514,460
28,630,474
28,484,645
28,451,521
28,468,539
28,446,528
28,445,533
28,522,435
28,479,608
28,497,600
28,458,595
28,646,619
28,619,645
28,603,660
28,568,699
28,573,362
28,684,496
28,560,628
28,681,474
28,607,632
28,677,528
28,488,524
28,504,520
28,665,291
28,507,414
28,609,386
28,515,595
28,429,512
28,471,477
28,478,460
28,435,489
28,478,560
28,494,445
28,464,546
28,468,399
28,455,449
28,459,360
28,449,362
28,717,392
28,697,276
28,680,283
28,657,248
28,479,76
28,697,95
28,976,612
28,1059,546
28,1019,563
28,1034,387
28,735,498
28,1121,327
28,1018,345
28,1113,372
28,1108,362
28,1150,296
28,1206,317
28,1171,334
28,1182,344
28,1179,312
28,1122,164
28,1168,125
28,1167,142
28,1294,222
28,1081,184
28,924,380
28,948,367
28,955,418
28,964,395
28,1015,417
28,998,341
28,1049,302
28,1069,329
28,1063,307
28,1060,454
28,1068,464
28,1100,425
28,1410,308
28,1125,473
28,1095,499
28,1230,123
28,1297,353
28,1360,342
28,1752,325
28,1228,271
28,1234,287
28,1154,224
28,1560,354
28,1824,342
28,1814,359
28,1685,375
28,1608,270
28,1891,205
28,1873,212
28,1880,217
28,1881,199
28,1872,250
28,1902,261
28,1371,259
28,1370,271
28,1492,230
28,1539,199
28,1563,232
28,1571,262
28,1400,217
28,1404,208
28,1434,196
28,1374,193
28,1397,202
28,1747,709
28,1910,739
28,1754,744
28,1459,713
28,1534,704
28,1513,679
28,1105,794
28,1323,715
28,1324,727
28,1555,684
28,1165,740
28,1242,738
29,670,755
29,632,758
29,700,786
29,447,593
29,438,732
29,468,785
29,724,629
29,720,616
29,658,646
29,658,657
29,682,664
29,710,661
29,453,652
29,424,648
29,428,662
29,437,663
29,440,653
29,525,705
29,700,575
29,428,586
29,714,596
29,659,569
29,667,581
29,643,573
29,627,592
29,608,565
29,593,564
29,570,568
29,700,639
29,710,572
29,550,595
29,579,604
29,605,609
29,619,606
29,550,565
29,625,565
29,683,407
29,698,411
29,665,427
29,682,433
29,535,595
29,527,591
29,700,600
29,583,431
29,568,433
29,550,432
29,533,442
29,516,444
29,515,460
29,630,474
29,497,645
29,447,523
29,460,537
29,442,530
29,435,532
29,522,433
29,479,607
29,497,600
29,458,594
29,656,612
29,630,637
29,610,655
29,577,707
29,577,363
29,687,494
29,569,626
29,683,471
29,616,629
29,684,529
29,485,522
29,501,523
29,672,290
29,507,414
29,609,385
29,516,594
29,426,510
29,469,476
29,478,460
29,436,490
29,482,563
29,494,445
29,451,535
29,476,391
29,463,446
29,464,348
29,455,349
29,719,403
29,697,276
29,680,283
29,655,250
29,479,90
29,704,92
29,977,614
29,1066,545
29,1021,562
29,1044,382
29,726,503
29,1132,322
29,1027,341
29,1119,366
29,1115,356
29,1160,287
29,1220,319
29,1181,331
29,1191,342
29,1189,311
29,1127,149
29,1168,125
29,1167,142
29,1301,226
29,1082,184
29,913,384
29,944,366
29,948,420
29,952,400
29,1004,418
29,992,347
29,1038,307
29,1059,339
29,1055,311
29,1051,461
29,1057,469
29,1088,434
29,1418,307
29,1120,480
29,1094,505
29,1230,123
29,1296,352
29,1354,343
29,1763,325
29,1218,273
29,1227,287
29,1148,236
29,1560,354
29,1823,340
29,1812,358
29,1684,375
29,1596,268
29,1900,204
29,1868,215
29,1876,221
29,1878,201
29,1854,253
29,1883,265
29,1361,259
29,1359,269
29,1480,231
29,1527,199
29,1550,232
29,1558,262
29,1393,216
29,1398,207
29,1424,195
29,1370,197
29,1390,198
29,1794,189
29,1732,710
29,1762,744
29,1443,713
29,1524,707
29,1527,680
29,1105,794
29,1569,683
29,1165,740
29,1227,745
30,668,747
30,632,758
30,700,786
30,451,584
30,438,732
30,470,775
30,724,629
30,720,616
30,658,646
30,659,657
30,684,664
30,711,662
30,453,652
30,424,648
30,428,662
30,437,663
30,440,653
30,518,710
30,702,569
30,429,585
30,714,596
30,659,570
30,668,582
30,643,573
30,627,592
30,608,565
30,593,565
30,570,567
30,700,639
30,709,573
30,550,595
30,579,604
30,605,609
30,619,606
30,549,565
30,625,565
30,683,407
30,699,411
30,665,427
30,682,433
30,535,595
30,527,591
30,699,597
30,583,431
30,568,433
30,550,432
30,532,441
30,516,444
30,517,458
30,630,474
30,510,646
30,440,525
30,456,540
30,434,528
30,425,532
30,520,433
30,479,607
30,497,600
30,458,594
30,665,605
30,638,630
30,617,650
30,584,718
30,584,362
30,687,489
30,578,629
30,685,468
30,620,624
30,692,530
30,483,520
30,498,524
30,680,289
30,507,414
30,608,384
30,518,593
30,424,508
30,468,476
30,478,460
30,436,491
30,486,567
30,494,445
30,437,524
30,475,377
30,471,438
30,468,331
30,457,332
30,719,408
30,697,276
30,680,283
30,653,251
30,476,106
30,712,90
30,976,615
30,1073,547
30,1020,560
30,1054,377
30,718,508
30,1144,318
30,1034,336
30,1125,363
30,1122,351
30,1167,277
30,1231,319
30,1190,328
30,1202,337
30,1197,309
30,1136,134
30,1168,125
30,1167,142
30,1308,229
30,1080,181
30,903,386
30,930,370
30,941,423
30,941,405
30,993,420
30,986,353
30,1027,312
30,1050,349
30,1048,315
30,1042,464
30,1047,474
30,1077,443
30,1426,307
30,1116,488
30,1093,512
30,1230,123
30,1296,351
30,1348,345
30,1774,325
30,1209,276
30,1221,288
30,1143,248
30,1560,354
30,1821,339
30,1811,356
30,1684,374
30,1583,267
30,1908,203
30,1863,219
30,1871,225
30,1876,203
30,1834,255
30,1863,269
30,1351,259
30,1349,268
30,1469,232
30,1515,200
30,1538,233
30,1546,262
30,1387,216
30,1393,207
30,1415,205
30,1366,202
30,1384,195
30,1804,200
30,1774,746
30,1910,693
30,1426,712
30,1507,705
30,1541,680
30,1105,794
30,1582,683
30,1165,740
30,1214,748
30,1087,922
