1,787,263
1,1399,71
1,1406,59
1,13,212
1,99,195
1,86,236
1,93,261
1,186,206
1,235,505
1,313,333
1,511,338
1,868,185
1,276,573
1,292,647
1,91,983
1,228,297
1,235,305
1,331,831
1,338,808
1,353,790
1,319,249
1,219,248
1,411,251
1,314,223
1,288,201
1,341,227
1,434,217
1,468,222
1,440,188
1,548,292
1,553,306
1,642,245
1,698,250
1,649,266
1,625,183
1,513,160
1,476,171
1,922,248
1,937,218
1,656,191
1,1174,58
1,1226,155
1,1262,99
1,943,167
1,1394,184
1,1634,164
1,1640,189
1,1639,216
1,1415,97
1,1364,134
1,1787,168
1,1866,166
1,1896,250
1,1647,97
1,1714,86
1,1846,79
1,1907,102
1,1256,69
1,966,282
1,1290,166
1,1268,129
1,1280,143
1,1437,286
1,1063,102
1,1021,115
1,770,179
1,788,185
1,785,176
1,679,303
1,840,343
1,1303,106
1,1387,123
1,1390,103
1,1342,203
1,1371,184
1,1366,201
1,1124,243
1,1102,173
1,1087,206
1,139,516
1,207,406
1,206,422
1,256,316
1,380,807
1,391,795
1,409,779
1,206,610
1,227,648
1,215,664
1,183,688
1,148,772
1,155,764
1,1523,750
1,1765,745
1,1805,769
1,1800,783
1,1850,782
1,1096,770
1,1111,754
1,20,997
1,25,985
1,149,1060
1,1190,761
1,1419,769
1,754,771
1,283,672
1,565,175
1,563,781
1,363,767
1,231,177
1,267,229
1,950,197
1,999,183
1,977,165
1,1033,187
1,1040,133
1,1061,148
1,1089,128
1,1073,194
1,1165,211
1,1129,221
1,1138,206
1,1138,119
1,1143,133
1,1133,151
1,1134,174
1,1156,160
1,1169,185
1,1185,151
1,1179,168
1,1163,99
1,1175,79
1,1182,748
2,781,259
2,1407,76
2,1415,64
2,7,211
2,114,199
2,71,235
2,73,258
2,185,206
2,241,522
2,324,339
2,493,337
2,877,177
2,284,584
2,299,653
2,93,985
2,237,291
2,246,300
2,331,826
2,336,804
2,347,784
2,309,256
2,205,247
2,393,254
2,307,222
2,282,207
2,334,227
2,421,221
2,461,221
2,448,190
2,561,291
2,567,304
2,658,245
2,710,251
2,661,266
2,636,180
2,503,171
2,471,183
2,911,262
2,924,228
2,662,190
2,1187,52
2,1216,160
2,1281,98
2,954,164
2,1389,178
2,1645,164
2,1651,188
2,1655,219
2,1423,103
2,1375,142
2,1793,170
2,1883,169
2,1659,100
2,1724,88
2,1843,67
2,1899,100
2,1242,71
2,969,275
2,1275,173
2,1260,127
2,1267,142
2,1435,285
2,1052,106
2,1004,116
2,772,184
2,792,186
2,787,176
2,691,304
2,839,343
2,1309,108
2,1393,125
2,1393,104
2,1345,204
2,1371,184
2,1366,201
2,1141,243
2,1095,175
2,1085,208
2,145,502
2,207,419
2,205,436
2,253,328
2,377,808
2,391,796
2,408,779
2,211,625
2,239,659
2,231,676
2,197,700
2,153,772
2,160,763
2,1512,751
2,1753,745
2,1795,770
2,1792,788
2,1841,784
2,1089,769
2,1100,754
2,28,1000
2,33,987
2,147,1059
2,1190,761
2,1409,770
2,742,773
2,297,680
2,554,181
2,547,788
2,360,760
2,229,176
2,279,233
2,934,203
2,984,190
2,987,162
2,1019,192
2,1054,127
2,1071,142
2,1101,125
2,1063,194
2,1156,211
2,1118,219
2,1130,205
2,1151,114
2,1157,126
2,1144,144
2,1129,173
2,1147,163
2,1160,185
2,1176,152
2,1168,169
2,1155,97
2,1164,78
2,1182,748
3,775,255
3,1416,82
3,1425,69
3,128,196
3,56,231
3,55,252
3,185,206
3,247,539
3,335,343
3,475,337
3,887,170
3,292,596
3,307,660
3,95,987
3,247,286
3,258,296
3,331,822
3,335,800
3,342,778
3,297,255
3,191,246
3,376,257
3,300,222
3,276,214
3,327,227
3,408,225
3,455,221
3,453,187
3,574,291
3,582,303
3,675,245
3,722,252
3,673,267
3,648,178
3,492,177
3,470,195
3,899,266
3,910,235
3,669,189
3,1200,47
3,1200,162
3,1301,93
3,966,161
3,1384,173
3,1657,164
3,1662,187
3,1672,223
3,1432,109
3,1386,151
3,1815,171
3,1895,171
3,1671,104
3,1734,91
3,1840,56
3,1891,98
3,1228,74
3,972,269
3,1261,181
3,1252,125
3,1254,142
3,1434,285
3,1041,110
3,990,118
3,775,190
3,797,187
3,789,176
3,839,343
3,1316,110
3,1399,128
3,1397,105
3,1348,206
3,1372,184
3,1366,201
3,1156,238
3,1083,175
3,1072,203
3,151,488
3,208,433
3,205,450
3,250,341
3,375,809
3,391,798
3,407,779
3,217,636
3,250,669
3,241,685
3,206,704
3,159,772
3,165,763
3,1501,753
3,1742,746
3,1782,771
3,1779,788
3,1828,784
3,1905,763
3,1083,768
3,1090,755
3,36,1004
3,41,989
3,145,1058
3,1190,761
3,1397,766
3,730,776
3,311,688
3,544,188
3,535,791
3,357,753
3,227,176
3,291,237
3,915,208
3,971,194
3,998,160
3,1008,195
3,1068,122
3,1081,137
3,1114,122
3,1053,194
3,1148,212
3,1108,218
3,1122,205
3,1164,109
3,1171,120
3,1156,138
3,1122,174
3,1138,162
3,1152,186
3,1167,153
3,1158,170
3,1141,98
3,1151,81
3,1182,748
4,770,250
4,1423,87
4,1434,76
4,141,191
4,39,225
4,37,246
4,184,206
4,253,555
4,346,344
4,457,333
4,899,167
4,296,609
4,315,666
4,97,989
4,257,281
4,270,292
4,326,818
4,334,794
4,338,767
4,283,258
4,178,244
4,359,260
4,294,222
4,265,219
4,321,227
4,395,230
4,449,221
4,459,184
4,585,287
4,594,301
4,687,247
4,732,254
4,686,268
4,659,175
4,481,183
4,465,204
4,889,266
4,895,245
4,676,189
4,1214,45
4,1190,163
4,1317,92
4,975,159
4,1379,168
4,1669,165
4,1673,186
4,1689,227
4,1438,112
4,1397,154
4,1836,171
4,1909,172
4,1683,107
4,1744,93
4,1838,45
4,1883,96
4,1213,73
4,976,263
4,1246,181
4,1242,123
4,1242,142
4,1433,285
4,1030,115
4,781,193
4,803,185
4,791,176
4,839,343
4,1321,111
4,1405,129
4,1403,106
4,1351,207
4,1373,185
4,1367,201
4,1171,234
4,1072,173
4,1067,206
4,157,475
4,205,443
4,201,461
4,246,353
4,373,806
4,388,795
4,406,779
4,223,647
4,262,680
4,251,695
4,215,709
4,165,773
4,171,763
4,1490,753
4,1731,747
4,1770,772
4,1767,788
4,1816,785
4,1890,761
4,1077,767
4,1080,756
4,44,1007
4,49,993
4,144,1058
4,1190,761
4,1386,762
4,716,776
4,321,695
4,532,192
4,523,795
4,354,746
4,225,176
4,303,241
4,897,213
4,959,199
4,1009,158
4,997,198
4,1084,119
4,1087,133
4,1128,119
4,1042,193
4,1139,213
4,1100,218
4,1114,205
4,1176,101
4,1187,113
4,1167,134
4,1111,174
4,1127,164
4,1145,187
4,1159,158
4,1148,171
4,1127,99
4,1138,85
4,1182,748
5,766,244
5,1428,92
5,1441,77
5,153,188
5,25,220
5,19,240
5,184,206
5,258,570
5,358,345
5,440,329
5,911,161
5,301,622
5,322,674
5,96,988
5,272,279
5,280,290
5,318,816
5,332,785
5,326,759
5,272,257
5,165,243
5,342,263
5,286,225
5,254,225
5,313,222
5,380,230
5,440,224
5,467,179
5,597,284
5,606,299
5,700,249
5,742,257
5,699,269
5,671,173
5,471,189
5,458,214
5,875,270
5,883,250
5,685,187
5,1228,43
5,1180,164
5,1333,91
5,984,157
5,1371,163
5,1680,165
5,1683,188
5,1705,228
5,1445,115
5,1408,158
5,1853,172
5,1695,111
5,1755,96
5,1836,39
5,1875,94
5,1199,73
5,979,256
5,1231,182
5,1233,121
5,1231,143
5,1432,285
5,1018,117
5,788,196
5,809,183
5,794,177
5,839,344
5,1326,112
5,1411,130
5,1409,108
5,1354,209
5,1374,185
5,1367,201
5,1186,229
5,1059,173
5,1057,203
5,161,460
5,202,453
5,198,472
5,242,365
5,371,804
5,385,792
5,405,780
5,230,661
5,271,692
5,260,706
5,224,715
5,176,772
5,181,762
5,1479,753
5,1718,749
5,1757,773
5,1753,788
5,1802,784
5,1875,759
5,1063,766
5,1067,754
5,53,1011
5,57,998
5,143,1059
5,8,980
5,11,992
5,1190,761
5,1373,762
5,703,776
5,332,703
5,521,196
5,347,740
5,223,175
5,537,164
5,313,242
5,877,217
5,944,202
5,1022,153
5,983,200
5,1101,116
5,1094,130
5,1142,116
5,1031,193
5,1127,210
5,1087,213
5,1101,204
5,1192,93
5,1197,108
5,1179,130
5,1103,174
5,1117,164
5,1136,186
5,1147,159
5,1139,172
5,1114,100
5,1123,83
5,1182,748
6,760,240
6,1435,94
6,161,185
6,183,206
6,262,584
6,369,346
6,423,326
6,918,160
6,306,632
6,329,683
6,95,987
6,283,275
6,287,289
6,311,812
6,326,773
6,317,749
6,260,256
6,150,242
6,325,262
6,278,228
6,239,228
6,306,218
6,366,230
6,435,220
6,475,175
6,609,281
6,618,297
6,712,252
6,752,258
6,711,270
6,681,173
6,459,193
6,456,224
6,863,275
6,872,257
6,694,186
6,1241,42
6,1168,166
6,1349,91
6,996,154
6,1364,158
6,1691,165
6,1693,190
6,1722,230
6,1452,119
6,1420,162
6,1868,172
6,1705,113
6,1764,97
6,1834,33
6,1867,92
6,1185,73
6,983,250
6,1217,183
6,1220,125
6,1219,141
6,1431,285
6,1006,120
6,795,200
6,815,181
6,801,179
6,838,344
6,1331,113
6,1417,131
6,1415,109
6,1357,210
6,1375,185
6,1367,202
6,1201,224
6,1048,172
6,1045,200
6,165,446
6,200,464
6,195,483
6,239,377
6,365,799
6,379,785
6,404,781
6,237,676
6,280,704
6,270,717
6,234,721
6,187,772
6,192,762
6,1468,753
6,1705,751
6,1745,775
6,1740,789
6,1788,783
6,1860,757
6,1049,766
6,1054,752
6,57,1015
6,60,1003
6,142,1060
6,11,978
6,13,992
6,1190,761
6,1361,762
6,690,776
6,345,712
6,509,199
6,341,734
6,221,175
6,525,172
6,323,243
6,858,221
6,929,206
6,1036,148
6,970,203
6,1116,112
6,1102,123
6,1155,112
6,1020,193
6,1118,210
6,1079,213
6,1090,202
6,1203,87
6,1208,100
6,1193,123
6,1095,174
6,1108,165
6,1127,185
6,1135,160
6,1132,172
6,1102,101
6,1109,82
6,1182,748
7,752,236
7,1443,96
7,172,185
7,183,206
7,266,598
7,381,346
7,407,323
7,925,159
7,310,645
7,335,691
7,94,987
7,294,276
7,299,289
7,300,807
7,317,762
7,309,740
7,248,256
7,136,242
7,308,262
7,270,231
7,225,231
7,299,215
7,352,230
7,431,217
7,483,170
7,621,278
7,631,295
7,724,255
7,762,259
7,724,271
7,691,174
7,447,198
7,449,234
7,848,275
7,855,259
7,703,185
7,1254,42
7,1156,169
7,1366,92
7,1009,151
7,1356,153
7,1703,166
7,1704,193
7,1739,232
7,1456,121
7,1432,165
7,1883,172
7,1715,115
7,1774,99
7,1834,32
7,1857,90
7,1172,73
7,986,244
7,1202,183
7,1209,134
7,1209,148
7,1430,285
7,994,124
7,806,201
7,823,182
7,808,181
7,838,344
7,1336,114
7,1424,132
7,1421,111
7,1360,212
7,1376,186
7,1368,202
7,1215,217
7,1037,172
7,1035,201
7,169,432
7,195,473
7,189,495
7,235,392
7,359,794
7,373,778
7,404,782
7,241,688
7,285,719
7,274,730
7,244,729
7,198,772
7,203,762
7,1457,753
7,1691,751
7,1733,776
7,1728,790
7,1775,782
7,1845,756
7,1036,766
7,1042,750
7,61,1019
7,64,1009
7,142,1061
7,13,976
7,16,993
7,1190,761
7,1349,763
7,674,775
7,359,721
7,497,203
7,610,789
7,334,728
7,219,175
7,510,177
7,333,244
7,837,223
7,915,207
7,1047,144
7,959,205
7,1132,108
7,1111,116
7,1168,108
7,1010,194
7,1109,210
7,1071,213
7,1080,200
7,1215,81
7,1219,93
7,1210,116
7,1085,171
7,1101,164
7,1117,185
7,1130,159
7,1125,173
7,1085,105
7,1094,86
7,572,169
7,1182,748
8,745,233
8,1452,101
8,182,187
8,182,206
8,270,612
8,393,346
8,387,320
8,938,154
8,314,659
8,341,700
8,100,995
8,306,278
8,311,290
8,289,803
8,308,752
8,299,728
8,237,256
8,122,242
8,291,261
8,259,234
8,210,233
8,285,215
8,338,228
8,425,220
8,492,165
8,633,275
8,642,292
8,734,251
8,777,257
8,741,267
8,701,174
8,432,199
8,433,237
8,834,275
8,839,262
8,712,185
8,1267,42
8,1146,172
8,1383,93
8,1022,148
8,1349,148
8,1714,167
8,1715,193
8,1756,232
8,1460,123
8,1445,168
8,1900,170
8,1725,117
8,1784,101
8,1834,32
8,1848,89
8,1160,73
8,990,238
8,1188,184
8,1199,135
8,1199,150
8,1429,285
8,984,125
8,817,202
8,832,183
8,815,184
8,750,312
8,838,345
8,1340,114
8,1428,132
8,1427,112
8,1369,212
8,1376,186
8,1368,202
8,1229,211
8,1026,169
8,1026,201
8,175,417
8,191,483
8,184,507
8,231,408
8,349,786
8,363,770
8,395,778
8,246,705
8,286,734
8,277,746
8,252,737
8,208,773
8,213,764
8,1446,753
8,1678,751
8,1721,777
8,1716,791
8,1762,781
8,1830,754
8,1023,767
8,1030,750
8,61,1019
8,63,1009
8,142,1063
8,16,975
8,19,994
8,1190,761
8,1335,767
8,659,775
8,459,798
8,364,731
8,485,206
8,596,795
8,328,723
8,217,175
8,496,183
8,669,164
8,344,248
8,817,226
8,901,208
8,1058,140
8,948,207
8,1146,99
8,1120,107
8,1182,105
8,998,197
8,1096,209
8,1063,212
8,1075,200
8,1227,76
8,1230,88
8,1228,109
8,1075,168
8,1094,164
8,1108,186
8,1125,158
8,1116,172
8,1068,109
8,1079,90
8,560,174
8,1182,748
9,740,230
9,1465,103
9,193,191
9,182,207
9,279,626
9,406,346
9,368,317
9,945,152
9,322,670
9,348,709
9,107,1003
9,316,277
9,321,288
9,273,802
9,301,742
9,286,717
9,226,257
9,108,238
9,275,261
9,249,237
9,196,235
9,272,215
9,325,226
9,419,223
9,501,165
9,645,273
9,654,289
9,746,248
9,786,256
9,748,263
9,712,175
9,415,199
9,421,243
9,823,274
9,829,263
9,721,185
9,1280,42
9,1137,175
9,1400,95
9,1036,145
9,1341,141
9,1725,169
9,1726,194
9,1774,233
9,1465,125
9,1458,172
9,1738,120
9,1793,102
9,1834,31
9,1838,87
9,1148,73
9,990,231
9,1174,185
9,1189,136
9,1187,150
9,1429,284
9,829,200
9,843,182
9,822,186
9,760,313
9,838,345
9,1345,114
9,1433,133
9,1434,113
9,1378,212
9,1376,186
9,1369,202
9,1243,205
9,1014,169
9,1017,200
9,182,403
9,185,494
9,176,515
9,228,424
9,340,779
9,353,763
9,386,774
9,251,721
9,288,746
9,283,761
9,258,746
9,219,774
9,223,767
9,1436,753
9,1665,751
9,1709,777
9,1703,791
9,1751,777
9,1815,753
9,1011,768
9,1018,750
9,61,1020
9,63,1010
9,142,1065
9,19,975
9,18,993
9,1191,761
9,1323,770
9,647,776
9,456,798
9,370,743
9,474,210
9,583,797
9,320,715
9,1416,792
9,216,172
9,484,186
9,397,175
9,659,169
9,355,252
9,798,226
9,886,212
9,1069,135
9,938,209
9,1161,90
9,1130,99
9,1197,102
9,987,201
9,1088,207
9,1050,210
9,1064,195
9,1239,71
9,1242,83
9,1247,102
9,1065,165
9,1086,165
9,1100,185
9,1118,158
9,1107,171
9,1054,112
9,1066,94
9,548,179
9,1182,748
10,735,227
10,1481,104
10,206,194
10,181,207
10,287,639
10,418,346
10,349,315
10,955,153
10,330,681
10,355,718
10,118,1013
10,326,276
10,331,286
10,261,801
10,293,726
10,271,712
10,213,256
10,95,234
10,257,264
10,239,240
10,181,233
10,262,223
10,311,224
10,413,227
10,510,165
10,657,271
10,665,286
10,758,245
10,796,255
10,755,259
10,721,175
10,403,199
10,410,242
10,811,279
10,819,263
10,731,186
10,1293,45
10,1129,177
10,1418,93
10,1050,142
10,1333,134
10,1736,170
10,1737,194
10,1791,233
10,1467,134
10,1471,176
10,1752,124
10,1802,103
10,1834,31
10,1829,86
10,1136,75
10,991,224
10,1162,186
10,1178,136
10,1177,150
10,1429,284
10,841,199
10,855,181
10,829,189
10,770,314
10,837,345
10,1349,114
10,1438,134
10,1441,114
10,1387,212
10,1376,186
10,1369,203
10,1257,197
10,1001,170
10,1008,193
10,189,389
10,179,505
10,168,524
10,223,437
10,334,772
10,347,751
10,375,772
10,257,731
10,299,757
10,291,775
10,267,754
10,231,776
10,237,770
10,1423,756
10,1653,750
10,1697,777
10,1690,791
10,1740,774
10,1801,753
10,1002,770
10,1008,752
10,62,1021
10,62,1010
10,143,1066
10,22,976
10,18,993
10,1191,761
10,1311,773
10,635,777
10,453,798
10,377,755
10,464,210
10,570,800
10,313,707
10,1432,793
10,21,175
10,215,170
10,472,188
10,403,180
10,649,175
10,363,251
10,779,227
10,871,216
10,1081,131
10,927,211
10,1176,81
10,1141,90
10,1212,105
10,977,201
10,1082,206
10,1049,211
10,1053,193
10,1251,66
10,1254,78
10,1266,96
10,1055,162
10,1078,166
10,1092,185
10,1112,158
10,1102,172
10,1041,116
10,1053,98
10,534,184
10,1182,748
11,733,224
11,1497,104
11,218,199
11,181,207
11,296,653
11,431,345
11,331,311
11,957,149
11,334,690
11,362,728
11,124,1025
11,337,276
11,342,284
11,247,801
11,285,717
11,252,708
11,201,256
11,82,231
11,239,268
11,228,238
11,166,232
11,249,225
11,298,222
11,410,225
11,522,164
11,670,269
11,677,284
11,767,245
11,808,249
11,771,256
11,731,175
11,386,200
11,397,237
11,802,286
11,805,265
11,739,187
11,1307,49
11,1121,179
11,1437,91
11,1059,136
11,1325,128
11,1748,172
11,1748,195
11,1809,234
11,1470,144
11,1485,180
11,1763,121
11,1811,105
11,1834,31
11,1820,85
11,1124,77
11,991,217
11,1150,188
11,1167,136
11,1168,152
11,1430,283
11,853,198
11,867,180
11,841,186
11,782,316
11,837,346
11,1354,114
11,1443,135
11,1448,115
11,1401,213
11,1376,186
11,1369,203
11,1271,190
11,991,172
11,1004,195
11,198,378
11,171,515
11,161,534
11,218,450
11,325,766
11,336,746
11,366,766
11,266,740
11,308,770
11,300,786
11,276,761
11,243,779
11,246,771
11,1410,760
11,1641,750
11,1685,777
11,1678,790
11,1729,771
11,1787,752
11,1892,782
11,994,772
11,998,755
11,59,1021
11,62,1011
11,143,1068
11,25,977
11,17,993
11,1191,761
11,1300,776
11,624,779
11,450,799
11,384,766
11,454,211
11,556,801
11,306,699
11,1448,794
11,31,180
11,210,171
11,461,191
11,409,185
11,639,181
11,372,250
11,766,231
11,859,216
11,1092,127
11,917,214
11,1188,71
11,1153,81
11,1227,109
11,967,202
11,1072,203
11,1034,201
11,1045,191
11,1258,61
11,1262,76
11,1279,90
11,1048,163
11,1070,165
11,1083,183
11,1104,159
11,1098,173
11,1026,119
11,1040,105
11,520,190
11,1182,748
12,734,220
12,1515,105
12,1494,83
12,230,205
12,180,207
12,308,665
12,443,344
12,314,307
12,963,149
12,339,699
12,366,740
12,130,1038
12,346,274
12,353,282
12,229,804
12,276,706
12,235,707
12,189,256
12,69,226
12,221,271
12,218,236
12,150,227
12,236,229
12,283,226
12,407,223
12,534,163
12,680,266
12,688,280
12,779,242
12,818,250
12,778,254
12,741,175
12,373,199
12,383,234
12,790,290
12,793,273
12,748,188
12,1321,53
12,1111,180
12,1069,131
12,1316,119
12,1759,172
12,1759,194
12,1826,234
12,1470,154
12,1498,179
12,1774,119
12,1820,107
12,1834,30
12,1809,85
12,1113,79
12,992,211
12,1139,190
12,1158,135
12,1157,152
12,1430,283
12,866,195
12,878,176
12,853,183
12,794,318
12,837,346
12,1358,114
12,1448,136
12,1455,116
12,1415,214
12,1376,186
12,1370,203
12,1285,183
12,984,173
12,990,197
12,208,367
12,164,525
12,155,545
12,214,464
12,317,756
12,324,737
12,350,754
12,272,749
12,318,781
12,309,797
12,284,770
12,255,777
12,258,770
12,1401,761
12,1628,750
12,1674,777
12,1666,790
12,1718,769
12,1773,751
12,1875,781
12,984,771
12,988,754
12,57,1022
12,62,1011
12,24,978
12,17,993
12,1191,761
12,1287,778
12,610,780
12,445,797
12,393,777
12,448,213
12,543,802
12,301,692
12,1461,795
12,42,186
12,206,173
12,450,196
12,415,187
12,627,184
12,380,251
12,751,236
12,848,218
12,1103,124
12,907,216
12,1201,61
12,1165,71
12,1244,111
12,954,207
12,1062,200
12,1020,191
12,1038,190
12,1265,56
12,1270,74
12,1292,84
12,1041,164
12,1063,164
12,1075,181
12,1096,160
12,1088,171
12,1012,123
12,1027,113
12,508,191
12,1182,748
13,735,215
13,1531,106
13,1499,84
13,239,208
13,180,207
13,320,678
13,454,342
13,297,304
13,969,150
13,345,710
13,371,750
13,139,1047
13,356,272
13,364,281
13,215,802
13,268,693
13,218,709
13,176,253
13,57,221
13,204,275
13,207,234
13,135,223
13,224,229
13,268,230
13,402,221
13,691,263
13,700,276
13,791,240
13,828,251
13,785,253
13,752,175
13,357,203
13,372,235
13,778,292
13,782,274
13,760,189
13,1335,57
13,1101,182
13,1079,126
13,1308,110
13,1771,173
13,1771,194
13,1844,234
13,1470,165
13,1511,179
13,1784,118
13,1830,108
13,1834,30
13,1798,85
13,1103,82
13,993,207
13,1906,109
13,1130,194
13,1148,135
13,1147,153
13,1430,282
13,879,193
13,889,172
13,865,181
13,800,321
13,837,346
13,1363,114
13,1453,137
13,1462,117
13,1429,216
13,1376,186
13,1370,203
13,1300,172
13,973,177
13,977,199
13,218,356
13,157,536
13,149,556
13,209,476
13,309,748
13,316,726
13,341,746
13,282,758
13,329,789
13,321,807
13,294,780
13,263,780
13,267,772
13,1392,762
13,1616,750
13,1661,777
13,1654,788
13,1705,770
13,1759,751
13,1857,780
13,974,770
13,978,753
13,55,1023
13,61,1012
13,24,979
13,16,993
13,1191,761
13,1275,780
13,597,781
13,440,796
13,401,781
13,442,214
13,529,800
13,297,685
13,1475,797
13,1395,809
13,51,187
13,204,172
13,439,202
13,422,190
13,615,187
13,388,252
13,730,242
13,832,220
13,1115,119
13,897,219
13,1214,51
13,1178,62
13,1261,114
13,941,213
13,1054,198
13,1011,191
13,1027,188
13,1272,52
13,1279,72
13,1298,78
13,1030,164
13,1055,164
13,1067,181
13,1091,158
13,1078,169
13,1000,124
13,1014,114
13,1324,10
13,497,193
13,1182,748
14,735,208
14,1547,104
14,1511,88
14,248,212
14,180,207
14,330,688
14,465,340
14,278,300
14,979,148
14,352,721
14,376,760
14,149,1056
14,366,270
14,376,280
14,198,800
14,258,680
14,200,712
14,163,250
14,45,216
14,185,273
14,197,233
14,121,221
14,213,227
14,254,234
14,397,219
14,702,260
14,712,272
14,802,240
14,838,251
14,796,254
14,764,175
14,344,204
14,356,236
14,766,295
14,767,277
14,772,190
14,1349,60
14,1094,182
14,1490,99
14,1092,117
14,1300,101
14,1783,173
14,1782,193
14,1861,234
14,1464,171
14,1524,178
14,1795,118
14,1840,109
14,1834,30
14,1787,86
14,1094,85
14,995,199
14,1899,110
14,1121,199
14,1138,139
14,1139,155
14,1431,282
14,890,189
14,900,167
14,876,177
14,806,325
14,837,347
14,1369,113
14,1458,136
14,1467,116
14,1443,218
14,1376,186
14,1370,204
14,1314,170
14,958,180
14,967,200
14,230,346
14,149,545
14,143,565
14,204,489
14,300,740
14,304,721
14,332,739
14,291,765
14,339,798
14,334,816
14,303,787
14,271,781
14,277,776
14,1382,765
14,1604,750
14,1648,777
14,1642,787
14,1693,772
14,1745,751
14,1840,778
14,965,770
14,968,753
14,55,1023
14,61,1012
14,24,980
14,16,993
14,1191,761
14,584,782
14,432,797
14,9,782
14,415,778
14,436,215
14,516,800
14,290,675
14,1492,797
14,1409,810
14,60,188
14,202,171
14,429,200
14,433,188
14,603,190
14,397,253
14,711,243
14,818,218
14,1128,115
14,887,222
14,1227,41
14,1191,52
14,1278,116
14,929,213
14,1046,194
14,998,187
14,1018,187
14,1279,51
14,1280,71
14,1304,72
14,1019,164
14,1048,164
14,1059,182
14,1086,156
14,1071,169
14,988,125
14,1002,115
14,1332,20
14,486,199
14,1182,748
15,736,203
15,1563,105
15,1524,90
15,256,213
15,179,207
15,339,698
15,476,338
15,259,297
15,989,146
15,356,732
15,381,769
15,377,268
15,387,278
15,182,799
15,247,667
15,183,715
15,151,247
15,33,208
15,166,271
15,187,232
15,108,219
15,202,233
15,241,236
15,393,217
15,713,253
15,722,268
15,813,241
15,849,251
15,808,255
15,776,175
15,331,205
15,340,237
15,752,296
15,753,280
15,781,189
15,1363,64
15,1084,183
15,1508,104
15,1106,108
15,1291,96
15,1795,174
15,1794,193
15,1879,234
15,1459,177
15,1538,178
15,1800,112
15,1844,111
15,1834,29
15,1776,86
15,1085,89
15,995,199
15,1895,117
15,1110,198
15,1130,140
15,1132,156
15,1431,281
15,902,186
15,912,163
15,887,173
15,814,324
15,835,346
15,1375,112
15,1463,136
15,1472,116
15,1457,221
15,1376,186
15,1371,204
15,1328,168
15,949,178
15,958,201
15,242,337
15,141,555
15,138,574
15,199,502
15,291,729
15,293,714
15,320,726
15,299,774
15,350,803
15,344,820
15,313,793
15,282,784
15,289,777
15,1372,769
15,1592,749
15,1637,775
15,1630,786
15,1680,776
15,1731,750
15,1822,777
15,950,766
15,957,750
15,55,1024
15,60,1013
15,24,981
15,15,993
15,1191,761
15,570,783
15,425,799
15,23,779
15,375,816
15,387,810
15,428,776
15,433,211
15,504,800
15,284,665
15,1510,797
15,1424,814
15,1413,789
15,68,189
15,202,170
15,419,199
15,445,187
15,591,194
15,410,250
15,692,245
15,804,216
15,1141,114
15,876,221
15,1239,31
15,1204,43
15,1295,119
15,918,214
15,1036,188
15,985,184
15,1009,187
15,1287,50
15,1281,71
15,1310,66
15,1012,163
15,1038,162
15,1052,181
15,1076,157
15,1064,169
15,975,128
15,989,115
15,1340,30
15,475,205
15,1182,748
15,280,856
16,740,199
16,1579,107
16,1535,89
16,262,212
16,179,207
16,347,708
16,487,336
16,241,294
16,999,142
16,360,743
16,386,776
16,389,266
16,398,277
16,166,798
16,237,655
16,164,717
16,139,241
16,21,201
16,147,270
16,177,231
16,92,215
16,192,238
16,229,238
16,390,216
16,724,246
16,732,264
16,823,242
16,859,249
16,822,257
16,786,173
16,319,205
16,326,239
16,740,282
16,790,189
16,1377,68
16,1073,184
16,1526,110
16,1120,105
16,1282,92
16,1807,173
16,1806,193
16,1896,233
16,1454,183
16,1552,178
16,1805,106
16,1848,113
16,1835,29
16,1766,87
16,1074,92
16,997,197
16,1891,124
16,1099,197
16,1122,138
16,1124,156
16,1432,281
16,908,177
16,921,157
16,899,169
16,822,323
16,834,345
16,1381,111
16,1468,135
16,1477,116
16,1471,222
16,1375,185
16,1371,204
16,1341,164
16,941,183
16,946,207
16,255,328
16,137,563
16,130,582
16,197,514
16,282,722
16,284,703
16,309,715
16,307,782
16,354,813
16,354,827
16,324,800
16,290,786
16,296,778
16,1358,769
16,1580,748
16,1626,774
16,1618,786
16,1667,781
16,1716,749
16,1804,776
16,936,762
16,946,748
16,55,1024
16,60,1013
16,24,982
16,15,993
16,1192,762
16,1240,780
16,556,784
16,418,800
16,38,776
16,371,809
16,379,802
16,441,774
16,430,207
16,493,802
16,278,655
16,1525,798
16,1428,792
16,77,190
16,202,169
16,408,195
16,458,185
16,579,198
16,424,247
16,669,248
16,790,214
16,1154,114
16,865,221
16,1216,33
16,1310,120
16,907,214
16,1029,185
16,979,186
16,996,184
16,1295,50
16,1283,70
16,1315,63
16,1006,162
16,1028,160
16,1046,179
16,1069,157
16,1056,165
16,1348,39
16,462,207
16,1182,748
16,276,835
16,272,866
17,746,194
17,1595,108
17,1546,88
17,268,211
17,179,208
17,354,719
17,498,333
17,222,293
17,1010,139
17,362,751
17,394,779
17,401,264
17,409,276
17,149,798
17,227,642
17,144,720
17,127,236
17,128,268
17,168,231
17,77,212
17,180,242
17,216,240
17,385,216
17,735,243
17,744,261
17,833,243
17,870,248
17,837,260
17,797,171
17,307,206
17,313,241
17,729,286
17,800,189
17,1392,72
17,1067,182
17,1546,114
17,1134,103
17,1271,83
17,1819,172
17,1818,194
17,1448,188
17,1565,175
17,1810,101
17,1852,115
17,1835,29
17,1755,86
17,1064,95
17,1001,195
17,1879,131
17,1089,196
17,1113,138
17,1116,157
17,1432,280
17,915,169
17,931,152
17,908,164
17,831,323
17,832,344
17,1387,111
17,1473,135
17,1482,116
17,1485,223
17,1375,185
17,1372,204
17,1354,161
17,933,189
17,933,211
17,267,318
17,133,571
17,123,590
17,195,527
17,273,715
17,274,697
17,303,703
17,313,792
17,359,819
17,334,805
17,299,787
17,302,778
17,1345,769
17,1568,748
17,1615,770
17,1605,784
17,1654,781
17,1702,748
17,1787,775
17,925,763
17,935,747
17,56,1025
17,60,1014
17,24,983
17,15,993
17,1192,762
17,1246,779
17,543,785
17,412,801
17,52,774
17,358,800
17,367,792
17,456,772
17,425,201
17,277,646
17,1541,799
17,1441,793
17,1117,766
17,86,192
17,202,168
17,396,192
17,471,183
17,568,202
17,436,244
17,647,251
17,777,213
17,1167,112
17,854,221
17,1325,122
17,897,214
17,1020,185
17,970,196
17,985,186
17,1298,46
17,1284,70
17,1321,61
17,996,159
17,1023,162
17,1041,178
17,1062,157
17,1048,161
17,1357,49
17,449,210
17,1182,748
17,264,825
17,262,854
18,752,190
18,1611,109
18,1557,87
18,271,203
18,179,208
18,356,730
18,509,331
18,203,292
18,1023,134
18,370,756
18,403,776
18,412,262
18,420,273
18,135,800
18,219,630
18,125,723
18,116,231
18,110,267
18,158,229
18,64,205
18,167,241
18,204,243
18,380,217
18,747,240
18,756,259
18,845,244
18,881,247
18,848,261
18,808,170
18,293,210
18,297,244
18,718,286
18,810,189
18,1406,72
18,1063,180
18,1566,117
18,1148,101
18,1260,74
18,1830,171
18,1824,194
18,1442,193
18,1578,173
18,1813,96
18,1861,115
18,1835,28
18,1744,85
18,1060,97
18,1011,196
18,1872,137
18,1902,100
18,1084,191
18,1105,137
18,1109,157
18,1432,280
18,929,166
18,946,150
18,918,160
18,844,318
18,831,343
18,1391,111
18,1482,135
18,1489,115
18,1499,224
18,1375,185
18,1372,205
18,1369,159
18,920,187
18,926,219
18,280,310
18,129,580
18,116,598
18,193,540
18,264,707
18,264,691
18,295,691
18,320,805
18,370,823
18,344,811
18,306,783
18,311,778
18,1334,769
18,1554,747
18,1604,767
18,1592,782
18,1642,781
18,1688,748
18,1769,774
18,914,764
18,925,746
18,56,1024
18,60,1013
18,26,983
18,16,993
18,1192,762
18,1252,778
18,529,787
18,405,801
18,68,770
18,345,786
18,354,782
18,472,771
18,420,196
18,276,637
18,1555,798
18,1454,794
18,1109,767
18,1112,782
18,17,269
18,97,192
18,203,167
18,385,189
18,480,180
18,554,202
18,449,241
18,629,254
18,761,214
18,1181,111
18,843,221
18,1343,124
18,886,214
18,1006,183
18,960,202
18,976,186
18,1302,43
18,1286,70
18,1319,61
18,986,163
18,1011,161
18,1032,174
18,1056,154
18,1040,158
18,1367,56
18,440,214
18,1182,748
18,252,815
18,252,843
19,758,186
19,1626,111
19,1568,88
19,274,195
19,179,208
19,359,741
19,521,329
19,185,291
19,1036,129
19,378,761
19,412,774
19,423,260
19,431,270
19,118,802
19,209,621
19,107,726
19,105,225
19,96,263
19,148,227
19,51,199
19,154,240
19,193,242
19,376,215
19,761,239
19,768,260
19,858,246
19,892,246
19,860,262
19,818,169
19,285,217
19,283,243
19,703,287
19,820,190
19,1420,73
19,1055,179
19,1584,122
19,1162,99
19,1249,66
19,1840,171
19,1836,194
19,1436,199
19,1591,171
19,1817,92
19,1870,115
19,1835,28
19,1733,84
19,1056,99
19,1021,197
19,1864,141
19,1892,100
19,1080,186
19,1098,135
19,1102,155
19,1433,279
19,940,159
19,960,144
19,928,156
19,857,314
19,829,342
19,1396,112
19,1491,136
19,1496,115
19,1514,226
19,1375,184
19,1372,205
19,1385,157
19,911,191
19,914,222
19,294,302
19,122,586
19,109,605
19,191,553
19,254,697
19,256,679
19,281,680
19,326,821
19,352,814
19,316,787
19,320,779
19,1323,770
19,1541,746
19,1591,765
19,1581,779
19,1627,780
19,1674,748
19,1752,774
19,904,766
19,915,746
19,56,1024
19,61,1013
19,28,984
19,18,994
19,1192,762
19,1259,777
19,516,790
19,399,802
19,85,766
19,330,778
19,340,770
19,489,768
19,415,190
19,275,627
19,1570,797
19,1468,795
19,1097,766
19,1102,782
19,28,278
19,108,193
19,204,166
19,370,187
19,490,178
19,670,163
19,696,157
19,541,202
19,462,238
19,611,257
19,745,215
19,1193,112
19,833,221
19,1359,127
19,876,215
19,996,181
19,949,203
19,965,187
19,1302,43
19,1283,70
19,1317,61
19,976,167
19,999,160
19,1023,170
19,1051,152
19,1032,156
19,1377,63
19,431,219
19,1182,748
19,240,805
19,242,831
20,767,187
20,1642,113
20,1580,89
20,277,188
20,179,208
20,363,751
20,534,329
20,168,286
20,1049,125
20,382,774
20,422,772
20,435,259
20,443,268
20,103,802
20,204,612
20,92,732
20,94,220
20,82,259
20,139,225
20,40,194
20,142,240
20,183,241
20,373,214
20,775,239
20,781,262
20,868,247
20,902,244
20,873,262
20,829,168
20,274,219
20,268,246
20,683,303
20,690,288
20,829,187
20,1046,178
20,1603,127
20,1177,97
20,1243,55
20,1850,171
20,1848,194
20,1428,208
20,1604,169
20,1816,85
20,1879,116
20,1835,28
20,1723,83
20,1053,101
20,1031,199
20,1855,145
20,1881,99
20,1076,181
20,1092,134
20,1093,153
20,1433,279
20,949,155
20,973,140
20,939,150
20,870,310
20,828,341
20,1401,112
20,1500,136
20,1503,115
20,1524,227
20,1375,184
20,1373,205
20,1400,160
20,899,193
20,901,224
20,308,294
20,116,593
20,102,613
20,187,564
20,245,690
20,249,671
20,274,669
20,334,837
20,362,819
20,324,792
20,328,787
20,1313,771
20,1528,746
20,1579,763
20,1571,777
20,1612,779
20,1661,748
20,1735,774
20,1905,768
20,892,767
20,904,749
20,56,1023
20,61,1012
20,31,985
20,20,995
20,1192,762
20,1265,776
20,503,790
20,391,800
20,102,763
20,317,774
20,325,764
20,507,766
20,407,186
20,275,617
20,1586,797
20,1481,795
20,1084,764
20,1092,783
20,39,288
20,10,305
20,119,194
20,204,166
20,356,186
20,502,174
20,663,165
20,689,170
20,717,151
20,531,206
20,473,237
20,592,265
20,727,215
20,1206,113
20,823,220
20,1376,130
20,865,215
20,987,187
20,938,211
20,951,190
20,1302,44
20,1281,71
20,1316,62
20,970,173
20,992,162
20,1015,173
20,1044,153
20,1024,154
20,1387,70
20,421,221
20,1182,748
20,222,804
20,232,820
21,776,186
21,1657,116
21,1592,93
21,279,181
21,179,208
21,368,761
21,547,328
21,152,282
21,1062,121
21,390,781
21,434,771
21,447,257
21,454,266
21,87,803
21,201,604
21,76,739
21,83,215
21,68,255
21,131,223
21,131,235
21,173,240
21,373,214
21,786,240
21,793,265
21,878,248
21,913,243
21,886,263
21,840,168
21,260,220
21,253,243
21,676,289
21,838,184
21,1034,177
21,1621,131
21,1192,96
21,1246,40
21,1861,171
21,1860,194
21,1424,210
21,1615,168
21,1815,78
21,1889,118
21,1835,27
21,1712,83
21,1054,106
21,1045,196
21,1844,149
21,1870,99
21,1068,181
21,1086,132
21,1082,151
21,1433,278
21,959,152
21,986,135
21,951,144
21,881,305
21,827,341
21,1406,113
21,1510,137
21,1511,115
21,1535,228
21,1375,184
21,1373,205
21,1416,164
21,888,194
21,886,226
21,324,288
21,110,601
21,96,620
21,184,575
21,231,684
21,237,666
21,268,662
21,369,823
21,334,799
21,340,791
21,1300,771
21,1515,746
21,1566,761
21,1559,775
21,1600,778
21,1646,747
21,1718,774
21,1891,769
21,881,768
21,894,752
21,56,1023
21,62,1012
21,33,986
21,22,996
21,1192,762
21,1271,775
21,490,791
21,385,802
21,116,762
21,304,771
21,310,759
21,523,766
21,401,180
21,150,1045
21,275,608
21,1602,798
21,1495,796
21,1071,763
21,1081,784
21,51,298
21,19,309
21,11,241
21,11,211
21,127,198
21,205,166
21,345,189
21,515,171
21,652,170
21,682,175
21,706,155
21,521,210
21,485,236
21,574,273
21,710,215
21,1220,115
21,814,219
21,1393,133
21,855,215
21,976,190
21,931,217
21,938,196
21,1302,45
21,1278,71
21,1314,62
21,965,179
21,986,164
21,1007,176
21,1037,154
21,1012,156
21,1391,75
21,412,224
21,1182,748
21,204,803
21,215,819
22,785,182
22,1673,120
22,1605,98
22,282,176
22,179,208
22,378,772
22,558,329
22,133,278
22,1075,116
22,399,780
22,446,771
22,459,255
22,466,264
22,71,803
22,199,597
22,59,744
22,74,210
22,55,251
22,123,221
22,121,231
22,163,240
22,373,214
22,798,242
22,805,268
22,890,247
22,923,238
22,899,261
22,852,168
22,246,222
22,239,241
22,663,288
22,850,182
22,1022,176
22,1640,135
22,1205,95
22,1873,171
22,1872,193
22,1420,212
22,1626,167
22,1816,71
22,1897,120
22,1835,27
22,1701,83
22,1052,114
22,1060,194
22,1832,153
22,1860,99
22,1058,182
22,1079,132
22,1072,151
22,1434,278
22,969,149
22,999,131
22,963,138
22,892,300
22,827,341
22,1410,113
22,1516,138
22,1517,116
22,1548,227
22,1375,184
22,1374,205
22,1430,168
22,876,196
22,874,227
22,338,282
22,104,609
22,91,628
22,181,587
22,225,675
22,233,656
22,259,652
22,341,805
22,347,798
22,1287,771
22,1502,746
22,1554,759
22,1547,773
22,1588,777
22,1631,745
22,1701,774
22,1877,771
22,869,770
22,882,753
22,56,1022
22,62,1011
22,35,987
22,24,997
22,1192,762
22,1278,774
22,479,793
22,379,798
22,133,762
22,287,766
22,294,755
22,539,766
22,396,176
22,143,1036
22,273,600
22,1614,796
22,1507,794
22,1057,764
22,1069,784
22,63,309
22,29,314
22,20,243
22,22,217
22,135,202
22,206,167
22,335,192
22,529,166
22,643,173
22,670,179
22,692,159
22,510,213
22,497,236
22,556,278
22,696,219
22,1234,118
22,805,218
22,1410,137
22,846,218
22,966,194
22,923,222
22,927,201
22,1303,45
22,1276,72
22,1312,62
22,955,185
22,976,168
22,996,178
22,1026,152
22,1001,159
22,1396,81
22,403,227
22,1182,748
22,187,803
22,199,819
23,794,179
23,1689,120
23,1616,101
23,284,171
23,179,208
23,388,775
23,565,332
23,115,274
23,1089,110
23,412,781
23,458,771
23,472,254
23,478,263
23,55,804
23,196,588
23,42,748
23,65,206
23,44,254
23,115,219
23,111,227
23,153,238
23,374,211
23,810,247
23,816,269
23,902,247
23,933,234
23,912,260
23,864,168
23,231,226
23,223,240
23,649,288
23,863,181
23,1491,77
23,1013,176
23,1660,141
23,1219,94
23,1884,171
23,1883,192
23,1416,214
23,1637,166
23,1818,65
23,1906,122
23,1835,27
23,1690,83
23,1049,119
23,1075,192
23,1821,157
23,1848,101
23,1049,183
23,1071,133
23,1064,151
23,1434,277
23,982,143
23,1010,124
23,977,131
23,904,296
23,827,341
23,1414,114
23,1523,140
23,1524,118
23,1562,227
23,1375,184
23,1374,204
23,1445,172
23,864,199
23,863,227
23,353,277
23,97,618
23,83,636
23,178,599
23,218,665
23,228,647
23,251,642
23,352,811
23,357,805
23,1489,746
23,1542,758
23,1535,773
23,1575,776
23,1616,744
23,1684,774
23,1864,772
23,858,772
23,871,754
23,56,1022
23,63,1011
23,38,988
23,29,993
23,1192,762
23,1284,773
23,469,795
23,374,794
23,151,763
23,271,762
23,279,752
23,556,766
23,392,171
23,137,1028
23,272,593
23,1627,795
23,1520,793
23,1043,764
23,1057,783
23,72,320
23,40,321
23,29,244
23,33,221
23,144,207
23,207,167
23,320,195
23,633,176
23,659,184
23,677,163
23,500,216
23,510,238
23,538,284
23,682,223
23,1243,120
23,796,217
23,1429,138
23,837,221
23,956,202
23,909,220
23,914,201
23,1303,46
23,1273,73
23,1311,64
23,946,191
23,967,173
23,987,181
23,1019,153
23,991,162
23,1401,87
23,394,231
23,1182,748
23,168,805
23,182,819
24,804,177
24,1705,120
24,1627,104
24,286,164
24,179,208
24,391,783
24,573,335
24,99,273
24,1102,105
24,419,778
24,469,771
24,484,252
24,491,265
24,39,806
24,194,582
24,55,200
24,29,254
24,109,213
24,101,226
24,144,236
24,376,208
24,822,252
24,828,270
24,911,244
24,942,231
24,922,256
24,875,166
24,217,231
24,208,240
24,634,289
24,871,181
24,1504,78
24,1005,176
24,1680,147
24,1233,93
24,1894,172
24,1893,192
24,1416,215
24,1649,165
24,1818,62
24,1836,27
24,1680,84
24,1046,125
24,1090,190
24,1809,161
24,1837,102
24,1041,182
24,1063,134
24,1056,151
24,1435,277
24,993,140
24,1021,119
24,991,124
24,915,294
24,827,341
24,1419,115
24,1529,141
24,1530,119
24,1575,225
24,1375,184
24,1374,203
24,1457,175
24,855,201
24,855,229
24,368,272
24,90,628
24,75,645
24,175,612
24,210,654
24,222,643
24,244,634
24,380,824
24,362,812
24,366,807
24,1474,748
24,1531,757
24,1523,773
24,1563,775
24,1601,743
24,1667,773
24,1850,774
24,847,774
24,860,755
24,59,1023
24,68,1012
24,43,991
24,33,997
24,1193,762
24,1291,773
24,458,795
24,369,791
24,166,764
24,256,761
24,264,749
24,573,767
24,388,162
24,421,809
24,130,1020
24,271,586
24,1641,795
24,1537,795
24,1032,763
24,1047,782
24,81,331
24,51,328
24,38,245
24,45,225
24,154,213
24,208,167
24,306,199
24,617,181
24,650,186
24,659,162
24,488,218
24,523,240
24,521,290
24,669,227
24,1253,123
24,787,217
24,1449,139
24,826,225
24,947,209
24,899,225
24,903,204
24,1303,47
24,1271,73
24,1310,67
24,930,191
24,955,177
24,979,185
24,1013,154
24,981,166
24,1399,98
24,379,231
24,1182,748
24,149,807
24,166,819
25,813,175
25,1719,122
25,1638,108
25,289,163
25,179,208
25,402,779
25,580,339
25,83,272
25,1114,100
25,428,777
25,482,771
25,496,250
25,505,267
25,23,803
25,192,581
25,46,194
25,104,207
25,92,225
25,135,234
25,378,206
25,836,254
25,840,271
25,920,242
25,952,228
25,932,252
25,887,164
25,205,230
25,194,242
25,621,288
25,879,181
25,1518,78
25,995,180
25,1697,148
25,1246,97
25,1904,172
25,1904,191
25,1417,216
25,1661,164
25,1810,59
25,1835,27
25,1670,84
25,1038,135
25,1103,185
25,1798,165
25,1825,104
25,1033,180
25,1055,133
25,1049,150
25,1434,278
25,1002,132
25,1033,106
25,1006,117
25,926,292
25,827,341
25,1423,116
25,1536,143
25,1537,121
25,1588,223
25,1375,184
25,1374,202
25,1469,179
25,841,202
25,843,230
25,382,270
25,82,636
25,66,653
25,173,625
25,205,647
25,215,635
25,239,624
25,365,815
25,372,814
25,376,809
25,1459,751
25,1516,757
25,1509,774
25,1550,774
25,1586,743
25,1649,773
25,1837,776
25,836,775
25,848,757
25,62,1024
25,74,1014
25,49,995
25,38,1001
25,1193,762
25,1297,772
25,448,795
25,365,783
25,181,766
25,242,760
25,249,746
25,587,767
25,121,1014
25,268,582
25,1547,796
25,1020,762
25,1036,781
25,89,346
25,56,332
25,48,250
25,59,229
25,164,219
25,209,168
25,291,203
25,607,182
25,634,189
25,639,162
25,476,220
25,537,242
25,501,290
25,654,232
25,1263,126
25,781,218
25,1469,140
25,815,230
25,935,215
25,888,232
25,887,210
25,1304,48
25,1268,74
25,1309,67
25,920,195
25,947,180
25,969,187
25,999,160
25,970,167
25,1398,110
25,365,232
25,1182,748
25,130,810
25,150,819
26,821,173
26,1733,125
26,1651,111
26,288,164
26,179,208
26,411,781
26,585,345
26,67,272
26,1128,94
26,437,776
26,496,771
26,508,249
26,517,263
26,11,803
26,193,581
26,37,187
26,93,203
26,87,218
26,126,233
26,384,202
26,851,256
26,852,272
26,927,236
26,959,217
26,943,243
26,899,163
26,193,230
26,181,244
26,607,289
26,887,182
26,1533,77
26,984,185
26,1714,149
26,1259,101
26,1418,217
26,1673,163
26,1809,56
26,1835,28
26,1660,85
26,1031,139
26,1116,181
26,1787,169
26,1814,105
26,1021,177
26,1048,131
26,1043,150
26,1433,279
26,1012,124
26,1045,94
26,1016,104
26,937,291
26,827,341
26,1428,117
26,1543,145
26,1544,123
26,1599,223
26,1375,185
26,1374,201
26,1483,183
26,827,203
26,832,232
26,395,263
26,74,644
26,57,661
26,177,637
26,200,640
26,207,627
26,233,616
26,350,805
26,1446,754
26,1502,758
26,1495,776
26,1537,774
26,1571,743
26,1632,772
26,1823,775
26,1910,753
26,825,776
26,836,760
26,65,1025
26,80,1015
26,57,1003
26,46,1001
26,1193,762
26,1303,771
26,438,797
26,362,775
26,197,768
26,228,757
26,233,745
26,602,767
26,113,1008
26,266,578
26,1558,797
26,1008,763
26,1025,779
26,1114,779
26,99,350
26,63,340
26,63,253
26,71,233
26,173,222
26,210,168
26,276,207
26,596,183
26,619,192
26,620,162
26,464,223
26,547,246
26,481,291
26,639,237
26,1275,128
26,776,219
26,1487,146
26,802,235
26,922,218
26,878,235
26,874,210
26,1295,51
26,1266,74
26,1309,68
26,911,200
26,940,183
26,959,189
26,993,161
26,960,169
26,1397,121
26,352,232
26,1182,748
26,117,809
26,134,819
27,830,172
27,1749,126
27,1664,114
27,272,171
27,179,208
27,422,782
27,588,351
27,51,268
27,1143,88
27,448,776
27,508,771
27,520,248
27,530,259
27,193,583
27,29,180
27,83,199
27,82,212
27,116,228
27,391,199
27,861,253
27,865,270
27,935,233
27,967,213
27,948,236
27,908,158
27,178,237
27,167,237
27,595,292
27,896,180
27,1547,76
27,974,185
27,1737,151
27,1273,105
27,1419,219
27,1688,161
27,1808,53
27,1835,29
27,1650,85
27,1021,144
27,1129,176
27,1775,170
27,1803,106
27,1007,178
27,1039,131
27,1035,153
27,1432,280
27,1023,117
27,1053,83
27,1027,92
27,944,288
27,827,341
27,1434,119
27,1550,147
27,1551,124
27,1610,223
27,1375,185
27,1374,201
27,1498,188
27,817,201
27,822,237
27,410,260
27,65,652
27,51,671
27,182,649
27,197,635
27,202,622
27,228,611
27,334,796
27,1433,757
27,1492,761
27,1483,777
27,1523,775
27,1556,743
27,1614,772
27,1808,777
27,1892,755
27,814,778
27,825,763
27,69,1027
27,86,1017
27,66,1004
27,52,1004
27,1193,762
27,1310,770
27,428,800
27,354,765
27,215,771
27,215,755
27,217,744
27,618,768
27,105,1002
27,264,575
27,1572,795
27,995,763
27,1013,778
27,1102,781
27,109,354
27,71,349
27,79,257
27,83,238
27,182,225
27,211,168
27,261,211
27,584,184
27,613,194
27,606,163
27,452,226
27,558,250
27,462,291
27,627,245
27,1287,130
27,771,220
27,1505,152
27,790,241
27,912,219
27,861,231
27,861,209
27,1286,54
27,1263,75
27,1309,68
27,900,203
27,930,192
27,947,198
27,987,162
27,950,174
27,1396,133
27,339,233
27,1182,748
27,104,808
27,118,819
28,839,172
28,1766,128
28,1676,116
28,256,177
28,179,208
28,435,775
28,589,354
28,35,264
28,1157,81
28,458,776
28,521,771
28,530,245
28,542,256
28,194,583
28,19,175
28,75,196
28,75,209
28,107,224
28,398,196
28,871,250
28,878,269
28,943,224
28,975,207
28,958,235
28,917,154
28,161,238
28,152,240
28,583,295
28,906,179
28,1562,74
28,966,189
28,1757,153
28,1285,104
28,1420,220
28,1703,160
28,1807,50
28,1834,29
28,1640,86
28,1013,155
28,1143,172
28,1764,171
28,1793,107
28,1899,151
28,993,183
28,1027,135
28,1029,158
28,1431,281
28,1034,110
28,1062,73
28,1038,80
28,952,285
28,827,341
28,1440,121
28,1558,150
28,1558,126
28,1623,223
28,1375,185
28,1372,204
28,1509,191
28,810,205
28,815,240
28,425,257
28,57,660
28,45,682
28,187,661
28,192,630
28,201,621
28,223,607
28,319,787
28,1421,760
28,1483,765
28,1471,779
28,1509,776
28,1541,744
28,1597,773
28,1793,775
28,1875,755
28,803,781
28,814,764
28,84,1036
28,101,1023
28,78,1010
28,63,1015
28,1193,762
28,1316,769
28,418,797
28,347,755
28,233,775
28,201,757
28,201,745
28,634,769
28,97,996
28,280,612
28,1587,794
28,984,762
28,1002,779
28,1091,782
28,117,359
28,76,357
28,95,260
28,94,243
28,192,228
28,12,213
28,212,169
28,246,216
28,573,186
28,600,198
28,589,163
28,441,229
28,568,254
28,444,291
28,616,254
28,1297,129
28,773,220
28,1524,158
28,780,243
28,899,223
28,850,230
28,848,208
28,1277,57
28,1261,76
28,1309,69
28,889,206
28,921,201
28,941,203
28,977,164
28,941,179
28,1401,144
28,326,233
28,1182,748
28,91,807
28,103,819
29,848,172
29,1782,129
29,1688,118
29,240,183
29,179,208
29,447,772
29,589,356
29,20,261
29,1169,74
29,471,777
29,534,770
29,540,243
29,554,253
29,194,583
29,68,194
29,68,207
29,98,220
29,405,195
29,883,250
29,891,267
29,951,220
29,984,201
29,960,225
29,928,150
29,156,238
29,141,234
29,571,298
29,916,178
29,1576,73
29,958,195
29,1776,154
29,1297,103
29,1421,221
29,1714,161
29,1806,48
29,1834,30
29,1630,88
29,1007,159
29,1158,169
29,1755,176
29,1781,107
29,1888,153
29,1910,48
29,986,184
29,1015,138
29,1025,166
29,1430,282
29,1047,103
29,1072,62
29,1049,68
29,960,282
29,827,341
29,1447,123
29,1566,153
29,1565,128
29,1636,224
29,1375,185
29,1370,207
29,1520,194
29,806,209
29,808,244
29,440,254
29,49,670
29,39,691
29,194,670
29,187,626
29,199,616
29,221,605
29,304,777
29,1409,763
29,1468,765
29,1455,780
29,1496,778
29,1527,744
29,1581,774
29,1779,774
29,1859,756
29,793,785
29,804,765
29,105,1048
29,122,1040
29,94,1019
29,80,1024
29,1193,762
29,1322,768
29,408,795
29,340,745
29,250,778
29,187,760
29,186,746
29,649,774
29,90,993
29,296,650
29,1601,794
29,973,762
29,990,781
29,1081,784
29,126,365
29,82,366
29,111,264
29,106,248
29,201,232
29,30,223
29,11,314
29,213,169
29,233,212
29,562,189
29,586,203
29,572,164
29,432,235
29,579,259
29,425,289
29,607,264
29,1308,129
29,776,221
29,1540,163
29,770,246
29,887,229
29,841,231
29,838,205
29,1268,60
29,1258,76
29,1294,78
29,878,212
29,907,212
29,932,209
29,968,166
29,932,184
29,1406,155
29,313,234
29,1182,748
29,78,807
29,87,820
30,855,172
30,1797,129
30,1700,119
30,225,190
30,179,208
30,459,770
30,589,357
30,1181,67
30,482,778
30,547,769
30,554,239
30,565,252
30,195,584
30,59,189
30,59,203
30,89,216
30,412,195
30,895,250
30,904,265
30,958,211
30,995,198
30,967,217
30,939,147
30,144,240
30,132,227
30,558,301
30,924,171
30,1590,72
30,949,197
30,1794,160
30,1309,102
30,1422,223
30,1726,162
30,1805,44
30,1834,31
30,1621,90
30,999,166
30,1174,167
30,1746,182
30,1770,107
30,1875,154
30,1902,40
30,981,185
30,1006,144
30,1017,171
30,1429,283
30,1053,90
30,1082,49
30,1057,50
30,963,281
30,827,341
30,1453,124
30,1573,151
30,1569,130
30,1650,225
30,1375,185
30,1367,210
30,1536,197
30,803,214
30,803,249
30,455,252
30,42,680
30,34,700
30,203,682
30,183,623
30,195,610
30,218,603
30,288,768
30,1397,766
30,1458,767
30,1451,782
30,1485,783
30,1512,744
30,1564,775
30,1764,774
30,1842,755
30,782,788
30,789,766
30,121,1061
30,136,1055
30,105,1029
30,97,1035
30,1193,762
30,1329,767
30,396,790
30,334,733
30,268,781
30,175,764
30,172,752
30,664,780
30,83,989
30,313,688
30,1616,795
30,962,763
30,979,781
30,1070,785
30,132,368
30,88,371
30,127,269
30,122,253
30,210,236
30,47,232
30,21,324
30,214,169
30,220,209
30,552,192
30,575,206
30,557,166
30,424,242
30,587,260
30,407,288
30,598,274
30,1320,127
30,778,222
30,1557,168
30,760,248
30,875,232
30,829,228
30,826,198
30,1259,63
30,1256,77
30,1279,87
30,865,211
30,895,213
30,923,215
30,959,173
30,923,191
30,1412,167
30,300,234
30,1182,748
30,59,805
30,71,822
