1,646,782
1,587,799
1,916,762
1,1106,776
1,1026,779
1,972,800
1,29,553
1,69,558
1,24,570
1,11,492
1,27,520
1,32,470
1,35,600
1,8,453
1,163,627
1,151,512
1,140,529
1,263,614
1,377,608
1,679,588
1,167,496
1,179,484
1,500,622
1,537,600
1,554,595
1,541,619
1,613,604
1,583,616
1,507,582
1,760,626
1,286,515
1,308,527
1,274,458
1,192,387
1,412,433
1,167,358
1,266,544
1,449,543
1,446,560
1,455,574
1,436,521
1,494,368
1,596,510
1,582,482
1,603,551
1,640,545
1,667,561
1,635,428
1,631,491
1,674,438
1,717,464
1,682,512
1,720,547
1,720,490
1,769,492
1,743,508
1,710,433
1,784,470
1,791,402
1,789,414
1,765,572
1,780,581
1,824,614
1,849,602
1,551,577
1,855,474
1,946,470
1,607,439
1,863,399
1,920,604
1,926,579
1,936,598
1,965,623
1,1069,574
1,967,558
1,968,573
1,1030,584
1,1018,561
1,1035,566
1,989,549
1,1008,524
1,1018,502
1,1083,489
1,1118,473
1,1137,488
1,1174,488
1,1111,630
1,1129,589
1,1152,616
1,1235,468
1,1236,491
1,1259,475
1,1255,499
1,1285,474
1,1298,488
1,1324,481
1,1320,494
1,1212,521
1,1232,537
1,1270,589
1,1352,602
1,1329,579
1,1342,578
1,1358,584
1,1209,580
1,1236,576
1,1226,554
1,1252,554
1,1265,572
1,1255,536
1,1290,552
1,1298,560
1,1406,589
1,1383,603
1,1375,611
1,1414,600
1,1332,542
1,1326,563
1,1349,583
1,1339,540
1,1390,560
1,1374,528
1,1394,589
1,1361,622
1,1381,626
1,1475,606
1,1442,586
1,1399,555
1,1418,522
1,1438,520
1,1544,536
1,1521,555
1,1373,487
1,1444,484
1,1414,464
1,1346,426
1,1195,377
1,1116,366
1,1209,443
1,921,359
1,1515,681
1,1569,639
1,1538,650
1,1609,620
1,1578,718
1,1620,547
1,1685,488
1,1689,500
1,1680,527
1,1669,546
1,1669,590
1,1745,544
1,1818,532
1,1777,578
1,1905,552
1,1896,817
1,1915,778
1,1918,738
1,1876,764
1,1904,707
1,1623,679
1,1633,709
1,1605,709
1,1619,731
1,1869,668
1,1884,660
1,1879,707
1,1882,719
1,1894,633
1,1855,775
1,1806,771
1,1855,738
1,1772,704
1,1795,724
1,1819,709
1,1697,679
1,1684,642
1,1735,640
1,1806,607
1,1791,641
1,1700,742
1,1708,710
1,1726,721
1,1718,746
1,1861,588
1,1868,556
1,1896,600
1,1892,583
1,1792,501
1,1815,492
1,1853,499
1,1818,459
1,1855,420
1,1909,408
1,1754,410
1,1733,406
1,1711,417
1,1695,432
1,1633,384
1,1895,118
1,1904,132
1,1866,143
1,1912,174
1,1914,160
1,1916,197
1,1896,205
1,1845,178
1,1821,176
1,1911,306
1,1903,283
1,1905,258
1,1790,205
1,1815,249
1,1836,250
1,1866,257
1,1892,378
1,1864,383
1,1878,354
1,1842,303
1,1800,297
1,1826,266
1,1809,278
1,1771,324
1,1784,336
1,1740,332
1,1752,359
1,1756,304
1,1732,310
1,1763,268
1,1751,288
1,1704,332
2,626,787
2,571,797
2,915,761
2,1099,776
2,1019,780
2,987,797
2,296,793
2,43,554
2,83,561
2,41,570
2,7,495
2,21,518
2,27,468
2,34,599
2,163,627
2,163,521
2,153,535
2,264,616
2,378,607
2,664,587
2,158,496
2,165,483
2,499,622
2,536,601
2,553,595
2,541,619
2,612,603
2,583,616
2,504,586
2,759,626
2,267,514
2,289,530
2,274,457
2,191,387
2,415,434
2,175,357
2,282,547
2,437,540
2,461,562
2,469,571
2,445,519
2,506,369
2,580,504
2,575,483
2,618,549
2,651,544
2,679,560
2,634,427
2,632,488
2,673,437
2,716,464
2,667,517
2,734,550
2,709,494
2,763,492
2,736,509
2,709,436
2,795,480
2,790,402
2,788,414
2,768,575
2,782,579
2,823,614
2,848,602
2,560,575
2,843,472
2,935,470
2,607,439
2,880,395
2,919,605
2,925,579
2,936,598
2,965,623
2,1066,571
2,975,562
2,960,574
2,1029,584
2,1015,562
2,1031,565
2,991,551
2,1025,526
2,1006,500
2,1082,494
2,1106,471
2,1123,489
2,1164,494
2,1110,630
2,1138,599
2,1154,623
2,1226,472
2,1245,489
2,1250,476
2,1249,503
2,1276,475
2,1293,489
2,1317,481
2,1314,496
2,1218,522
2,1238,546
2,1270,589
2,1344,601
2,1327,580
2,1339,578
2,1357,584
2,1224,579
2,1248,588
2,1238,566
2,1264,556
2,1277,574
2,1260,535
2,1301,548
2,1304,561
2,1405,589
2,1382,603
2,1375,609
2,1413,601
2,1336,541
2,1331,560
2,1349,584
2,1344,540
2,1389,560
2,1383,529
2,1393,589
2,1359,622
2,1386,624
2,1474,606
2,1440,584
2,1398,555
2,1432,520
2,1450,514
2,1558,540
2,1528,551
2,1363,490
2,1442,479
2,1405,463
2,1344,428
2,1197,376
2,1119,363
2,1210,443
2,943,359
2,1514,681
2,1568,639
2,1536,647
2,1608,620
2,1586,713
2,1625,535
2,1695,488
2,1696,500
2,1682,530
2,1673,547
2,1676,591
2,1755,552
2,1824,536
2,1788,578
2,1900,822
2,1915,783
2,1916,745
2,1880,770
2,1907,712
2,1622,675
2,1632,709
2,1609,703
2,1618,733
2,1870,672
2,1885,665
2,1878,706
2,1883,720
2,1897,636
2,1843,771
2,1798,767
2,1858,747
2,1771,703
2,1793,722
2,1812,690
2,1696,679
2,1683,642
2,1734,639
2,1813,613
2,1785,626
2,1700,742
2,1707,711
2,1723,722
2,1717,748
2,1862,593
2,1864,543
2,1892,598
2,1904,587
2,1781,502
2,1805,488
2,1846,497
2,1823,457
2,1853,420
2,1908,408
2,1752,410
2,1730,405
2,1706,412
2,1690,421
2,1633,390
2,1599,378
2,1584,373
2,1893,118
2,1902,133
2,1862,132
2,1910,174
2,1914,160
2,1915,194
2,1892,188
2,1843,193
2,1822,188
2,1903,310
2,1900,277
2,1907,254
2,1794,197
2,1782,155
2,1807,256
2,1835,250
2,1867,265
2,1888,382
2,1861,371
2,1884,344
2,1843,297
2,1803,298
2,1835,260
2,1810,274
2,1786,321
2,1793,340
2,1750,330
2,1750,359
2,1754,306
2,1722,319
2,1764,262
2,1761,288
2,1694,342
3,607,792
3,555,795
3,915,761
3,1093,777
3,1012,781
3,995,799
3,316,793
3,52,559
3,93,561
3,54,573
3,11,509
3,17,470
3,34,599
3,163,627
3,176,530
3,167,542
3,265,618
3,379,607
3,650,587
3,150,496
3,152,483
3,498,622
3,535,602
3,553,595
3,541,619
3,612,603
3,583,616
3,502,591
3,758,626
3,249,514
3,270,533
3,274,457
3,191,387
3,419,436
3,183,357
3,298,551
3,422,539
3,472,556
3,482,569
3,454,517
3,519,371
3,565,499
3,569,484
3,633,547
3,662,544
3,691,559
3,634,426
3,634,485
3,672,436
3,715,465
3,653,515
3,745,548
3,699,498
3,757,493
3,730,510
3,708,439
3,807,488
3,790,402
3,788,414
3,771,578
3,784,578
3,823,614
3,848,602
3,570,574
3,832,471
3,924,471
3,607,440
3,897,391
3,918,606
3,924,580
3,937,598
3,965,623
3,1063,568
3,984,567
3,953,576
3,1029,584
3,1013,564
3,1028,564
3,994,553
3,1038,530
3,992,500
3,1082,500
3,1095,469
3,1109,490
3,1154,501
3,1110,631
3,1138,605
3,1151,626
3,1211,473
3,1258,489
3,1243,472
3,1244,507
3,1267,477
3,1287,486
3,1310,481
3,1308,499
3,1224,524
3,1244,556
3,1270,590
3,1335,601
3,1325,581
3,1336,579
3,1357,584
3,1229,583
3,1255,598
3,1244,577
3,1268,555
3,1279,569
3,1266,534
3,1312,545
3,1311,563
3,1404,590
3,1382,603
3,1375,607
3,1412,602
3,1341,541
3,1337,558
3,1349,585
3,1349,540
3,1388,560
3,1393,531
3,1392,589
3,1357,622
3,1391,623
3,1473,606
3,1438,582
3,1397,556
3,1447,518
3,1463,509
3,1572,544
3,1536,547
3,1353,494
3,1440,474
3,1397,462
3,1343,430
3,1200,376
3,1123,360
3,1211,443
3,959,360
3,1513,681
3,1567,640
3,1534,645
3,1607,620
3,1594,709
3,1630,523
3,1706,488
3,1704,501
3,1685,534
3,1678,548
3,1683,592
3,1765,560
3,1830,541
3,1799,579
3,1905,827
3,1915,788
3,1885,776
3,1910,717
3,1621,671
3,1632,709
3,1614,698
3,1618,735
3,1872,676
3,1887,671
3,1877,706
3,1884,722
3,1901,639
3,1831,768
3,1791,764
3,1862,757
3,1770,703
3,1792,720
3,1805,672
3,1696,679
3,1682,642
3,1733,639
3,1820,619
3,1771,616
3,1701,743
3,1706,713
3,1721,723
3,1716,750
3,1864,599
3,1860,531
3,1887,591
3,1909,601
3,1914,809
3,1772,503
3,1795,483
3,1835,499
3,1828,456
3,1851,420
3,1907,408
3,1751,410
3,1728,405
3,1702,408
3,1685,411
3,1633,397
3,1593,389
3,1577,382
3,1892,119
3,1901,134
3,1859,122
3,1909,175
3,1914,160
3,1914,191
3,1888,172
3,1842,204
3,1822,198
3,1893,310
3,1898,271
3,1910,250
3,1796,187
3,1787,148
3,1800,264
3,1835,250
3,1869,274
3,1884,386
3,1858,360
3,1893,339
3,1842,291
3,1808,301
3,1834,260
3,1809,270
3,1803,323
3,1800,337
3,1759,327
3,1748,359
3,1745,311
3,1712,329
3,1767,257
3,1772,286
3,1682,351
4,588,797
4,539,794
4,915,761
4,1079,779
4,998,777
4,995,799
4,336,794
4,66,560
4,104,560
4,67,576
4,10,473
4,34,599
4,163,627
4,187,540
4,177,548
4,267,620
4,380,606
4,634,582
4,140,498
4,139,486
4,498,622
4,534,603
4,553,595
4,541,619
4,611,603
4,583,616
4,500,591
4,758,627
4,229,511
4,246,533
4,274,457
4,190,387
4,414,435
4,190,357
4,314,553
4,407,539
4,484,551
4,495,567
4,458,519
4,530,368
4,550,494
4,557,481
4,642,546
4,673,543
4,703,556
4,634,425
4,638,485
4,671,435
4,714,465
4,640,513
4,757,547
4,685,500
4,747,493
4,719,507
4,706,440
4,819,497
4,789,403
4,787,414
4,774,582
4,787,577
4,823,615
4,848,603
4,578,571
4,817,468
4,910,472
4,607,440
4,903,384
4,918,607
4,923,581
4,937,599
4,965,623
4,1057,567
4,986,572
4,946,569
4,1028,584
4,1010,565
4,1025,563
4,976,551
4,1055,532
4,977,506
4,1084,502
4,1083,466
4,1098,486
4,1140,506
4,1109,632
4,1139,612
4,1149,629
4,1202,475
4,1270,497
4,1232,480
4,1244,506
4,1263,475
4,1282,486
4,1303,483
4,1300,496
4,1230,524
4,1248,567
4,1270,590
4,1326,604
4,1323,582
4,1333,580
4,1356,584
4,1234,588
4,1262,608
4,1250,588
4,1273,554
4,1284,569
4,1269,532
4,1317,544
4,1314,562
4,1403,591
4,1381,603
4,1376,605
4,1412,603
4,1343,540
4,1339,555
4,1349,586
4,1352,537
4,1387,560
4,1403,533
4,1392,589
4,1355,622
4,1390,623
4,1472,606
4,1436,581
4,1396,557
4,1459,513
4,1476,503
4,1587,549
4,1544,543
4,1342,495
4,1433,476
4,1389,465
4,1341,430
4,1197,379
4,1127,359
4,1213,443
4,976,362
4,1512,681
4,1566,641
4,1532,643
4,1606,620
4,1602,705
4,1636,514
4,1713,489
4,1710,504
4,1687,537
4,1680,551
4,1686,593
4,1773,568
4,1844,542
4,1808,578
4,1905,834
4,1916,794
4,1889,780
4,1909,720
4,1621,671
4,1632,709
4,1628,689
4,1618,738
4,1874,680
4,1889,677
4,1877,705
4,1885,724
4,1905,642
4,1818,765
4,1784,762
4,1868,762
4,1769,703
4,1791,718
4,1799,654
4,1695,679
4,1681,642
4,1732,639
4,1822,623
4,1763,602
4,1701,744
4,1705,714
4,1719,724
4,1715,752
4,1867,601
4,1851,521
4,1885,585
4,1905,601
4,1913,815
4,1764,501
4,1780,485
4,1825,501
4,1826,453
4,1849,420
4,1907,409
4,1749,410
4,1726,405
4,1699,403
4,1680,407
4,1634,404
4,1587,401
4,1570,392
4,1891,120
4,1899,135
4,1853,117
4,1908,176
4,1914,160
4,1913,189
4,1883,175
4,1842,215
4,1822,209
4,1884,310
4,1896,265
4,1912,246
4,1798,178
4,1792,141
4,1915,299
4,1793,270
4,1833,250
4,1867,279
4,1879,392
4,1862,350
4,1902,335
4,1841,286
4,1814,304
4,1833,261
4,1808,266
4,1820,325
4,1807,335
4,1769,325
4,1746,359
4,1729,313
4,1701,345
4,1771,253
4,1784,290
4,1669,356
5,567,799
5,519,790
5,914,761
5,1065,782
5,985,774
5,995,799
5,1176,783
5,349,795
5,80,561
5,115,560
5,80,580
5,6,474
5,34,599
5,163,627
5,198,551
5,187,555
5,262,617
5,381,606
5,619,578
5,130,501
5,126,489
5,497,622
5,533,604
5,553,595
5,541,619
5,611,603
5,583,616
5,499,592
5,757,627
5,212,510
5,223,533
5,274,457
5,190,387
5,409,434
5,198,358
5,187,339
5,330,555
5,391,535
5,496,550
5,506,562
5,462,521
5,541,366
5,532,484
5,545,479
5,651,546
5,684,542
5,715,553
5,634,424
5,642,486
5,670,434
5,713,466
5,626,514
5,770,551
5,672,502
5,737,493
5,708,504
5,704,442
5,831,507
5,789,403
5,787,414
5,782,588
5,794,576
5,823,615
5,848,603
5,586,568
5,802,466
5,897,474
5,607,441
5,916,380
5,919,608
5,923,581
5,938,599
5,965,623
5,1051,567
5,988,577
5,939,562
5,1028,584
5,1008,567
5,1022,563
5,966,550
5,1068,536
5,966,505
5,1086,504
5,1072,463
5,1087,482
5,1127,512
5,1109,633
5,1139,613
5,1149,629
5,1193,479
5,1283,500
5,1219,483
5,1244,506
5,1253,473
5,1273,484
5,1296,486
5,1292,493
5,1237,525
5,1252,579
5,1270,591
5,1317,607
5,1321,584
5,1330,581
5,1356,585
5,1240,593
5,1269,624
5,1259,598
5,1278,554
5,1289,570
5,1272,531
5,1322,544
5,1317,562
5,1402,592
5,1381,603
5,1375,605
5,1410,605
5,1346,539
5,1341,552
5,1349,587
5,1355,535
5,1387,560
5,1413,535
5,1391,589
5,1354,621
5,1389,623
5,1471,606
5,1438,577
5,1395,558
5,1472,508
5,1489,497
5,1599,554
5,1552,539
5,1332,497
5,1427,479
5,1381,468
5,1339,431
5,1194,382
5,1132,358
5,1214,443
5,990,363
5,1512,681
5,1566,642
5,1530,641
5,1605,620
5,1611,701
5,1642,506
5,1721,491
5,1716,507
5,1689,540
5,1682,554
5,1690,595
5,1781,576
5,1858,543
5,1818,578
5,1906,841
5,1895,783
5,1909,724
5,1621,672
5,1632,709
5,1642,680
5,1618,740
5,1874,682
5,1889,680
5,1876,705
5,1886,725
5,1897,673
5,1806,762
5,1778,761
5,1875,768
5,1768,703
5,1790,716
5,1787,638
5,1695,679
5,1680,642
5,1732,639
5,1825,628
5,1756,589
5,1702,745
5,1704,716
5,1717,726
5,1714,755
5,1870,604
5,1842,512
5,1874,579
5,1901,601
5,1856,797
5,1774,778
5,1907,815
5,1756,492
5,1767,478
5,1816,495
5,1824,451
5,1847,420
5,1906,409
5,1748,410
5,1724,405
5,1697,398
5,1676,403
5,1631,411
5,1585,412
5,1569,402
5,1889,120
5,1898,136
5,1847,112
5,1907,177
5,1914,160
5,1913,188
5,1879,178
5,1915,80
5,1843,224
5,1819,224
5,1874,311
5,1887,259
5,1912,243
5,1800,164
5,1783,155
5,1906,305
5,1786,276
5,1832,251
5,1865,285
5,1875,399
5,1867,341
5,1916,267
5,1907,329
5,1845,280
5,1810,307
5,1832,261
5,1802,262
5,1835,325
5,1812,335
5,1778,327
5,1745,358
5,1710,313
5,1692,345
5,1771,246
5,1795,289
5,1661,367
6,550,799
6,502,789
6,914,760
6,1049,784
6,971,774
6,1206,785
6,362,796
6,91,562
6,127,560
6,91,581
6,34,599
6,163,627
6,208,560
6,194,565
6,258,614
6,382,605
6,605,583
6,121,505
6,116,489
6,496,622
6,534,602
6,553,595
6,541,619
6,610,603
6,583,616
6,498,593
6,757,628
6,192,511
6,201,532
6,274,457
6,189,387
6,400,432
6,200,356
6,202,337
6,346,557
6,376,531
6,509,549
6,517,558
6,469,528
6,554,367
6,666,348
6,517,473
6,539,472
6,660,542
6,695,536
6,725,556
6,634,424
6,647,487
6,670,434
6,713,467
6,610,510
6,781,545
6,662,505
6,727,494
6,697,507
6,704,442
6,844,513
6,788,403
6,786,414
6,790,594
6,801,575
6,822,616
6,848,603
6,590,564
6,789,467
6,887,476
6,607,441
6,929,376
6,920,609
6,924,582
6,938,599
6,965,623
6,1045,568
6,991,578
6,929,562
6,1027,584
6,1003,563
6,1016,562
6,957,549
6,1081,540
6,955,504
6,1092,504
6,1060,464
6,1069,485
6,1114,514
6,1108,634
6,1139,615
6,1149,629
6,1186,477
6,1293,505
6,1205,488
6,1244,506
6,1242,475
6,1263,485
6,1289,483
6,1281,493
6,1244,529
6,1257,592
6,1270,591
6,1308,600
6,1320,584
6,1330,581
6,1357,586
6,1245,597
6,1261,610
6,1284,551
6,1294,567
6,1277,531
6,1325,543
6,1321,560
6,1401,593
6,1380,603
6,1374,605
6,1409,607
6,1349,538
6,1344,550
6,1349,588
6,1359,533
6,1385,558
6,1417,541
6,1391,590
6,1353,620
6,1389,624
6,1471,606
6,1434,577
6,1396,558
6,1485,503
6,1502,491
6,1612,559
6,1561,536
6,1322,495
6,1418,481
6,1371,469
6,1337,432
6,1191,386
6,1137,358
6,1215,443
6,1005,365
6,1049,361
6,1097,370
6,1511,681
6,1564,644
6,1531,634
6,1603,621
6,1620,694
6,1649,498
6,1729,493
6,1722,510
6,1691,544
6,1685,558
6,1692,595
6,1791,583
6,1871,540
6,1828,578
6,1910,843
6,1900,789
6,1908,727
6,1616,673
6,1631,709
6,1645,670
6,1618,742
6,1874,685
6,1889,684
6,1875,704
6,1887,727
6,1890,704
6,1794,758
6,1769,759
6,1879,780
6,1767,703
6,1789,714
6,1777,623
6,1695,679
6,1680,642
6,1731,639
6,1827,632
6,1748,575
6,1702,745
6,1703,716
6,1716,725
6,1713,750
6,1871,606
6,1833,495
6,1868,574
6,1904,605
6,1558,751
6,1865,800
6,1776,779
6,1896,815
6,1748,485
6,1760,470
6,1807,490
6,1915,480
6,1823,449
6,1845,421
6,1906,410
6,1746,409
6,1723,404
6,1694,395
6,1676,398
6,1629,419
6,1583,423
6,1568,412
6,1888,121
6,1895,135
6,1904,176
6,1914,160
6,1913,187
6,1882,191
6,1915,80
6,1852,229
6,1831,225
6,1869,314
6,1886,254
6,1913,241
6,1803,150
6,1787,170
6,1896,307
6,1781,282
6,1831,251
6,1870,287
6,1866,400
6,1874,335
6,1916,267
6,1913,323
6,1850,274
6,1807,311
6,1831,262
6,1797,258
6,1843,329
6,1819,337
6,1789,328
6,1744,358
6,1683,357
6,1771,239
6,1808,287
6,1655,376
7,534,800
7,486,789
7,914,760
7,1035,780
7,961,775
7,1217,785
7,375,797
7,103,563
7,140,560
7,102,583
7,34,598
7,163,627
7,218,569
7,201,575
7,254,612
7,383,605
7,590,582
7,108,505
7,107,489
7,496,622
7,535,601
7,553,596
7,541,619
7,610,604
7,583,616
7,497,593
7,756,627
7,176,510
7,178,536
7,274,456
7,189,387
7,392,431
7,203,354
7,218,336
7,362,560
7,359,528
7,525,548
7,529,560
7,477,529
7,567,366
7,678,348
7,505,465
7,531,485
7,673,536
7,703,533
7,739,547
7,633,423
7,648,482
7,669,433
7,712,466
7,596,510
7,792,543
7,652,509
7,717,496
7,687,510
7,704,442
7,857,519
7,788,404
7,786,414
7,802,590
7,810,574
7,822,616
7,848,604
7,595,561
7,777,469
7,877,479
7,607,442
7,943,372
7,921,610
7,924,582
7,939,600
7,965,623
7,1040,568
7,994,579
7,920,562
7,1027,584
7,999,559
7,1011,562
7,952,548
7,1095,541
7,943,505
7,1098,505
7,1050,463
7,1053,487
7,1099,519
7,1108,635
7,1139,617
7,1149,629
7,1180,475
7,1304,510
7,1192,494
7,1244,506
7,1232,477
7,1253,486
7,1282,481
7,1268,498
7,1250,528
7,1262,602
7,1270,592
7,1300,593
7,1320,584
7,1330,581
7,1359,587
7,1250,602
7,1290,549
7,1300,564
7,1283,531
7,1329,543
7,1326,559
7,1400,594
7,1380,603
7,1373,605
7,1408,609
7,1354,538
7,1350,550
7,1349,589
7,1364,532
7,1384,560
7,1422,543
7,1383,591
7,1352,620
7,1390,624
7,1471,606
7,1431,578
7,1397,558
7,1495,499
7,1512,485
7,1625,564
7,1570,533
7,1313,494
7,1410,483
7,1361,470
7,1334,430
7,1191,387
7,1142,352
7,1217,443
7,1017,365
7,1058,364
7,1093,388
7,1510,681
7,1562,647
7,1533,628
7,1601,623
7,1630,688
7,1653,488
7,1736,497
7,1730,513
7,1695,545
7,1688,558
7,1694,596
7,1801,591
7,1885,537
7,1838,579
7,1913,845
7,1905,795
7,1908,731
7,1612,674
7,1631,709
7,1649,660
7,1618,745
7,1874,688
7,1890,688
7,1875,704
7,1888,729
7,1883,736
7,1783,754
7,1760,758
7,1883,792
7,1767,703
7,1788,713
7,1767,608
7,1694,679
7,1679,642
7,1730,639
7,1830,637
7,1741,562
7,1703,746
7,1703,716
7,1716,725
7,1712,745
7,1872,608
7,1820,489
7,1863,570
7,1906,609
7,1911,626
7,1567,744
7,1871,797
7,1779,781
7,1883,815
7,1737,481
7,1749,467
7,1800,492
7,1908,478
7,1824,450
7,1843,423
7,1906,410
7,1744,409
7,1723,404
7,1692,392
7,1677,393
7,1627,425
7,1576,430
7,1564,419
7,1887,122
7,1892,135
7,1902,175
7,1914,160
7,1914,187
7,1880,208
7,1915,80
7,1853,233
7,1834,228
7,1860,314
7,1894,252
7,1916,239
7,1805,141
7,1789,181
7,1890,311
7,1781,291
7,1830,251
7,1876,289
7,1858,401
7,1881,330
7,1916,267
7,1855,268
7,1808,314
7,1830,263
7,1799,251
7,1860,342
7,1826,337
7,1800,329
7,1743,357
7,1671,367
7,1776,232
7,1818,286
7,1644,377
7,1736,270
8,519,797
8,471,789
8,913,760
8,1021,777
8,951,776
8,1230,782
8,392,797
8,116,563
8,153,561
8,116,582
8,34,598
8,163,627
8,223,578
8,207,581
8,253,611
8,385,605
8,575,581
8,98,507
8,97,489
8,495,621
8,534,601
8,551,597
8,541,619
8,610,605
8,583,616
8,496,593
8,755,626
8,157,511
8,155,535
8,274,456
8,189,387
8,382,427
8,211,357
8,227,339
8,379,558
8,344,525
8,536,548
8,541,561
8,485,531
8,580,366
8,691,348
8,490,453
8,523,487
8,686,532
8,716,535
8,750,547
8,633,423
8,653,484
8,669,433
8,712,466
8,582,510
8,804,543
8,640,507
8,709,499
8,675,513
8,705,442
8,872,522
8,785,400
8,783,415
8,814,587
8,820,573
8,822,617
8,848,604
8,605,559
8,763,472
8,866,481
8,607,442
8,959,372
8,922,611
8,925,583
8,939,600
8,965,623
8,1034,569
8,996,581
8,911,563
8,1026,583
8,993,561
8,1003,560
8,948,548
8,1109,542
8,932,506
8,1105,507
8,1040,463
8,1038,489
8,1084,525
8,1107,634
8,1139,620
8,1149,629
8,1175,478
8,1317,510
8,1177,499
8,1244,506
8,1222,480
8,1240,490
8,1274,480
8,1263,492
8,1257,526
8,1270,592
8,1291,587
8,1320,584
8,1330,581
8,1360,588
8,1255,610
8,1295,549
8,1304,566
8,1288,530
8,1334,541
8,1330,561
8,1400,595
8,1380,603
8,1372,605
8,1407,611
8,1360,537
8,1355,549
8,1349,590
8,1369,532
8,1383,563
8,1428,546
8,1383,590
8,1351,619
8,1392,624
8,1470,606
8,1430,576
8,1398,558
8,1505,496
8,1522,480
8,1636,568
8,1580,527
8,1304,495
8,1402,484
8,1350,470
8,1332,429
8,1191,389
8,1147,346
8,1218,443
8,1028,366
8,1061,365
8,1079,404
8,1510,682
8,1561,646
8,1534,629
8,1601,622
8,1636,677
8,1658,478
8,1743,502
8,1739,516
8,1699,546
8,1691,558
8,1707,598
8,1811,597
8,1895,539
8,1849,579
8,1914,851
8,1907,801
8,1910,735
8,1609,679
8,1631,710
8,1654,653
8,1618,744
8,1874,688
8,1891,691
8,1874,704
8,1891,734
8,1884,740
8,1775,754
8,1756,765
8,1889,805
8,1767,703
8,1788,712
8,1759,591
8,1694,680
8,1678,642
8,1730,638
8,1829,641
8,1730,549
8,1703,747
8,1703,716
8,1715,724
8,1717,748
8,1874,611
8,1810,480
8,1857,566
8,1909,613
8,1904,626
8,1576,738
8,1877,794
8,1782,783
8,1874,818
8,1727,478
8,1739,464
8,1793,494
8,1902,477
8,1916,479
8,1825,451
8,1841,426
8,1906,411
8,1744,408
8,1723,404
8,1693,389
8,1678,388
8,1626,431
8,1570,438
8,1561,426
8,1576,380
8,1887,122
8,1891,135
8,1902,172
8,1914,160
8,1914,186
8,1896,214
8,1915,80
8,1855,237
8,1837,232
8,1855,310
8,1899,247
8,1805,131
8,1777,188
8,1880,313
8,1777,162
8,1779,303
8,1828,253
8,1877,293
8,1848,407
8,1889,322
8,1916,267
8,1861,262
8,1809,317
8,1827,260
8,1797,245
8,1877,341
8,1837,338
8,1809,334
8,1742,357
8,1664,371
8,1787,224
8,1837,283
8,1640,392
8,1730,282
8,1750,258
9,504,795
9,456,790
9,913,760
9,1004,778
9,934,778
9,1243,779
9,409,797
9,129,563
9,166,563
9,130,581
9,10,570
9,34,598
9,163,627
9,228,588
9,213,588
9,252,611
9,383,605
9,560,580
9,89,509
9,88,490
9,495,621
9,533,602
9,550,599
9,541,619
9,610,606
9,583,616
9,496,593
9,754,625
9,139,512
9,133,535
9,274,456
9,188,387
9,381,421
9,216,356
9,242,336
9,397,553
9,329,521
9,548,547
9,554,560
9,491,533
9,591,365
9,700,351
9,475,442
9,515,489
9,699,528
9,730,538
9,761,548
9,633,423
9,658,486
9,669,433
9,712,466
9,569,510
9,817,544
9,628,505
9,701,502
9,663,516
9,705,442
9,888,525
9,783,396
9,781,416
9,828,585
9,828,568
9,822,617
9,848,604
9,616,558
9,750,475
9,856,484
9,608,443
9,974,373
9,923,612
9,926,584
9,940,601
9,965,623
9,1029,570
9,999,583
9,903,565
9,1026,583
9,988,563
9,996,559
9,949,543
9,1121,546
9,922,502
9,1111,508
9,1022,464
9,1024,489
9,1072,529
9,1107,633
9,1139,623
9,1149,629
9,1173,479
9,1331,507
9,1167,497
9,1244,506
9,1210,482
9,1227,491
9,1265,480
9,1254,494
9,1265,526
9,1270,593
9,1285,583
9,1319,584
9,1331,581
9,1362,589
9,1259,612
9,1300,550
9,1308,568
9,1293,530
9,1340,539
9,1334,564
9,1397,596
9,1379,602
9,1370,604
9,1407,608
9,1367,536
9,1360,548
9,1349,591
9,1374,532
9,1385,564
9,1430,547
9,1384,589
9,1350,618
9,1394,624
9,1469,607
9,1429,574
9,1399,558
9,1516,489
9,1534,475
9,1648,573
9,1590,522
9,1295,496
9,1395,485
9,1339,471
9,1330,428
9,1191,391
9,1219,443
9,1039,368
9,1064,367
9,1065,421
9,1040,349
9,1509,681
9,1561,646
9,1536,630
9,1602,621
9,1642,667
9,1663,469
9,1750,507
9,1748,519
9,1704,548
9,1695,558
9,1711,599
9,1821,605
9,1904,537
9,1859,580
9,1914,857
9,1910,808
9,1912,739
9,1607,685
9,1631,710
9,1655,643
9,1619,743
9,1874,688
9,1893,695
9,1873,705
9,1894,739
9,1885,744
9,1769,753
9,1746,764
9,1896,818
9,1767,703
9,1788,711
9,1752,574
9,1693,680
9,1677,642
9,1729,638
9,1828,646
9,1720,537
9,1704,748
9,1703,716
9,1715,724
9,1722,751
9,1881,606
9,1803,472
9,1851,562
9,1912,618
9,1898,627
9,1586,735
9,1888,793
9,1789,782
9,1867,814
9,1718,480
9,1733,462
9,1788,489
9,1902,473
9,1914,487
9,1826,452
9,1840,429
9,1906,412
9,1744,408
9,1723,404
9,1695,384
9,1679,380
9,1625,436
9,1561,441
9,1557,430
9,1575,393
9,1610,376
9,1887,122
9,1891,135
9,1902,169
9,1914,160
9,1914,186
9,1915,80
9,1851,246
9,1842,235
9,1850,304
9,1903,241
9,1778,200
9,1871,317
9,1778,316
9,1826,255
9,1879,297
9,1839,413
9,1897,315
9,1916,267
9,1867,257
9,1814,319
9,1824,258
9,1798,238
9,1892,337
9,1845,342
9,1821,332
9,1741,356
9,1660,382
9,1798,217
9,1851,284
9,1634,397
9,1724,294
9,1911,275
9,1752,272
10,492,792
10,449,787
10,913,760
10,987,779
10,918,781
10,1257,774
10,417,799
10,143,561
10,179,561
10,142,581
10,22,574
10,34,598
10,163,627
10,230,591
10,216,593
10,251,611
10,382,605
10,543,577
10,82,508
10,78,489
10,494,620
10,533,601
10,550,597
10,541,619
10,611,604
10,583,616
10,495,593
10,753,624
10,119,511
10,113,537
10,274,456
10,188,387
10,381,416
10,222,355
10,257,333
10,410,548
10,314,518
10,560,546
10,567,559
10,498,536
10,601,362
10,711,356
10,466,426
10,503,491
10,714,524
10,738,539
10,772,546
10,633,423
10,664,489
10,669,433
10,712,465
10,555,511
10,827,539
10,617,503
10,686,505
10,642,518
10,706,442
10,904,522
10,778,394
10,775,412
10,834,580
10,842,562
10,822,618
10,848,605
10,627,558
10,739,477
10,844,483
10,608,443
10,987,374
10,922,611
10,924,583
10,940,604
10,965,623
10,1024,570
10,1005,587
10,901,570
10,1026,583
10,981,561
10,991,558
10,951,539
10,1134,551
10,913,499
10,1118,510
10,1004,465
10,1010,490
10,1060,533
10,1107,633
10,1139,626
10,1149,629
10,1163,479
10,1347,504
10,1159,497
10,1244,505
10,1197,488
10,1215,499
10,1249,476
10,1242,490
10,1274,527
10,1270,592
10,1275,573
10,1319,584
10,1330,581
10,1364,591
10,1263,615
10,1300,550
10,1310,563
10,1299,529
10,1347,538
10,1339,560
10,1395,597
10,1379,602
10,1369,603
10,1408,605
10,1373,531
10,1367,543
10,1350,593
10,1380,528
10,1388,565
10,1432,548
10,1384,589
10,1349,618
10,1396,624
10,1469,608
10,1428,572
10,1400,558
10,1528,483
10,1546,471
10,1658,575
10,1600,517
10,1287,497
10,1388,487
10,1329,472
10,1330,428
10,1189,388
10,1221,444
10,1047,364
10,1073,371
10,1052,438
10,1028,349
10,1509,681
10,1561,646
10,1537,631
10,1602,620
10,1648,657
10,1663,454
10,1757,508
10,1756,519
10,1707,549
10,1699,560
10,1716,601
10,1832,613
10,1870,582
10,1913,815
10,1914,744
10,1605,691
10,1630,710
10,1656,633
10,1619,742
10,1874,688
10,1895,699
10,1872,706
10,1897,744
10,1886,748
10,1765,747
10,1733,769
10,1904,831
10,1768,703
10,1789,710
10,1748,558
10,1693,680
10,1677,642
10,1728,638
10,1834,648
10,1704,519
10,1705,749
10,1703,717
10,1715,724
10,1727,755
10,1888,602
10,1796,464
10,1841,556
10,1913,623
10,1892,627
10,1597,733
10,1900,793
10,1796,782
10,1861,811
10,1709,482
10,1728,460
10,1783,485
10,1902,469
10,1912,495
10,1827,453
10,1844,438
10,1906,413
10,1744,408
10,1723,403
10,1697,379
10,1680,373
10,1625,442
10,1553,444
10,1553,434
10,1574,406
10,1605,385
10,1888,122
10,1890,135
10,1903,166
10,1914,160
10,1914,185
10,1915,80
10,1850,252
10,1840,238
10,1845,301
10,1908,236
10,1799,202
10,1864,316
10,1775,329
10,1826,248
10,1882,303
10,1829,416
10,1900,300
10,1916,267
10,1873,252
10,1819,322
10,1821,256
10,1799,231
10,1907,333
10,1853,347
10,1833,330
10,1740,356
10,1651,385
10,1803,204
10,1867,283
10,1630,402
10,1718,303
10,1903,253
10,1749,281
11,474,790
11,431,788
11,912,758
11,976,780
11,906,778
11,1228,781
11,1269,773
11,425,802
11,157,560
11,192,560
11,155,581
11,35,575
11,9,566
11,34,598
11,163,627
11,232,594
11,219,598
11,251,611
11,380,605
11,526,574
11,69,506
11,68,489
11,494,620
11,533,600
11,551,595
11,541,619
11,612,602
11,583,616
11,495,593
11,752,624
11,103,515
11,89,534
11,274,456
11,187,387
11,380,414
11,228,349
11,272,334
11,423,543
11,298,518
11,576,547
11,579,557
11,506,536
11,613,358
11,722,354
11,454,413
11,490,491
11,728,517
11,746,539
11,781,542
11,633,423
11,666,485
11,669,433
11,712,465
11,542,513
11,838,535
11,603,498
11,673,508
11,628,517
11,705,440
11,921,520
11,773,393
11,769,409
11,844,576
11,850,556
11,820,616
11,846,603
11,638,559
11,729,479
11,832,482
11,608,444
11,998,371
11,922,610
11,922,582
11,941,607
11,965,623
11,1019,570
11,1007,584
11,892,573
11,1025,582
11,974,560
11,986,557
11,947,540
11,1147,553
11,905,503
11,1124,512
11,989,461
11,1001,487
11,1047,536
11,1107,632
11,1138,629
11,1149,629
11,1152,475
11,1365,502
11,1143,498
11,1244,505
11,1185,488
11,1198,506
11,1238,476
11,1231,492
11,1277,520
11,1270,592
11,1266,568
11,1319,584
11,1329,581
11,1363,589
11,1265,622
11,1304,546
11,1316,562
11,1305,528
11,1355,538
11,1345,556
11,1390,597
11,1378,602
11,1368,602
11,1409,602
11,1378,530
11,1372,543
11,1350,593
11,1386,527
11,1391,567
11,1434,549
11,1385,588
11,1348,617
11,1398,624
11,1468,607
11,1424,569
11,1401,558
11,1538,476
11,1554,464
11,1669,577
11,1610,512
11,1278,493
11,1380,484
11,1315,471
11,1331,429
11,1187,386
11,1219,443
11,1057,356
11,1077,370
11,1030,440
11,1016,348
11,1508,681
11,1561,645
11,1539,633
11,1603,619
11,1644,646
11,1663,440
11,1764,510
11,1764,519
11,1710,550
11,1703,563
11,1717,600
11,1839,619
11,1878,579
11,1914,819
11,1914,747
11,1598,697
11,1630,710
11,1657,622
11,1620,742
11,1874,689
11,1897,703
11,1872,707
11,1901,749
11,1888,753
11,1763,746
11,1911,844
11,1768,703
11,1789,709
11,1735,547
11,1693,680
11,1676,642
11,1728,638
11,1838,655
11,1704,508
11,1708,748
11,1702,716
11,1715,723
11,1730,753
11,1694,760
11,1893,602
11,1790,463
11,1832,551
11,1914,628
11,1886,627
11,1598,725
11,1908,794
11,1797,781
11,1856,804
11,1700,482
11,1719,460
11,1777,483
11,1893,469
11,1900,495
11,1827,449
11,1843,443
11,1905,411
11,1744,407
11,1723,403
11,1699,374
11,1682,366
11,1627,449
11,1543,449
11,1547,437
11,1574,416
11,1597,390
11,1888,122
11,1890,135
11,1898,165
11,1914,160
11,1915,185
11,1915,80
11,1850,259
11,1839,242
11,1841,299
11,1775,228
11,1858,315
11,1773,342
11,1821,242
11,1885,309
11,1819,419
11,1903,286
11,1916,267
11,1875,247
11,1820,328
11,1818,251
11,1799,223
11,1910,327
11,1862,346
11,1841,332
11,1739,356
11,1653,399
11,1808,192
11,1880,276
11,1626,400
11,1713,312
11,1894,231
11,1747,290
12,457,788
12,414,789
12,911,757
12,965,781
12,894,775
12,1241,780
12,498,802
12,434,805
12,169,558
12,202,559
12,169,580
12,46,576
12,21,568
12,34,598
12,163,627
12,231,598
12,220,603
12,250,610
12,379,606
12,509,571
12,59,507
12,59,490
12,494,620
12,533,599
12,550,594
12,541,619
12,617,598
12,583,616
12,494,592
12,752,622
12,88,519
12,66,531
12,274,455
12,187,387
12,380,413
12,234,343
12,287,336
12,434,534
12,278,511
12,587,547
12,593,561
12,515,537
12,625,354
12,733,352
12,444,397
12,480,495
12,741,509
12,760,544
12,789,544
12,632,422
12,668,482
12,669,433
12,712,465
12,531,513
12,850,533
12,589,494
12,661,511
12,614,517
12,705,439
12,933,520
12,760,388
12,759,407
12,854,572
12,859,550
12,819,615
12,844,601
12,650,556
12,719,481
12,820,484
12,608,444
12,1012,368
12,922,609
12,926,583
12,939,613
12,965,623
12,1014,569
12,1010,582
12,884,577
12,1025,582
12,968,559
12,981,556
12,944,542
12,1161,555
12,898,508
12,1134,517
12,978,462
12,984,487
12,1034,537
12,1107,632
12,1139,630
12,1149,629
12,1139,471
12,1384,500
12,1132,496
12,1244,505
12,1175,487
12,1184,507
12,1227,477
12,1221,494
12,1283,519
12,1271,592
12,1258,563
12,1319,584
12,1328,581
12,1362,587
12,1309,543
12,1322,561
12,1312,526
12,1358,536
12,1353,555
12,1389,596
12,1378,602
12,1367,602
12,1408,600
12,1384,530
12,1377,543
12,1350,593
12,1393,526
12,1395,567
12,1444,551
12,1385,588
12,1347,616
12,1406,620
12,1467,607
12,1421,566
12,1402,558
12,1548,470
12,1562,457
12,1680,579
12,1620,507
12,1270,490
12,1372,482
12,1302,470
12,1331,430
12,1185,384
12,1217,443
12,1067,348
12,1082,369
12,1008,443
12,1004,348
12,1508,681
12,1561,645
12,1535,633
12,1603,618
12,1641,633
12,1663,426
12,1771,512
12,1772,520
12,1714,551
12,1708,566
12,1719,600
12,1846,626
12,1887,576
12,1916,823
12,1914,751
12,1590,707
12,1630,710
12,1657,613
12,1620,741
12,1877,696
12,1897,705
12,1873,709
12,1901,751
12,1888,756
12,1766,747
12,1768,703
12,1789,708
12,1723,536
12,1692,680
12,1675,642
12,1727,638
12,1843,662
12,1705,498
12,1711,747
12,1702,716
12,1715,722
12,1733,751
12,1694,758
12,1898,602
12,1784,463
12,1820,548
12,1914,633
12,1885,625
12,1599,717
12,1671,752
12,1914,795
12,1799,780
12,1848,802
12,1689,486
12,1707,464
12,1772,482
12,1895,468
12,1891,498
12,1828,446
12,1842,449
12,1904,410
12,1744,407
12,1723,403
12,1697,370
12,1685,359
12,1623,455
12,1535,452
12,1540,439
12,1567,425
12,1588,394
12,1888,122
12,1890,135
12,1894,165
12,1914,160
12,1915,184
12,1915,80
12,1855,265
12,1839,254
12,1839,293
12,1782,242
12,1851,321
12,1774,351
12,1819,238
12,1882,312
12,1812,424
12,1901,270
12,1916,267
12,1877,242
12,1822,334
12,1815,246
12,1799,215
12,1872,346
12,1849,335
12,1738,355
12,1648,412
12,1809,178
12,1885,272
12,1622,398
12,1702,314
12,1882,209
12,1739,299
12,1741,262
13,438,789
13,395,789
13,911,755
13,955,782
13,883,772
13,1252,778
13,509,801
13,431,804
13,181,557
13,213,559
13,184,580
13,58,577
13,34,571
13,33,597
13,10,538
13,163,627
13,231,602
13,221,609
13,249,609
13,377,606
13,489,571
13,49,509
13,48,490
13,493,619
13,533,598
13,549,594
13,541,619
13,623,595
13,583,616
13,494,592
13,752,621
13,73,518
13,38,524
13,274,455
13,187,387
13,380,411
13,243,336
13,299,338
13,445,525
13,263,513
13,601,547
13,606,562
13,527,543
13,638,350
13,744,356
13,431,378
13,466,492
13,760,508
13,769,544
13,802,540
13,632,422
13,671,484
13,669,433
13,712,465
13,521,513
13,862,532
13,577,492
13,649,508
13,599,515
13,703,439
13,946,520
13,748,383
13,750,405
13,862,566
13,868,547
13,819,614
13,843,600
13,662,554
13,710,484
13,809,486
13,608,445
13,1026,366
13,921,608
13,930,585
13,938,614
13,965,623
13,1010,568
13,1011,583
13,875,582
13,1025,582
13,962,560
13,976,560
13,946,542
13,1174,556
13,890,505
13,1144,522
13,967,463
13,968,488
13,1021,539
13,1107,631
13,1138,628
13,1149,629
13,1127,468
13,1404,499
13,1122,495
13,1244,505
13,1165,487
13,1171,508
13,1214,476
13,1210,493
13,1289,519
13,1271,592
13,1242,564
13,1318,584
13,1329,578
13,1361,586
13,1319,539
13,1329,559
13,1319,524
13,1362,535
13,1361,555
13,1388,595
13,1378,601
13,1366,602
13,1407,598
13,1391,526
13,1384,540
13,1350,593
13,1399,523
13,1399,568
13,1454,553
13,1386,587
13,1346,616
13,1414,616
13,1383,619
13,1467,606
13,1421,560
13,1403,558
13,1559,464
13,1571,450
13,1684,582
13,1627,506
13,1257,491
13,1361,481
13,1290,473
13,1332,430
13,1184,382
13,1216,443
13,1075,342
13,1087,365
13,986,444
13,996,353
13,1508,681
13,1561,645
13,1532,634
13,1604,617
13,1640,623
13,1667,415
13,1780,511
13,1782,520
13,1721,552
13,1713,566
13,1728,602
13,1854,633
13,1897,576
13,1917,832
13,1914,751
13,1579,713
13,1630,710
13,1657,606
13,1621,740
13,1881,704
13,1898,707
13,1874,712
13,1901,754
13,1889,759
13,1769,749
13,1769,703
13,1790,708
13,1703,535
13,1692,680
13,1674,642
13,1726,638
13,1847,665
13,1705,486
13,1714,747
13,1702,715
13,1715,722
13,1736,749
13,1694,757
13,1904,598
13,1780,461
13,1811,543
13,1915,639
13,1876,618
13,1608,705
13,1669,737
13,1801,780
13,1843,789
13,1681,489
13,1697,465
13,1770,484
13,1898,467
13,1878,498
13,1829,442
13,1841,455
13,1904,409
13,1907,441
13,1744,407
13,1723,403
13,1696,366
13,1688,352
13,1620,461
13,1527,456
13,1533,441
13,1560,434
13,1580,398
13,1889,122
13,1889,135
13,1896,163
13,1914,160
13,1915,183
13,1915,80
13,1851,114
13,1861,274
13,1841,261
13,1830,293
13,1781,257
13,1839,318
13,1776,361
13,1817,234
13,1880,316
13,1805,429
13,1900,254
13,1916,267
13,1882,239
13,1828,341
13,1809,239
13,1799,201
13,1880,349
13,1861,332
13,1737,355
13,1644,425
13,1810,164
13,1890,268
13,1618,397
13,1694,323
13,1870,195
13,1725,300
13,1746,276
13,1760,250
14,419,791
14,376,789
14,910,754
14,941,784
14,879,766
14,1274,781
14,521,799
14,429,803
14,193,556
14,226,557
14,196,578
14,69,573
14,47,570
14,33,597
14,25,540
14,7,551
14,163,627
14,230,600
14,221,607
14,248,608
14,376,606
14,469,572
14,37,505
14,38,485
14,493,619
14,534,598
14,548,594
14,541,619
14,631,594
14,583,616
14,494,591
14,752,620
14,55,524
14,19,517
14,275,455
14,186,386
14,380,410
14,252,337
14,314,338
14,455,512
14,248,515
14,615,547
14,620,563
14,535,546
14,649,346
14,754,359
14,456,494
14,777,507
14,779,542
14,813,539
14,632,422
14,675,487
14,668,431
14,711,463
14,509,512
14,875,528
14,565,491
14,638,506
14,585,514
14,701,440
14,962,517
14,740,379
14,738,400
14,870,561
14,878,545
14,819,613
14,843,599
14,673,553
14,705,480
14,799,485
14,608,445
14,1039,360
14,921,607
14,929,586
14,937,616
14,965,623
14,1005,570
14,1012,585
14,869,582
14,1025,582
14,956,562
14,971,565
14,949,542
14,1187,557
14,882,502
14,1148,524
14,953,461
14,955,486
14,1010,540
14,1107,631
14,1137,626
14,1149,629
14,1113,464
14,1422,500
14,1109,493
14,1244,505
14,1154,484
14,1157,507
14,1201,476
14,1199,492
14,1296,516
14,1272,592
14,1232,564
14,1318,584
14,1329,577
14,1360,584
14,1329,535
14,1336,557
14,1328,520
14,1369,532
14,1366,550
14,1388,595
14,1377,601
14,1365,602
14,1407,596
14,1398,522
14,1391,537
14,1350,593
14,1405,520
14,1403,569
14,1464,556
14,1386,587
14,1342,613
14,1420,614
14,1389,621
14,1467,605
14,1422,554
14,1405,558
14,1567,457
14,1578,442
14,1689,585
14,1634,505
14,1245,492
14,1351,481
14,1279,476
14,1332,431
14,1175,381
14,1214,443
14,1084,336
14,1090,365
14,963,438
14,974,355
14,1507,680
14,1561,643
14,1533,632
14,1609,615
14,1637,610
14,1672,404
14,1789,510
14,1792,521
14,1728,553
14,1718,566
14,1737,604
14,1862,641
14,1907,577
14,1916,835
14,1914,751
14,1568,719
14,1630,711
14,1658,599
14,1622,740
14,1884,712
14,1898,709
14,1875,715
14,1901,756
14,1889,762
14,1765,744
14,1769,703
14,1790,707
14,1684,536
14,1692,681
14,1674,643
14,1726,638
14,1851,669
14,1706,474
14,1718,747
14,1701,715
14,1715,721
14,1742,756
14,1698,758
14,1769,773
14,1910,594
14,1776,459
14,1803,539
14,1916,644
14,1868,611
14,1614,694
14,1665,725
14,1804,780
14,1842,780
14,1673,492
14,1688,466
14,1768,486
14,1897,464
14,1869,499
14,1830,439
14,1839,458
14,1903,408
14,1896,432
14,1744,406
14,1723,402
14,1701,364
14,1691,345
14,1616,468
14,1517,456
14,1528,444
14,1554,442
14,1576,400
14,1889,122
14,1889,135
14,1898,161
14,1914,160
14,1915,183
14,1915,80
14,1854,129
14,1868,283
14,1844,268
14,1822,293
14,1790,264
14,1828,316
14,1774,369
14,1813,226
14,1879,316
14,1796,431
14,1896,237
14,1916,267
14,1878,231
14,1841,343
14,1803,232
14,1801,194
14,1889,343
14,1869,332
14,1736,355
14,1642,433
14,1807,149
14,1899,266
14,1610,392
14,1685,329
14,1858,177
14,1718,307
14,1745,290
14,1754,258
15,407,783
15,361,788
15,910,753
15,928,786
15,876,761
15,533,797
15,469,795
15,427,802
15,205,555
15,239,555
15,208,576
15,81,570
15,60,570
15,33,597
15,32,541
15,15,560
15,163,627
15,230,598
15,221,605
15,251,607
15,374,606
15,453,576
15,32,503
15,31,484
15,493,619
15,534,597
15,546,596
15,541,619
15,639,593
15,583,616
15,494,591
15,752,619
15,42,517
15,275,455
15,186,385
15,378,409
15,259,338
15,328,338
15,467,505
15,231,517
15,627,545
15,630,561
15,546,548
15,664,341
15,766,359
15,441,495
15,792,502
15,790,542
15,822,538
15,632,422
15,676,480
15,668,430
15,710,461
15,497,511
15,889,524
15,551,489
15,624,503
15,570,512
15,700,438
15,976,517
15,727,374
15,725,394
15,879,559
15,885,541
15,819,612
15,843,598
15,684,552
15,700,477
15,789,484
15,608,446
15,1053,354
15,921,606
15,929,587
15,936,618
15,965,623
15,1000,572
15,1016,584
15,861,583
15,1025,581
15,951,562
15,966,565
15,948,538
15,1197,559
15,879,506
15,1152,526
15,939,460
15,943,485
15,999,541
15,1107,630
15,1137,624
15,1149,629
15,1100,461
15,1440,501
15,1096,492
15,1245,505
15,1143,481
15,1144,506
15,1189,475
15,1186,491
15,1304,513
15,1272,592
15,1223,564
15,1318,584
15,1330,576
15,1360,583
15,1340,531
15,1344,555
15,1337,517
15,1377,530
15,1372,545
15,1387,594
15,1377,601
15,1364,603
15,1407,594
15,1405,520
15,1396,534
15,1350,593
15,1413,517
15,1409,571
15,1480,559
15,1387,586
15,1339,610
15,1426,609
15,1405,615
15,1467,604
15,1419,550
15,1409,560
15,1575,450
15,1586,434
15,1701,586
15,1641,505
15,1239,488
15,1344,477
15,1269,470
15,1333,432
15,1167,381
15,1213,443
15,1093,330
15,1094,366
15,941,433
15,953,357
15,1507,679
15,1561,642
15,1534,630
15,1614,614
15,1639,600
15,1677,393
15,1799,510
15,1802,522
15,1736,554
15,1724,567
15,1745,603
15,1868,647
15,1912,571
15,1915,838
15,1915,751
15,1555,724
15,1630,711
15,1666,594
15,1621,738
15,1888,720
15,1899,711
15,1877,718
15,1901,759
15,1890,765
15,1762,740
15,1770,703
15,1791,707
15,1666,537
15,1692,680
15,1674,642
15,1726,638
15,1855,673
15,1703,457
15,1723,748
15,1701,714
15,1715,720
15,1749,763
15,1702,759
15,1784,769
15,1912,592
15,1780,460
15,1794,541
15,1871,605
15,1618,676
15,1661,713
15,1807,780
15,1838,767
15,1916,822
15,1669,497
15,1684,469
15,1768,480
15,1894,463
15,1860,497
15,1832,435
15,1838,462
15,1903,407
15,1887,425
15,1744,406
15,1723,402
15,1702,361
15,1693,342
15,1612,476
15,1507,456
15,1523,448
15,1549,450
15,1573,403
15,1889,122
15,1889,135
15,1900,159
15,1914,160
15,1916,182
15,1915,80
15,1856,145
15,1871,287
15,1851,279
15,1821,285
15,1795,277
15,1813,313
15,1773,377
15,1803,218
15,1879,317
15,1788,433
15,1893,220
15,1916,267
15,1874,223
15,1848,353
15,1806,221
15,1800,181
15,1899,337
15,1877,333
15,1736,355
15,1641,441
15,1809,130
15,1911,252
15,1602,390
15,1673,334
15,1837,161
15,1712,309
15,1750,302
15,1749,267
15,1770,248
15,1654,370
16,392,784
16,346,787
16,910,753
16,913,786
16,872,748
16,547,793
16,483,793
16,425,802
16,479,765
16,218,554
16,253,553
16,221,574
16,91,569
16,70,568
16,33,597
16,50,539
16,30,555
16,14,538
16,163,627
16,230,597
16,222,603
16,254,607
16,373,607
16,435,575
16,25,501
16,17,482
16,492,618
16,535,596
16,545,599
16,541,619
16,647,593
16,583,616
16,494,590
16,752,619
16,28,520
16,275,455
16,186,384
16,376,409
16,266,339
16,342,339
16,478,488
16,214,520
16,639,543
16,640,559
16,557,550
16,679,337
16,779,360
16,427,489
16,808,498
16,801,543
16,832,538
16,632,422
16,677,487
16,667,428
16,709,459
16,485,513
16,900,521
16,538,487
16,610,500
16,555,511
16,700,436
16,991,518
16,714,370
16,712,388
16,888,557
16,892,538
16,820,611
16,843,598
16,696,554
16,697,476
16,778,484
16,608,446
16,1065,350
16,920,605
16,928,588
16,936,617
16,966,623
16,999,574
16,1021,576
16,852,576
16,1026,581
16,947,562
16,962,565
16,938,537
16,1209,553
16,869,508
16,1160,531
16,928,459
16,932,483
16,988,542
16,1107,630
16,1137,624
16,1149,629
16,1089,458
16,1459,506
16,1084,485
16,1245,503
16,1129,480
16,1131,503
16,1177,474
16,1173,490
16,1313,511
16,1273,592
16,1217,572
16,1318,584
16,1331,575
16,1365,581
16,1349,527
16,1349,557
16,1345,511
16,1385,527
16,1378,541
16,1387,594
16,1377,601
16,1364,603
16,1407,593
16,1412,518
16,1401,532
16,1350,593
16,1421,515
16,1416,573
16,1497,562
16,1387,586
16,1334,606
16,1431,603
16,1413,611
16,1468,604
16,1416,547
16,1414,563
16,1584,441
16,1594,425
16,1709,588
16,1645,503
16,1233,484
16,1337,473
16,1260,465
16,1332,431
16,1166,376
16,1211,443
16,1126,329
16,1099,365
16,920,426
16,933,356
16,1507,679
16,1561,641
16,1535,628
16,1626,612
16,1646,591
16,1679,380
16,1810,510
16,1811,524
16,1741,554
16,1731,568
16,1749,603
16,1877,654
16,1915,843
16,1915,751
16,1543,730
16,1630,711
16,1675,589
16,1620,737
16,1889,721
16,1900,713
16,1878,721
16,1904,759
16,1891,765
16,1759,737
16,1770,703
16,1791,707
16,1648,539
16,1693,680
16,1675,642
16,1726,638
16,1859,677
16,1700,441
16,1732,751
16,1701,714
16,1716,720
16,1758,768
16,1710,758
16,1791,764
16,1785,462
16,1785,536
16,1870,601
16,1626,664
16,1658,701
16,1810,781
16,1835,755
16,1912,823
16,1845,794
16,1666,503
16,1680,473
16,1768,475
16,1891,462
16,1851,495
16,1838,430
16,1837,466
16,1903,406
16,1883,419
16,1744,406
16,1723,402
16,1704,358
16,1695,339
16,1606,484
16,1496,455
16,1513,447
16,1544,455
16,1574,407
16,1890,122
16,1889,133
16,1901,157
16,1914,160
16,1916,182
16,1915,80
16,1860,162
16,1875,291
16,1852,287
16,1824,281
16,1809,289
16,1800,315
16,1774,383
16,1817,209
16,1875,322
16,1779,432
16,1888,202
16,1916,267
16,1870,216
16,1855,363
16,1809,211
16,1800,168
16,1907,332
16,1886,327
16,1737,353
16,1638,450
16,1909,239
16,1591,385
16,1668,341
16,1834,141
16,1700,305
16,1756,313
16,1751,277
16,1772,259
16,1660,386
16,1737,262
17,378,785
17,332,786
17,910,753
17,898,786
17,869,735
17,560,789
17,497,790
17,423,801
17,486,765
17,231,551
17,266,549
17,234,568
17,102,568
17,80,566
17,33,597
17,58,537
17,37,559
17,25,546
17,163,627
17,230,594
17,222,601
17,257,606
17,371,604
17,417,574
17,11,499
17,8,484
17,492,618
17,532,596
17,545,597
17,541,619
17,656,589
17,583,616
17,495,589
17,752,620
17,20,514
17,275,454
17,186,382
17,373,408
17,279,338
17,351,344
17,486,473
17,198,520
17,650,541
17,654,558
17,568,555
17,689,335
17,790,365
17,414,488
17,826,495
17,810,547
17,840,540
17,631,421
17,679,495
17,667,427
17,709,458
17,473,514
17,913,516
17,527,482
17,598,498
17,543,508
17,700,434
17,1007,521
17,702,368
17,698,381
17,894,549
17,897,533
17,818,610
17,844,597
17,708,556
17,694,475
17,767,485
17,609,447
17,1080,345
17,920,604
17,928,589
17,936,617
17,966,623
17,999,577
17,1027,569
17,849,569
17,1026,580
17,942,562
17,957,565
17,928,537
17,1221,547
17,860,510
17,1169,537
17,918,459
17,921,481
17,977,544
17,1107,629
17,1137,624
17,1149,629
17,1078,455
17,1478,511
17,1072,479
17,1245,502
17,1116,479
17,1118,501
17,1165,473
17,1161,490
17,1322,510
17,1273,592
17,1207,572
17,1320,581
17,1332,572
17,1365,579
17,1358,524
17,1355,559
17,1354,505
17,1393,524
17,1384,538
17,1390,593
17,1377,603
17,1363,604
17,1408,593
17,1420,515
17,1409,529
17,1350,593
17,1428,513
17,1423,575
17,1514,566
17,1388,585
17,1329,602
17,1436,598
17,1422,608
17,1468,602
17,1414,545
17,1424,562
17,1593,432
17,1602,416
17,1717,591
17,1649,502
17,1227,490
17,1329,472
17,1249,464
17,1332,430
17,1165,371
17,1210,443
17,1148,329
17,1104,364
17,899,424
17,923,351
17,1507,678
17,1562,640
17,1537,627
17,1639,611
17,1654,582
17,1682,368
17,1821,511
17,1821,527
17,1746,554
17,1739,569
17,1754,604
17,1886,656
17,1916,551
17,1915,848
17,1915,751
17,1529,735
17,1631,708
17,1680,587
17,1621,736
17,1890,722
17,1902,715
17,1879,725
17,1907,759
17,1893,765
17,1761,737
17,1770,703
17,1792,707
17,1629,538
17,1694,679
17,1676,641
17,1727,638
17,1861,677
17,1696,425
17,1740,757
17,1701,714
17,1716,719
17,1768,765
17,1713,760
17,1797,753
17,1786,458
17,1777,532
17,1869,598
17,1634,652
17,1656,688
17,1810,778
17,1832,742
17,1902,827
17,1848,784
17,1667,509
17,1672,471
17,1766,472
17,1892,458
17,1842,494
17,1844,424
17,1836,470
17,1904,405
17,1879,411
17,1744,406
17,1723,402
17,1706,355
17,1698,337
17,1605,491
17,1486,454
17,1504,454
17,1536,462
17,1575,411
17,1890,122
17,1890,130
17,1902,156
17,1914,160
17,1916,181
17,1915,80
17,1858,179
17,1877,297
17,1858,291
17,1824,276
17,1816,300
17,1788,312
17,1775,390
17,1816,198
17,1872,327
17,1770,432
17,1884,185
17,1916,267
17,1885,210
17,1860,362
17,1806,198
17,1803,156
17,1914,327
17,1896,321
17,1738,351
17,1637,462
17,1579,380
17,1668,349
17,1831,123
17,1691,313
17,1760,325
17,1740,286
17,1777,274
17,1660,398
17,1733,271
18,364,786
18,320,788
18,910,754
18,889,785
18,869,717
18,574,786
18,512,788
18,422,801
18,492,763
18,245,548
18,279,546
18,247,562
18,113,567
18,91,564
18,33,596
18,71,533
18,48,556
18,36,544
18,7,537
18,163,627
18,231,592
18,222,599
18,260,605
18,369,602
18,398,573
18,8,494
18,6,479
18,492,618
18,532,597
18,546,595
18,541,619
18,666,585
18,583,616
18,494,587
18,752,620
18,13,509
18,275,454
18,186,380
18,375,412
18,289,338
18,364,345
18,500,457
18,183,520
18,661,540
18,669,557
18,581,555
18,698,340
18,804,363
18,404,490
18,845,495
18,823,544
18,856,542
18,631,420
18,684,497
18,667,427
18,710,457
18,458,516
18,926,513
18,514,479
18,584,495
18,528,508
18,701,433
18,1024,524
18,691,366
18,685,374
18,901,542
18,903,528
18,816,610
18,845,597
18,721,552
18,687,472
18,757,485
18,608,448
18,1090,338
18,920,603
18,928,591
18,936,616
18,966,623
18,1005,581
18,1031,564
18,839,567
18,1027,580
18,938,562
18,953,565
18,924,543
18,1236,546
18,856,515
18,1179,539
18,907,458
18,911,474
18,970,543
18,1107,629
18,1138,624
18,1150,629
18,1067,453
18,1497,518
18,1063,478
18,1245,501
18,1105,475
18,1104,499
18,1153,478
18,1152,487
18,1331,509
18,1274,592
18,1197,573
18,1322,578
18,1333,570
18,1365,578
18,1368,518
18,1365,561
18,1364,501
18,1401,519
18,1391,533
18,1393,592
18,1378,605
18,1362,604
18,1409,593
18,1429,513
18,1418,527
18,1350,593
18,1435,511
18,1435,575
18,1530,570
18,1388,585
18,1326,602
18,1445,597
18,1431,601
18,1468,601
18,1413,543
18,1435,562
18,1599,424
18,1606,407
18,1724,590
18,1657,501
18,1221,496
18,1322,471
18,1238,463
18,1332,429
18,1160,377
18,1208,443
18,1166,326
18,1110,360
18,877,423
18,907,350
18,907,332
18,1508,677
18,1563,639
18,1537,626
18,1652,609
18,1668,574
18,1685,360
18,1834,512
18,1832,528
18,1751,555
18,1745,570
18,1766,606
18,1895,662
18,1905,550
18,1916,854
18,1515,741
18,1633,706
18,1685,585
18,1622,736
18,1891,723
18,1904,717
18,1880,729
18,1910,759
18,1894,766
18,1763,738
18,1771,703
18,1793,707
18,1613,539
18,1695,679
18,1677,641
18,1727,638
18,1863,677
18,1693,410
18,1749,763
18,1701,714
18,1716,719
18,1773,778
18,1716,763
18,1800,741
18,1782,455
18,1768,526
18,1869,596
18,1639,639
18,1656,678
18,1811,776
18,1828,728
18,1892,831
18,1851,774
18,1875,797
18,1668,516
18,1665,469
18,1764,469
18,1893,454
18,1833,493
18,1848,417
18,1836,472
18,1904,403
18,1876,398
18,1745,406
18,1724,402
18,1715,349
18,1704,334
18,1605,498
18,1476,453
18,1496,462
18,1528,470
18,1576,415
18,1890,122
18,1891,128
18,1902,155
18,1914,160
18,1916,181
18,1915,80
18,1857,196
18,1880,303
18,1865,295
18,1825,271
18,1824,311
18,1776,309
18,1777,394
18,1816,187
18,1870,333
18,1761,435
18,1875,166
18,1916,267
18,1885,203
18,1856,366
18,1803,188
18,1801,143
18,1903,314
18,1742,349
18,1631,471
18,1567,379
18,1666,359
18,1684,318
18,1768,335
18,1735,295
18,1775,286
18,1670,409
18,1732,278
18,372,330
19,351,785
19,340,784
19,910,754
19,877,781
19,588,782
19,526,785
19,421,800
19,499,762
19,259,546
19,293,542
19,259,563
19,126,563
19,103,560
19,33,596
19,83,530
19,65,551
19,50,543
19,11,540
19,10,528
19,163,627
19,232,590
19,222,597
19,258,604
19,370,600
19,380,573
19,492,618
19,532,596
19,546,595
19,541,619
19,675,582
19,583,616
19,494,586
19,753,621
19,275,454
19,186,379
19,377,416
19,300,338
19,379,347
19,508,441
19,168,518
19,674,535
19,682,555
19,593,555
19,708,334
19,816,359
19,390,489
19,862,487
19,835,542
19,868,544
19,630,419
19,689,498
19,667,428
19,711,457
19,443,519
19,940,511
19,502,476
19,571,493
19,514,508
19,702,433
19,1037,528
19,678,357
19,671,370
19,908,536
19,911,522
19,816,610
19,845,597
19,732,553
19,680,469
19,747,487
19,607,450
19,1104,348
19,920,602
19,929,590
19,937,616
19,966,623
19,1007,587
19,1036,560
19,830,565
19,1027,580
19,934,562
19,947,563
19,921,550
19,1251,545
19,852,520
19,1188,542
19,896,456
19,901,475
19,963,543
19,1107,629
19,1131,622
19,1150,629
19,1056,452
19,1516,525
19,1054,478
19,1246,500
19,1095,471
19,1090,497
19,1140,474
19,1140,489
19,1340,511
19,1276,588
19,1190,577
19,1320,576
19,1331,567
19,1363,582
19,1379,512
19,1376,563
19,1375,498
19,1409,515
19,1399,529
19,1396,591
19,1379,608
19,1362,605
19,1410,593
19,1435,514
19,1425,527
19,1350,593
19,1443,512
19,1447,576
19,1546,574
19,1389,584
19,1324,603
19,1446,596
19,1434,594
19,1469,601
19,1406,543
19,1446,561
19,1604,415
19,1613,397
19,1731,590
19,1665,500
19,1215,503
19,1315,471
19,1228,462
19,1332,428
19,1155,383
19,1207,443
19,1174,327
19,1123,353
19,854,418
19,889,346
19,893,328
19,901,315
19,1509,676
19,1564,638
19,1538,626
19,1666,607
19,1682,567
19,1686,360
19,1848,513
19,1843,529
19,1756,557
19,1752,571
19,1770,609
19,1898,668
19,1889,551
19,1502,742
19,1633,706
19,1692,591
19,1624,736
19,1892,724
19,1906,719
19,1883,728
19,1913,759
19,1896,766
19,1765,738
19,1771,703
19,1793,707
19,1596,538
19,1696,679
19,1677,640
19,1727,638
19,1865,677
19,1690,395
19,1760,764
19,1701,714
19,1717,719
19,1777,780
19,1719,765
19,1804,728
19,1778,453
19,1760,521
19,1870,595
19,1645,627
19,1657,668
19,1815,775
19,1825,714
19,1853,764
19,1874,782
19,1663,521
19,1658,472
19,1761,465
19,1889,450
19,1822,490
19,1853,411
19,1835,475
19,1905,403
19,1874,387
19,1746,406
19,1725,402
19,1724,344
19,1711,331
19,1602,504
19,1468,451
19,1486,465
19,1520,469
19,1569,420
19,1890,122
19,1892,128
19,1903,155
19,1914,160
19,1916,181
19,1915,80
19,1861,212
19,1911,275
19,1878,308
19,1863,303
19,1818,273
19,1830,320
19,1765,306
19,1779,399
19,1816,177
19,1868,340
19,1753,439
19,1866,147
19,1916,267
19,1886,197
19,1852,371
19,1801,179
19,1799,131
19,1913,313
19,1747,348
19,1630,484
19,1553,376
19,1661,372
19,1777,343
19,1730,300
19,1778,300
19,1677,418
19,1730,279
20,345,786
20,325,783
20,910,755
20,862,781
20,603,781
20,541,783
20,420,800
20,501,763
20,274,544
20,308,539
20,272,565
20,139,561
20,116,559
20,33,596
20,90,527
20,74,554
20,62,546
20,18,544
20,21,532
20,6,567
20,163,627
20,234,592
20,223,599
20,256,603
20,371,599
20,366,577
20,493,618
20,532,595
20,546,595
20,541,619
20,684,579
20,583,616
20,494,586
20,753,621
20,275,454
20,186,379
20,379,421
20,310,338
20,394,351
20,522,430
20,153,517
20,687,531
20,696,554
20,599,565
20,724,336
20,830,366
20,376,489
20,882,488
20,849,545
20,872,540
20,630,419
20,695,500
20,667,428
20,712,456
20,428,522
20,954,514
20,492,476
20,559,494
20,502,507
20,703,433
20,1050,532
20,666,349
20,658,366
20,916,530
20,919,516
20,816,610
20,845,597
20,744,555
20,674,466
20,738,489
20,606,452
20,1112,340
20,920,601
20,931,589
20,937,615
20,966,623
20,1009,594
20,1044,565
20,822,561
20,1028,579
20,930,563
20,942,561
20,911,551
20,1266,544
20,845,527
20,1198,545
20,885,455
20,892,477
20,957,543
20,1108,629
20,1125,621
20,1150,629
20,1046,451
20,1532,538
20,1041,480
20,1246,501
20,1085,468
20,1081,494
20,1129,474
20,1127,487
20,1350,513
20,1278,584
20,1184,581
20,1319,575
20,1330,564
20,1362,587
20,1387,511
20,1388,564
20,1382,496
20,1418,514
20,1407,528
20,1396,590
20,1379,608
20,1364,606
20,1410,594
20,1441,515
20,1433,528
20,1350,593
20,1452,514
20,1455,572
20,1562,580
20,1389,583
20,1319,605
20,1447,595
20,1437,588
20,1471,601
20,1400,544
20,1457,560
20,1610,406
20,1621,387
20,1739,590
20,1673,500
20,1214,512
20,1309,470
20,1220,463
20,1334,428
20,1152,373
20,1207,444
20,1182,329
20,1132,349
20,833,413
20,873,339
20,877,327
20,892,320
20,1509,676
20,1566,637
20,1538,626
20,1680,606
20,1693,564
20,1689,353
20,1857,515
20,1854,530
20,1764,558
20,1760,574
20,1775,613
20,1901,674
20,1873,553
20,1490,744
20,1633,706
20,1696,585
20,1625,736
20,1894,726
20,1908,722
20,1887,728
20,1898,767
20,1767,739
20,1771,703
20,1794,707
20,1580,537
20,1697,678
20,1678,640
20,1728,638
20,1868,676
20,1691,380
20,1771,766
20,1701,714
20,1717,719
20,1808,716
20,1774,451
20,1752,516
20,1871,594
20,1658,622
20,1658,661
20,1819,775
20,1822,703
20,1853,754
20,1870,771
20,1659,527
20,1651,476
20,1758,461
20,1886,446
20,1812,488
20,1860,405
20,1834,477
20,1906,403
20,1877,380
20,1747,406
20,1727,403
20,1729,342
20,1719,328
20,1602,511
20,1459,452
20,1472,467
20,1511,470
20,1565,431
20,1890,122
20,1892,128
20,1903,156
20,1914,160
20,1916,182
20,1915,80
20,1861,231
20,1904,276
20,1911,288
20,1877,314
20,1862,312
20,1812,276
20,1837,330
20,1755,303
20,1787,404
20,1815,166
20,1868,346
20,1747,440
20,1865,128
20,1916,267
20,1891,193
20,1853,371
20,1800,167
20,1795,125
20,1746,348
20,1629,497
20,1539,373
20,1669,381
20,1779,349
20,1720,306
20,1782,315
20,1684,425
20,1721,287
21,339,787
21,311,783
21,911,755
21,848,782
21,619,783
21,555,782
21,419,800
21,503,765
21,286,539
21,320,538
21,284,565
21,152,560
21,130,559
21,33,596
21,102,522
21,83,555
21,76,547
21,29,547
21,28,536
21,21,573
21,163,627
21,236,594
21,224,602
21,260,602
21,372,599
21,353,581
21,494,618
21,532,594
21,547,596
21,541,619
21,694,577
21,583,616
21,494,587
21,753,622
21,275,454
21,186,379
21,381,425
21,321,338
21,409,354
21,539,419
21,137,514
21,702,531
21,707,555
21,613,567
21,752,340
21,840,367
21,367,489
21,900,485
21,856,543
21,880,539
21,630,419
21,700,506
21,667,429
21,713,456
21,414,516
21,970,511
21,483,476
21,547,496
21,491,507
21,704,432
21,1065,539
21,653,349
21,646,355
21,926,530
21,932,512
21,816,610
21,845,597
21,755,554
21,664,467
21,732,486
21,606,451
21,1121,332
21,919,600
21,932,588
21,937,615
21,966,623
21,1010,603
21,1053,565
21,814,555
21,1028,579
21,920,565
21,933,560
21,902,552
21,1282,544
21,839,534
21,1211,547
21,874,459
21,884,478
21,954,548
21,1109,629
21,1125,621
21,1150,629
21,1037,451
21,1549,552
21,1029,483
21,1247,503
21,1075,466
21,1073,492
21,1118,474
21,1114,486
21,1359,515
21,1279,583
21,1174,580
21,1320,576
21,1331,564
21,1362,589
21,1396,510
21,1400,565
21,1390,495
21,1427,513
21,1415,527
21,1396,590
21,1379,608
21,1366,607
21,1410,595
21,1451,517
21,1443,531
21,1350,593
21,1461,515
21,1467,573
21,1582,582
21,1390,583
21,1314,607
21,1448,594
21,1440,587
21,1473,601
21,1394,545
21,1469,560
21,1620,402
21,1628,378
21,1748,596
21,1683,496
21,1213,521
21,1303,469
21,1212,465
21,1336,429
21,1149,376
21,1208,445
21,1198,329
21,1144,345
21,812,409
21,857,338
21,861,327
21,861,313
21,1509,676
21,1567,637
21,1539,626
21,1695,606
21,1704,562
21,1692,346
21,1867,517
21,1865,531
21,1772,559
21,1768,577
21,1788,620
21,1911,678
21,1862,552
21,1478,746
21,1633,706
21,1709,581
21,1626,735
21,1895,728
21,1909,724
21,1887,728
21,1901,769
21,1769,739
21,1772,703
21,1794,707
21,1568,537
21,1698,678
21,1679,639
21,1728,638
21,1871,676
21,1693,366
21,1783,773
21,1701,715
21,1718,719
21,1816,709
21,1774,449
21,1745,511
21,1872,592
21,1668,618
21,1661,652
21,1823,775
21,1817,695
21,1849,742
21,1868,759
21,1652,528
21,1644,478
21,1755,458
21,1878,444
21,1807,486
21,1866,398
21,1834,481
21,1907,403
21,1881,371
21,1748,406
21,1728,403
21,1734,340
21,1727,325
21,1603,519
21,1450,453
21,1459,469
21,1502,472
21,1562,443
21,1890,122
21,1892,129
21,1903,157
21,1914,160
21,1916,182
21,1915,80
21,1862,247
21,1896,276
21,1903,288
21,1876,321
21,1861,322
21,1805,283
21,1847,335
21,1751,297
21,1795,410
21,1815,156
21,1868,353
21,1741,441
21,1865,110
21,1916,267
21,1897,189
21,1855,371
21,1799,156
21,1746,348
21,1628,509
21,1528,373
21,1669,395
21,1783,360
21,1711,305
21,1783,327
21,1698,425
21,1714,289
21,1775,234
22,354,787
22,298,784
22,911,756
22,836,780
22,633,784
22,570,782
22,418,799
22,504,766
22,299,534
22,333,537
22,296,565
22,165,559
22,143,557
22,33,596
22,116,526
22,93,560
22,89,546
22,38,551
22,38,537
22,35,580
22,91,591
22,163,627
22,239,596
22,226,605
22,265,601
22,373,600
22,340,582
22,494,617
22,532,593
22,547,596
22,541,619
22,700,573
22,583,616
22,495,587
22,754,622
22,275,453
22,186,379
22,383,430
22,332,339
22,424,358
22,554,409
22,122,511
22,717,532
22,718,556
22,624,567
22,763,347
22,856,366
22,358,489
22,916,476
22,866,542
22,897,534
22,630,419
22,709,509
22,668,429
22,714,455
22,395,519
22,983,517
22,473,477
22,532,497
22,478,510
22,705,432
22,1084,541
22,640,342
22,632,355
22,937,530
22,945,508
22,816,610
22,845,597
22,767,554
22,654,469
22,727,484
22,606,451
22,1131,334
22,919,600
22,933,587
22,937,614
22,966,623
22,1012,612
22,1062,566
22,806,550
22,1029,579
22,911,567
22,924,560
22,895,556
22,1297,543
22,837,544
22,1225,549
22,864,463
22,876,479
22,952,554
22,1109,629
22,1126,622
22,1150,629
22,1023,453
22,1563,564
22,1017,482
22,1248,505
22,1061,468
22,1061,491
22,1107,475
22,1102,485
22,1369,517
22,1281,583
22,1164,579
22,1321,578
22,1332,564
22,1362,592
22,1406,509
22,1416,568
22,1402,496
22,1436,515
22,1423,528
22,1396,589
22,1379,609
22,1368,608
22,1411,597
22,1462,519
22,1454,534
22,1350,593
22,1471,517
22,1480,575
22,1596,585
22,1390,582
22,1316,605
22,1449,594
22,1443,586
22,1473,601
22,1383,540
22,1482,561
22,1627,395
22,1634,371
22,1757,603
22,1693,493
22,1208,530
22,1296,470
22,1200,464
22,1338,429
22,1149,377
22,1209,446
22,1214,330
22,1153,341
22,793,402
22,841,332
22,842,321
22,843,308
22,1510,676
22,1569,636
22,1539,626
22,1707,605
22,1716,558
22,1699,342
22,1879,517
22,1878,532
22,1779,564
22,1774,578
22,1791,623
22,1910,685
22,1852,553
22,1467,749
22,1633,706
22,1722,577
22,1628,735
22,1896,730
22,1910,727
22,1887,728
22,1904,772
22,1771,740
22,1772,703
22,1795,706
22,1556,538
22,1699,678
22,1680,639
22,1728,638
22,1872,677
22,1697,360
22,1793,783
22,1701,715
22,1718,719
22,1825,699
22,1843,795
22,1909,836
22,1775,447
22,1737,510
22,1873,591
22,1677,611
22,1664,641
22,1828,774
22,1813,688
22,1846,732
22,1867,743
22,1649,530
22,1641,485
22,1752,457
22,1877,438
22,1796,485
22,1872,391
22,1836,488
22,1909,404
22,1888,360
22,1749,406
22,1729,403
22,1738,337
22,1733,323
22,1603,527
22,1444,454
22,1451,471
22,1495,474
22,1553,452
22,1889,122
22,1892,130
22,1903,158
22,1914,160
22,1915,183
22,1915,80
22,1865,264
22,1887,275
22,1894,288
22,1876,328
22,1861,327
22,1791,289
22,1850,342
22,1741,299
22,1803,415
22,1817,146
22,1868,358
22,1734,444
22,1916,267
22,1900,184
22,1854,371
22,1802,146
22,1847,112
22,1746,348
22,1627,521
22,1517,373
22,1673,404
22,1784,365
22,1705,316
22,1785,340
22,1715,421
22,1705,296
22,1779,250
23,369,788
23,285,785
23,911,756
23,824,778
23,874,627
23,645,784
23,586,782
23,417,799
23,506,768
23,312,535
23,347,536
23,310,564
23,178,558
23,156,556
23,33,596
23,130,524
23,107,557
23,102,546
23,45,544
23,48,532
23,52,581
23,7,559
23,101,588
23,163,627
23,239,594
23,226,603
23,270,601
23,374,600
23,327,583
23,494,616
23,532,592
23,547,596
23,541,619
23,707,570
23,583,616
23,495,588
23,754,623
23,275,453
23,186,379
23,381,436
23,338,346
23,439,362
23,569,400
23,106,507
23,731,533
23,729,553
23,632,566
23,776,352
23,865,366
23,347,487
23,928,465
23,874,536
23,907,531
23,631,420
23,716,509
23,668,430
23,715,455
23,383,521
23,996,519
23,459,481
23,520,497
23,464,509
23,706,432
23,1095,534
23,629,339
23,623,350
23,945,530
23,955,510
23,816,610
23,845,597
23,777,556
23,644,471
23,716,483
23,606,450
23,1141,336
23,919,600
23,934,586
23,938,614
23,966,623
23,1011,617
23,1070,568
23,797,541
23,1028,578
23,901,570
23,917,559
23,888,561
23,1313,543
23,836,554
23,1237,548
23,852,461
23,861,481
23,944,552
23,1110,629
23,1126,623
23,1150,629
23,1009,455
23,1578,576
23,1006,482
23,1249,507
23,1048,470
23,1050,491
23,1095,473
23,1090,485
23,1377,518
23,1283,583
23,1155,578
23,1323,580
23,1334,565
23,1363,595
23,1414,508
23,1426,564
23,1415,497
23,1445,517
23,1431,529
23,1396,589
23,1380,609
23,1370,609
23,1411,598
23,1468,522
23,1458,537
23,1350,593
23,1476,520
23,1493,578
23,1611,588
23,1391,582
23,1319,604
23,1455,591
23,1445,580
23,1474,601
23,1373,535
23,1495,562
23,1634,388
23,1641,365
23,1764,604
23,1701,491
23,1203,539
23,1290,472
23,1189,463
23,1340,430
23,1150,379
23,1210,447
23,1230,331
23,1162,338
23,775,396
23,825,327
23,824,316
23,826,303
23,1510,676
23,1570,635
23,1540,626
23,1720,604
23,1728,555
23,1707,339
23,1891,518
23,1891,534
23,1787,570
23,1781,580
23,1794,626
23,1834,546
23,1453,748
23,1633,706
23,1730,572
23,1629,735
23,1897,732
23,1911,730
23,1887,728
23,1908,774
23,1773,741
23,1773,703
23,1796,706
23,1541,539
23,1698,678
23,1680,638
23,1729,638
23,1874,679
23,1701,354
23,1799,785
23,1701,715
23,1719,719
23,1834,689
23,1850,794
23,1907,838
23,1772,441
23,1916,477
23,1730,509
23,1874,590
23,1687,605
23,1668,631
23,1832,772
23,1810,684
23,1845,722
23,1861,731
23,1646,533
23,1638,493
23,1750,457
23,1877,433
23,1785,485
23,1877,384
23,1838,494
23,1911,406
23,1894,348
23,1751,407
23,1731,404
23,1743,334
23,1739,322
23,1601,535
23,1433,454
23,1439,471
23,1480,471
23,1543,458
23,1889,122
23,1892,130
23,1903,159
23,1914,160
23,1915,184
23,1915,80
23,1854,277
23,1878,275
23,1885,288
23,1877,335
23,1861,332
23,1778,296
23,1854,350
23,1731,302
23,1810,428
23,1814,135
23,1866,357
23,1724,444
23,1916,267
23,1903,180
23,1854,372
23,1806,136
23,1847,124
23,1745,349
23,1622,534
23,1509,367
23,1678,418
23,1780,373
23,1689,318
23,1782,350
23,1727,425
23,1782,258
23,1773,258
24,385,788
24,262,780
24,911,756
24,823,778
24,867,611
24,659,784
24,601,781
24,416,799
24,507,770
24,326,537
24,362,536
24,324,563
24,195,557
24,168,556
24,33,596
24,140,518
24,121,554
24,113,543
24,57,540
24,58,529
24,65,581
24,13,564
24,110,586
24,163,627
24,239,592
24,226,601
24,270,599
24,376,601
24,318,583
24,494,615
24,532,592
24,547,596
24,541,619
24,714,567
24,583,616
24,495,588
24,754,624
24,275,453
24,186,379
24,379,442
24,349,353
24,453,359
24,584,391
24,90,504
24,745,534
24,740,551
24,642,566
24,787,361
24,878,365
24,335,489
24,940,454
24,882,531
24,918,529
24,631,420
24,723,509
24,668,430
24,716,455
24,366,514
24,1010,514
24,447,479
24,506,498
24,451,509
24,706,432
24,1110,539
24,615,333
24,611,343
24,954,530
24,965,513
24,816,610
24,845,597
24,787,558
24,634,473
24,706,483
24,607,450
24,1147,328
24,913,599
24,935,586
24,938,613
24,966,623
24,1007,621
24,1078,568
24,794,530
24,1028,578
24,891,573
24,911,559
24,879,559
24,1327,546
24,833,561
24,1249,548
24,841,460
24,847,483
24,936,550
24,1111,629
24,1127,624
24,1150,629
24,997,456
24,1589,588
24,996,482
24,1250,509
24,1039,467
24,1037,491
24,1083,472
24,1078,485
24,1386,519
24,1283,583
24,1146,575
24,1323,578
24,1333,565
24,1362,594
24,1423,507
24,1437,561
24,1425,494
24,1452,515
24,1438,531
24,1397,589
24,1380,610
24,1372,610
24,1412,600
24,1474,525
24,1462,540
24,1350,593
24,1482,523
24,1505,580
24,1622,587
24,1391,581
24,1322,602
24,1461,588
24,1448,575
24,1474,601
24,1363,531
24,1509,564
24,1639,382
24,1647,358
24,1772,605
24,1710,489
24,1199,549
24,1284,474
24,1178,463
24,1342,430
24,1150,376
24,1211,446
24,1246,332
24,1172,334
24,749,387
24,809,324
24,813,311
24,813,299
24,1511,676
24,1572,635
24,1541,626
24,1733,604
24,1740,552
24,1714,335
24,1903,523
24,1902,539
24,1792,571
24,1786,583
24,1798,629
24,1818,541
24,1440,748
24,1633,706
24,1738,568
24,1631,735
24,1899,735
24,1913,733
24,1889,748
24,1911,777
24,1781,739
24,1773,703
24,1796,706
24,1528,544
24,1698,678
24,1680,637
24,1729,638
24,1873,680
24,1702,349
24,1804,787
24,1702,715
24,1719,718
24,1841,676
24,1857,792
24,1905,840
24,1767,442
24,1904,487
24,1722,504
24,1875,589
24,1698,598
24,1670,623
24,1836,770
24,1806,678
24,1843,712
24,1859,719
24,1643,533
24,1635,497
24,1740,453
24,1870,428
24,1774,482
24,1883,377
24,1838,500
24,1910,407
24,1898,336
24,1750,407
24,1732,402
24,1748,332
24,1743,320
24,1599,543
24,1422,455
24,1427,471
24,1466,468
24,1533,465
24,1889,122
24,1892,131
24,1903,160
24,1914,160
24,1915,184
24,1915,80
24,1844,289
24,1870,274
24,1876,288
24,1910,241
24,1878,336
24,1859,330
24,1766,295
24,1856,345
24,1719,301
24,1817,441
24,1811,125
24,1864,357
24,1714,445
24,1916,267
24,1907,176
24,1854,372
24,1800,127
24,1849,136
24,1745,349
24,1624,545
24,1498,363
24,1682,426
24,1777,376
24,1780,360
24,1743,426
24,1785,266
24,1777,266
24,1734,270
25,400,789
25,911,757
25,797,776
25,867,595
25,674,784
25,617,781
25,415,798
25,512,771
25,341,537
25,375,535
25,342,562
25,208,554
25,183,552
25,33,596
25,153,516
25,134,555
25,128,538
25,68,537
25,68,523
25,79,583
25,24,565
25,119,584
25,163,627
25,239,591
25,227,600
25,270,598
25,377,601
25,305,579
25,494,615
25,533,591
25,547,596
25,541,619
25,722,567
25,583,616
25,496,589
25,755,624
25,275,453
25,186,379
25,378,448
25,361,361
25,469,359
25,599,377
25,75,502
25,758,541
25,748,555
25,653,566
25,798,370
25,892,365
25,324,492
25,958,445
25,892,531
25,919,530
25,631,421
25,728,508
25,668,431
25,715,456
25,352,514
25,1025,517
25,436,478
25,492,499
25,439,510
25,707,432
25,1125,539
25,606,327
25,595,339
25,965,532
25,975,515
25,817,611
25,845,598
25,795,557
25,631,467
25,699,479
25,607,450
25,1153,329
25,913,599
25,936,585
25,938,613
25,966,623
25,1007,621
25,1086,571
25,786,521
25,1027,578
25,885,572
25,905,556
25,871,557
25,1341,549
25,830,569
25,1263,547
25,830,460
25,834,487
25,930,552
25,1112,630
25,1128,625
25,1150,629
25,987,458
25,1608,600
25,981,482
25,1250,505
25,1025,468
25,1024,490
25,1072,471
25,1066,486
25,1397,520
25,1284,584
25,1137,572
25,1324,576
25,1332,565
25,1361,594
25,1438,507
25,1450,560
25,1436,491
25,1460,516
25,1446,534
25,1393,588
25,1380,610
25,1371,610
25,1411,599
25,1480,524
25,1469,539
25,1350,593
25,1487,521
25,1517,582
25,1634,587
25,1392,581
25,1325,601
25,1464,585
25,1454,572
25,1475,601
25,1352,525
25,1519,567
25,1644,377
25,1653,352
25,1772,607
25,1716,486
25,1193,555
25,1277,473
25,1167,462
25,1345,431
25,1150,374
25,1212,446
25,1262,333
25,1182,330
25,728,377
25,1511,677
25,1571,638
25,1540,626
25,1741,604
25,1751,551
25,1718,325
25,1797,572
25,1791,586
25,1802,633
25,1803,536
25,1422,748
25,1633,706
25,1754,570
25,1630,734
25,1901,738
25,1913,735
25,1892,750
25,1911,770
25,1796,736
25,1773,703
25,1797,706
25,1515,550
25,1698,678
25,1681,637
25,1729,638
25,1873,681
25,1704,344
25,1702,715
25,1720,718
25,1848,664
25,1863,795
25,1904,836
25,1762,444
25,1895,496
25,1711,504
25,1878,587
25,1709,592
25,1672,616
25,1840,768
25,1801,671
25,1840,702
25,1861,708
25,1641,533
25,1623,504
25,1740,445
25,1870,418
25,1768,473
25,1889,370
25,1838,503
25,1910,407
25,1889,328
25,1749,407
25,1734,401
25,1754,330
25,1748,318
25,1599,550
25,1410,457
25,1415,474
25,1453,468
25,1518,467
25,1888,122
25,1892,131
25,1903,160
25,1914,160
25,1915,185
25,1915,80
25,1832,302
25,1861,274
25,1863,292
25,1901,229
25,1879,337
25,1857,329
25,1754,295
25,1863,356
25,1707,301
25,1826,450
25,1809,118
25,1864,359
25,1708,445
25,1916,267
25,1912,171
25,1856,376
25,1849,148
25,1838,112
25,1745,349
25,1626,556
25,1487,360
25,1677,441
25,1774,380
25,1780,365
25,1761,422
25,1790,276
25,1776,277
25,1758,259
26,416,789
26,912,757
26,785,775
26,863,587
26,691,784
26,632,780
26,414,798
26,518,771
26,357,537
26,388,535
26,360,562
26,222,552
26,198,549
26,33,596
26,163,519
26,145,555
26,142,537
26,78,529
26,79,519
26,94,574
26,37,567
26,129,582
26,163,627
26,238,591
26,226,600
26,267,597
26,378,602
26,287,578
26,494,614
26,533,590
26,547,596
26,541,619
26,730,568
26,583,616
26,496,590
26,755,625
26,275,453
26,186,379
26,380,448
26,370,363
26,483,360
26,609,368
26,60,502
26,768,542
26,758,555
26,659,570
26,811,364
26,902,361
26,312,489
26,975,441
26,901,526
26,929,532
26,632,421
26,734,507
26,668,431
26,715,458
26,334,512
26,1039,518
26,424,479
26,478,501
26,426,507
26,707,433
26,1140,545
26,971,536
26,987,511
26,817,610
26,845,598
26,805,556
26,630,464
26,691,478
26,607,449
26,1168,337
26,913,599
26,937,584
26,938,612
26,966,623
26,1007,622
26,1094,575
26,779,512
26,1027,578
26,880,572
26,899,554
26,871,558
26,1358,550
26,835,580
26,1278,546
26,820,460
26,821,491
26,925,554
26,1112,629
26,1129,624
26,1150,629
26,976,457
26,1623,617
26,973,481
26,1252,505
26,1013,466
26,1011,488
26,1060,470
26,1054,485
26,1409,522
26,1285,585
26,1128,569
26,1325,575
26,1332,565
26,1361,594
26,1447,507
26,1458,559
26,1444,489
26,1465,516
26,1451,533
26,1390,588
26,1380,610
26,1370,610
26,1411,598
26,1486,524
26,1476,539
26,1350,593
26,1493,520
26,1528,581
26,1646,587
26,1392,580
26,1328,597
26,1467,583
26,1461,570
26,1476,601
26,1341,520
26,1530,570
26,1648,372
26,1659,347
26,1773,610
26,1723,484
26,1187,561
26,1270,472
26,1156,461
26,1343,430
26,1151,372
26,1214,445
26,1278,335
26,715,371
26,1511,677
26,1571,641
26,1540,626
26,1750,605
26,1762,550
26,1724,324
26,1803,574
26,1794,585
26,1807,637
26,1789,531
26,1633,706
26,1763,570
26,1629,734
26,1903,741
26,1914,738
26,1896,753
26,1911,764
26,1805,736
26,1774,703
26,1797,706
26,1511,560
26,1698,678
26,1681,636
26,1730,638
26,1873,682
26,1706,339
26,1702,716
26,1720,718
26,1848,644
26,1869,798
26,1903,831
26,1758,447
26,1886,505
26,1701,504
26,1881,586
26,1722,587
26,1676,608
26,1844,766
26,1796,665
26,1835,696
26,1859,698
26,1639,533
26,1623,510
26,1733,438
26,1877,408
26,1759,476
26,1893,361
26,1836,503
26,1909,408
26,1898,313
26,1748,407
26,1734,402
26,1758,329
26,1749,315
26,1600,558
26,1399,460
26,1403,477
26,1441,469
26,1503,469
26,1601,375
26,1888,122
26,1892,132
26,1903,161
26,1914,160
26,1914,185
26,1915,80
26,1818,313
26,1848,275
26,1856,290
26,1888,218
26,1878,339
26,1862,329
26,1740,295
26,1860,345
26,1692,304
26,1835,460
26,1865,361
26,1702,446
26,1916,267
26,1911,170
26,1860,380
26,1846,158
26,1838,126
26,1745,350
26,1626,567
26,1474,358
26,1676,449
26,1774,389
26,1780,371
26,1774,428
26,1792,283
26,1780,284
26,1765,246
27,431,790
27,912,758
27,773,775
27,860,579
27,709,784
27,647,779
27,413,798
27,524,771
27,367,538
27,400,536
27,372,563
27,234,549
27,212,545
27,33,596
27,177,518
27,155,553
27,154,540
27,89,525
27,90,510
27,108,573
27,50,564
27,145,582
27,163,627
27,237,591
27,226,600
27,265,597
27,379,602
27,274,573
27,494,613
27,533,590
27,547,596
27,541,619
27,739,566
27,583,616
27,496,590
27,755,625
27,276,453
27,186,379
27,382,449
27,380,365
27,499,358
27,622,358
27,42,502
27,779,543
27,767,559
27,668,570
27,822,364
27,913,364
27,300,487
27,992,437
27,910,521
27,940,535
27,632,422
27,740,507
27,669,432
27,714,460
27,316,510
27,1052,517
27,412,481
27,464,503
27,413,505
27,708,433
27,1150,544
27,986,535
27,998,512
27,817,609
27,845,598
27,815,556
27,629,461
27,684,478
27,608,449
27,913,599
27,938,583
27,939,612
27,966,623
27,1007,622
27,1103,577
27,768,500
27,1027,578
27,877,571
27,891,555
27,850,555
27,1370,552
27,834,580
27,1292,545
27,808,462
27,808,490
27,918,554
27,1112,628
27,1130,624
27,1150,629
27,966,457
27,1638,634
27,965,481
27,1255,506
27,1001,465
27,999,487
27,1048,469
27,1042,484
27,1419,523
27,1285,586
27,1119,564
27,1323,576
27,1331,565
27,1360,593
27,1456,507
27,1466,558
27,1452,487
27,1470,516
27,1457,533
27,1393,587
27,1381,611
27,1370,611
27,1406,598
27,1493,526
27,1482,539
27,1350,593
27,1500,522
27,1540,581
27,1658,588
27,1393,580
27,1332,593
27,1474,581
27,1467,570
27,1475,600
27,1327,519
27,1540,568
27,1652,367
27,1665,342
27,1777,610
27,1730,488
27,1182,568
27,1263,471
27,1145,460
27,1341,429
27,1151,369
27,1215,445
27,1280,341
27,691,368
27,1512,677
27,1571,644
27,1540,627
27,1755,601
27,1771,546
27,1731,324
27,1810,576
27,1798,584
27,1808,639
27,1771,527
27,1633,706
27,1773,565
27,1628,734
27,1905,744
27,1915,741
27,1900,756
27,1911,757
27,1815,736
27,1774,703
27,1798,706
27,1507,570
27,1698,678
27,1682,636
27,1730,638
27,1873,684
27,1712,330
27,1702,716
27,1721,718
27,1851,632
27,1874,797
27,1897,827
27,1569,739
27,1750,443
27,1879,516
27,1691,504
27,1884,585
27,1732,582
27,1679,599
27,1848,764
27,1792,659
27,1827,694
27,1851,688
27,1637,533
27,1623,517
27,1727,431
27,1885,399
27,1750,479
27,1899,353
27,1833,503
27,1908,409
27,1897,303
27,1747,408
27,1735,404
27,1763,328
27,1750,312
27,1605,564
27,1388,463
27,1391,478
27,1433,475
27,1488,469
27,1596,385
27,1888,122
27,1892,132
27,1903,162
27,1914,160
27,1914,186
27,1915,80
27,1808,323
27,1840,276
27,1845,288
27,1888,196
27,1900,273
27,1878,342
27,1868,330
27,1726,296
27,1857,344
27,1677,307
27,1848,467
27,1865,363
27,1694,447
27,1916,267
27,1907,170
27,1865,381
27,1843,170
27,1836,138
27,1744,351
27,1627,579
27,1461,356
27,1675,457
27,1775,395
27,1780,377
27,1788,434
27,1794,290
27,1785,292
27,1772,233
28,447,790
28,912,758
28,766,773
28,853,571
28,723,785
28,662,781
28,412,797
28,520,770
28,377,539
28,413,537
28,384,564
28,246,545
28,224,546
28,33,596
28,189,521
28,172,552
28,166,537
28,101,522
28,100,510
28,124,573
28,61,565
28,8,554
28,150,584
28,163,627
28,236,592
28,225,600
28,264,597
28,381,603
28,256,569
28,494,612
28,533,589
28,547,596
28,541,619
28,748,564
28,583,616
28,497,591
28,756,626
28,276,453
28,186,379
28,381,440
28,391,370
28,516,361
28,634,353
28,140,340
28,24,501
28,786,544
28,780,563
28,14,429
28,674,568
28,835,364
28,922,363
28,288,488
28,1008,439
28,918,522
28,950,537
28,632,422
28,746,507
28,669,432
28,714,461
28,301,510
28,1065,518
28,398,480
28,451,503
28,400,506
28,708,433
28,1154,545
28,997,535
28,1006,522
28,817,608
28,845,598
28,824,559
28,628,464
28,677,481
28,608,448
28,913,600
28,939,583
28,939,611
28,966,623
28,1007,623
28,1108,585
28,758,493
28,1027,578
28,874,571
28,884,557
28,843,547
28,1385,555
28,832,581
28,1307,545
28,796,465
28,796,490
28,911,555
28,1113,628
28,1131,624
28,1150,629
28,956,457
28,1649,650
28,955,481
28,1256,502
28,990,465
28,988,487
28,1036,468
28,1031,483
28,1430,524
28,1286,587
28,1106,563
28,1322,577
28,1331,565
28,1359,593
28,1465,506
28,1475,557
28,1461,486
28,1476,517
28,1463,533
28,1397,586
28,1381,611
28,1369,611
28,1401,598
28,1500,529
28,1489,540
28,1350,593
28,1507,524
28,1550,581
28,1663,585
28,1393,579
28,1334,592
28,1481,580
28,1473,571
28,1475,599
28,1314,519
28,1551,567
28,1655,361
28,1669,342
28,1781,611
28,1738,492
28,1177,575
28,1255,469
28,1134,466
28,1339,428
28,1151,367
28,1216,445
28,1302,337
28,672,365
28,911,336
28,1512,677
28,1571,647
28,1540,627
28,1759,601
28,1782,545
28,1736,313
28,1814,577
28,1802,585
28,1810,641
28,1758,526
28,1633,706
28,1785,564
28,1628,734
28,1907,747
28,1916,743
28,1904,758
28,1910,751
28,1827,734
28,1774,703
28,1799,706
28,1504,581
28,1698,678
28,1682,635
28,1730,638
28,1873,685
28,1719,322
28,1702,716
28,1721,718
28,1851,615
28,1878,797
28,1888,822
28,1559,738
28,1744,436
28,1867,523
28,1679,501
28,1884,586
28,1741,577
28,1683,591
28,1852,762
28,1787,653
28,1820,689
28,1847,679
28,1721,751
28,1635,534
28,1619,522
28,1719,422
28,1890,396
28,1747,472
28,1907,345
28,1831,503
28,1908,410
28,1896,292
28,1746,408
28,1735,406
28,1768,328
28,1752,309
28,1610,571
28,1378,467
28,1379,479
28,1425,482
28,1474,469
28,1592,396
28,1887,122
28,1892,133
28,1903,163
28,1914,160
28,1914,187
28,1915,80
28,1798,336
28,1832,276
28,1834,289
28,1878,188
28,1885,274
28,1880,345
28,1872,332
28,1717,297
28,1855,347
28,1862,474
28,1866,365
28,1687,449
28,1916,267
28,1904,170
28,1865,379
28,1843,183
28,1834,151
28,1839,109
28,1743,352
28,1627,589
28,1453,356
28,1670,469
28,1777,401
28,1776,381
28,1804,432
28,1792,299
28,1782,296
28,1781,225
29,462,791
29,912,759
29,759,771
29,847,564
29,734,789
29,676,785
29,411,797
29,513,769
29,388,539
29,424,538
29,395,563
29,257,541
29,237,539
29,33,596
29,202,524
29,186,546
29,182,535
29,110,518
29,111,507
29,140,565
29,72,566
29,22,550
29,155,582
29,163,627
29,235,592
29,225,600
29,263,597
29,382,603
29,238,572
29,495,612
29,534,589
29,547,596
29,541,619
29,753,568
29,583,616
29,497,591
29,756,626
29,276,453
29,186,379
29,381,432
29,404,370
29,529,364
29,643,344
29,163,343
29,10,502
29,791,544
29,788,562
29,32,427
29,680,567
29,849,365
29,932,362
29,273,484
29,1024,441
29,927,524
29,961,540
29,633,423
29,753,508
29,669,433
29,713,463
29,287,511
29,1078,519
29,385,479
29,438,504
29,388,508
29,709,434
29,1159,547
29,1008,537
29,1017,522
29,815,608
29,845,598
29,827,562
29,626,463
29,671,478
29,608,448
29,913,600
29,940,581
29,939,611
29,966,623
29,1007,623
29,1115,586
29,745,489
29,1027,578
29,871,564
29,885,556
29,836,540
29,1400,558
29,831,583
29,1318,543
29,784,463
29,784,494
29,904,560
29,1113,627
29,1132,624
29,1150,629
29,946,458
29,1660,667
29,946,481
29,1257,499
29,980,465
29,978,487
29,1022,468
29,1018,484
29,1439,520
29,1287,588
29,1093,562
29,1321,579
29,1330,565
29,1359,593
29,1474,506
29,1485,557
29,1469,486
29,1482,518
29,1468,533
29,1401,585
29,1381,612
29,1369,612
29,1396,598
29,1506,528
29,1495,541
29,1350,593
29,1514,523
29,1560,581
29,1668,583
29,1394,579
29,1336,591
29,1485,580
29,1476,569
29,1472,602
29,1300,521
29,1561,568
29,1659,356
29,1674,342
29,1784,614
29,1747,490
29,1172,583
29,1247,468
29,1123,472
29,1338,427
29,1152,365
29,1218,444
29,1324,347
29,651,367
29,891,339
29,1513,677
29,1572,650
29,1540,628
29,1763,602
29,1793,544
29,1741,302
29,1818,579
29,1806,587
29,1810,642
29,1742,523
29,1633,706
29,1797,563
29,1627,734
29,1909,750
29,1916,746
29,1907,761
29,1910,745
29,1874,725
29,1775,703
29,1799,706
29,1497,584
29,1698,678
29,1683,635
29,1731,638
29,1873,686
29,1726,314
29,1702,716
29,1722,718
29,1851,597
29,1881,797
29,1878,817
29,1549,738
29,1730,435
29,1855,528
29,1667,498
29,1884,587
29,1749,569
29,1690,582
29,1858,761
29,1785,646
29,1813,682
29,1847,667
29,1735,748
29,1633,537
29,1614,526
29,1708,415
29,1890,387
29,1740,466
29,1913,337
29,1829,501
29,1907,411
29,1892,282
29,1745,408
29,1736,408
29,1768,326
29,1755,309
29,1615,581
29,1368,467
29,1368,483
29,1418,492
29,1461,475
29,1586,409
29,1887,122
29,1892,133
29,1903,164
29,1914,160
29,1914,187
29,1915,80
29,1788,348
29,1820,274
29,1823,288
29,1875,174
29,1866,270
29,1882,349
29,1876,334
29,1701,301
29,1854,350
29,1875,481
29,1864,367
29,1679,447
29,1916,267
29,1898,171
29,1866,382
29,1840,194
29,1828,165
29,1839,120
29,1865,111
29,1743,354
29,1628,600
29,1445,356
29,1670,479
29,1786,408
29,1777,387
29,1821,436
29,1787,311
29,1779,301
29,1787,202
30,478,791
30,912,759
30,752,769
30,841,557
30,746,794
30,690,790
30,409,797
30,507,765
30,400,539
30,435,539
30,406,563
30,267,541
30,248,542
30,33,596
30,213,521
30,198,549
30,195,539
30,122,518
30,121,507
30,156,562
30,82,567
30,35,550
30,167,584
30,163,627
30,235,593
30,225,601
30,258,604
30,383,604
30,221,577
30,495,617
30,534,591
30,548,597
30,541,619
30,761,569
30,583,616
30,497,592
30,756,627
30,276,453
30,186,379
30,381,423
30,414,368
30,542,361
30,659,344
30,175,336
30,799,543
30,801,563
30,33,424
30,687,567
30,860,370
30,941,360
30,257,486
30,1041,439
30,938,532
30,973,547
30,633,423
30,760,509
30,669,433
30,713,465
30,270,509
30,1090,517
30,372,485
30,423,505
30,373,508
30,709,434
30,1159,551
30,1020,540
30,1028,522
30,814,608
30,845,598
30,830,565
30,625,463
30,665,475
30,609,448
30,913,600
30,941,580
30,940,611
30,966,623
30,1007,624
30,1125,583
30,733,484
30,1027,578
30,866,565
30,877,553
30,829,535
30,1412,558
30,830,583
30,1331,544
30,769,467
30,772,491
30,898,562
30,1113,627
30,1134,626
30,1150,629
30,937,455
30,1670,684
30,931,480
30,1255,500
30,970,465
30,966,488
30,1009,469
30,1006,485
30,1449,516
30,1286,590
30,1079,564
30,1320,580
30,1330,565
30,1358,593
30,1483,510
30,1496,560
30,1478,486
30,1489,520
30,1474,534
30,1398,584
30,1381,612
30,1368,612
30,1397,595
30,1512,527
30,1501,542
30,1350,593
30,1521,523
30,1568,581
30,1680,587
30,1393,575
30,1339,591
30,1490,580
30,1479,568
30,1470,605
30,1286,524
30,1571,569
30,1659,351
30,1673,339
30,1788,617
30,1757,489
30,1167,587
30,1238,470
30,1111,476
30,1338,428
30,1148,367
30,1219,444
30,1329,353
30,629,372
30,870,336
30,911,333
30,1513,677
30,1573,654
30,1540,628
30,1770,607
30,1803,543
30,1746,292
30,1823,581
30,1810,589
30,1810,643
30,1726,523
30,1913,557
30,1633,706
30,1805,560
30,1626,734
30,1911,753
30,1918,749
30,1911,764
30,1910,738
30,1878,721
30,1775,703
30,1800,706
30,1490,587
30,1698,678
30,1683,634
30,1731,638
30,1873,687
30,1728,308
30,1702,716
30,1722,718
30,1853,584
30,1881,793
30,1876,813
30,1531,738
30,1716,435
30,1843,533
30,1656,496
30,1884,588
30,1757,562
30,1696,574
30,1839,769
30,1812,702
30,1806,680
30,1847,651
30,1749,745
30,1757,764
30,1632,540
30,1611,531
30,1702,408
30,1896,379
30,1732,467
30,1914,331
30,1829,497
30,1906,412
30,1888,272
30,1744,408
30,1729,406
30,1769,325
30,1758,309
30,1620,591
30,1358,468
30,1358,488
30,1412,503
30,1449,482
30,1581,422
30,1887,122
30,1892,134
30,1903,165
30,1914,160
30,1913,188
30,1915,80
30,1784,359
30,1809,276
30,1811,290
30,1880,149
30,1854,273
30,1881,351
30,1875,337
30,1689,303
30,1858,352
30,1888,489
30,1863,369
30,1671,445
30,1916,267
30,1890,169
30,1867,386
30,1839,204
30,1825,177
30,1839,132
30,1867,124
30,1742,355
30,1637,619
30,1433,358
30,1677,485
30,1787,422
30,1783,396
30,1832,449
30,1789,325
30,1782,309
30,1791,190
30,303,785
