1,67,555
1,148,579
1,156,550
1,161,537
1,174,523
1,66,483
1,158,609
1,198,603
1,186,593
1,180,607
1,244,588
1,196,542
1,185,563
1,194,575
1,258,572
1,203,560
1,240,558
1,244,546
1,276,559
1,273,538
1,227,518
1,7,581
1,257,481
1,270,475
1,345,372
1,495,409
1,199,389
1,518,440
1,534,437
1,709,368
1,722,396
1,741,354
1,775,399
1,314,444
1,318,456
1,364,440
1,299,564
1,362,567
1,415,533
1,437,556
1,507,527
1,389,600
1,534,558
1,468,585
1,512,577
1,551,604
1,595,606
1,618,607
1,493,598
1,498,606
1,595,524
1,473,620
1,454,618
1,607,505
1,631,538
1,659,507
1,643,479
1,732,533
1,740,551
1,756,592
1,773,559
1,822,570
1,779,607
1,797,629
1,824,553
1,789,514
1,842,582
1,831,603
1,827,621
1,837,632
1,879,601
1,839,497
1,855,496
1,911,512
1,1004,549
1,1043,514
1,1017,589
1,1096,527
1,1084,595
1,1144,530
1,974,507
1,960,502
1,1210,552
1,1108,599
1,1060,577
1,1047,634
1,771,665
1,1146,612
1,1136,616
1,1095,616
1,835,408
1,820,392
1,864,344
1,865,366
1,864,382
1,957,396
1,912,424
1,914,448
1,1080,399
1,1095,388
1,1003,415
1,1205,435
1,1080,478
1,1192,383
1,1209,394
1,1234,427
1,1320,392
1,1338,404
1,1339,388
1,1179,601
1,1232,603
1,1237,579
1,1262,586
1,1300,563
1,1337,553
1,1304,519
1,1474,566
1,1350,569
1,1333,567
1,1434,526
1,1430,513
1,1350,457
1,1340,441
1,1458,488
1,1416,492
1,1413,588
1,1407,616
1,1516,503
1,1513,491
1,1549,513
1,1572,533
1,1572,546
1,1594,523
1,1644,531
1,1698,531
1,1659,564
1,1634,582
1,1772,543
1,1770,561
1,1782,577
1,1789,595
1,1646,611
1,1627,600
1,1655,623
1,1634,631
1,1603,625
1,1465,373
1,1386,383
1,1420,632
1,1438,647
1,1394,635
1,1379,640
1,1313,635
1,1862,372
1,1917,393
1,1866,520
1,1873,549
1,1915,547
1,1909,578
1,1750,406
1,1704,457
1,1778,453
1,1744,452
1,1808,466
1,1765,642
1,1798,405
1,1714,770
1,1160,803
1,1089,807
1,925,802
1,858,824
1,865,844
1,851,836
1,824,818
1,773,809
1,750,823
1,278,814
2,78,551
2,154,577
2,165,550
2,173,540
2,183,528
2,75,474
2,154,610
2,200,604
2,179,595
2,182,609
2,246,589
2,209,545
2,195,562
2,201,577
2,274,575
2,213,561
2,252,560
2,257,548
2,287,558
2,287,538
2,220,519
2,18,584
2,258,482
2,271,476
2,343,373
2,496,410
2,196,391
2,520,431
2,540,429
2,717,386
2,737,399
2,727,354
2,789,400
2,316,445
2,320,457
2,367,442
2,310,564
2,377,568
2,430,534
2,456,556
2,497,522
2,390,601
2,551,563
2,461,590
2,512,579
2,554,606
2,595,605
2,619,607
2,494,600
2,500,607
2,602,523
2,475,621
2,456,621
2,612,507
2,637,538
2,666,509
2,645,480
2,739,533
2,746,551
2,746,596
2,791,555
2,832,569
2,779,606
2,798,628
2,834,553
2,796,515
2,851,584
2,825,605
2,826,621
2,837,631
2,878,604
2,845,498
2,862,497
2,919,511
2,992,551
2,1053,514
2,1014,587
2,1103,532
2,1088,592
2,1154,526
2,981,510
2,967,504
2,1226,552
2,1108,598
2,1053,581
2,1048,635
2,772,668
2,1146,612
2,1134,616
2,1094,617
2,845,406
2,832,391
2,865,346
2,873,364
2,873,381
2,959,398
2,911,424
2,916,448
2,1070,392
2,1114,384
2,1011,413
2,1201,424
2,1085,479
2,1196,385
2,1213,397
2,1236,427
2,1324,394
2,1341,403
2,1346,387
2,1183,602
2,1224,602
2,1246,581
2,1273,588
2,1311,567
2,1346,554
2,1316,521
2,1489,570
2,1361,570
2,1346,569
2,1451,531
2,1448,519
2,1349,457
2,1343,442
2,1451,485
2,1403,493
2,1404,588
2,1408,615
2,1503,504
2,1502,493
2,1559,511
2,1579,536
2,1579,549
2,1602,522
2,1653,532
2,1710,531
2,1668,563
2,1645,583
2,1788,542
2,1787,558
2,1776,580
2,1780,596
2,1647,612
2,1628,601
2,1658,624
2,1633,630
2,1596,623
2,1476,373
2,1394,382
2,1419,631
2,1438,647
2,1394,634
2,1382,642
2,1315,643
2,1879,371
2,1916,393
2,1886,514
2,1888,541
2,1908,551
2,1901,579
2,1740,412
2,1706,458
2,1779,455
2,1746,449
2,1808,464
2,1764,642
2,1797,405
2,1713,769
2,1152,804
2,1090,807
2,916,803
2,851,823
2,872,840
2,858,834
2,815,818
2,765,809
2,757,825
2,267,816
3,89,547
3,161,576
3,174,551
3,185,543
3,193,533
3,85,465
3,150,611
3,203,605
3,172,598
3,185,612
3,249,591
3,223,548
3,205,562
3,209,579
3,290,578
3,224,563
3,264,563
3,270,550
3,298,557
3,302,539
3,214,520
3,29,588
3,7,634
3,259,484
3,273,477
3,497,412
3,194,394
3,522,422
3,547,421
3,726,404
3,753,403
3,713,355
3,804,401
3,319,447
3,322,459
3,371,444
3,322,565
3,392,569
3,446,535
3,476,556
3,487,517
3,392,602
3,325,517
3,568,568
3,455,595
3,513,581
3,557,608
3,595,605
3,621,608
3,496,603
3,503,609
3,609,523
3,478,623
3,458,624
3,617,510
3,643,539
3,674,511
3,648,481
3,747,534
3,752,552
3,736,600
3,809,552
3,842,569
3,779,606
3,799,628
3,845,553
3,803,516
3,861,586
3,819,607
3,826,621
3,837,631
3,877,607
3,851,499
3,870,499
3,928,510
3,980,553
3,1063,514
3,1011,586
3,1110,537
3,1092,590
3,1164,523
3,988,514
3,975,507
3,1243,552
3,1108,598
3,1046,585
3,1050,637
3,915,660
3,774,671
3,1147,612
3,1133,616
3,1093,619
3,856,405
3,845,390
3,866,349
3,961,401
3,911,425
3,918,449
3,1134,380
3,1019,411
3,1198,414
3,1091,480
3,1201,388
3,1217,401
3,1238,428
3,1328,396
3,1345,403
3,1353,387
3,1187,603
3,1217,602
3,1255,583
3,1285,590
3,1323,571
3,1356,555
3,1328,523
3,1505,574
3,1373,571
3,1360,571
3,1469,537
3,1467,525
3,1348,457
3,1347,444
3,1444,483
3,1391,494
3,1396,588
3,1409,615
3,1491,506
3,1491,496
3,1570,509
3,1587,540
3,1587,553
3,1611,521
3,1663,533
3,1723,531
3,1677,562
3,1656,584
3,1805,541
3,1805,556
3,1771,583
3,1771,598
3,1648,614
3,1629,603
3,1661,626
3,1633,629
3,1589,621
3,1488,373
3,1403,382
3,1419,631
3,1439,648
3,1395,634
3,1386,644
3,1318,652
3,1897,370
3,1773,371
3,1906,509
3,1902,555
3,1893,580
3,1912,575
3,1730,418
3,1709,460
3,1781,457
3,1748,447
3,1808,463
3,1763,642
3,1797,406
3,1713,769
3,1145,806
3,1092,807
3,908,804
3,844,822
3,879,837
3,866,833
3,806,819
3,757,810
3,764,827
3,740,823
3,256,819
4,99,543
4,169,576
4,181,552
4,195,544
4,202,536
4,88,454
4,145,616
4,203,606
4,162,599
4,183,609
4,250,591
4,233,546
4,213,562
4,216,576
4,305,579
4,234,563
4,275,562
4,279,548
4,307,556
4,312,539
4,203,519
4,37,591
4,7,636
4,259,484
4,273,476
4,498,412
4,186,398
4,525,413
4,544,412
4,741,410
4,764,403
4,705,356
4,817,400
4,319,445
4,322,459
4,371,444
4,333,565
4,405,565
4,456,533
4,493,554
4,475,509
4,391,600
4,321,519
4,584,570
4,445,598
4,513,580
4,555,606
4,595,605
4,622,608
4,496,601
4,504,609
4,615,524
4,478,624
4,459,622
4,621,509
4,651,539
4,682,510
4,647,480
4,753,534
4,759,551
4,726,602
4,822,546
4,850,569
4,778,605
4,798,628
4,852,553
4,809,515
4,869,584
4,810,604
4,826,622
4,837,631
4,876,606
4,856,497
4,874,497
4,931,509
4,966,550
4,1069,513
4,1004,585
4,1116,535
4,1087,588
4,1169,518
4,994,515
4,979,508
4,1258,550
4,1106,587
4,1034,586
4,1049,635
4,915,660
4,773,669
4,1147,612
4,1134,614
4,1092,619
4,866,403
4,854,388
4,860,350
4,961,401
4,909,424
4,919,448
4,1140,380
4,1027,411
4,1194,405
4,1098,481
4,1206,388
4,1218,402
4,1234,430
4,1332,393
4,1350,401
4,1355,386
4,1186,602
4,1209,596
4,1261,586
4,1292,592
4,1333,571
4,1367,554
4,1333,522
4,1518,573
4,1383,570
4,1370,569
4,1484,540
4,1484,528
4,1347,457
4,1344,443
4,1437,483
4,1376,493
4,1385,588
4,1408,614
4,1476,507
4,1475,496
4,1578,502
4,1592,538
4,1592,552
4,1612,521
4,1667,530
4,1729,526
4,1683,556
4,1666,584
4,1819,536
4,1819,550
4,1762,578
4,1761,596
4,1646,613
4,1627,601
4,1659,624
4,1633,628
4,1575,613
4,1502,372
4,1402,381
4,1419,631
4,1439,649
4,1395,633
4,1385,643
4,1315,651
4,1904,368
4,1790,371
4,1911,507
4,1891,555
4,1882,580
4,1902,578
4,1719,422
4,1708,459
4,1780,457
4,1745,445
4,1809,462
4,1762,642
4,1796,407
4,1713,769
4,1136,805
4,1092,805
4,897,804
4,832,828
4,886,836
4,870,830
4,796,815
4,749,807
4,770,824
4,745,822
4,241,817
5,110,539
5,178,577
5,189,553
5,205,546
5,212,539
5,140,621
5,203,608
5,153,600
5,181,607
5,251,591
5,243,545
5,222,563
5,224,573
5,320,581
5,245,564
5,287,562
5,288,546
5,317,556
5,322,539
5,193,519
5,45,594
5,7,638
5,259,484
5,274,476
5,499,412
5,361,395
5,529,405
5,542,403
5,756,417
5,775,403
5,830,400
5,319,444
5,323,459
5,371,444
5,345,565
5,418,561
5,467,531
5,511,553
5,463,501
5,391,599
5,317,521
5,600,572
5,436,601
5,514,580
5,553,605
5,595,604
5,623,608
5,497,600
5,506,609
5,622,526
5,478,625
5,460,621
5,626,508
5,660,539
5,690,509
5,647,479
5,759,535
5,766,551
5,717,604
5,836,541
5,859,570
5,778,605
5,798,628
5,859,554
5,815,515
5,877,583
5,802,601
5,826,622
5,837,630
5,876,606
5,861,496
5,879,496
5,935,509
5,952,547
5,1075,513
5,997,585
5,1123,534
5,1083,586
5,1174,514
5,1001,516
5,984,509
5,1273,549
5,1104,577
5,1022,587
5,1049,634
5,915,660
5,773,668
5,1148,613
5,1135,613
5,1091,619
5,877,402
5,863,386
5,855,352
5,962,402
5,908,424
5,920,447
5,1036,412
5,1191,397
5,1105,483
5,1212,389
5,1219,404
5,1231,433
5,1336,390
5,1355,399
5,1357,385
5,1186,601
5,1202,590
5,1268,590
5,1299,595
5,1343,571
5,1378,553
5,1339,521
5,1532,573
5,1393,569
5,1380,568
5,1500,543
5,1501,531
5,1346,457
5,1342,443
5,1430,483
5,1361,493
5,1375,589
5,1407,613
5,1462,508
5,1460,497
5,1586,495
5,1598,537
5,1598,551
5,1613,522
5,1672,527
5,1735,522
5,1689,551
5,1676,584
5,1834,531
5,1833,544
5,1753,573
5,1752,594
5,1644,613
5,1625,600
5,1657,623
5,1633,628
5,1562,605
5,1516,372
5,1401,380
5,1418,631
5,1440,649
5,1396,633
5,1384,643
5,1313,650
5,1807,372
5,1880,556
5,1871,580
5,1892,581
5,1916,562
5,1709,427
5,1707,458
5,1779,458
5,1742,443
5,1809,461
5,1761,642
5,1796,408
5,1713,768
5,1494,791
5,1527,767
5,1127,804
5,1092,804
5,887,805
5,1036,808
5,821,835
5,894,836
5,874,828
5,786,812
5,741,804
5,777,821
5,750,821
5,227,815
6,118,535
6,187,578
6,197,552
6,214,546
6,221,538
6,133,620
6,202,609
6,140,602
6,179,605
6,246,594
6,251,543
6,230,561
6,230,573
6,332,578
6,252,565
6,300,561
6,301,546
6,329,556
6,332,537
6,179,517
6,52,594
6,7,640
6,259,484
6,273,475
6,496,412
6,342,402
6,526,398
6,537,391
6,771,421
6,786,403
6,838,395
6,319,443
6,323,457
6,371,442
6,355,565
6,430,557
6,474,529
6,528,554
6,450,498
6,391,599
6,311,522
6,617,572
6,426,597
6,513,579
6,554,604
6,595,604
6,622,607
6,496,599
6,505,609
6,626,526
6,477,625
6,459,620
6,630,509
6,664,538
6,694,507
6,645,478
6,764,532
6,772,549
6,702,604
6,851,536
6,866,569
6,777,604
6,796,627
6,866,554
6,818,516
6,883,583
6,794,596
6,826,622
6,837,630
6,875,605
6,866,495
6,886,495
6,944,508
6,941,545
6,1080,513
6,989,582
6,1128,535
6,1080,586
6,1177,514
6,1005,517
6,991,510
6,1286,549
6,1099,573
6,1012,586
6,1048,631
6,915,660
6,774,667
6,1147,611
6,1134,613
6,1088,619
6,885,398
6,872,385
6,850,349
6,972,406
6,907,423
6,921,448
6,1041,412
6,1191,390
6,1114,480
6,1212,390
6,1219,406
6,1226,435
6,1340,388
6,1357,395
6,1358,382
6,1186,600
6,1188,584
6,1275,592
6,1305,594
6,1354,571
6,1388,551
6,1346,522
6,1545,574
6,1402,569
6,1388,567
6,1513,546
6,1515,533
6,1345,457
6,1340,442
6,1423,481
6,1342,494
6,1363,588
6,1406,611
6,1447,506
6,1445,497
6,1595,494
6,1603,539
6,1604,552
6,1614,521
6,1675,528
6,1744,519
6,1696,549
6,1686,585
6,1846,526
6,1845,539
6,1745,573
6,1740,590
6,1642,611
6,1621,597
6,1657,621
6,1633,626
6,1544,603
6,1524,372
6,1400,380
6,1418,631
6,1440,650
6,1395,632
6,1382,642
6,1312,649
6,1824,371
6,1869,557
6,1860,579
6,1883,582
6,1906,562
6,1699,432
6,1705,457
6,1777,458
6,1741,443
6,1809,460
6,1760,642
6,1795,408
6,1713,768
6,1510,791
6,1526,766
6,1119,804
6,1091,804
6,877,807
6,1045,806
6,812,844
6,899,836
6,882,825
6,775,806
6,744,800
6,781,823
6,758,818
6,214,815
7,126,532
7,197,579
7,205,552
7,223,547
7,230,538
7,126,619
7,201,610
7,128,604
7,177,604
7,242,597
7,259,542
7,238,560
7,236,574
7,345,575
7,259,566
7,313,560
7,315,546
7,342,556
7,342,535
7,166,516
7,60,595
7,7,642
7,260,485
7,273,474
7,494,412
7,323,409
7,524,391
7,533,380
7,787,425
7,797,404
7,846,390
7,319,443
7,323,456
7,372,441
7,366,565
7,443,554
7,481,528
7,545,555
7,437,496
7,391,599
7,305,524
7,634,573
7,417,593
7,512,579
7,556,603
7,595,604
7,622,607
7,496,599
7,505,609
7,631,526
7,476,625
7,459,620
7,635,511
7,669,538
7,699,505
7,644,478
7,769,530
7,779,547
7,688,604
7,867,531
7,874,569
7,777,603
7,795,626
7,874,554
7,822,517
7,889,584
7,786,592
7,826,623
7,837,630
7,874,605
7,872,495
7,893,494
7,954,508
7,930,544
7,1085,514
7,981,579
7,1134,537
7,1078,586
7,1181,514
7,1009,518
7,998,511
7,1299,549
7,1095,570
7,1003,586
7,1047,629
7,915,660
7,775,666
7,1147,609
7,1134,614
7,1085,619
7,893,395
7,882,384
7,845,347
7,710,383
7,982,411
7,907,423
7,923,449
7,1047,412
7,1123,478
7,1213,392
7,1219,409
7,1222,437
7,1345,386
7,1360,391
7,1187,600
7,1175,579
7,1283,594
7,1312,594
7,1365,572
7,1398,550
7,1353,523
7,1559,575
7,1411,569
7,1397,566
7,1527,550
7,1530,536
7,1344,457
7,1339,441
7,1417,480
7,1323,495
7,1351,588
7,1405,610
7,1433,505
7,1431,497
7,1604,494
7,1608,541
7,1610,553
7,1615,520
7,1678,529
7,1754,517
7,1704,547
7,1696,586
7,1859,521
7,1858,535
7,1737,573
7,1728,586
7,1641,610
7,1618,594
7,1658,619
7,1633,625
7,1527,602
7,1532,373
7,1399,381
7,1418,631
7,1441,651
7,1395,632
7,1381,642
7,1312,649
7,1842,370
7,1858,559
7,1850,579
7,1875,584
7,1896,563
7,1690,437
7,1703,457
7,1775,459
7,1741,444
7,1810,459
7,1760,643
7,1795,408
7,1713,768
7,1527,792
7,1525,766
7,1112,804
7,1090,804
7,868,809
7,1055,805
7,905,836
7,890,822
7,765,801
7,748,796
7,785,825
7,766,816
7,739,820
7,201,815
8,136,532
8,199,582
8,214,553
8,230,547
8,238,539
8,117,622
8,196,610
8,118,606
8,174,608
8,242,601
8,267,546
8,246,561
8,242,574
8,358,571
8,269,565
8,325,558
8,328,544
8,351,555
8,352,534
8,155,516
8,63,598
8,10,643
8,261,483
8,273,475
8,495,412
8,301,416
8,521,384
8,529,376
8,804,435
8,807,405
8,853,389
8,318,443
8,321,456
8,372,441
8,380,562
8,457,552
8,487,525
8,561,557
8,424,497
8,391,600
8,298,524
8,649,573
8,407,590
8,510,578
8,553,604
8,594,603
8,621,607
8,496,598
8,504,609
8,636,527
8,477,624
8,460,616
8,640,509
8,678,538
8,703,506
8,644,478
8,776,531
8,782,549
8,677,599
8,881,529
8,880,570
8,777,603
8,794,625
8,882,556
8,827,517
8,896,581
8,778,589
8,824,624
8,836,630
8,874,606
8,879,494
8,896,495
8,953,507
8,919,544
8,1088,513
8,974,578
8,1138,538
8,1078,586
8,1184,511
8,1014,518
8,1002,512
8,1313,551
8,1088,568
8,995,586
8,1046,629
8,915,660
8,775,664
8,1146,609
8,1133,612
8,1076,632
8,903,394
8,891,388
8,836,349
8,726,387
8,990,416
8,907,423
8,921,449
8,1054,409
8,1129,480
8,1213,393
8,1217,407
8,1216,437
8,1347,384
8,1363,389
8,1186,600
8,1166,579
8,1290,595
8,1318,600
8,1377,573
8,1408,549
8,1358,523
8,1572,575
8,1420,570
8,1407,566
8,1538,552
8,1542,539
8,1345,457
8,1338,441
8,1416,478
8,1309,498
8,1341,585
8,1403,611
8,1420,506
8,1420,497
8,1613,493
8,1613,539
8,1614,552
8,1614,520
8,1680,530
8,1762,516
8,1708,542
8,1702,592
8,1874,518
8,1871,533
8,1726,571
8,1719,582
8,1635,609
8,1614,598
8,1653,617
8,1633,623
8,1512,602
8,1545,374
8,1397,382
8,1417,632
8,1439,650
8,1393,632
8,1379,641
8,1311,648
8,1855,368
8,1847,558
8,1839,576
8,1863,585
8,1885,563
8,1685,444
8,1702,456
8,1772,458
8,1738,444
8,1808,460
8,1759,642
8,1793,407
8,1712,767
8,1535,791
8,1525,766
8,1108,805
8,1088,804
8,859,808
8,1062,807
8,910,835
8,899,820
8,759,799
8,743,795
8,791,824
8,771,814
8,744,821
8,189,816
9,147,532
9,211,588
9,224,555
9,238,548
9,246,541
9,108,625
9,191,611
9,108,608
9,171,612
9,242,606
9,276,550
9,255,562
9,249,574
9,372,568
9,279,564
9,337,557
9,342,543
9,360,554
9,362,534
9,144,516
9,67,601
9,14,644
9,263,481
9,273,476
9,496,412
9,279,423
9,821,445
9,817,407
9,861,388
9,318,443
9,320,457
9,373,442
9,395,560
9,472,550
9,493,523
9,577,560
9,411,499
9,391,601
9,292,524
9,665,574
9,398,588
9,509,577
9,551,605
9,594,603
9,620,607
9,497,598
9,504,609
9,641,528
9,478,624
9,458,615
9,646,508
9,688,539
9,707,508
9,644,479
9,784,532
9,786,551
9,667,595
9,896,528
9,886,571
9,777,604
9,794,625
9,890,558
9,832,518
9,903,578
9,770,587
9,823,625
9,836,631
9,874,607
9,886,494
9,900,496
9,952,507
9,909,544
9,1092,513
9,968,578
9,1142,539
9,1078,587
9,1187,508
9,1020,518
9,1006,513
9,1327,553
9,1082,567
9,987,586
9,1046,629
9,915,661
9,775,663
9,1145,610
9,1132,611
9,1068,646
9,914,394
9,900,392
9,828,352
9,742,391
9,998,422
9,907,423
9,920,449
9,1061,406
9,1136,482
9,1213,394
9,1215,406
9,1211,437
9,1349,383
9,1366,388
9,1185,601
9,1158,579
9,1297,596
9,1325,606
9,1389,575
9,1419,548
9,1363,523
9,1586,576
9,1429,571
9,1417,567
9,1550,554
9,1554,543
9,1346,458
9,1338,441
9,1415,477
9,1296,502
9,1332,582
9,1401,612
9,1407,508
9,1409,498
9,1622,493
9,1619,538
9,1618,551
9,1614,520
9,1682,531
9,1770,516
9,1712,537
9,1709,598
9,1889,516
9,1885,532
9,1715,569
9,1711,578
9,1630,608
9,1610,602
9,1649,615
9,1634,622
9,1497,602
9,1559,375
9,1396,383
9,1416,633
9,1437,650
9,1392,633
9,1378,640
9,1311,647
9,1868,367
9,1837,558
9,1827,579
9,1852,587
9,1875,564
9,1903,556
9,1680,451
9,1701,456
9,1770,457
9,1736,444
9,1807,462
9,1759,642
9,1792,407
9,1712,767
9,1544,790
9,1524,765
9,1105,807
9,1087,804
9,850,807
9,1069,810
9,916,834
9,909,819
9,754,797
9,738,795
9,798,824
9,776,813
9,750,822
9,178,817
10,155,529
10,216,583
10,231,557
10,243,550
10,252,542
10,100,626
10,185,615
10,102,611
10,168,611
10,239,610
10,285,549
10,263,565
10,257,576
10,383,565
10,289,564
10,347,557
10,356,540
10,370,551
10,369,529
10,130,520
10,68,599
10,21,647
10,261,481
10,272,475
10,496,411
10,256,429
10,830,455
10,827,405
10,869,387
10,316,442
10,319,456
10,371,440
10,404,556
10,484,547
10,499,524
10,594,562
10,398,500
10,390,601
10,284,525
10,680,572
10,392,584
10,499,576
10,551,604
10,593,603
10,619,605
10,496,598
10,502,609
10,646,529
10,478,621
10,456,615
10,652,508
10,693,539
10,711,508
10,643,478
10,790,530
10,792,549
10,656,593
10,912,528
10,890,570
10,776,603
10,794,625
10,896,557
10,836,516
10,910,581
10,761,586
10,822,624
10,836,631
10,872,606
10,890,493
10,904,494
10,958,506
10,894,544
10,1096,513
10,965,578
10,1145,540
10,1077,586
10,1186,506
10,1026,519
10,1011,514
10,1342,555
10,1076,565
10,980,587
10,1045,627
10,914,659
10,773,663
10,1144,611
10,1132,611
10,1064,653
10,923,395
10,908,391
10,822,353
10,755,394
10,1003,423
10,904,421
10,919,449
10,1068,404
10,1143,479
10,1212,394
10,1216,405
10,1212,438
10,1350,381
10,1367,385
10,1184,600
10,1147,576
10,1304,598
10,1333,605
10,1399,578
10,1428,548
10,1372,523
10,1599,578
10,1437,570
10,1425,568
10,1561,559
10,1565,548
10,1345,458
10,1337,441
10,1415,477
10,1282,504
10,1321,577
10,1400,611
10,1389,505
10,1391,496
10,1632,492
10,1623,537
10,1624,552
10,1614,519
10,1682,530
10,1779,516
10,1718,535
10,1719,601
10,1901,516
10,1898,532
10,1706,568
10,1702,578
10,1624,610
10,1602,602
10,1647,613
10,1631,622
10,1495,603
10,1568,376
10,1395,382
10,1416,632
10,1434,644
10,1391,632
10,1377,639
10,1311,647
10,1885,367
10,1826,556
10,1815,583
10,1842,585
10,1865,566
10,1894,551
10,1680,455
10,1701,455
10,1771,455
10,1736,443
10,1804,461
10,1758,641
10,1790,407
10,1711,766
10,1560,789
10,1523,765
10,1102,809
10,1089,801
10,843,806
10,1073,808
10,921,836
10,919,815
10,749,801
10,730,796
10,805,827
10,779,815
10,756,823
10,163,816
10,267,810
11,164,526
11,221,578
11,238,559
11,249,552
11,258,543
11,92,627
11,179,619
11,97,614
11,165,611
11,237,615
11,294,548
11,271,568
11,266,578
11,394,563
11,299,565
11,357,557
11,371,538
11,380,548
11,377,524
11,116,524
11,70,598
11,28,651
11,259,482
11,271,475
11,496,411
11,234,436
11,840,466
11,838,404
11,878,386
11,314,442
11,319,456
11,370,438
11,414,553
11,497,545
11,505,526
11,611,564
11,386,501
11,390,602
11,276,527
11,695,570
11,386,581
11,489,575
11,552,604
11,592,603
11,619,603
11,496,599
11,500,609
11,651,531
11,478,619
11,456,614
11,659,508
11,703,537
11,715,508
11,643,478
11,796,529
11,798,548
11,646,592
11,929,529
11,895,570
11,776,602
11,795,626
11,902,556
11,840,514
11,917,585
11,753,586
11,822,624
11,836,631
11,870,606
11,895,493
11,908,492
11,965,505
11,880,544
11,1100,514
11,962,579
11,1148,541
11,1076,586
11,1186,505
11,1032,521
11,1017,515
11,1357,557
11,1071,563
11,973,589
11,1044,626
11,913,658
11,771,663
11,1143,612
11,1132,611
11,933,397
11,916,390
11,817,355
11,769,398
11,858,340
11,1009,425
11,902,419
11,918,449
11,1076,403
11,1151,477
11,1212,394
11,1217,405
11,1214,440
11,1352,379
11,1369,383
11,1184,600
11,1136,574
11,1311,600
11,1342,604
11,1410,582
11,1438,548
11,1381,523
11,1613,581
11,1445,570
11,1434,569
11,1572,565
11,1577,553
11,1344,458
11,1337,441
11,1416,478
11,1268,506
11,1311,572
11,1400,611
11,1372,503
11,1373,494
11,1642,491
11,1628,537
11,1631,553
11,1614,519
11,1682,530
11,1789,516
11,1725,534
11,1730,605
11,1698,568
11,1693,579
11,1619,613
11,1594,602
11,1646,611
11,1628,623
11,1493,604
11,1577,378
11,1394,382
11,1478,376
11,1229,378
11,1416,632
11,1432,638
11,1390,632
11,1377,639
11,1311,647
11,1903,368
11,1816,555
11,1804,581
11,1832,584
11,1856,568
11,1886,546
11,1680,460
11,1701,454
11,1772,454
11,1736,443
11,1802,461
11,1758,641
11,1789,407
11,1711,766
11,1577,788
11,1523,765
11,1100,811
11,1091,799
11,836,806
11,1077,807
11,927,839
11,930,811
11,745,805
11,723,798
11,812,830
11,782,817
11,762,824
11,735,832
11,679,800
11,148,816
11,261,813
12,173,527
12,226,576
12,245,560
12,258,553
12,266,544
12,84,628
12,172,621
12,87,615
12,159,610
12,236,618
12,305,547
12,282,570
12,273,579
12,404,559
12,309,564
12,368,555
12,384,537
12,388,548
12,387,520
12,105,528
12,71,594
12,39,651
12,260,482
12,272,474
12,495,411
12,214,441
12,856,476
12,850,402
12,888,387
12,315,441
12,320,455
12,369,437
12,426,551
12,511,544
12,510,524
12,627,563
12,373,503
12,390,601
12,270,525
12,713,570
12,377,580
12,475,576
12,552,603
12,593,603
12,618,602
12,498,594
12,505,606
12,658,526
12,478,618
12,456,614
12,667,504
12,714,535
12,720,509
12,643,478
12,802,529
12,806,549
12,643,587
12,944,531
12,903,570
12,776,602
12,794,624
12,909,557
12,843,512
12,926,585
12,742,588
12,823,623
12,836,630
12,871,605
12,900,492
12,915,492
12,967,505
12,872,550
12,1109,512
12,958,573
12,1154,540
12,1076,584
12,1185,502
12,1038,520
12,1023,516
12,1370,556
12,1064,561
12,972,585
12,1045,627
12,914,656
12,773,663
12,1143,611
12,1132,611
12,947,396
12,927,390
12,816,360
12,782,400
12,846,344
12,1011,431
12,903,419
12,920,448
12,1085,399
12,1161,477
12,1211,394
12,1217,405
12,1214,433
12,1357,380
12,1376,381
12,1184,599
12,1128,573
12,1321,599
12,1349,602
12,1423,584
12,1448,548
12,1390,524
12,1628,583
12,1457,570
12,1446,569
12,1583,570
12,1588,558
12,1345,457
12,1338,439
12,1416,477
12,1255,508
12,1304,568
12,1401,610
12,1360,505
12,1360,496
12,1653,493
12,1636,536
12,1637,551
12,1612,517
12,1682,527
12,1802,514
12,1732,531
12,1742,603
12,1694,566
12,1689,576
12,1614,614
12,1589,602
12,1645,607
12,1627,624
12,1499,606
12,1585,378
12,1398,379
12,1493,380
12,1246,384
12,1416,632
12,1433,637
12,1391,631
12,1378,639
12,1312,647
12,1909,370
12,1809,555
12,1793,580
12,1821,583
12,1848,566
12,1879,544
12,1682,460
12,1702,452
12,1772,454
12,1737,443
12,1804,460
12,1758,640
12,1791,406
12,1710,765
12,1591,786
12,1523,765
12,1082,806
12,1097,799
12,827,805
12,1078,807
12,932,836
12,941,808
12,739,807
12,718,802
12,820,830
12,791,817
12,768,822
12,743,827
12,674,803
12,138,815
12,257,813
13,183,528
13,232,575
13,252,561
13,267,555
13,275,546
13,77,629
13,165,624
13,78,616
13,154,609
13,235,621
13,316,546
13,294,572
13,281,581
13,415,556
13,319,563
13,379,553
13,397,536
13,397,548
13,398,517
13,94,533
13,73,591
13,50,651
13,261,482
13,273,473
13,494,411
13,195,447
13,345,382
13,873,487
13,862,400
13,898,388
13,316,441
13,321,455
13,368,437
13,439,549
13,525,544
13,515,523
13,643,562
13,361,505
13,391,601
13,265,523
13,731,571
13,368,579
13,462,577
13,553,602
13,594,604
13,617,601
13,500,590
13,511,604
13,666,522
13,478,617
13,456,616
13,675,501
13,718,533
13,725,511
13,644,478
13,808,529
13,814,550
13,640,582
13,960,533
13,912,570
13,777,602
13,794,622
13,916,558
13,846,510
13,935,586
13,731,590
13,824,622
13,836,629
13,872,605
13,906,492
13,923,493
13,970,505
13,864,557
13,1119,511
13,954,567
13,1161,539
13,1077,583
13,1185,499
13,1045,520
13,1029,517
13,1384,556
13,1057,559
13,972,582
13,1047,628
13,915,655
13,775,664
13,1144,611
13,1132,611
13,961,396
13,938,391
13,816,365
13,795,402
13,835,348
13,1013,438
13,904,419
13,922,448
13,1095,396
13,1171,477
13,1210,395
13,1218,406
13,1214,427
13,1362,381
13,1383,380
13,1185,599
13,1121,572
13,1331,598
13,1357,600
13,1436,587
13,1458,548
13,1395,522
13,1643,586
13,1470,571
13,1458,570
13,1594,576
13,1599,564
13,1346,456
13,1339,438
13,1417,476
13,1243,510
13,1298,564
13,1402,609
13,1349,507
13,1347,498
13,1664,496
13,1644,536
13,1643,550
13,1611,515
13,1683,525
13,1816,513
13,1739,528
13,1755,602
13,1691,565
13,1685,574
13,1610,616
13,1585,602
13,1645,604
13,1627,626
13,1594,379
13,1403,377
13,1509,384
13,1263,391
13,1416,632
13,1434,637
13,1392,631
13,1379,639
13,1313,648
13,1802,556
13,1783,579
13,1810,583
13,1841,565
13,1872,543
13,1685,460
13,1704,451
13,1773,454
13,1737,442
13,1807,460
13,1759,639
13,1916,443
13,1794,406
13,1710,765
13,1606,784
13,1523,765
13,1065,802
13,1103,799
13,818,805
13,1080,807
13,953,806
13,829,831
13,800,818
13,775,821
13,752,823
13,669,806
13,128,815
13,254,813
14,192,527
14,231,572
14,261,562
14,274,555
14,284,546
14,69,630
14,156,626
14,70,617
14,149,610
14,236,625
14,326,543
14,299,575
14,288,583
14,428,555
14,329,560
14,387,547
14,409,536
14,408,548
14,409,513
14,86,539
14,74,592
14,60,652
14,261,480
14,272,472
14,494,410
14,171,454
14,318,384
14,887,497
14,874,399
14,908,386
14,315,440
14,320,454
14,369,436
14,451,544
14,538,543
14,524,526
14,661,561
14,344,509
14,391,600
14,258,522
14,744,570
14,358,579
14,449,577
14,552,602
14,595,600
14,620,600
14,504,587
14,513,601
14,672,524
14,477,616
14,456,618
14,681,500
14,722,532
14,729,510
14,644,476
14,814,526
14,818,547
14,628,578
14,973,536
14,918,572
14,776,601
14,794,622
14,921,557
14,849,511
14,942,587
14,718,591
14,823,620
14,836,628
14,872,604
14,911,491
14,927,493
14,974,506
14,852,562
14,1124,511
14,951,563
14,1165,538
14,1074,577
14,1182,497
14,1049,519
14,1034,516
14,1399,556
14,1051,559
14,969,575
14,1041,628
14,915,653
14,774,661
14,1143,609
14,1131,610
14,974,399
14,949,388
14,820,373
14,809,407
14,825,351
14,1016,445
14,905,419
14,923,447
14,1102,393
14,1191,475
14,1212,393
14,1220,405
14,1218,430
14,1365,379
14,1386,379
14,1185,599
14,1112,569
14,1337,597
14,1362,594
14,1446,592
14,1468,549
14,1400,521
14,1657,590
14,1481,569
14,1468,568
14,1602,581
14,1609,570
14,1345,455
14,1340,437
14,1417,475
14,1231,512
14,1290,558
14,1402,608
14,1339,516
14,1334,508
14,1673,495
14,1650,535
14,1649,548
14,1606,512
14,1683,523
14,1829,510
14,1745,524
14,1767,601
14,1689,567
14,1680,572
14,1609,617
14,1579,604
14,1644,604
14,1628,626
14,1607,383
14,1405,377
14,1520,387
14,1281,393
14,1417,632
14,1434,635
14,1393,630
14,1380,639
14,1312,645
14,1794,557
14,1773,579
14,1799,583
14,1831,568
14,1863,537
14,1683,459
14,1703,450
14,1773,454
14,1737,442
14,1807,459
14,1760,635
14,1903,449
14,1793,404
14,1709,768
14,1618,781
14,1523,765
14,1060,802
14,1103,798
14,808,804
14,1082,807
14,960,806
14,838,830
14,807,821
14,782,821
14,758,821
14,653,803
14,115,815
14,251,811
15,201,527
15,230,570
15,270,564
15,282,555
15,293,546
15,61,632
15,147,628
15,63,618
15,144,611
15,237,630
15,336,541
15,305,578
15,296,585
15,441,554
15,340,557
15,396,541
15,422,536
15,419,548
15,421,510
15,78,545
15,75,593
15,71,653
15,6,604
15,261,478
15,271,472
15,495,409
15,148,462
15,291,387
15,902,508
15,886,399
15,918,384
15,314,440
15,320,454
15,370,436
15,464,540
15,552,542
15,533,529
15,679,561
15,327,513
15,392,599
15,252,521
15,758,569
15,348,580
15,437,578
15,551,602
15,597,597
15,624,599
15,508,585
15,515,599
15,679,526
15,477,616
15,456,615
15,687,500
15,729,529
15,733,510
15,644,475
15,820,524
15,822,544
15,616,574
15,986,539
15,925,574
15,776,600
15,795,623
15,926,556
15,853,512
15,950,588
15,705,592
15,823,618
15,837,628
15,873,603
15,917,491
15,931,493
15,979,507
15,841,568
15,1129,511
15,948,560
15,1170,538
15,1072,571
15,1180,496
15,1054,519
15,1039,516
15,1414,557
15,1045,559
15,967,568
15,1035,628
15,915,652
15,774,659
15,1143,607
15,1131,609
15,988,403
15,960,386
15,824,381
15,824,413
15,815,354
15,1019,453
15,906,420
15,924,447
15,1109,391
15,1212,474
15,1215,392
15,1222,404
15,1222,433
15,1369,378
15,1390,378
15,1186,599
15,1103,566
15,1344,596
15,1362,598
15,1456,598
15,1479,550
15,1410,521
15,1672,594
15,1492,568
15,1479,566
15,1611,586
15,1619,577
15,1345,454
15,1341,436
15,1418,475
15,1220,514
15,1282,553
15,1403,608
15,1330,526
15,1322,518
15,1682,495
15,1656,535
15,1656,547
15,1601,510
15,1683,522
15,1843,507
15,1751,520
15,1779,600
15,1688,569
15,1676,571
15,1609,619
15,1573,606
15,1643,604
15,1629,627
15,1663,621
15,1621,387
15,1408,378
15,1532,391
15,1299,396
15,1418,632
15,1434,633
15,1394,630
15,1382,640
15,1312,643
15,1787,558
15,1763,580
15,1788,584
15,1821,571
15,1855,531
15,1682,458
15,1702,449
15,1774,454
15,1738,442
15,1807,459
15,1761,632
15,1891,456
15,1910,409
15,1792,403
15,1709,771
15,1630,778
15,1523,765
15,1639,789
15,1056,802
15,1103,798
15,799,804
15,847,829
15,814,825
15,790,822
15,765,819
15,103,816
15,248,810
16,207,531
16,236,570
16,280,564
16,293,554
16,303,544
16,54,630
16,139,627
16,53,615
16,136,611
16,236,632
16,345,537
16,309,580
16,300,587
16,452,552
16,350,552
16,408,534
16,433,536
16,429,547
16,431,507
16,65,549
16,76,594
16,82,653
16,6,611
16,259,479
16,271,471
16,494,408
16,126,473
16,264,385
16,919,516
16,897,396
16,929,384
16,314,439
16,319,453
16,370,436
16,474,538
16,563,544
16,542,531
16,696,562
16,311,518
16,390,599
16,245,520
16,772,573
16,340,586
16,425,576
16,550,602
16,596,600
16,621,597
16,510,581
16,519,596
16,684,522
16,478,616
16,457,613
16,693,501
16,737,526
16,740,511
16,644,474
16,825,526
16,827,545
16,606,571
16,1001,539
16,928,576
16,776,598
16,794,621
16,930,559
16,856,510
16,955,587
16,693,591
16,823,618
16,836,628
16,872,602
16,922,490
16,937,493
16,985,507
16,832,571
16,1134,510
16,946,556
16,1175,536
16,1066,567
16,1178,490
16,1060,518
16,1045,516
16,1428,557
16,1037,558
16,962,565
16,1030,629
16,914,653
16,773,661
16,1144,607
16,1131,608
16,1001,401
16,973,386
16,830,388
16,834,416
16,803,358
16,1022,458
16,900,417
16,922,445
16,1115,386
16,1216,474
16,1216,391
16,1221,401
16,1223,442
16,1374,378
16,1394,375
16,1185,598
16,1098,569
16,1350,591
16,1363,602
16,1465,598
16,1488,550
16,1421,522
16,1684,598
16,1502,566
16,1490,566
16,1613,590
16,1624,582
16,1346,453
16,1341,435
16,1417,474
16,1212,516
16,1274,550
16,1404,607
16,1321,536
16,1313,527
16,1692,494
16,1660,535
16,1662,548
16,1600,511
16,1682,520
16,1854,505
16,1758,518
16,1789,599
16,1688,569
16,1678,569
16,1602,617
16,1568,604
16,1643,604
16,1629,627
16,1660,620
16,1631,388
16,1412,379
16,1545,395
16,1310,393
16,1419,630
16,1434,633
16,1393,629
16,1382,638
16,1312,643
16,1775,558
16,1753,581
16,1778,585
16,1810,573
16,1849,528
16,1682,458
16,1705,448
16,1774,454
16,1739,441
16,1807,459
16,1761,632
16,1873,464
16,1896,424
16,1792,403
16,1709,774
16,1642,778
16,1524,765
16,1649,789
16,1054,801
16,1103,798
16,788,801
16,858,827
16,821,826
16,795,827
16,772,819
16,94,817
16,248,810
17,214,536
17,242,570
17,290,565
17,305,554
17,314,542
17,48,628
17,132,627
17,43,612
17,129,612
17,235,634
17,354,533
17,313,583
17,304,589
17,464,551
17,360,547
17,420,527
17,444,536
17,439,547
17,442,504
17,52,554
17,78,595
17,93,653
17,7,618
17,257,480
17,272,470
17,493,408
17,105,484
17,238,384
17,937,524
17,908,393
17,941,385
17,314,439
17,319,453
17,370,436
17,485,536
17,575,546
17,551,534
17,713,563
17,296,523
17,389,599
17,239,520
17,786,578
17,332,593
17,413,574
17,550,602
17,595,604
17,619,596
17,513,577
17,523,593
17,689,518
17,480,617
17,455,612
17,699,503
17,739,528
17,747,512
17,644,474
17,830,528
17,832,546
17,597,569
17,1017,539
17,932,578
17,776,597
17,794,620
17,934,563
17,860,509
17,960,587
17,682,591
17,823,618
17,836,628
17,872,602
17,928,489
17,943,493
17,992,508
17,824,574
17,1139,510
17,945,552
17,1180,534
17,1061,564
17,1177,485
17,1066,517
17,1052,516
17,1443,557
17,1029,558
17,957,563
17,1026,631
17,914,654
17,773,663
17,1145,607
17,1131,607
17,1015,400
17,987,387
17,836,395
17,845,420
17,792,362
17,862,336
17,1025,464
17,895,414
17,921,444
17,1122,382
17,1220,475
17,1217,391
17,1220,399
17,1224,452
17,1379,379
17,1398,372
17,1184,597
17,1094,572
17,1357,586
17,1364,605
17,1474,599
17,1498,551
17,1425,521
17,1696,603
17,1513,565
17,1501,566
17,1615,595
17,1629,587
17,1347,452
17,1341,435
17,1416,473
17,1205,519
17,1267,547
17,1405,606
17,1313,546
17,1304,537
17,1703,494
17,1665,536
17,1669,549
17,1600,512
17,1681,518
17,1866,503
17,1766,516
17,1800,598
17,1688,570
17,1681,567
17,1596,616
17,1564,603
17,1642,603
17,1630,627
17,1658,620
17,1641,389
17,1417,380
17,1559,399
17,1322,391
17,1420,629
17,1434,634
17,1393,629
17,1382,637
17,1312,644
17,1763,559
17,1743,581
17,1769,587
17,1800,575
17,1844,525
17,1683,459
17,1708,447
17,1775,454
17,1740,441
17,1807,458
17,1762,632
17,1855,473
17,1883,440
17,1793,403
17,1709,778
17,1654,778
17,1524,765
17,1659,789
17,1052,800
17,1103,799
17,778,799
17,870,825
17,828,828
17,801,833
17,779,819
17,86,818
17,249,811
18,222,536
18,248,565
18,302,562
18,316,550
18,325,538
18,41,629
18,125,629
18,35,613
18,122,611
18,234,628
18,364,531
18,314,584
18,305,588
18,475,549
18,371,544
18,433,525
18,454,537
18,447,546
18,452,505
18,36,557
18,82,591
18,102,653
18,7,627
18,256,480
18,271,470
18,492,408
18,80,491
18,215,385
18,957,529
18,919,392
18,951,385
18,313,438
18,318,452
18,369,435
18,496,535
18,587,545
18,560,538
18,728,565
18,282,524
18,388,598
18,231,520
18,800,583
18,322,598
18,400,573
18,550,601
18,593,602
18,615,595
18,510,576
18,525,590
18,693,519
18,478,617
18,454,611
18,704,504
18,742,531
18,751,510
18,642,474
18,834,528
18,838,547
18,585,570
18,1029,538
18,936,578
18,776,598
18,793,620
18,937,564
18,864,510
18,965,587
18,670,591
18,827,618
18,836,628
18,872,602
18,933,489
18,947,493
18,997,508
18,816,571
18,1140,509
18,939,550
18,1186,535
18,1055,561
18,1175,481
18,1071,517
18,1057,514
18,1456,555
18,1025,560
18,954,558
18,1021,630
18,913,654
18,771,663
18,1145,607
18,1130,608
18,1029,396
18,1001,390
18,838,403
18,853,424
18,783,366
18,854,339
18,1030,468
18,894,415
18,920,443
18,1131,379
18,1218,474
18,1217,392
18,1221,399
18,1225,454
18,1384,376
18,1403,370
18,1184,596
18,1087,573
18,1363,585
18,1365,609
18,1485,598
18,1509,550
18,1430,521
18,1707,605
18,1523,566
18,1511,566
18,1616,601
18,1630,589
18,1346,452
18,1340,434
18,1415,472
18,1197,516
18,1257,545
18,1404,607
18,1303,555
18,1295,546
18,1713,495
18,1671,534
18,1674,547
18,1598,509
18,1683,517
18,1879,502
18,1774,513
18,1809,593
18,1688,570
18,1681,567
18,1589,620
18,1560,604
18,1642,602
18,1630,625
18,1657,617
18,1650,388
18,1419,380
18,1571,401
18,1336,389
18,1420,629
18,1434,633
18,1393,629
18,1380,635
18,1312,643
18,1753,559
18,1734,582
18,1760,587
18,1789,576
18,1842,517
18,1684,459
18,1705,452
18,1774,455
18,1743,441
18,1807,458
18,1762,632
18,1834,478
18,1868,452
18,1794,403
18,1705,778
18,1664,783
18,1524,765
18,1671,791
18,1052,799
18,1104,798
18,768,795
18,880,822
18,834,828
18,808,832
18,782,820
18,77,817
18,249,811
18,165,813
19,231,537
19,255,561
19,315,560
19,327,547
19,337,535
19,35,631
19,118,631
19,27,614
19,115,611
19,234,622
19,375,529
19,315,586
19,306,588
19,487,548
19,383,542
19,446,523
19,464,538
19,456,546
19,463,506
19,21,561
19,86,587
19,112,653
19,7,636
19,6,645
19,255,480
19,271,470
19,492,409
19,56,499
19,193,386
19,977,534
19,930,391
19,962,386
19,313,438
19,318,452
19,368,435
19,507,534
19,599,544
19,570,542
19,743,567
19,269,526
19,387,598
19,223,520
19,814,589
19,312,604
19,387,572
19,550,600
19,592,601
19,612,594
19,507,576
19,528,587
19,698,520
19,476,618
19,455,616
19,709,506
19,745,531
19,756,509
19,641,475
19,839,528
19,845,549
19,574,571
19,1041,538
19,941,579
19,776,599
19,793,620
19,941,565
19,869,511
19,971,587
19,658,592
19,831,618
19,836,629
19,873,603
19,939,490
19,952,493
19,1002,509
19,808,569
19,1142,509
19,933,549
19,1192,536
19,1049,558
19,1174,477
19,1077,517
19,1063,513
19,1470,554
19,1021,562
19,952,554
19,1016,629
19,913,654
19,770,664
19,1145,607
19,1130,609
19,1043,392
19,1015,394
19,840,412
19,861,429
19,774,370
19,846,342
19,854,383
19,1035,472
19,893,417
19,920,443
19,1141,377
19,1216,473
19,1217,394
19,1222,399
19,1226,457
19,1389,373
19,1409,369
19,1184,596
19,1081,574
19,1370,584
19,1364,608
19,1497,597
19,1520,549
19,1439,522
19,1719,608
19,1534,568
19,1521,567
19,1617,607
19,1632,592
19,1345,452
19,1340,434
19,1415,471
19,1190,514
19,1248,544
19,1403,608
19,1293,565
19,1287,556
19,1723,496
19,1677,532
19,1679,545
19,1597,507
19,1685,516
19,1892,501
19,1782,510
19,1818,589
19,1688,570
19,1681,567
19,1582,625
19,1556,606
19,1643,601
19,1630,624
19,1657,614
19,1659,387
19,1422,380
19,1583,404
19,1350,388
19,1420,630
19,1434,633
19,1394,630
19,1379,634
19,1313,643
19,1743,559
19,1725,583
19,1751,587
19,1779,577
19,1840,510
19,1685,460
19,1703,458
19,1773,457
19,1746,442
19,1808,458
19,1763,633
19,1814,484
19,1853,465
19,1794,403
19,1702,778
19,1674,788
19,1524,765
19,1684,794
19,1053,798
19,1105,798
19,758,792
19,890,820
19,841,828
19,815,832
19,786,821
19,249,811
19,141,813
20,237,538
20,260,560
20,329,557
20,337,544
20,347,530
20,28,628
20,110,629
20,19,612
20,108,612
20,236,617
20,388,528
20,314,583
20,305,586
20,501,547
20,394,540
20,459,522
20,473,536
20,466,549
20,472,505
20,15,563
20,94,588
20,122,651
20,10,642
20,6,647
20,256,481
20,271,471
20,493,407
20,35,505
20,183,391
20,995,536
20,941,392
20,976,388
20,313,438
20,319,452
20,368,434
20,519,533
20,615,542
20,582,545
20,760,564
20,254,527
20,389,597
20,216,521
20,827,590
20,299,604
20,381,571
20,550,600
20,592,599
20,612,593
20,506,575
20,527,586
20,705,521
20,476,617
20,456,621
20,714,506
20,748,531
20,762,507
20,642,474
20,843,529
20,850,549
20,563,570
20,1058,540
20,946,580
20,776,599
20,795,617
20,947,564
20,874,509
20,975,586
20,652,597
20,831,618
20,838,629
20,873,602
20,943,490
20,956,493
20,1008,509
20,800,570
20,1148,507
20,927,549
20,1199,534
20,1043,560
20,1175,476
20,1081,516
20,1069,512
20,1487,549
20,1016,562
20,946,551
20,1014,628
20,913,653
20,772,665
20,1144,606
20,1128,608
20,1057,391
20,1027,393
20,843,422
20,870,440
20,759,372
20,833,341
20,842,391
20,1040,472
20,892,417
20,922,443
20,1146,375
20,1214,472
20,1219,392
20,1223,401
20,1227,455
20,1393,373
20,1413,368
20,1185,596
20,1074,576
20,1375,580
20,1363,608
20,1504,593
20,1531,549
20,1449,523
20,1733,607
20,1545,569
20,1534,568
20,1616,613
20,1627,594
20,1345,452
20,1340,434
20,1416,470
20,1183,516
20,1238,545
20,1405,608
20,1280,570
20,1274,561
20,1732,496
20,1682,532
20,1685,546
20,1596,505
20,1683,515
20,1902,501
20,1788,511
20,1830,584
20,1688,567
20,1679,564
20,1579,622
20,1551,601
20,1644,601
20,1631,624
20,1658,614
20,1672,386
20,1429,376
20,1593,412
20,1358,385
20,1420,629
20,1435,632
20,1394,629
20,1378,633
20,1313,642
20,1735,561
20,1716,584
20,1740,587
20,1771,577
20,1835,509
20,1689,458
20,1703,456
20,1774,457
20,1745,448
20,1809,455
20,1763,633
20,1795,486
20,1839,473
20,1795,403
20,1696,776
20,1682,791
20,1524,765
20,1699,796
20,1044,798
20,1105,798
20,751,794
20,901,820
20,851,827
20,825,831
20,795,822
20,249,810
20,118,814
21,243,540
21,265,559
21,343,555
21,348,542
21,357,526
21,21,625
21,103,627
21,102,614
21,239,613
21,401,527
21,313,580
21,305,585
21,515,547
21,406,539
21,472,521
21,482,535
21,476,552
21,482,504
21,102,589
21,132,649
21,14,649
21,6,650
21,258,483
21,272,473
21,495,406
21,215,360
21,1014,539
21,953,394
21,990,390
21,313,439
21,320,452
21,368,434
21,531,532
21,631,540
21,594,548
21,778,562
21,240,528
21,391,597
21,209,523
21,840,591
21,286,604
21,375,571
21,551,600
21,593,598
21,612,592
21,505,574
21,526,585
21,712,522
21,477,616
21,458,617
21,720,507
21,749,529
21,769,506
21,643,474
21,848,531
21,855,550
21,553,569
21,1076,543
21,952,582
21,776,599
21,794,616
21,953,564
21,880,507
21,980,586
21,646,602
21,832,618
21,840,629
21,874,602
21,948,491
21,961,493
21,1014,510
21,792,572
21,1154,505
21,922,549
21,1206,533
21,1037,563
21,1176,476
21,1086,516
21,1076,512
21,1504,544
21,1011,563
21,941,548
21,1012,627
21,913,653
21,775,667
21,1144,606
21,1127,607
21,1072,391
21,1039,392
21,846,433
21,880,452
21,745,374
21,821,340
21,830,399
21,1046,472
21,891,417
21,925,444
21,1152,374
21,1213,472
21,1222,391
21,1225,403
21,1229,454
21,1397,373
21,1418,367
21,1185,596
21,1067,578
21,1381,577
21,1364,609
21,1511,590
21,1543,550
21,1455,522
21,1747,606
21,1557,570
21,1547,569
21,1623,597
21,1346,452
21,1341,435
21,1417,470
21,1176,519
21,1228,546
21,1407,608
21,1268,576
21,1262,566
21,1742,497
21,1688,533
21,1691,547
21,1596,503
21,1682,514
21,1912,502
21,1795,512
21,1843,580
21,1688,564
21,1678,562
21,1576,620
21,1546,596
21,1644,598
21,1632,624
21,1659,615
21,1685,386
21,1437,373
21,1603,420
21,1420,628
21,1436,632
21,1394,629
21,1378,633
21,1314,642
21,1855,360
21,1728,564
21,1705,582
21,1730,588
21,1764,577
21,1831,509
21,1693,457
21,1704,454
21,1775,457
21,1745,454
21,1810,452
21,1764,633
21,1777,489
21,1825,482
21,1796,403
21,1691,775
21,1691,794
21,1525,766
21,1715,798
21,1036,798
21,1106,799
21,745,796
21,912,821
21,861,827
21,835,830
21,805,823
21,250,809
21,105,814
22,250,534
22,274,554
22,354,553
22,359,538
22,366,523
22,16,627
22,96,629
22,94,611
22,241,609
22,412,524
22,312,578
22,305,585
22,528,545
22,415,536
22,483,520
22,489,535
22,489,550
22,491,503
22,115,584
22,142,641
22,17,654
22,7,648
22,259,481
22,272,472
22,494,404
22,207,365
22,1032,538
22,963,394
22,1006,392
22,313,438
22,319,451
22,368,434
22,541,530
22,643,538
22,604,548
22,791,555
22,226,532
22,391,595
22,203,521
22,849,584
22,277,604
22,374,569
22,551,598
22,594,596
22,612,591
22,505,573
22,525,584
22,717,519
22,477,615
22,460,613
22,725,503
22,750,528
22,772,505
22,643,473
22,854,527
22,861,548
22,544,566
22,1090,547
22,960,580
22,776,598
22,794,616
22,957,564
22,885,505
22,987,587
22,640,604
22,837,616
22,845,629
22,873,601
22,953,490
22,964,493
22,1018,508
22,781,575
22,1156,504
22,915,551
22,1211,531
22,1031,560
22,1176,474
22,1093,516
22,1079,512
22,1517,542
22,1006,562
22,936,549
22,1014,626
22,913,652
22,776,669
22,1143,606
22,1128,602
22,1088,385
22,1051,390
22,852,442
22,891,460
22,734,374
22,813,341
22,821,410
22,1058,473
22,890,416
22,923,441
22,1159,374
22,1212,469
22,1221,390
22,1226,406
22,1233,451
22,1400,372
22,1426,365
22,1186,596
22,1060,575
22,1384,576
22,1366,606
22,1523,582
22,1552,549
22,1461,522
22,1759,604
22,1566,570
22,1554,568
22,1619,601
22,1346,451
22,1341,433
22,1416,468
22,1165,524
22,1219,547
22,1407,606
22,1253,576
22,1250,566
22,1749,499
22,1694,531
22,1694,543
22,1597,502
22,1681,512
22,1913,502
22,1798,511
22,1856,577
22,1684,561
22,1676,561
22,1575,620
22,1539,597
22,1644,596
22,1633,623
22,1658,616
22,1697,384
22,1442,372
22,1613,427
22,1419,626
22,1435,631
22,1394,627
22,1378,633
22,1314,641
22,1841,360
22,1717,564
22,1694,580
22,1719,589
22,1754,578
22,1829,503
22,1682,457
22,1706,453
22,1775,456
22,1746,456
22,1810,451
22,1765,633
22,1755,486
22,1804,483
22,1797,401
22,1690,774
22,1702,790
22,1525,766
22,1723,797
22,1025,793
22,1105,798
22,733,797
22,922,820
22,872,822
22,845,822
22,812,825
22,251,808
23,258,529
23,284,550
23,365,551
23,371,534
23,375,520
23,11,629
23,89,632
23,86,608
23,243,605
23,423,522
23,312,577
23,305,586
23,541,543
23,425,534
23,494,520
23,497,536
23,502,548
23,501,503
23,128,580
23,152,633
23,20,659
23,8,647
23,260,479
23,273,472
23,493,403
23,200,371
23,1050,538
23,974,395
23,1022,395
23,314,437
23,318,450
23,368,434
23,552,528
23,655,536
23,615,549
23,805,548
23,213,537
23,391,594
23,197,519
23,858,578
23,268,604
23,374,567
23,551,597
23,596,594
23,613,590
23,506,573
23,524,584
23,723,516
23,477,614
23,461,612
23,730,500
23,753,528
23,776,505
23,643,473
23,860,524
23,868,546
23,535,564
23,1105,552
23,969,579
23,776,597
23,794,616
23,961,565
23,890,504
23,994,588
23,634,606
23,843,615
23,850,629
23,873,600
23,959,490
23,968,494
23,1023,506
23,770,578
23,1159,503
23,909,553
23,1216,530
23,1025,558
23,1176,473
23,1100,516
23,1083,512
23,1531,541
23,1001,562
23,931,551
23,1016,626
23,914,652
23,1142,606
23,1130,598
23,1104,380
23,1064,388
23,859,451
23,903,468
23,723,374
23,806,343
23,812,421
23,1070,475
23,889,416
23,922,439
23,1167,375
23,1212,466
23,1221,389
23,1227,409
23,1238,449
23,1403,371
23,1435,364
23,1186,596
23,1054,572
23,1387,576
23,1369,603
23,1536,575
23,1561,548
23,1467,523
23,1772,603
23,1576,570
23,1562,567
23,1615,606
23,1347,450
23,1341,432
23,1416,466
23,1155,529
23,1210,548
23,1407,604
23,1239,577
23,1238,566
23,1756,502
23,1701,529
23,1698,540
23,1598,501
23,1680,511
23,1802,510
23,1869,574
23,1680,559
23,1674,561
23,1575,621
23,1533,599
23,1643,598
23,1634,622
23,1658,617
23,1710,383
23,1448,372
23,1623,434
23,1419,624
23,1435,631
23,1395,626
23,1379,634
23,1315,641
23,1827,360
23,1707,564
23,1686,581
23,1708,591
23,1745,580
23,1827,498
23,1671,457
23,1709,453
23,1776,455
23,1747,458
23,1810,451
23,1765,634
23,1733,483
23,1784,485
23,1798,400
23,1689,774
23,1714,786
23,1525,766
23,1732,796
23,1015,789
23,1104,797
23,722,799
23,883,818
23,855,815
23,819,827
23,252,807
24,267,528
24,297,545
24,377,548
24,381,530
24,388,519
24,9,628
24,82,629
24,80,608
24,242,606
24,434,521
24,313,579
24,306,586
24,553,542
24,438,533
24,505,521
24,512,535
24,514,548
24,511,502
24,142,578
24,163,627
24,20,662
24,9,647
24,258,478
24,273,471
24,493,403
24,192,378
24,1067,542
24,985,397
24,1033,394
24,314,436
24,319,449
24,368,433
24,561,527
24,670,538
24,629,552
24,817,543
24,198,543
24,391,594
24,190,516
24,870,579
24,261,598
24,375,567
24,551,596
24,595,594
24,614,590
24,506,574
24,525,583
24,725,517
24,477,614
24,463,611
24,734,501
24,756,528
24,778,505
24,642,472
24,866,524
24,872,546
24,528,564
24,1114,556
24,978,579
24,777,596
24,795,616
24,969,564
24,895,503
24,1002,590
24,631,610
24,847,615
24,856,628
24,874,600
24,965,490
24,975,495
24,1032,506
24,757,582
24,1162,502
24,904,555
24,1219,529
24,1020,557
24,1176,473
24,1104,515
24,1088,511
24,1544,541
24,998,559
24,926,552
24,1016,628
24,915,651
24,1144,605
24,1135,593
24,1118,374
24,1081,387
24,870,460
24,915,470
24,711,375
24,793,347
24,812,438
24,1082,471
24,888,419
24,923,440
24,1178,375
24,1213,457
24,1224,393
24,1227,410
24,1240,443
24,1411,370
24,1439,363
24,1186,596
24,1050,572
24,1391,577
24,1373,600
24,1545,574
24,1572,548
24,1474,524
24,1786,598
24,1585,570
24,1570,568
24,1612,611
24,1347,450
24,1342,433
24,1416,466
24,1144,532
24,1199,549
24,1407,605
24,1227,577
24,1226,566
24,1765,503
24,1707,528
24,1704,541
24,1599,501
24,1683,511
24,1812,512
24,1882,574
24,1679,553
24,1673,552
24,1576,621
24,1531,598
24,1642,601
24,1635,622
24,1658,616
24,1721,382
24,1456,372
24,1633,442
24,1419,624
24,1436,630
24,1394,626
24,1380,635
24,1315,640
24,1812,360
24,1702,567
24,1679,582
24,1700,591
24,1735,582
24,1822,496
24,1666,461
24,1708,453
24,1778,454
24,1744,461
24,1810,450
24,1766,634
24,1713,485
24,1765,484
24,1798,399
24,1682,777
24,1731,784
24,1525,766
24,1746,794
24,1000,790
24,1106,796
24,710,799
24,892,815
24,866,810
24,831,827
24,251,807
25,277,527
25,311,541
25,390,545
25,392,527
25,401,518
25,76,626
25,75,608
25,242,607
25,446,520
25,315,581
25,307,587
25,565,542
25,451,533
25,517,523
25,527,534
25,527,548
25,522,502
25,156,576
25,174,621
25,21,666
25,11,647
25,256,477
25,274,471
25,494,403
25,184,386
25,356,391
25,1084,546
25,997,399
25,1045,393
25,315,435
25,320,449
25,368,433
25,570,527
25,685,540
25,644,555
25,830,538
25,183,549
25,392,595
25,183,513
25,883,581
25,254,593
25,376,567
25,551,596
25,595,595
25,615,591
25,507,576
25,527,583
25,728,519
25,478,615
25,460,611
25,739,502
25,760,529
25,780,506
25,641,471
25,872,525
25,876,547
25,521,564
25,1124,560
25,987,579
25,778,596
25,796,617
25,977,564
25,901,503
25,1010,592
25,629,614
25,852,616
25,863,627
25,876,601
25,971,491
25,982,496
25,1041,507
25,744,587
25,1166,502
25,899,557
25,1223,529
25,1015,556
25,1176,474
25,1108,514
25,1094,510
25,1557,541
25,995,557
25,922,553
25,1016,630
25,916,651
25,1146,604
25,1140,588
25,1099,387
25,882,469
25,928,472
25,781,352
25,812,456
25,865,333
25,1094,467
25,888,423
25,925,441
25,1189,375
25,1214,449
25,1227,398
25,1228,411
25,1243,437
25,1420,369
25,1444,363
25,1187,596
25,1046,573
25,1395,578
25,1378,598
25,1555,573
25,1583,549
25,1483,523
25,1800,593
25,1595,571
25,1579,569
25,1609,617
25,1348,450
25,1344,434
25,1417,466
25,1134,536
25,1188,550
25,1407,606
25,1215,577
25,1214,567
25,1774,505
25,1713,528
25,1710,542
25,1601,502
25,1686,511
25,1823,514
25,1896,574
25,1679,548
25,1672,543
25,1577,621
25,1529,597
25,1642,602
25,1636,622
25,1659,615
25,1732,382
25,1464,372
25,1643,450
25,1333,374
25,1420,625
25,1437,630
25,1394,627
25,1381,636
25,1316,640
25,1600,368
25,1697,571
25,1671,583
25,1692,591
25,1726,584
25,1818,494
25,1662,466
25,1707,453
25,1780,454
25,1741,465
25,1811,450
25,1766,634
25,1694,487
25,1746,484
25,1799,399
25,1675,780
25,1748,783
25,1525,766
25,1760,793
25,985,792
25,1109,796
25,699,799
25,902,812
25,877,806
25,844,828
25,250,808
26,286,525
26,325,541
26,402,545
26,403,528
26,413,519
26,70,628
26,68,610
26,242,608
26,457,522
26,317,582
26,313,589
26,576,544
26,463,534
26,521,524
26,536,534
26,535,549
26,529,506
26,167,574
26,182,614
26,20,665
26,11,649
26,255,477
26,272,470
26,494,403
26,178,388
26,339,392
26,1098,550
26,1010,399
26,1058,392
26,315,436
26,320,450
26,368,433
26,576,527
26,701,545
26,656,556
26,841,531
26,167,550
26,392,596
26,176,512
26,891,591
26,253,592
26,377,568
26,551,596
26,594,595
26,613,592
26,506,577
26,526,583
26,733,516
26,477,612
26,458,611
26,743,500
26,765,530
26,782,507
26,643,472
26,876,525
26,879,545
26,514,561
26,1138,563
26,992,583
26,777,596
26,796,618
26,984,568
26,905,503
26,1016,593
26,630,612
26,857,618
26,868,630
26,876,602
26,976,492
26,988,497
26,1046,508
26,733,587
26,1171,504
26,892,558
26,1229,528
26,1010,553
26,1179,476
26,1111,513
26,1098,512
26,1570,539
26,991,557
26,916,555
26,1016,632
26,917,651
26,1145,604
26,1146,585
26,1114,383
26,895,474
26,946,471
26,771,353
26,815,474
26,861,335
26,1106,466
26,884,426
26,925,442
26,1196,377
26,1215,446
26,1228,401
26,1229,415
26,1243,436
26,1426,369
26,1453,363
26,1187,596
26,1041,569
26,1401,578
26,1378,604
26,1565,578
26,1591,551
26,1493,523
26,1814,587
26,1602,572
26,1590,570
26,1607,620
26,1348,451
26,1342,435
26,1418,466
26,1120,538
26,1176,548
26,1407,607
26,1205,577
26,1205,566
26,1781,510
26,1719,531
26,1716,545
26,1602,504
26,1685,512
26,1832,515
26,1904,576
26,1683,546
26,1677,539
26,1574,620
26,1526,596
26,1642,603
26,1636,621
26,1660,615
26,1744,383
26,1471,372
26,1646,452
26,1343,377
26,1419,626
26,1437,633
26,1393,628
26,1382,637
26,1315,641
26,1599,381
26,1690,573
26,1664,584
26,1685,592
26,1718,588
26,1812,492
26,1656,470
26,1708,454
26,1778,454
26,1742,464
26,1813,453
26,1767,634
26,1677,494
26,1724,486
26,1799,399
26,1682,787
26,1764,781
26,1526,766
26,1775,793
26,974,795
26,1105,797
26,685,802
26,912,814
26,891,804
26,854,828
26,252,807
27,296,524
27,339,542
27,414,546
27,414,530
27,426,520
27,65,630
27,61,613
27,243,610
27,468,524
27,319,583
27,319,592
27,588,546
27,475,535
27,526,525
27,545,535
27,543,551
27,536,511
27,179,573
27,191,607
27,19,665
27,11,652
27,255,477
27,271,470
27,494,404
27,323,393
27,1112,555
27,1023,399
27,1071,391
27,316,438
27,321,452
27,368,433
27,582,528
27,718,551
27,669,557
27,852,525
27,152,551
27,393,598
27,170,511
27,900,602
27,252,591
27,378,570
27,551,596
27,593,595
27,611,593
27,506,578
27,526,584
27,739,514
27,477,609
27,457,612
27,747,498
27,769,530
27,785,508
27,646,473
27,880,525
27,882,544
27,508,559
27,1152,566
27,998,587
27,777,596
27,797,620
27,991,573
27,909,504
27,1022,595
27,631,610
27,862,620
27,874,633
27,877,603
27,981,494
27,994,499
27,1051,509
27,723,587
27,1177,506
27,886,560
27,1236,527
27,1005,550
27,1182,478
27,1115,512
27,1102,514
27,1584,537
27,988,557
27,911,557
27,1016,634
27,918,652
27,1145,604
27,1152,583
27,1130,379
27,909,479
27,965,470
27,761,354
27,818,493
27,857,338
27,1118,465
27,880,429
27,926,443
27,1204,380
27,1216,443
27,1230,404
27,1230,419
27,1244,435
27,1432,370
27,1462,363
27,1188,596
27,1036,565
27,1407,579
27,1378,611
27,1576,583
27,1599,554
27,1497,524
27,1828,581
27,1610,573
27,1601,571
27,1349,452
27,1341,437
27,1418,466
27,1107,540
27,1164,547
27,1408,608
27,1195,577
27,1197,565
27,1789,515
27,1725,535
27,1722,548
27,1604,506
27,1685,514
27,1842,516
27,1688,545
27,1683,535
27,1571,619
27,1523,596
27,1642,605
27,1636,621
27,1662,615
27,1756,385
27,1479,373
27,1649,455
27,1354,380
27,1418,627
27,1437,636
27,1393,629
27,1383,638
27,1314,642
27,1228,611
27,1599,394
27,1683,575
27,1656,586
27,1678,593
27,1711,592
27,1807,491
27,1651,474
27,1709,456
27,1776,455
27,1743,463
27,1815,457
27,1768,635
27,1661,501
27,1703,489
27,1800,399
27,1690,794
27,1781,779
27,1526,766
27,1791,793
27,963,799
27,1101,798
27,672,806
27,922,816
27,905,803
27,864,828
27,254,807
28,303,520
28,353,542
28,425,542
28,426,529
28,437,520
28,57,628
28,53,612
28,242,608
28,478,523
28,323,585
28,323,593
28,594,542
28,484,536
28,530,526
28,551,535
28,551,550
28,542,514
28,189,568
28,199,600
28,17,668
28,8,651
28,254,477
28,271,469
28,492,404
28,305,390
28,1122,559
28,1033,395
28,1085,387
28,314,437
28,319,451
28,368,433
28,587,528
28,730,555
28,680,554
28,863,517
28,134,551
28,392,597
28,163,504
28,904,615
28,247,588
28,376,568
28,551,596
28,592,595
28,612,590
28,505,577
28,526,584
28,743,516
28,477,609
28,457,614
28,749,496
28,773,530
28,787,506
28,647,472
28,884,524
28,886,542
28,497,561
28,1155,565
28,1004,586
28,776,596
28,797,619
28,997,573
28,913,503
28,1028,594
28,636,605
28,866,620
28,878,633
28,876,601
28,986,496
28,999,501
28,1055,509
28,708,585
28,1182,507
28,879,563
28,1242,528
28,1000,549
28,1186,483
28,1118,511
28,1105,514
28,1596,536
28,981,558
28,905,559
28,1013,631
28,919,652
28,1142,605
28,1159,588
28,1143,375
28,925,478
28,977,470
28,750,352
28,817,510
28,850,338
28,1127,467
28,880,429
28,925,443
28,1209,379
28,1215,441
28,1231,407
28,1229,422
28,1244,434
28,1437,369
28,1468,363
28,1187,597
28,1029,563
28,1412,581
28,1378,612
28,1583,582
28,1608,553
28,1501,525
28,1838,576
28,1617,569
28,1607,569
28,1349,451
28,1340,436
28,1419,466
28,1093,541
28,1151,545
28,1408,607
28,1188,574
28,1190,563
28,1797,516
28,1731,534
28,1727,547
28,1609,503
28,1682,513
28,1849,518
28,1689,545
28,1691,530
28,1565,615
28,1522,595
28,1643,607
28,1635,621
28,1661,615
28,1767,381
28,1486,374
28,1659,455
28,1352,384
28,1417,629
28,1437,640
28,1393,630
28,1381,638
28,1313,643
28,1232,608
28,1595,400
28,1677,574
28,1649,589
28,1669,592
28,1703,590
28,1803,487
28,1644,472
28,1710,456
28,1774,455
28,1742,458
28,1815,456
28,1767,633
28,1644,506
28,1682,492
28,1800,399
28,1695,787
28,1798,779
28,1526,766
28,1806,795
28,952,797
28,1097,800
28,663,805
28,927,816
28,915,804
28,876,828
28,252,807
29,311,516
29,367,543
29,436,539
29,438,529
29,448,521
29,49,626
29,45,611
29,241,606
29,489,522
29,328,587
29,327,595
29,600,538
29,494,537
29,535,527
29,557,535
29,559,549
29,549,518
29,199,564
29,208,594
29,16,671
29,6,651
29,254,478
29,271,468
29,491,404
29,288,388
29,1132,563
29,1043,392
29,1099,384
29,312,436
29,318,451
29,369,433
29,592,528
29,743,559
29,692,552
29,874,510
29,117,551
29,391,597
29,157,497
29,908,628
29,243,585
29,374,566
29,551,596
29,591,595
29,614,588
29,504,577
29,526,585
29,748,518
29,477,610
29,455,612
29,752,495
29,775,530
29,790,505
29,648,471
29,888,523
29,891,541
29,486,564
29,1158,564
29,1011,586
29,776,597
29,798,618
29,1003,573
29,918,502
29,1035,593
29,641,600
29,871,621
29,882,634
29,875,600
29,991,498
29,1005,503
29,1060,510
29,694,583
29,1187,508
29,872,567
29,1248,530
29,991,547
29,1190,489
29,1122,511
29,1108,514
29,1609,536
29,974,560
29,899,561
29,1010,629
29,920,653
29,1139,607
29,1167,593
29,941,478
29,990,471
29,739,351
29,817,527
29,843,339
29,870,347
29,1137,469
29,880,429
29,925,444
29,1215,379
29,1214,440
29,1233,410
29,1229,426
29,1244,433
29,1443,368
29,1475,364
29,1186,598
29,1022,562
29,1417,583
29,1378,614
29,1590,581
29,1617,552
29,1513,524
29,1848,571
29,1624,565
29,1614,568
29,1350,450
29,1339,435
29,1420,466
29,1079,542
29,1139,544
29,1409,606
29,1181,571
29,1184,561
29,1805,517
29,1737,534
29,1732,547
29,1615,500
29,1679,512
29,1856,520
29,1691,545
29,1699,526
29,1559,612
29,1521,594
29,1642,607
29,1634,621
29,1660,616
29,1779,377
29,1493,376
29,1669,455
29,1350,388
29,1417,630
29,1437,643
29,1392,631
29,1380,639
29,1312,644
29,1237,605
29,1592,407
29,1557,362
29,1671,574
29,1641,588
29,1660,591
29,1695,589
29,1799,484
29,1638,471
29,1711,456
29,1773,456
29,1741,454
29,1815,456
29,1766,631
29,1628,512
29,1662,495
29,1915,481
29,1801,399
29,1701,780
29,1815,780
29,1526,766
29,1822,797
29,1916,776
29,942,796
29,1094,801
29,933,816
29,926,805
29,888,829
29,251,807
30,319,511
30,379,537
30,445,539
30,449,529
30,458,519
30,41,626
30,37,609
30,242,604
30,497,522
30,334,583
30,332,592
30,607,533
30,501,537
30,543,527
30,563,535
30,566,552
30,555,519
30,207,557
30,212,590
30,16,671
30,5,648
30,254,476
30,268,468
30,492,404
30,274,384
30,1136,562
30,1053,388
30,1104,379
30,312,435
30,317,449
30,366,431
30,597,525
30,754,560
30,705,553
30,882,506
30,95,550
30,389,595
30,147,492
30,906,638
30,243,579
30,374,564
30,551,596
30,592,592
30,614,586
30,502,575
30,525,583
30,751,513
30,477,612
30,453,610
30,757,492
30,777,530
30,792,503
30,646,468
30,892,523
30,896,541
30,472,562
30,1159,566
30,1016,587
30,776,595
30,801,619
30,1009,573
30,923,501
30,1040,593
30,638,594
30,876,622
30,883,634
30,879,599
30,996,498
30,1007,504
30,1066,509
30,684,579
30,1188,506
30,864,563
30,1255,525
30,982,545
30,1194,489
30,1124,511
30,1110,511
30,1621,532
30,972,560
30,890,563
30,1011,627
30,921,652
30,1133,605
30,1166,594
30,955,477
30,1000,471
30,732,349
30,810,534
30,835,339
30,855,349
30,865,365
30,1145,467
30,880,429
30,923,442
30,1226,376
30,1211,443
30,1232,414
30,1230,428
30,1246,434
30,1449,371
30,1481,365
30,1185,599
30,1017,556
30,1422,581
30,1379,612
30,1597,575
30,1624,550
30,1525,523
30,1860,569
30,1632,561
30,1623,564
30,1349,451
30,1340,433
30,1417,464
30,1066,542
30,1126,542
30,1409,604
30,1176,566
30,1178,555
30,1814,518
30,1743,536
30,1738,548
30,1621,497
30,1680,509
30,1863,518
30,1696,538
30,1707,524
30,1550,608
30,1521,594
30,1642,607
30,1634,621
30,1658,616
30,1790,376
30,1499,377
30,1677,459
30,1343,397
30,1416,631
30,1437,646
30,1392,632
30,1379,639
30,1311,645
30,1241,603
30,1588,414
30,1572,360
30,1662,578
30,1633,588
30,1650,590
30,1687,586
30,1793,484
30,1628,472
30,1711,454
30,1771,456
30,1742,454
30,1813,456
30,1762,636
30,1615,513
30,1647,501
30,1914,479
30,1801,399
30,1707,774
30,1828,780
30,1526,766
30,1835,796
30,1915,771
30,937,796
30,1090,802
30,950,810
30,936,802
30,899,827
30,250,807
