1,935,515
1,1685,286
1,1858,286
1,1917,342
1,1859,102
1,11,301
1,9,283
1,9,237
1,48,277
1,38,261
1,90,250
1,437,156
1,1604,38
1,701,134
1,1672,51
1,1600,233
1,1588,215
1,1514,249
1,1832,90
1,1807,157
1,1482,120
1,1482,138
1,65,902
1,58,922
1,345,922
1,346,905
1,367,894
1,1198,331
1,1125,321
1,419,864
1,589,901
1,687,844
1,763,898
1,1041,840
1,1106,865
1,1170,845
1,1457,926
1,1233,914
1,1838,974
1,1887,1002
1,1880,1028
1,1902,1022
1,263,365
1,344,426
1,311,447
1,317,421
1,269,423
1,8,360
1,667,134
1,574,140
1,953,113
1,1072,90
1,1084,81
1,1677,98
1,109,96
1,149,95
1,152,149
1,165,129
1,163,269
1,168,294
1,129,299
1,143,314
1,91,335
1,89,356
1,198,327
1,211,334
1,247,252
1,310,224
1,331,200
1,334,211
1,346,220
1,331,266
1,351,294
1,354,241
1,338,352
1,395,345
1,404,320
1,626,138
1,641,156
1,576,269
1,615,179
1,662,212
1,683,225
1,709,235
1,651,242
1,708,252
1,739,303
1,759,317
1,805,131
1,802,160
1,818,168
1,758,180
1,918,142
1,796,347
1,811,325
1,982,192
1,844,276
1,844,297
1,877,280
1,896,288
1,920,283
1,935,250
1,942,269
1,954,221
1,996,220
1,1032,188
1,1038,209
1,1023,249
1,936,310
1,1076,218
1,1112,182
1,1096,199
1,1109,210
1,1198,180
1,1251,171
1,1264,181
1,1355,165
1,1170,266
1,1181,280
1,1286,237
1,727,135
1,1370,256
1,1392,285
1,1396,315
1,1446,161
1,1458,328
1,1497,187
1,1588,154
1,1730,138
1,1745,110
1,1773,108
1,1808,122
2,929,493
2,1691,289
2,1864,297
2,1917,341
2,1858,102
2,10,308
2,8,285
2,8,239
2,37,280
2,29,263
2,80,258
2,436,156
2,1606,38
2,702,149
2,1669,68
2,1614,235
2,1603,217
2,1524,252
2,1831,90
2,1813,157
2,1492,121
2,1489,140
2,58,904
2,49,928
2,332,924
2,325,907
2,359,903
2,1197,331
2,1126,325
2,428,865
2,579,896
2,675,850
2,777,897
2,1040,840
2,1120,865
2,1170,845
2,1451,927
2,1233,914
2,1850,975
2,1889,1000
2,1879,1027
2,1902,1022
2,263,366
2,344,426
2,311,447
2,317,422
2,269,423
2,22,362
2,663,136
2,573,140
2,952,113
2,1072,90
2,1084,81
2,1660,109
2,112,103
2,153,106
2,151,153
2,170,143
2,153,275
2,162,294
2,122,301
2,126,318
2,107,336
2,104,358
2,209,326
2,237,336
2,241,247
2,306,225
2,323,201
2,325,212
2,338,222
2,321,268
2,335,305
2,376,232
2,336,350
2,394,345
2,422,321
2,623,147
2,640,162
2,565,271
2,610,181
2,641,214
2,671,220
2,699,237
2,646,244
2,702,256
2,737,305
2,750,320
2,818,156
2,840,168
2,769,184
2,932,143
2,811,349
2,833,323
2,988,180
2,839,278
2,839,303
2,875,282
2,892,295
2,907,277
2,926,249
2,935,268
2,963,231
2,995,222
2,1043,195
2,1047,214
2,1011,252
2,949,310
2,1083,226
2,1114,183
2,1102,201
2,1118,212
2,1191,176
2,1249,172
2,1254,188
2,1343,164
2,1181,261
2,1194,281
2,1269,245
2,727,135
2,1390,252
2,1409,286
2,1415,317
2,1439,171
2,1467,326
2,1512,190
2,1589,150
2,1729,138
2,1746,111
2,1773,108
2,1804,126
3,932,480
3,1704,289
3,1865,297
3,1917,341
3,1858,102
3,24,283
3,18,266
3,70,267
3,436,156
3,1609,39
3,704,154
3,1662,77
3,1624,237
3,1617,218
3,1547,254
3,1831,90
3,1822,157
3,1497,122
3,1499,139
3,51,906
3,41,935
3,305,928
3,307,909
3,345,907
3,1197,331
3,1127,330
3,443,872
3,562,898
3,667,852
3,792,895
3,1040,840
3,1138,867
3,1170,845
3,1435,933
3,1233,914
3,1874,975
3,1891,999
3,1879,1027
3,1902,1022
3,263,367
3,344,426
3,311,447
3,317,424
3,269,423
3,37,364
3,659,139
3,573,140
3,952,113
3,1072,90
3,1084,81
3,1649,116
3,117,114
3,160,113
3,150,156
3,174,155
3,146,281
3,158,300
3,111,303
3,121,321
3,124,338
3,131,357
3,231,326
3,245,338
3,235,244
3,299,231
3,319,206
3,322,217
3,334,228
3,312,268
3,326,300
3,385,231
3,334,345
3,394,345
3,446,326
3,616,150
3,634,167
3,560,273
3,599,186
3,629,213
3,659,222
3,688,241
3,640,247
3,687,259
3,723,307
3,744,317
3,831,153
3,857,166
3,780,186
3,942,149
3,828,346
3,850,323
3,991,168
3,972,92
3,831,280
3,818,298
3,863,287
3,878,303
3,890,272
3,920,250
3,922,270
3,968,233
3,991,225
3,1053,197
3,1061,218
3,994,254
3,967,311
3,1090,228
3,1122,177
3,1112,200
3,1124,212
3,1180,168
3,1241,174
3,1252,189
3,1335,166
3,1195,261
3,1207,283
3,1260,247
3,727,136
3,1408,252
3,1419,286
3,1427,316
3,1431,176
3,1483,327
3,1521,192
3,1591,146
3,1728,138
3,1747,112
3,1774,108
3,1800,127
4,932,468
4,1727,288
4,1867,298
4,1917,341
4,1857,102
4,14,286
4,10,267
4,57,274
4,436,156
4,1612,40
4,706,167
4,1645,94
4,1639,238
4,1628,222
4,1561,247
4,1831,90
4,1829,156
4,1503,124
4,1509,141
4,33,907
4,18,938
4,279,932
4,293,914
4,327,909
4,1197,331
4,1119,335
4,458,874
4,545,900
4,654,854
4,805,897
4,1040,840
4,1151,871
4,1170,845
4,1404,923
4,1233,914
4,1880,974
4,1905,1001
4,1879,1026
4,1902,1022
4,263,368
4,344,427
4,311,447
4,317,426
4,269,423
4,50,357
4,658,139
4,573,140
4,952,113
4,1072,90
4,1084,81
4,1645,121
4,126,113
4,168,123
4,141,168
4,169,163
4,132,283
4,143,304
4,94,303
4,103,325
4,133,337
4,135,356
4,239,328
4,254,340
4,230,246
4,292,232
4,315,212
4,319,223
4,331,235
4,297,267
4,315,300
4,402,228
4,316,332
4,394,345
4,473,331
4,605,160
4,624,174
4,550,272
4,591,187
4,609,219
4,659,224
4,669,245
4,623,246
4,679,264
4,714,307
4,729,322
4,842,151
4,872,159
4,786,192
4,950,151
4,845,339
4,863,324
4,995,156
4,973,97
4,810,282
4,815,301
4,850,286
4,864,305
4,874,267
4,914,247
4,917,270
4,975,239
4,985,222
4,1063,195
4,1068,213
4,983,257
4,982,308
4,1099,231
4,1124,176
4,1120,199
4,1135,212
4,1173,166
4,1230,177
4,1250,190
4,1334,168
4,1217,263
4,1226,283
4,1240,242
4,727,137
4,1421,251
4,1436,288
4,1439,318
4,1409,180
4,1498,327
4,1533,188
4,1592,142
4,1727,138
4,1721,99
4,1775,108
4,1796,129
5,933,443
5,1738,286
5,1870,293
5,1916,341
5,1857,102
5,47,282
5,436,157
5,1612,40
5,712,171
5,1632,102
5,1652,238
5,1644,223
5,1582,249
5,1831,90
5,1842,155
5,1514,127
5,1511,147
5,14,910
5,10,937
5,258,934
5,259,916
5,315,910
5,1197,331
5,1112,341
5,454,879
5,530,899
5,633,856
5,813,899
5,1040,840
5,1164,873
5,1170,845
5,1394,924
5,1233,914
5,1889,976
5,1907,1001
5,1879,1026
5,1902,1022
5,263,369
5,344,427
5,311,447
5,317,428
5,270,423
5,64,351
5,658,139
5,573,140
5,951,113
5,1072,90
5,1084,82
5,1629,128
5,129,111
5,170,127
5,143,173
5,167,174
5,118,285
5,128,305
5,87,305
5,92,325
5,145,328
5,145,348
5,254,328
5,268,341
5,219,235
5,285,233
5,302,221
5,312,229
5,320,238
5,298,269
5,15,343
5,14,359
5,287,295
5,415,224
5,316,328
5,394,345
5,486,333
5,591,167
5,613,180
5,535,273
5,580,194
5,591,228
5,646,216
5,656,249
5,609,245
5,669,268
5,706,309
5,721,326
5,853,150
5,887,151
5,797,193
5,958,153
5,865,336
5,882,320
5,1000,147
5,974,102
5,807,280
5,798,296
5,837,286
5,851,307
5,859,262
5,903,250
5,906,272
5,982,245
5,979,215
5,1066,197
5,1078,212
5,972,259
5,996,310
5,1103,235
5,1129,178
5,1123,200
5,1140,213
5,1149,155
5,1218,179
5,1242,187
5,1324,166
5,1229,264
5,1235,286
5,1226,235
5,727,137
5,1436,252
5,1447,290
5,1450,321
5,1397,182
5,1507,320
5,1544,190
5,1594,138
5,1726,138
5,1718,100
5,1776,108
5,1789,138
6,936,432
6,1743,288
6,1870,293
6,1916,341
6,1857,102
6,34,291
6,436,157
6,1612,40
6,725,179
6,1616,104
6,1666,236
6,1657,219
6,1584,257
6,1830,90
6,1848,153
6,1518,128
6,1524,146
6,237,936
6,245,918
6,297,910
6,1197,331
6,1111,343
6,469,879
6,505,906
6,620,857
6,819,899
6,1040,841
6,1182,878
6,1170,845
6,1395,925
6,1234,914
6,1902,976
6,1909,1001
6,1879,1025
6,1902,1022
6,264,370
6,344,427
6,311,447
6,318,430
6,270,423
6,72,352
6,658,139
6,573,140
6,951,114
6,1072,91
6,1084,82
6,1625,130
6,130,116
6,173,136
6,137,180
6,167,182
6,97,289
6,116,314
6,77,307
6,89,326
6,155,325
6,159,343
6,265,330
6,277,342
6,218,236
6,273,234
6,301,225
6,306,234
6,310,241
6,288,267
6,35,345
6,36,362
6,259,298
6,434,225
6,303,316
6,393,345
6,509,335
6,574,167
6,602,182
6,520,275
6,566,194
6,572,229
6,640,217
6,645,250
6,604,247
6,654,274
6,699,308
6,716,328
6,863,147
6,908,149
6,809,195
6,970,157
6,867,336
6,903,316
6,1001,128
6,976,109
6,793,286
6,790,292
6,825,286
6,838,309
6,841,263
6,896,250
6,897,269
6,992,242
6,957,216
6,1070,198
6,1085,212
6,973,260
6,1012,307
6,1116,234
6,1142,179
6,1127,201
6,1145,211
6,1137,147
6,1212,180
6,1231,196
6,1317,167
6,1246,264
6,1250,286
6,1227,236
6,727,138
6,1460,248
6,1465,295
6,1458,323
6,1376,180
6,1523,316
6,1554,188
6,1594,142
6,1725,138
6,1716,101
6,1777,109
6,1791,141
7,935,416
7,1754,290
7,1870,294
7,1917,341
7,1856,102
7,21,301
7,436,157
7,1613,41
7,739,191
7,1601,106
7,1685,231
7,1675,217
7,1601,255
7,1830,90
7,1845,151
7,1527,127
7,1531,144
7,231,940
7,229,920
7,280,912
7,1196,331
7,1107,337
7,481,878
7,490,908
7,601,859
7,825,900
7,1039,841
7,1205,879
7,1170,845
7,1396,926
7,1234,914
7,1912,975
7,1911,1002
7,1879,1025
7,1902,1022
7,264,371
7,344,428
7,311,447
7,317,429
7,270,423
7,85,350
7,658,139
7,573,140
7,951,114
7,1072,91
7,1084,82
7,1613,130
7,131,122
7,178,143
7,133,188
7,161,191
7,80,289
7,106,313
7,65,314
7,69,328
7,171,322
7,168,344
7,279,329
7,296,341
7,208,238
7,265,230
7,290,227
7,297,237
7,301,250
7,281,268
7,48,344
7,52,360
7,7,360
7,245,295
7,449,222
7,300,309
7,393,345
7,534,341
7,562,170
7,593,196
7,505,272
7,555,197
7,549,234
7,627,217
7,632,256
7,592,253
7,639,273
7,691,310
7,705,330
7,883,143
7,921,144
7,820,196
7,987,148
7,886,328
7,923,308
7,978,118
7,771,277
7,768,294
7,812,286
7,825,311
7,826,260
7,889,248
7,891,269
7,996,243
7,952,218
7,1079,193
7,1091,207
7,974,261
7,1028,304
7,1134,237
7,1146,179
7,1141,198
7,1150,209
7,1129,144
7,1207,182
7,1227,195
7,1311,168
7,1265,265
7,1266,285
7,1228,237
7,727,139
7,1476,250
7,1481,295
7,1472,317
7,1361,181
7,1534,312
7,1576,181
7,1594,147
7,1724,138
7,1705,102
7,1777,109
7,1786,147
8,934,401
8,1765,292
8,1870,295
8,1916,341
8,1856,102
8,10,310
8,436,157
8,1613,41
8,751,193
8,1587,107
8,1695,228
8,1688,217
8,1610,258
8,1830,90
8,1855,147
8,1539,127
8,1539,146
8,201,942
8,202,917
8,266,918
8,1196,331
8,1107,337
8,489,881
8,472,911
8,591,860
8,837,902
8,1039,841
8,1216,870
8,1170,845
8,1345,915
8,1234,914
8,1879,1024
8,1902,1022
8,264,372
8,344,428
8,311,447
8,316,429
8,270,423
8,98,348
8,657,139
8,573,140
8,950,114
8,1072,91
8,1084,83
8,1602,130
8,136,121
8,182,149
8,132,189
8,155,204
8,67,289
8,88,311
8,53,315
8,58,330
8,182,324
8,182,346
8,294,328
8,309,343
8,207,237
8,260,230
8,283,222
8,287,233
8,291,243
8,275,268
8,303,216
8,57,341
8,68,356
8,10,356
8,234,292
8,459,220
8,293,298
8,393,346
8,555,346
8,544,172
8,575,191
8,495,272
8,544,201
8,530,238
8,615,212
8,614,260
8,582,253
8,626,274
8,683,310
8,692,332
8,893,144
8,929,144
8,831,197
8,996,144
8,899,327
8,942,310
8,978,124
8,764,276
8,763,292
8,800,286
8,812,314
8,812,257
8,867,252
8,878,274
8,1000,244
8,946,213
8,1088,194
8,1099,209
8,939,255
8,1037,302
8,1139,231
8,1155,175
8,1143,199
8,1161,210
8,1116,141
8,1208,190
8,1223,195
8,1300,166
8,1280,264
8,1283,283
8,1179,253
8,727,139
8,1497,249
8,1493,287
8,1474,310
8,1339,184
8,1539,311
8,1588,177
8,1594,151
8,1723,138
8,1691,95
8,1778,109
8,1770,149
9,941,383
9,1779,294
9,1871,296
9,1916,341
9,1855,103
9,8,313
9,436,158
9,1613,41
9,777,195
9,1570,106
9,1703,227
9,1697,218
9,1626,258
9,1830,91
9,1857,142
9,1547,128
9,1547,147
9,187,938
9,187,925
9,239,919
9,1196,331
9,1108,338
9,500,884
9,452,911
9,575,858
9,846,900
9,1039,841
9,1228,865
9,1170,845
9,1342,910
9,1234,914
9,1879,1024
9,1902,1022
9,1907,1008
9,264,373
9,344,428
9,311,447
9,315,428
9,271,423
9,127,337
9,657,139
9,573,141
9,950,114
9,1072,91
9,1084,83
9,1588,123
9,146,122
9,190,160
9,133,196
9,147,216
9,47,287
9,78,306
9,46,317
9,42,333
9,193,320
9,192,342
9,310,328
9,323,341
9,196,232
9,249,227
9,278,224
9,281,234
9,280,244
9,273,269
9,303,218
9,73,339
9,85,352
9,20,357
9,217,289
9,479,218
9,288,294
9,393,346
9,579,350
9,528,180
9,566,193
9,490,272
9,542,201
9,511,240
9,609,212
9,601,263
9,563,251
9,608,280
9,680,312
9,686,331
9,915,141
9,946,146
9,849,203
9,1006,140
9,920,326
9,954,303
9,979,130
9,749,276
9,747,290
9,789,286
9,799,316
9,794,255
9,861,251
9,870,274
9,1013,246
9,937,211
9,1092,195
9,1106,211
9,941,256
9,1057,302
9,1148,234
9,1159,175
9,1151,195
9,1164,208
9,1103,133
9,1206,196
9,1217,197
9,1292,159
9,1298,259
9,1297,285
9,1163,249
9,727,140
9,1511,247
9,1505,279
9,1490,303
9,1330,186
9,1544,311
9,1598,176
9,1594,156
9,1722,138
9,1684,100
9,1779,109
9,1765,155
10,953,374
10,1787,288
10,1872,292
10,1916,341
10,1855,103
10,436,158
10,1614,42
10,782,200
10,1554,105
10,1718,229
10,1708,216
10,1639,259
10,1829,91
10,1861,139
10,1553,130
10,1550,148
10,167,941
10,175,929
10,231,919
10,1196,331
10,1109,339
10,518,886
10,431,911
10,559,862
10,852,901
10,1039,841
10,1256,867
10,1170,845
10,1321,908
10,1235,914
10,1878,1023
10,1902,1022
10,1899,1003
10,265,374
10,344,429
10,311,447
10,315,428
10,271,423
10,131,337
10,657,139
10,573,142
10,950,115
10,1072,91
10,1084,83
10,1575,116
10,147,130
10,193,166
10,128,200
10,143,226
10,43,288
10,60,308
10,29,318
10,30,338
10,209,320
10,207,342
10,319,327
10,338,338
10,184,229
10,241,225
10,272,224
10,270,241
10,277,252
10,261,270
10,303,220
10,93,335
10,107,350
10,34,354
10,7,363
10,200,287
10,497,218
10,289,286
10,392,346
10,595,352
10,510,180
10,560,195
10,475,270
10,531,199
10,496,242
10,600,210
10,586,270
10,562,251
10,601,282
10,665,314
10,678,331
10,916,137
10,952,144
10,854,206
10,1023,133
10,931,325
10,976,300
10,978,132
10,734,276
10,732,291
10,778,288
10,793,314
10,777,253
10,855,251
10,862,276
10,1028,247
10,928,210
10,1107,197
10,1114,213
10,942,259
10,1069,299
10,1152,236
10,1163,175
10,1156,193
10,1168,207
10,1095,131
10,1199,200
10,1216,203
10,1286,153
10,1313,258
10,1314,284
10,1156,254
10,728,141
10,1531,246
10,1519,281
10,1500,305
10,1319,187
10,1558,313
10,1618,171
10,1575,169
10,1721,138
10,1678,106
10,1780,109
10,1753,159
11,959,356
11,1797,285
11,1870,294
11,1916,341
11,1855,103
11,436,158
11,1615,49
11,791,201
11,1542,97
11,1732,231
11,1724,215
11,1648,261
11,1829,91
11,1866,133
11,1556,132
11,1561,146
11,157,931
11,211,922
11,1196,331
11,1109,334
11,528,888
11,415,909
11,549,859
11,858,903
11,1039,842
11,1259,869
11,1170,846
11,1302,903
11,1235,914
11,1878,1023
11,1902,1022
11,1899,1004
11,980,887
11,265,375
11,344,429
11,311,447
11,314,427
11,271,423
11,143,336
11,657,139
11,573,144
11,949,115
11,1073,92
11,1084,84
11,1556,119
11,149,134
11,197,168
11,118,210
11,138,231
11,30,290
11,41,310
11,19,320
11,19,336
11,226,320
11,227,342
11,333,318
11,353,333
11,178,229
11,240,224
11,270,224
11,267,238
11,275,252
11,248,273
11,304,222
11,104,334
11,120,351
11,49,352
11,22,365
11,185,289
11,514,224
11,289,282
11,392,346
11,614,354
11,494,191
11,553,195
11,463,266
11,518,199
11,475,242
11,596,208
11,580,272
11,544,253
11,591,289
11,662,312
11,667,330
11,933,146
11,961,143
11,876,214
11,1028,130
11,956,322
11,997,300
11,980,148
11,725,276
11,717,293
11,768,292
11,779,314
11,760,251
11,854,250
11,855,276
11,1031,250
11,915,206
11,1117,197
11,1120,216
11,942,259
11,1085,294
11,1157,238
11,1174,175
11,1162,192
11,1173,202
11,1081,127
11,1198,204
11,1215,206
11,1283,147
11,1328,260
11,1323,283
11,1144,260
11,728,141
11,1541,248
11,1536,276
11,1514,306
11,1288,191
11,1567,315
11,1624,161
11,1576,170
11,1720,138
11,1669,102
11,1781,110
11,1748,161
12,970,353
12,1808,283
12,1869,297
12,1916,341
12,1854,103
12,436,158
12,1616,56
12,809,208
12,1528,98
12,1741,229
12,1735,213
12,1657,259
12,1829,91
12,1864,133
12,1564,132
12,1569,148
12,191,925
12,1196,331
12,1109,334
12,534,888
12,396,911
12,539,857
12,861,903
12,1039,842
12,1266,867
12,1170,846
12,1287,898
12,1235,914
12,1878,1022
12,1902,1022
12,1891,1003
12,970,879
12,265,376
12,344,429
12,311,447
12,314,427
12,271,423
12,161,337
12,657,139
12,573,145
12,949,115
12,1073,92
12,1084,84
12,1541,118
12,148,138
12,201,172
12,114,212
12,130,238
12,13,292
12,33,313
12,243,322
12,239,342
12,347,318
12,367,330
12,176,229
12,234,222
12,261,216
12,264,236
12,273,253
12,242,275
12,304,224
12,124,329
12,134,346
12,65,348
12,28,367
12,171,292
12,526,226
12,286,278
12,392,346
12,637,357
12,476,193
12,540,197
12,457,266
12,514,197
12,460,243
12,584,211
12,572,274
12,536,254
12,573,295
12,644,314
12,660,332
12,937,146
12,963,138
12,892,219
12,1039,132
12,978,320
12,1010,299
12,981,158
12,713,275
12,707,292
12,749,294
12,765,315
12,743,248
12,843,252
12,837,278
12,1041,244
12,912,203
12,1124,199
12,1137,214
12,942,259
12,1096,293
12,1170,240
12,1180,174
12,1168,190
12,1180,199
12,1069,117
12,1198,209
12,1214,210
12,1286,140
12,1347,261
12,1343,285
12,1119,259
12,728,142
12,1553,245
12,1544,279
12,1539,302
12,1281,193
12,1584,312
12,1627,154
12,1572,180
12,1719,138
12,1657,105
12,1782,109
12,1745,162
13,982,350
13,1830,279
13,1873,298
13,1916,341
13,1854,103
13,436,159
13,1624,58
13,826,210
13,1515,99
13,1761,225
13,1748,213
13,1669,261
13,1829,91
13,1862,134
13,1571,128
13,1575,150
13,116,931
13,182,927
13,1195,331
13,1110,335
13,540,889
13,381,915
13,519,858
13,686,913
13,876,897
13,1038,842
13,1275,869
13,1170,846
13,1273,894
13,1235,914
13,1878,1022
13,1902,1022
13,1885,1001
13,961,872
13,265,377
13,344,430
13,311,447
13,313,427
13,272,423
13,182,333
13,656,140
13,574,147
13,949,115
13,1073,92
13,1084,84
13,1526,118
13,155,140
13,204,180
13,99,221
13,123,245
13,22,314
13,256,320
13,248,345
13,360,319
13,381,327
13,175,230
13,229,220
13,253,218
13,251,239
13,264,253
13,231,263
13,305,226
13,138,326
13,147,339
13,73,342
13,48,365
13,151,292
13,543,228
13,280,270
13,392,346
13,661,357
13,464,198
13,526,199
13,447,270
13,498,198
13,437,245
13,573,206
13,552,278
13,526,255
13,558,295
13,636,317
13,656,333
13,948,140
13,968,135
13,906,222
13,1048,134
13,986,319
13,1043,290
13,982,170
13,696,270
13,694,289
13,743,298
13,754,320
13,731,246
13,831,254
13,836,278
13,1050,242
13,898,201
13,1133,201
13,1142,213
13,943,260
13,1112,292
13,1181,239
13,1187,173
13,1174,185
13,1184,198
13,1058,109
13,1186,214
13,1206,212
13,1287,141
13,1360,263
13,1355,284
13,1108,257
13,728,143
13,1570,246
13,1556,274
13,1558,296
13,1269,196
13,1589,306
13,1630,147
13,1563,187
13,1718,138
13,1648,108
13,1784,108
13,1742,163
14,1002,343
14,1833,281
14,1877,299
14,1916,341
14,1853,103
14,436,159
14,1632,60
14,829,216
14,1508,99
14,1773,220
14,1752,214
14,1690,256
14,1828,91
14,1861,135
14,1580,125
14,1582,142
14,93,935
14,170,927
14,1195,331
14,1110,335
14,556,888
14,363,916
14,509,863
14,691,917
14,886,895
14,1038,842
14,1293,866
14,1170,846
14,1256,889
14,1236,914
14,1878,1021
14,1902,1022
14,1876,1000
14,947,872
14,266,379
14,344,430
14,311,447
14,313,426
14,272,423
14,197,335
14,656,140
14,573,147
14,948,116
14,1073,92
14,1084,84
14,1515,120
14,163,141
14,207,188
14,101,225
14,119,248
14,12,315
14,272,319
14,266,344
14,374,315
14,390,327
14,166,223
14,221,218
14,244,222
14,249,240
14,234,245
14,225,268
14,308,229
14,149,326
14,161,341
14,88,338
14,54,366
14,152,293
14,563,231
14,281,260
14,392,347
14,686,357
14,449,203
14,519,201
14,443,269
14,488,196
14,426,248
14,567,208
14,544,280
14,516,253
14,543,298
14,627,319
14,647,335
14,950,140
14,974,128
14,917,223
14,1057,136
14,1002,320
14,1054,290
14,984,181
14,690,270
14,681,286
14,733,295
14,739,319
14,713,240
14,813,252
14,823,284
14,1059,230
14,885,197
14,1136,198
14,1146,215
14,943,260
14,1129,292
14,1190,240
14,1192,170
14,1183,186
14,1186,199
14,1042,114
14,1178,216
14,1200,216
14,1288,142
14,1377,260
14,1379,282
14,1089,259
14,728,143
14,1592,237
14,1577,271
14,1570,297
14,1261,198
14,1597,309
14,1644,141
14,1557,196
14,1717,138
14,1639,111
14,1784,107
14,1742,163
15,1016,338
15,1844,282
15,1887,301
15,1916,341
15,1853,103
15,436,159
15,1644,58
15,843,229
15,1485,98
15,1786,217
15,1781,203
15,1707,252
15,1828,91
15,1860,135
15,1591,128
15,1594,148
15,63,938
15,158,927
15,1195,331
15,1111,336
15,564,886
15,343,913
15,486,863
15,714,914
15,899,896
15,1038,842
15,1313,866
15,1170,846
15,1240,884
15,1236,914
15,1878,1021
15,1902,1022
15,1860,1001
15,940,871
15,265,378
15,344,430
15,311,447
15,312,426
15,272,423
15,201,330
15,656,140
15,573,147
15,948,116
15,1073,92
15,1084,85
15,1503,120
15,159,148
15,215,179
15,96,231
15,114,255
15,8,314
15,283,317
15,279,344
15,392,311
15,408,320
15,160,225
15,211,217
15,236,220
15,237,234
15,226,246
15,219,271
15,154,108
15,307,231
15,165,318
15,167,339
15,101,332
15,71,359
15,153,294
15,576,226
15,273,255
15,391,347
15,707,356
15,430,209
15,504,203
15,426,262
15,479,195
15,402,253
15,557,209
15,523,279
15,510,249
15,528,302
15,625,317
15,639,337
15,953,132
15,976,118
15,928,224
15,1073,141
15,1021,323
15,1066,291
15,981,188
15,678,272
15,667,285
15,721,288
15,726,318
15,692,238
15,808,255
15,810,282
15,1075,235
15,884,199
15,1146,197
15,1153,215
15,943,260
15,1138,285
15,1206,245
15,1196,166
15,1192,182
15,1189,200
15,1036,117
15,1177,218
15,1198,223
15,1278,124
15,1393,261
15,1399,282
15,1073,261
15,728,144
15,1605,235
15,1588,274
15,1576,296
15,1248,198
15,1604,309
15,1654,129
15,1562,208
15,1716,138
15,1631,113
15,1785,107
15,1742,163
16,1029,334
16,1851,285
16,1897,303
16,1916,341
16,1853,104
16,435,160
16,1654,61
16,854,236
16,1481,105
16,1797,214
16,1787,200
16,1714,253
16,1828,92
16,1859,135
16,1594,129
16,1601,151
16,59,940
16,127,935
16,1195,332
16,1117,329
16,573,884
16,327,914
16,474,864
16,729,912
16,910,898
16,1038,843
16,1333,876
16,1170,846
16,1223,881
16,1236,914
16,1878,1020
16,1903,1022
16,1856,1001
16,922,869
16,265,378
16,344,431
16,312,448
16,312,426
16,273,424
16,220,328
16,656,140
16,573,147
16,948,116
16,1073,93
16,1085,85
16,1491,121
16,163,150
16,217,185
16,83,238
16,100,261
16,293,319
16,295,343
16,404,309
16,419,320
16,155,225
16,203,219
16,227,221
16,226,236
16,220,250
16,209,270
16,156,120
16,306,233
16,176,316
16,176,336
16,114,328
16,88,354
16,99,304
16,590,222
16,260,253
16,391,347
16,725,357
16,417,215
16,495,207
16,417,262
16,465,196
16,385,260
16,551,209
16,519,282
16,495,250
16,521,304
16,616,316
16,624,340
16,958,125
16,940,226
16,1087,143
16,1034,315
16,1087,291
16,965,196
16,662,273
16,662,287
16,712,292
16,714,314
16,683,239
16,800,257
16,807,283
16,1079,237
16,873,196
16,1158,199
16,1160,214
16,944,261
16,1153,286
16,1212,245
16,1204,167
16,1194,183
16,1200,202
16,1028,119
16,1171,226
16,1189,227
16,1279,123
16,1404,261
16,1415,279
16,1051,266
16,728,145
16,1619,238
16,1605,266
16,1587,293
16,1240,207
16,1610,308
16,1659,123
16,1565,210
16,1715,138
16,1625,109
16,1786,106
16,1742,163
17,1036,331
17,1859,288
17,1909,304
17,1916,341
17,1852,104
17,435,160
17,1657,62
17,872,252
17,1456,109
17,1810,216
17,1794,201
17,1723,253
17,1828,92
17,1857,135
17,1607,129
17,1612,149
17,45,942
17,116,932
17,1195,332
17,1119,331
17,582,888
17,305,917
17,463,865
17,734,912
17,914,900
17,1038,843
17,1339,878
17,1170,846
17,1206,879
17,1236,914
17,1878,1020
17,1903,1022
17,1852,1002
17,1900,998
17,1911,973
17,905,868
17,816,895
17,265,378
17,344,431
17,312,448
17,312,426
17,273,424
17,230,327
17,655,140
17,573,147
17,947,116
17,1073,93
17,1085,85
17,1477,129
17,172,152
17,217,186
17,75,247
17,87,271
17,307,316
17,305,338
17,421,308
17,430,321
17,148,222
17,198,212
17,221,220
17,221,236
17,213,252
17,200,269
17,158,127
17,302,234
17,194,314
17,197,338
17,129,326
17,99,352
17,85,306
17,603,218
17,257,251
17,391,347
17,747,353
17,396,219
17,483,216
17,411,264
17,460,198
17,357,263
17,539,206
17,497,284
17,485,251
17,510,307
17,612,318
17,618,339
17,966,115
17,954,228
17,1101,145
17,1043,314
17,1104,289
17,957,200
17,646,272
17,648,289
17,699,294
17,699,315
17,665,245
17,794,258
17,790,282
17,1096,235
17,864,197
17,1168,195
17,1178,214
17,946,263
17,1166,286
17,1221,247
17,1212,168
17,1204,179
17,1205,201
17,1014,123
17,1158,226
17,1181,230
17,1281,119
17,1422,257
17,1426,280
17,1042,269
17,728,145
17,1633,240
17,1613,268
17,1608,291
17,1241,208
17,1621,308
17,1662,119
17,1566,220
17,1714,138
17,1628,109
17,1787,106
17,1742,163
18,1047,329
18,1882,283
18,1916,341
18,1852,104
18,435,160
18,1660,64
18,883,267
18,1441,114
18,1816,218
18,1805,202
18,1728,249
18,1828,92
18,1855,136
18,1621,130
18,1619,152
18,106,930
18,1195,332
18,1121,334
18,597,890
18,271,922
18,445,866
18,755,914
18,926,898
18,1038,843
18,1356,874
18,1170,846
18,1193,875
18,1236,914
18,1878,1019
18,1903,1022
18,1848,1003
18,1889,999
18,1905,976
18,889,871
18,834,898
18,265,378
18,344,431
18,312,448
18,311,425
18,273,424
18,251,328
18,655,140
18,573,147
18,947,117
18,1073,93
18,1085,86
18,1462,133
18,170,156
18,217,187
18,53,250
18,73,277
18,331,317
18,321,342
18,433,308
18,445,325
18,147,215
18,186,212
18,216,218
18,211,238
18,203,252
18,187,276
18,157,130
18,299,236
18,213,316
18,210,340
18,144,318
18,115,348
18,68,316
18,618,216
18,258,252
18,391,347
18,766,342
18,387,221
18,469,218
18,406,266
18,442,202
18,346,270
18,530,206
18,487,284
18,477,251
18,493,306
18,607,322
18,610,343
18,977,235
18,1120,149
18,1066,309
18,1120,282
18,950,204
18,636,272
18,634,289
18,685,290
18,684,310
18,649,244
18,789,261
18,790,284
18,1105,233
18,856,193
18,1172,190
18,1181,204
18,944,255
18,1182,281
18,1232,247
18,1219,166
18,1210,181
18,1214,202
18,1007,128
18,1155,228
18,1177,234
18,1283,113
18,1444,259
18,1444,278
18,1027,273
18,728,146
18,1647,240
18,1627,270
18,1627,288
18,1242,209
18,1629,310
18,1666,117
18,1568,234
18,1713,138
18,1631,110
18,1788,106
18,1742,163
19,1057,323
19,1890,284
19,1916,341
19,1851,104
19,435,160
19,1675,63
19,898,276
19,1431,117
19,1833,220
19,1824,201
19,1742,251
19,1827,92
19,1856,135
19,1629,132
19,1629,153
19,85,931
19,1194,332
19,1123,337
19,605,892
19,255,923
19,437,869
19,770,913
19,941,899
19,1037,843
19,1370,877
19,1170,846
19,1179,870
19,1237,914
19,1877,1019
19,1903,1022
19,1862,1006
19,1878,996
19,1897,978
19,875,861
19,844,900
19,265,378
19,344,432
19,312,448
19,311,425
19,273,424
19,260,323
19,655,140
19,573,147
19,947,117
19,1073,93
19,1085,86
19,1448,137
19,176,156
19,220,201
19,43,266
19,68,288
19,334,319
19,338,343
19,447,317
19,462,328
19,143,204
19,184,214
19,208,219
19,206,234
19,200,253
19,184,276
19,155,140
19,300,238
19,227,317
19,219,339
19,157,310
19,134,348
19,52,322
19,635,204
19,259,253
19,390,347
19,782,341
19,370,226
19,465,220
19,388,263
19,437,203
19,330,272
19,517,205
19,481,286
19,470,254
19,479,305
19,590,323
19,609,345
19,995,229
19,1131,151
19,1077,306
19,1134,278
19,939,204
19,622,271
19,625,287
19,677,290
19,677,310
19,650,245
19,778,262
19,778,287
19,1108,227
19,842,195
19,1181,192
19,1194,206
19,943,248
19,1200,279
19,1242,249
19,1226,164
19,1217,183
19,1223,198
19,996,130
19,1150,232
19,1172,238
19,1284,114
19,1459,260
19,1460,279
19,1006,278
19,729,147
19,1670,235
19,1641,270
19,1644,289
19,1209,227
19,1635,307
19,1667,114
19,1569,239
19,1712,138
19,1635,111
19,1788,106
19,1742,163
19,1916,111
20,1068,318
20,1898,285
20,1915,341
20,1851,104
20,435,161
20,1682,66
20,912,285
20,1422,120
20,1845,222
20,1835,200
20,1754,249
20,1827,92
20,1857,134
20,1634,138
20,1641,152
20,65,933
20,1194,332
20,1126,340
20,614,885
20,243,923
20,430,872
20,949,899
20,1037,843
20,1379,879
20,1170,846
20,1162,870
20,1237,914
20,1877,1018
20,1903,1022
20,1862,1005
20,1862,989
20,1884,976
20,860,868
20,860,895
20,265,378
20,344,432
20,312,448
20,310,425
20,274,424
20,269,325
20,655,140
20,573,147
20,946,117
20,1073,93
20,1085,86
20,1425,146
20,183,157
20,223,205
20,35,277
20,60,292
20,346,317
20,348,340
20,463,317
20,479,329
20,139,200
20,174,211
20,205,217
20,204,237
20,194,255
20,181,276
20,156,142
20,300,238
20,237,316
20,240,339
20,167,307
20,145,347
20,33,330
20,642,197
20,233,232
20,390,347
20,808,338
20,355,226
20,452,222
20,382,263
20,424,206
20,313,274
20,510,204
20,469,290
20,458,251
20,466,303
20,584,325
20,594,344
20,1009,231
20,1151,152
20,1094,299
20,1162,271
20,928,205
20,611,271
20,609,283
20,664,292
20,666,311
20,651,246
20,768,263
20,765,290
20,1120,218
20,828,197
20,1192,191
20,1197,207
20,952,239
20,1218,276
20,1247,242
20,1232,164
20,1223,185
20,1235,200
20,975,135
20,1143,235
20,1160,241
20,1285,115
20,1471,259
20,1474,279
20,991,280
20,740,149
20,1681,238
20,1657,268
20,1657,287
20,1197,227
20,1644,308
20,1663,114
20,1571,244
20,1711,138
20,1637,108
20,1788,106
20,1743,164
20,1912,116
21,1077,306
21,1906,283
21,1915,341
21,1850,104
21,435,161
21,1690,69
21,920,292
21,1405,122
21,1857,218
21,1851,201
21,1765,248
21,1827,92
21,1858,133
21,1639,139
21,1643,157
21,52,935
21,1194,332
21,1128,340
21,626,887
21,225,922
21,414,872
21,957,898
21,1037,844
21,1398,879
21,1170,847
21,1154,870
21,1237,914
21,1877,1018
21,1903,1022
21,1862,1004
21,1857,986
21,1877,978
21,845,863
21,877,891
21,265,378
21,344,432
21,312,448
21,310,424
21,274,424
21,287,327
21,655,140
21,573,147
21,946,117
21,1074,94
21,1085,87
21,1411,148
21,182,159
21,226,210
21,26,279
21,41,301
21,364,316
21,365,340
21,469,322
21,484,331
21,136,197
21,172,195
21,203,215
21,194,235
21,192,253
21,171,275
21,158,145
21,254,314
21,255,338
21,176,302
21,157,343
21,20,333
21,657,191
21,224,229
21,390,347
21,833,339
21,341,236
21,439,225
21,364,264
21,411,208
21,289,282
21,504,205
21,450,287
21,450,245
21,454,304
21,572,324
21,585,346
21,1019,230
21,1159,145
21,1108,299
21,1173,264
21,915,208
21,600,268
21,597,289
21,648,287
21,653,311
21,653,248
21,767,265
21,760,295
21,1132,213
21,822,199
21,1199,188
21,1208,208
21,959,242
21,1226,276
21,1260,250
21,1238,164
21,1229,180
21,1241,198
21,962,137
21,1129,234
21,1154,243
21,1287,117
21,1489,257
21,1490,278
21,977,272
21,745,151
21,1698,235
21,1670,261
21,1670,287
21,1186,227
21,1653,309
21,1660,114
21,1581,246
21,1710,138
21,1639,105
21,1789,107
21,1743,164
21,1908,121
22,1089,304
22,1910,291
22,1850,104
22,435,161
22,1690,67
22,934,300
22,1388,125
22,1868,217
22,1857,204
22,1779,250
22,1827,92
22,1859,132
22,1651,140
22,1651,159
22,36,933
22,1194,332
22,1130,340
22,635,895
22,204,923
22,394,876
22,958,899
22,1037,844
22,1405,892
22,1170,847
22,1137,863
22,1237,914
22,1877,1017
22,1903,1022
22,1863,1003
22,1846,992
22,1863,977
22,832,861
22,895,891
22,265,378
22,344,433
22,312,448
22,309,424
22,274,424
22,304,325
22,654,141
22,572,147
22,946,118
22,1074,94
22,1085,87
22,1397,147
22,184,165
22,229,213
22,36,311
22,376,318
22,380,342
22,481,322
22,502,329
22,133,194
22,161,190
22,194,211
22,189,231
22,177,248
22,163,271
22,162,150
22,124,84
22,271,321
22,272,338
22,189,298
22,174,338
22,669,188
22,215,226
22,390,347
22,848,328
22,329,238
22,431,225
22,360,263
22,407,210
22,277,281
22,488,206
22,444,284
22,441,253
22,445,306
22,570,325
22,580,342
22,1035,221
22,1171,147
22,1132,294
22,1192,259
22,900,208
22,581,270
22,580,284
22,635,285
22,643,306
22,583,236
22,752,264
22,757,297
22,1137,211
22,822,198
22,1205,192
22,1215,210
22,975,240
22,1243,273
22,1262,251
22,1242,168
22,1236,182
22,1247,200
22,948,138
22,1128,237
22,1145,244
22,1513,256
22,1506,272
22,961,273
22,753,156
22,1710,234
22,1687,267
22,1686,291
22,1174,229
22,1668,310
22,1657,115
22,1582,258
22,1710,139
22,1646,100
22,1789,107
22,1743,164
22,1900,136
23,1101,302
23,1849,105
23,435,161
23,1690,66
23,944,302
23,1378,122
23,1882,218
23,1876,206
23,1795,242
23,1826,92
23,1860,132
23,1659,144
23,1662,160
23,1194,332
23,1132,340
23,641,890
23,188,926
23,384,879
23,959,900
23,1037,844
23,1423,886
23,1170,847
23,1121,856
23,1238,914
23,1877,1017
23,1903,1022
23,1863,1002
23,1832,989
23,1851,972
23,820,859
23,912,888
23,264,378
23,343,433
23,312,448
23,309,424
23,274,424
23,322,323
23,654,141
23,572,147
23,945,118
23,1074,94
23,1085,87
23,1384,146
23,191,168
23,232,216
23,26,314
23,386,317
23,386,340
23,495,319
23,517,324
23,132,199
23,156,186
23,188,207
23,184,231
23,168,245
23,159,269
23,165,154
23,124,94
23,120,66
23,294,323
23,286,340
23,200,298
23,182,339
23,686,182
23,208,220
23,389,347
23,876,319
23,318,240
23,419,233
23,347,262
23,395,215
23,255,281
23,487,209
23,424,282
23,419,251
23,429,304
23,563,327
23,570,344
23,1044,221
23,1179,148
23,1142,294
23,1201,255
23,888,214
23,572,269
23,571,281
23,631,287
23,633,309
23,567,236
23,748,266
23,750,298
23,1143,209
23,809,199
23,1221,199
23,1230,213
23,977,233
23,1256,276
23,1265,252
23,1253,163
23,1242,180
23,1257,196
23,935,140
23,1116,238
23,1141,246
23,1520,256
23,1518,274
23,951,272
23,768,160
23,1724,236
23,1703,269
23,1699,293
23,1158,231
23,1669,310
23,1654,115
23,1582,268
23,1709,139
23,1658,96
23,1790,108
23,1743,164
23,1893,138
24,1121,291
24,1849,105
24,435,162
24,1690,65
24,960,303
24,1374,122
24,1898,220
24,1881,208
24,1803,240
24,1826,93
24,1861,131
24,1672,145
24,1668,162
24,1194,332
24,1134,341
24,653,892
24,173,923
24,368,879
24,1037,844
24,1426,888
24,1170,847
24,1123,859
24,1238,914
24,1877,1016
24,1903,1022
24,1863,1002
24,1820,991
24,1841,975
24,798,855
24,930,885
24,264,378
24,342,433
24,312,448
24,309,424
24,275,424
24,336,326
24,654,141
24,572,147
24,945,118
24,1074,94
24,1085,87
24,1382,148
24,193,173
24,238,222
24,10,316
24,407,318
24,401,337
24,506,316
24,533,317
24,132,200
24,156,178
24,180,204
24,174,233
24,167,243
24,156,268
24,175,165
24,126,102
24,122,79
24,263,233
24,307,318
24,302,337
24,215,297
24,207,336
24,706,183
24,201,215
24,389,347
24,894,321
24,303,242
24,411,234
24,335,258
24,380,218
24,239,279
24,479,205
24,419,283
24,418,252
24,421,305
24,559,329
24,564,346
24,1060,221
24,1198,144
24,1154,290
24,1221,252
24,875,212
24,561,269
24,560,282
24,618,285
24,616,310
24,550,238
24,742,268
24,736,298
24,1164,211
24,795,203
24,1230,197
24,1238,215
24,996,228
24,1270,276
24,1279,250
24,1257,164
24,1251,182
24,1265,195
24,926,140
24,1112,237
24,1124,250
24,1541,251
24,1541,271
24,919,274
24,774,170
24,1743,234
24,1721,271
24,1718,295
24,1159,233
24,1671,311
24,1651,116
24,1589,270
24,1708,139
24,1669,94
24,1790,107
24,1743,164
24,1879,149
25,1137,280
25,1848,105
25,435,162
25,1690,63
25,986,305
25,1361,124
25,1902,224
25,1895,211
25,1813,238
25,1826,93
25,1862,130
25,1681,143
25,1683,171
25,1193,332
25,1135,339
25,658,895
25,154,924
25,351,882
25,1036,844
25,1437,897
25,1170,847
25,1100,855
25,1238,914
25,1877,1016
25,1903,1022
25,1863,1001
25,1809,991
25,1834,977
25,791,854
25,944,887
25,264,378
25,341,433
25,312,448
25,305,425
25,275,424
25,341,326
25,654,141
25,572,147
25,945,118
25,1074,94
25,1085,88
25,1367,150
25,196,178
25,239,225
25,419,316
25,417,337
25,514,308
25,540,311
25,133,201
25,146,169
25,175,201
25,169,228
25,156,246
25,149,264
25,167,166
25,127,123
25,124,93
25,263,233
25,316,324
25,319,335
25,223,299
25,222,338
25,721,179
25,200,215
25,389,347
25,909,311
25,286,247
25,395,235
25,328,259
25,375,220
25,219,276
25,466,203
25,405,285
25,414,254
25,405,307
25,540,331
25,554,348
25,1073,209
25,1213,146
25,1178,284
25,1231,249
25,863,210
25,546,270
25,550,284
25,607,286
25,607,310
25,540,237
25,723,272
25,733,303
25,1172,212
25,788,207
25,1247,199
25,1247,218
25,1010,227
25,1291,278
25,1288,246
25,1267,164
25,1261,184
25,1274,196
25,907,143
25,1100,237
25,1123,251
25,1554,245
25,1558,264
25,909,278
25,788,172
25,1759,236
25,1736,272
25,1739,296
25,1151,233
25,1682,305
25,1641,101
25,1596,278
25,1707,139
25,1682,96
25,1790,107
25,1743,164
25,1869,157
26,1145,277
26,1848,105
26,435,162
26,1690,62
26,1002,301
26,1349,126
26,1910,226
26,1904,213
26,1828,236
26,1826,93
26,1863,129
26,1683,159
26,1685,176
26,1193,332
26,1136,337
26,670,898
26,137,928
26,339,890
26,1036,845
26,1447,895
26,1170,847
26,1093,855
26,1238,914
26,1877,1015
26,1903,1022
26,1863,1001
26,1799,991
26,1809,972
26,780,854
26,959,889
26,264,378
26,340,433
26,312,448
26,302,427
26,275,424
26,360,328
26,654,141
26,572,147
26,945,119
26,1074,95
26,1085,88
26,1346,151
26,198,176
26,241,231
26,431,316
26,429,338
26,520,303
26,551,315
26,130,202
26,148,163
26,163,192
26,166,226
26,149,248
26,138,265
26,169,167
26,121,122
26,125,101
26,255,228
26,336,322
26,334,341
26,229,301
26,238,339
26,737,176
26,193,204
26,389,347
26,927,312
26,268,250
26,384,238
26,311,259
26,362,222
26,206,278
26,452,208
26,390,284
26,407,252
26,395,306
26,530,333
26,542,350
26,1083,203
26,1224,144
26,1183,282
26,1237,237
26,854,212
26,532,272
26,539,287
26,591,284
26,601,303
26,516,234
26,715,272
26,716,300
26,1193,201
26,777,211
26,1259,205
26,1264,223
26,1019,225
26,1303,276
26,1297,250
26,1274,164
26,1269,185
26,1281,191
26,899,141
26,1093,239
26,1115,248
26,1570,242
26,1578,256
26,889,280
26,805,181
26,1770,238
26,1756,272
26,1758,292
26,1136,234
26,1694,304
26,1632,86
26,1588,282
26,1703,138
26,1691,96
26,1790,107
26,1743,164
26,1851,160
27,1153,272
27,1847,105
27,435,162
27,1690,61
27,1016,297
27,1334,128
27,1848,235
27,1825,93
27,1865,129
27,1695,159
27,1695,181
27,1193,332
27,1138,336
27,682,899
27,111,930
27,325,890
27,1036,845
27,1457,891
27,1170,847
27,1090,854
27,1239,914
27,1877,1015
27,1903,1022
27,1863,1000
27,1791,988
27,1802,971
27,1910,983
27,764,853
27,264,378
27,340,434
27,312,448
27,299,429
27,275,424
27,379,326
27,653,141
27,572,147
27,944,118
27,1074,95
27,1085,88
27,1333,147
27,204,184
27,241,231
27,449,312
27,441,336
27,539,304
27,559,321
27,128,203
27,149,153
27,162,191
27,157,212
27,138,249
27,135,264
27,171,168
27,119,134
27,127,108
27,121,64
27,249,223
27,350,322
27,342,337
27,244,298
27,251,336
27,746,177
27,180,199
27,388,347
27,949,305
27,252,252
27,380,236
27,304,259
27,349,228
27,174,285
27,442,206
27,376,286
27,391,255
27,379,303
27,516,330
27,532,353
27,1099,204
27,1234,144
27,1207,275
27,1246,233
27,841,215
27,524,265
27,523,282
27,577,285
27,596,305
27,498,237
27,707,273
27,704,301
27,1202,201
27,771,213
27,1266,206
27,1274,225
27,1036,220
27,1323,276
27,1313,251
27,1282,164
27,1279,180
27,1294,193
27,884,135
27,1087,240
27,1109,250
27,1581,241
27,1588,256
27,869,282
27,817,183
27,1789,231
27,1764,277
27,1775,296
27,1116,237
27,1699,306
27,1628,77
27,1589,284
27,1699,137
27,1707,90
27,1790,107
27,1744,165
27,1838,159
27,1378,83
28,1170,260
28,1847,105
28,435,163
28,1690,60
28,1033,292
28,1320,130
28,1856,232
28,1825,93
28,1868,127
28,1704,161
28,1702,183
28,1193,332
28,1136,336
28,694,901
28,94,933
28,312,891
28,1036,845
28,1459,889
28,1170,847
28,1092,855
28,1239,914
28,1877,1017
28,1903,1022
28,1863,1000
28,1779,990
28,1783,970
28,1911,984
28,753,855
28,264,378
28,339,434
28,312,448
28,298,430
28,276,424
28,389,328
28,653,141
28,572,147
28,943,117
28,1074,95
28,1085,89
28,1316,149
28,210,193
28,242,232
28,462,309
28,457,328
28,550,298
28,568,323
28,126,204
28,149,144
28,163,178
28,160,210
28,130,250
28,136,265
28,171,168
28,120,139
28,118,117
28,120,82
28,247,217
28,363,322
28,354,339
28,259,295
28,267,336
28,755,171
28,177,197
28,388,347
28,966,303
28,235,252
28,366,232
28,293,257
28,340,225
28,168,291
28,430,213
28,357,287
28,379,256
28,369,305
28,513,331
28,522,352
28,1112,206
28,1243,150
28,1216,272
28,1254,219
28,828,219
28,516,266
28,515,277
28,570,281
28,585,300
28,486,242
28,697,278
28,697,304
28,1211,202
28,755,215
28,1281,206
28,1280,224
28,1048,219
28,1336,278
28,1322,252
28,1287,163
28,1282,180
28,1298,193
28,870,132
28,1073,242
28,1096,251
28,1607,242
28,1607,256
28,867,280
28,820,185
28,1801,233
28,1780,278
28,1790,298
28,1112,237
28,1708,306
28,1624,68
28,1590,286
28,1695,136
28,1727,92
28,1790,107
28,1740,163
28,1820,156
28,1370,89
29,1187,249
29,1846,105
29,435,163
29,1691,54
29,1056,290
29,1311,130
29,1865,230
29,1825,93
29,1876,120
29,1715,167
29,1719,186
29,1193,332
29,1135,337
29,706,899
29,75,934
29,296,896
29,1036,845
29,1467,883
29,1170,847
29,1095,857
29,1239,914
29,1878,1020
29,1903,1022
29,1863,999
29,1770,992
29,1776,972
29,1911,985
29,730,856
29,264,378
29,338,434
29,312,448
29,298,431
29,276,424
29,407,322
29,653,141
29,572,147
29,943,117
29,1074,95
29,1085,89
29,1318,148
29,210,193
29,244,233
29,473,306
29,468,326
29,563,305
29,580,324
29,127,205
29,149,137
29,161,164
29,150,206
29,117,252
29,137,266
29,172,169
29,116,150
29,120,128
29,121,91
29,234,215
29,378,319
29,370,336
29,267,295
29,287,339
29,776,157
29,176,194
29,388,347
29,988,301
29,227,254
29,362,231
29,279,256
29,335,233
29,145,302
29,417,210
29,346,289
29,377,258
29,355,305
29,508,337
29,514,353
29,1126,207
29,1251,158
29,1233,270
29,1264,218
29,814,219
29,500,268
29,502,276
29,563,281
29,586,300
29,470,247
29,681,275
29,688,308
29,1218,204
29,750,216
29,1286,208
29,1294,224
29,1066,219
29,1347,277
29,1332,254
29,1293,163
29,1285,181
29,1302,194
29,1066,237
29,1084,248
29,1623,241
29,1624,253
29,853,283
29,840,187
29,1817,233
29,1802,282
29,1805,300
29,1108,238
29,1720,302
29,1627,60
29,1603,289
29,1687,136
29,1737,97
29,1790,107
29,1737,161
29,1810,157
29,1363,96
30,1195,238
30,1846,106
30,435,163
30,1650,47
30,1069,285
30,1297,130
30,1884,224
30,1825,93
30,1880,113
30,1726,175
30,1728,188
30,1193,332
30,1127,333
30,706,892
30,61,936
30,276,898
30,1036,846
30,1470,885
30,1170,847
30,1081,849
30,1239,914
30,1879,1023
30,1903,1022
30,1864,999
30,1757,990
30,1763,968
30,1906,995
30,714,854
30,264,378
30,337,434
30,312,448
30,298,432
30,276,424
30,423,317
30,653,141
30,572,147
30,942,116
30,1074,95
30,1085,89
30,1309,152
30,210,193
30,247,232
30,485,303
30,480,324
30,578,308
30,593,325
30,128,206
30,150,130
30,159,160
30,150,192
30,108,254
30,96,268
30,176,171
30,113,160
30,122,136
30,117,105
30,229,211
30,384,321
30,385,334
30,284,285
30,307,341
30,783,153
30,170,185
30,388,347
30,1009,297
30,214,251
30,345,234
30,271,257
30,317,235
30,132,313
30,413,214
30,339,288
30,372,257
30,340,306
30,494,338
30,503,353
30,1140,209
30,1262,158
30,1250,265
30,1274,216
30,800,220
30,489,265
30,487,277
30,550,278
30,561,292
30,452,251
30,673,278
30,679,308
30,1230,205
30,742,217
30,1304,209
30,1300,226
30,1078,214
30,1358,277
30,1337,255
30,1301,164
30,1292,183
30,1310,194
30,1060,239
30,1080,248
30,1639,239
30,1638,257
30,839,278
30,846,193
30,1836,235
30,1811,284
30,1827,298
30,1094,230
30,1731,302
30,1624,60
30,1604,294
30,1679,136
30,1747,102
30,1790,107
30,1734,160
30,1792,148
30,1910,90
30,1348,103
