1,206,998
1,271,972
1,257,976
1,295,996
1,320,1013
1,342,991
1,365,996
1,374,1001
1,365,1016
1,393,1000
1,417,980
1,360,1037
1,259,1038
1,399,1035
1,389,1032
1,531,999
1,564,1017
1,539,1022
1,554,1036
1,440,1025
1,452,1009
1,469,1031
1,455,1033
1,500,1026
1,488,1036
1,482,1011
1,629,1023
1,679,1037
1,633,1011
1,670,1010
1,721,1034
1,718,1018
1,758,1027
1,734,994
1,825,1014
1,821,999
1,822,984
1,803,1015
1,862,999
1,853,984
1,876,991
1,844,1015
1,922,1017
1,1012,999
1,990,1007
1,1060,998
1,1068,1019
1,1074,1037
1,887,1029
1,843,1041
1,883,1020
1,1028,1038
1,994,1031
1,1208,1008
1,1278,1040
1,1315,1041
1,1390,1005
1,1471,1000
1,968,994
1,954,1016
1,943,1035
1,1128,1040
1,792,1042
1,809,1034
1,1217,1040
1,1447,1036
1,1410,966
1,1582,1013
1,1579,1024
1,1523,1022
1,1520,1035
1,1585,992
1,1633,1040
1,1684,1042
1,1749,1014
1,1805,1011
1,1803,1025
1,1820,1029
1,1713,1030
1,1744,1045
1,1730,982
1,1749,994
1,1766,1002
1,1839,986
1,1904,1008
1,1907,1021
1,425,566
1,408,567
1,111,158
1,100,172
1,28,183
1,133,199
1,199,269
1,184,268
1,133,255
1,197,189
1,158,153
1,210,227
1,231,236
1,217,154
1,254,171
1,238,185
1,262,127
1,284,160
1,369,177
1,375,205
1,272,261
1,262,259
1,313,265
1,341,271
1,361,281
1,386,250
1,376,251
1,394,142
1,428,163
1,449,229
1,470,220
1,492,231
1,496,216
1,507,179
1,491,187
1,545,226
1,545,213
1,415,279
1,532,197
1,523,200
1,519,229
1,473,157
1,496,156
1,512,154
1,552,154
1,584,209
1,597,228
1,674,203
1,660,203
1,673,223
1,643,217
1,636,197
1,621,229
1,675,243
1,694,221
1,698,242
1,701,251
1,697,178
1,667,180
1,632,156
1,615,155
1,621,170
1,611,170
1,726,176
1,582,311
1,748,148
1,736,147
1,703,144
1,670,144
1,670,161
1,704,157
1,739,159
1,785,177
1,803,186
1,822,185
1,736,211
1,752,215
1,766,211
1,743,196
1,762,192
1,784,197
1,745,228
1,851,175
1,868,175
1,887,183
1,895,174
1,788,140
1,788,122
1,711,194
1,961,200
1,930,200
1,898,200
1,868,200
1,837,201
1,816,205
1,723,242
1,717,217
1,913,182
1,919,174
1,936,178
1,945,219
1,925,217
1,907,219
1,866,220
1,956,140
1,968,144
1,983,141
1,997,144
1,1017,142
1,1028,150
1,1043,151
1,1059,163
1,1056,140
1,966,173
1,961,163
1,995,193
1,1004,235
1,1063,227
1,1054,181
1,1063,199
1,1107,169
1,1097,187
1,1204,173
1,1238,178
1,1098,233
1,1137,140
1,1202,224
1,1194,211
1,1323,159
1,1289,169
1,1265,170
1,1272,156
1,1308,157
1,1313,166
1,1334,206
1,1307,201
1,1248,201
1,1447,175
1,1414,198
1,1455,203
1,1487,184
1,1503,180
1,1434,157
1,1625,95
1,1645,145
1,1791,123
1,1816,135
1,1606,155
1,1716,134
1,1738,129
1,1664,123
1,1784,153
1,1852,107
1,1818,107
1,1896,74
1,1916,84
1,1743,57
1,1748,25
1,1665,42
1,1650,11
1,1616,35
1,1791,33
1,1772,12
1,1742,6
1,1747,6
1,902,246
1,821,270
1,838,321
1,1835,298
1,1817,287
2,198,995
2,270,972
2,257,976
2,295,995
2,320,1013
2,346,993
2,365,996
2,374,1001
2,364,1016
2,392,1000
2,417,979
2,351,1037
2,278,1039
2,398,1034
2,389,1033
2,531,999
2,564,1015
2,540,1022
2,555,1038
2,439,1025
2,451,1011
2,468,1030
2,455,1032
2,499,1026
2,488,1036
2,482,1011
2,623,1024
2,668,1036
2,625,1012
2,661,1010
2,711,1033
2,708,1020
2,747,1031
2,723,997
2,819,1014
2,812,1000
2,813,987
2,792,1019
2,856,1001
2,848,987
2,868,990
2,850,1016
2,931,1018
2,1005,999
2,981,1007
2,1049,995
2,1053,1017
2,1089,1039
2,898,1027
2,851,1040
2,894,1020
2,1041,1038
2,1009,1035
2,1202,1009
2,1295,1042
2,1332,1043
2,1372,1004
2,1454,1006
2,958,994
2,967,1019
2,953,1035
2,1144,1040
2,798,1043
2,816,1037
2,1234,1041
2,1466,1037
2,1410,965
2,1598,1014
2,1597,1026
2,1540,1024
2,1540,1037
2,1573,994
2,1647,1041
2,1695,1043
2,1735,1011
2,1796,1014
2,1790,1026
2,1809,1031
2,1724,1033
2,1754,1046
2,1729,981
2,1749,993
2,1766,1002
2,1842,987
2,1893,1011
2,1895,1025
2,424,565
2,407,566
2,106,155
2,94,169
2,27,182
2,122,198
2,199,269
2,185,267
2,133,254
2,184,186
2,155,152
2,210,227
2,231,236
2,208,153
2,241,169
2,225,185
2,261,128
2,272,158
2,354,176
2,357,207
2,271,260
2,262,259
2,313,264
2,341,270
2,362,281
2,388,250
2,378,252
2,394,141
2,417,162
2,458,233
2,475,218
2,500,231
2,503,218
2,493,178
2,481,189
2,553,225
2,555,212
2,415,280
2,534,197
2,523,199
2,527,227
2,471,155
2,496,156
2,511,154
2,551,153
2,593,210
2,602,227
2,677,201
2,663,202
2,679,224
2,648,217
2,640,197
2,630,231
2,682,241
2,697,221
2,703,241
2,708,250
2,690,178
2,661,180
2,632,154
2,616,157
2,622,169
2,611,169
2,720,176
2,603,309
2,749,146
2,737,145
2,704,143
2,670,143
2,670,160
2,701,155
2,738,158
2,783,174
2,801,183
2,820,186
2,739,208
2,754,216
2,770,209
2,746,192
2,766,190
2,794,200
2,745,227
2,847,178
2,864,177
2,883,182
2,890,174
2,789,144
2,788,121
2,714,192
2,971,201
2,938,199
2,905,199
2,875,200
2,845,200
2,824,206
2,727,242
2,722,218
2,909,182
2,916,174
2,935,179
2,945,218
2,926,217
2,907,219
2,865,220
2,956,139
2,968,143
2,983,140
2,997,144
2,1017,142
2,1028,150
2,1043,151
2,1061,163
2,1056,139
2,961,172
2,970,165
2,1010,193
2,1003,234
2,1064,227
2,1070,182
2,1077,200
2,1098,170
2,1111,189
2,1193,170
2,1227,173
2,1098,233
2,1139,136
2,1220,224
2,1212,210
2,1325,159
2,1290,168
2,1265,170
2,1271,156
2,1308,157
2,1314,167
2,1346,201
2,1322,194
2,1259,199
2,1458,172
2,1428,195
2,1471,199
2,1494,176
2,1511,175
2,1432,157
2,1615,98
2,1635,142
2,1781,119
2,1806,131
2,1608,156
2,1729,138
2,1751,136
2,1685,125
2,1805,156
2,1863,113
2,1830,110
2,1893,75
2,1915,91
2,1746,60
2,1755,30
2,1674,30
2,1651,11
2,1617,34
2,1785,31
2,1774,12
2,1747,6
2,1747,6
2,893,246
2,817,283
2,855,323
2,1833,301
2,1817,290
3,191,992
3,270,972
3,257,977
3,295,995
3,320,1013
3,350,995
3,365,997
3,374,1002
3,364,1016
3,392,1000
3,417,979
3,343,1038
3,298,1041
3,398,1034
3,389,1035
3,531,999
3,564,1014
3,542,1023
3,556,1040
3,439,1025
3,451,1013
3,468,1030
3,455,1032
3,499,1026
3,488,1037
3,482,1011
3,617,1026
3,658,1035
3,617,1013
3,653,1011
3,702,1033
3,698,1022
3,736,1036
3,712,1001
3,814,1015
3,803,1002
3,804,990
3,782,1024
3,851,1003
3,843,990
3,860,990
3,856,1018
3,941,1019
3,998,1000
3,972,1007
3,1038,992
3,1039,1015
3,1105,1041
3,909,1026
3,860,1040
3,905,1021
3,1054,1038
3,1025,1040
3,1196,1011
3,1312,1045
3,1349,1046
3,1354,1004
3,1438,1012
3,948,995
3,980,1019
3,965,1033
3,1160,1041
3,804,1044
3,168,1030
3,823,1040
3,1252,1043
3,1486,1039
3,1410,965
3,1614,1016
3,1615,1028
3,1558,1026
3,1560,1040
3,1561,997
3,1661,1043
3,1706,1045
3,1722,1009
3,1788,1017
3,1778,1028
3,1799,1034
3,1736,1036
3,1764,1047
3,1729,981
3,1749,993
3,1767,1002
3,1845,988
3,1883,1015
3,1884,1030
3,424,565
3,407,566
3,101,153
3,89,167
3,27,182
3,112,198
3,199,269
3,187,267
3,133,254
3,171,184
3,152,152
3,211,228
3,231,236
3,199,153
3,229,167
3,212,185
3,261,130
3,260,156
3,340,176
3,340,209
3,271,260
3,263,260
3,313,264
3,341,270
3,364,281
3,390,251
3,381,253
3,395,141
3,406,162
3,467,237
3,480,216
3,508,231
3,511,221
3,480,178
3,471,191
3,562,225
3,565,211
3,416,281
3,536,197
3,523,199
3,536,225
3,470,154
3,496,156
3,511,154
3,551,153
3,603,211
3,608,227
3,681,199
3,666,202
3,686,225
3,653,217
3,645,197
3,640,233
3,689,240
3,701,222
3,708,240
3,716,250
3,684,179
3,656,180
3,633,152
3,617,159
3,623,169
3,611,168
3,715,177
3,625,308
3,750,144
3,738,144
3,705,143
3,670,142
3,670,159
3,698,154
3,738,157
3,782,171
3,800,181
3,818,187
3,743,206
3,757,218
3,774,208
3,749,189
3,771,188
3,805,203
3,746,226
3,843,182
3,860,179
3,880,182
3,885,175
3,791,149
3,788,120
3,797,33
3,800,167
3,718,191
3,981,202
3,947,199
3,913,198
3,882,200
3,853,200
3,832,208
3,731,242
3,728,220
3,780,200
3,906,183
3,914,175
3,934,181
3,946,218
3,928,218
3,908,219
3,865,220
3,956,138
3,968,143
3,983,140
3,997,144
3,1018,142
3,1029,150
3,1044,151
3,1063,163
3,1056,139
3,956,172
3,980,168
3,1026,194
3,1002,234
3,1065,227
3,1087,183
3,1091,201
3,1090,171
3,1125,192
3,1182,167
3,1216,168
3,1098,233
3,1239,225
3,1230,209
3,1327,160
3,1291,168
3,1266,170
3,1271,157
3,1308,157
3,1316,169
3,1359,196
3,1337,188
3,1270,198
3,1470,169
3,1443,193
3,1488,196
3,1501,168
3,1519,170
3,1430,157
3,1606,102
3,1625,140
3,1771,116
3,1797,128
3,1610,157
3,1742,143
3,1765,143
3,1707,127
3,1826,160
3,1875,119
3,1842,114
3,1890,77
3,1914,99
3,1749,63
3,1763,35
3,1683,18
3,1653,11
3,1618,34
3,1780,30
3,1777,12
3,1752,7
3,1747,7
3,885,247
3,813,296
3,873,326
3,852,408
3,1832,305
3,1818,293
4,184,989
4,270,972
4,257,977
4,295,995
4,320,1013
4,348,993
4,365,998
4,374,1002
4,364,1016
4,391,1000
4,417,979
4,335,1037
4,311,1051
4,398,1034
4,387,1035
4,531,999
4,562,1013
4,543,1024
4,555,1040
4,439,1024
4,448,1010
4,468,1029
4,455,1032
4,499,1026
4,488,1038
4,482,1012
4,609,1026
4,647,1035
4,609,1013
4,643,1009
4,692,1034
4,689,1022
4,726,1037
4,697,999
4,802,1013
4,790,1003
4,790,990
4,773,1030
4,843,1001
4,835,990
4,853,991
4,866,1018
4,952,1019
4,990,1000
4,961,1008
4,1027,993
4,1027,1013
4,1118,1041
4,920,1026
4,869,1035
4,916,1020
4,1070,1038
4,1041,1038
4,1188,1012
4,1325,1045
4,1364,1046
4,1334,1004
4,1421,1013
4,938,995
4,993,1019
4,978,1032
4,1172,1042
4,811,1044
4,170,1024
4,831,1039
4,1266,1043
4,1505,1038
4,1410,965
4,1628,1018
4,1628,1029
4,1573,1025
4,1572,1038
4,1545,999
4,1671,1041
4,1715,1047
4,1708,1006
4,1773,1017
4,1764,1025
4,1788,1031
4,1747,1039
4,1780,1048
4,1729,981
4,1749,993
4,1770,1003
4,1845,988
4,1868,1014
4,1870,1031
4,424,565
4,406,566
4,98,152
4,83,164
4,27,182
4,100,196
4,199,269
4,186,268
4,133,254
4,158,181
4,146,151
4,212,229
4,231,236
4,191,153
4,215,167
4,199,183
4,259,129
4,246,152
4,324,174
4,321,207
4,271,260
4,263,261
4,313,264
4,341,270
4,365,281
4,390,251
4,380,254
4,395,140
4,390,163
4,475,234
4,486,218
4,513,230
4,519,220
4,467,179
4,457,191
4,569,225
4,572,212
4,415,280
4,535,196
4,523,199
4,544,223
4,470,153
4,495,154
4,510,152
4,552,152
4,612,212
4,616,227
4,684,201
4,669,200
4,688,224
4,657,219
4,649,197
4,645,235
4,691,238
4,706,224
4,711,239
4,718,249
4,676,179
4,648,181
4,632,152
4,617,158
4,623,167
4,611,168
4,707,178
4,647,309
4,751,144
4,739,145
4,706,142
4,670,141
4,672,157
4,694,151
4,738,157
4,777,169
4,794,180
4,815,186
4,744,206
4,758,214
4,777,207
4,751,187
4,773,188
4,798,202
4,747,225
4,838,184
4,856,179
4,877,182
4,883,174
4,793,150
4,788,120
4,798,41
4,800,166
4,723,184
4,992,200
4,959,199
4,923,197
4,889,199
4,863,202
4,840,208
4,731,241
4,728,214
4,799,201
4,902,182
4,907,173
4,926,180
4,946,218
4,928,217
4,908,219
4,865,220
4,956,138
4,969,143
4,983,140
4,998,144
4,1018,142
4,1029,150
4,1044,151
4,1063,162
4,1056,139
4,951,173
4,981,166
4,1040,194
4,1001,234
4,1066,227
4,1102,181
4,1104,202
4,1077,174
4,1136,191
4,1172,165
4,1205,166
4,1098,233
4,1257,225
4,1247,210
4,1328,159
4,1292,168
4,1267,170
4,1271,158
4,1308,157
4,1317,168
4,1373,192
4,1350,181
4,1276,193
4,1478,164
4,1455,188
4,1502,190
4,1514,159
4,1528,163
4,1429,156
4,1592,106
4,1614,141
4,1759,113
4,1783,121
4,1611,156
4,1754,143
4,1780,145
4,1725,129
4,1842,158
4,1884,123
4,1849,113
4,1886,79
4,1915,98
4,1748,63
4,1771,41
4,1685,12
4,1654,10
4,1619,34
4,1770,24
4,1776,11
4,1752,15
4,1747,7
4,873,245
4,800,301
4,889,329
4,851,411
4,1829,307
4,1817,294
5,178,986
5,270,973
5,258,978
5,295,995
5,320,1014
5,347,991
5,365,998
5,374,1003
5,363,1016
5,391,1000
5,417,978
5,328,1037
5,333,1031
5,325,1061
5,398,1034
5,386,1036
5,531,999
5,560,1012
5,545,1025
5,554,1041
5,440,1024
5,446,1008
5,468,1029
5,455,1032
5,499,1026
5,489,1039
5,482,1012
5,602,1026
5,637,1035
5,601,1013
5,633,1008
5,683,1036
5,680,1023
5,716,1039
5,683,998
5,790,1012
5,778,1005
5,777,990
5,765,1036
5,835,1000
5,827,991
5,847,993
5,876,1018
5,963,1020
5,982,1000
5,950,1010
5,1016,995
5,1016,1012
5,1131,1042
5,932,1026
5,879,1031
5,928,1019
5,1087,1039
5,1057,1037
5,1181,1014
5,1339,1046
5,1379,1046
5,1315,1004
5,1405,1014
5,928,996
5,1005,1019
5,987,1033
5,1185,1044
5,819,1045
5,173,1019
5,840,1039
5,1281,1044
5,1525,1038
5,1410,965
5,1643,1021
5,1641,1030
5,1589,1025
5,1585,1036
5,1529,1001
5,1682,1040
5,1725,1049
5,1694,1004
5,1758,1017
5,1750,1023
5,1777,1028
5,1758,1042
5,1796,1049
5,1729,981
5,1749,993
5,1774,1004
5,1846,988
5,1854,1014
5,1857,1032
5,424,565
5,406,565
5,96,152
5,78,161
5,26,182
5,89,194
5,200,269
5,185,269
5,133,254
5,146,179
5,140,151
5,213,230
5,232,236
5,183,153
5,201,167
5,186,182
5,258,128
5,235,152
5,309,173
5,303,205
5,271,259
5,264,262
5,313,264
5,341,269
5,367,282
5,390,251
5,380,255
5,396,140
5,374,164
5,484,232
5,493,220
5,519,229
5,527,219
5,454,180
5,443,192
5,576,225
5,579,213
5,415,279
5,534,195
5,524,199
5,552,221
5,471,153
5,495,153
5,510,151
5,553,152
5,621,213
5,625,228
5,687,203
5,673,199
5,690,223
5,662,221
5,654,198
5,650,238
5,693,237
5,711,227
5,714,238
5,721,249
5,668,180
5,640,182
5,617,158
5,624,165
5,611,167
5,700,179
5,669,311
5,752,145
5,740,146
5,707,142
5,670,141
5,674,155
5,691,148
5,739,158
5,773,167
5,788,179
5,812,186
5,746,206
5,759,211
5,780,207
5,754,186
5,775,189
5,792,202
5,747,224
5,834,186
5,853,179
5,874,183
5,881,174
5,795,151
5,788,119
5,799,49
5,800,166
5,728,178
5,1004,199
5,971,199
5,933,197
5,897,199
5,873,204
5,849,209
5,731,241
5,728,208
5,819,202
5,898,181
5,901,172
5,918,179
5,947,218
5,928,217
5,909,220
5,865,220
5,956,137
5,969,143
5,983,140
5,998,144
5,1019,142
5,1030,150
5,1045,152
5,1063,162
5,1057,139
5,946,175
5,982,164
5,1054,194
5,1001,234
5,1067,227
5,1117,180
5,1118,204
5,1065,177
5,1148,191
5,1163,163
5,1194,164
5,1098,233
5,1275,225
5,1264,211
5,1329,159
5,1293,168
5,1268,170
5,1271,159
5,1309,157
5,1318,168
5,1387,189
5,1363,175
5,1282,189
5,1487,159
5,1467,183
5,1517,184
5,1528,151
5,1537,157
5,1428,156
5,1579,110
5,1603,143
5,1747,111
5,1769,114
5,1612,156
5,1767,143
5,1795,148
5,1743,131
5,1858,156
5,1894,128
5,1857,113
5,1883,82
5,1916,98
5,1748,64
5,1780,48
5,1656,10
5,1620,34
5,1760,19
5,1775,11
5,1752,23
5,1748,8
5,862,243
5,788,306
5,905,332
5,851,414
5,1826,310
5,1816,296
6,177,986
6,268,972
6,258,977
6,295,995
6,320,1013
6,345,990
6,365,999
6,374,1003
6,363,1016
6,391,1001
6,417,978
6,321,1035
6,325,1029
6,345,1060
6,398,1033
6,384,1034
6,531,999
6,559,1013
6,542,1024
6,552,1040
6,441,1024
6,445,1007
6,468,1028
6,455,1032
6,499,1026
6,488,1038
6,482,1012
6,597,1026
6,626,1036
6,593,1012
6,623,1004
6,669,1037
6,670,1024
6,706,1041
6,673,994
6,778,1014
6,765,1005
6,763,991
6,758,1041
6,823,999
6,815,989
6,838,991
6,883,1015
6,973,1020
6,971,998
6,938,1009
6,1007,993
6,1006,1008
6,1142,1041
6,941,1024
6,888,1032
6,939,1018
6,1097,1040
6,1072,1034
6,1171,1010
6,1355,1045
6,1396,1045
6,1295,1003
6,1387,1014
6,916,997
6,1018,1019
6,997,1035
6,1196,1045
6,827,1045
6,177,1016
6,845,1040
6,1295,1044
6,1537,1041
6,1410,964
6,1656,1022
6,1652,1032
6,1603,1025
6,1596,1035
6,1514,1004
6,1691,1042
6,1736,1049
6,1680,1001
6,1744,1013
6,1737,1020
6,1764,1026
6,1768,1044
6,1808,1048
6,1729,981
6,1749,993
6,1773,1003
6,1845,987
6,1837,1015
6,1843,1031
6,424,565
6,405,565
6,93,151
6,74,158
6,26,182
6,76,189
6,198,267
6,184,267
6,133,253
6,135,177
6,133,150
6,214,230
6,231,235
6,174,151
6,185,167
6,172,181
6,257,127
6,225,153
6,294,169
6,285,200
6,271,259
6,264,261
6,313,264
6,341,269
6,365,280
6,390,251
6,378,252
6,396,139
6,357,166
6,490,234
6,501,219
6,525,229
6,535,219
6,439,179
6,429,191
6,582,225
6,584,213
6,415,279
6,534,192
6,524,198
6,557,220
6,471,152
6,494,152
6,510,151
6,553,151
6,629,210
6,629,226
6,692,200
6,676,200
6,692,222
6,667,218
6,657,197
6,655,237
6,695,237
6,710,221
6,716,235
6,721,246
6,660,178
6,633,185
6,617,158
6,624,165
6,611,167
6,694,178
6,688,313
6,751,144
6,740,146
6,708,141
6,669,141
6,675,155
6,692,146
6,739,159
6,770,165
6,782,176
6,806,184
6,748,206
6,761,210
6,783,207
6,756,185
6,777,189
6,800,201
6,748,224
6,829,184
6,848,180
6,868,185
6,874,175
6,795,151
6,788,119
6,802,58
6,800,166
6,736,174
6,1017,199
6,981,200
6,945,195
6,907,197
6,880,202
6,855,207
6,733,239
6,729,207
6,825,202
6,891,182
6,895,172
6,912,178
6,947,218
6,928,216
6,910,218
6,865,220
6,956,136
6,969,143
6,983,140
6,998,144
6,1020,142
6,1031,150
6,1045,152
6,1063,161
6,1057,139
6,939,174
6,986,164
6,1070,195
6,1000,234
6,1067,225
6,1130,179
6,1128,204
6,1054,175
6,1158,189
6,1150,160
6,1184,162
6,1097,232
6,1293,223
6,1282,209
6,1330,158
6,1294,167
6,1269,170
6,1264,158
6,1309,157
6,1318,167
6,1399,186
6,1374,172
6,1274,189
6,1492,156
6,1480,181
6,1529,175
6,1536,142
6,1544,152
6,1424,155
6,1566,113
6,1589,149
6,1733,111
6,1753,108
6,1611,155
6,1778,140
6,1809,150
6,1761,128
6,1875,159
6,1900,135
6,1864,116
6,1876,83
6,1916,97
6,1747,64
6,1787,51
6,1656,10
6,1621,34
6,1761,14
6,1777,10
6,1758,30
6,1746,7
6,853,243
6,775,307
6,921,337
6,845,413
6,1823,313
6,1810,299
7,176,987
7,267,972
7,259,977
7,296,995
7,320,1012
7,343,990
7,366,1000
7,375,1004
7,363,1016
7,390,1001
7,417,978
7,314,1033
7,318,1028
7,366,1060
7,399,1033
7,383,1033
7,531,999
7,559,1014
7,539,1024
7,550,1039
7,442,1023
7,444,1007
7,468,1028
7,455,1032
7,499,1026
7,488,1038
7,482,1013
7,592,1027
7,615,1038
7,586,1012
7,614,1000
7,656,1039
7,661,1026
7,696,1043
7,664,990
7,766,1017
7,752,1006
7,749,992
7,751,1046
7,811,999
7,804,988
7,830,990
7,891,1013
7,983,1020
7,960,997
7,926,1008
7,998,992
7,997,1005
7,1153,1040
7,950,1023
7,898,1033
7,950,1018
7,1108,1041
7,1087,1032
7,1162,1006
7,1371,1045
7,1414,1045
7,1275,1002
7,1370,1014
7,904,998
7,1034,1018
7,1010,1034
7,1207,1046
7,835,1045
7,181,1014
7,850,1041
7,1309,1044
7,1550,1045
7,1410,964
7,1669,1024
7,1663,1034
7,1617,1026
7,1608,1035
7,1499,1008
7,1700,1045
7,1747,1049
7,1667,998
7,1731,1010
7,1724,1017
7,1752,1024
7,1779,1046
7,1820,1048
7,1729,981
7,1749,993
7,1772,1002
7,1845,987
7,1820,1017
7,1829,1030
7,424,565
7,405,565
7,90,150
7,70,155
7,26,182
7,63,184
7,197,266
7,183,266
7,133,253
7,124,175
7,215,231
7,230,235
7,170,167
7,159,181
7,255,126
7,217,152
7,280,165
7,268,195
7,271,259
7,264,261
7,313,264
7,341,269
7,364,279
7,390,252
7,376,250
7,397,139
7,341,168
7,497,237
7,509,219
7,531,229
7,543,219
7,425,179
7,416,190
7,589,225
7,590,213
7,415,279
7,534,190
7,524,198
7,563,220
7,471,152
7,494,151
7,510,151
7,553,151
7,637,207
7,634,224
7,698,197
7,680,202
7,695,222
7,672,215
7,661,197
7,661,236
7,698,237
7,710,216
7,719,233
7,721,243
7,653,177
7,627,189
7,617,157
7,625,165
7,611,166
7,689,178
7,708,315
7,750,143
7,741,146
7,709,141
7,668,141
7,676,156
7,693,145
7,740,160
7,767,163
7,777,174
7,800,183
7,750,207
7,763,209
7,786,207
7,759,184
7,780,190
7,808,201
7,749,223
7,825,183
7,843,181
7,863,187
7,867,176
7,795,152
7,788,118
7,805,68
7,800,165
7,745,171
7,1030,199
7,992,201
7,958,193
7,918,195
7,888,200
7,861,206
7,735,237
7,730,207
7,832,202
7,885,183
7,889,173
7,907,177
7,948,218
7,928,215
7,911,216
7,865,221
7,956,136
7,970,143
7,984,140
7,999,145
7,1020,142
7,1031,150
7,1046,152
7,1063,161
7,1057,139
7,933,173
7,991,165
7,1087,196
7,999,233
7,1067,224
7,1143,178
7,1139,205
7,1044,174
7,1168,188
7,1137,158
7,1175,160
7,1097,232
7,1311,222
7,1300,207
7,1331,157
7,1295,167
7,1270,170
7,1258,158
7,1309,157
7,1318,167
7,1411,184
7,1386,170
7,1267,189
7,1494,179
7,1541,166
7,1545,134
7,1551,147
7,1420,154
7,1576,155
7,1720,111
7,1738,102
7,1611,154
7,1790,137
7,1824,152
7,1779,126
7,1892,163
7,1906,142
7,1871,120
7,1869,84
7,1916,96
7,1747,65
7,1794,55
7,1656,10
7,1622,34
7,1762,9
7,1779,8
7,1764,37
7,1744,7
7,844,244
7,762,308
7,938,343
7,840,413
7,1820,316
7,1804,303
8,176,987
8,267,972
8,258,976
8,295,995
8,319,1012
8,342,989
8,365,998
8,374,1003
8,362,1015
8,390,1001
8,417,977
8,303,1033
8,310,1026
8,386,1057
8,400,1033
8,385,1034
8,531,999
8,559,1014
8,539,1024
8,550,1039
8,443,1023
8,447,1008
8,468,1028
8,455,1032
8,499,1026
8,488,1038
8,481,1012
8,590,1026
8,609,1036
8,586,1012
8,606,997
8,649,1038
8,654,1024
8,687,1043
8,654,992
8,753,1018
8,740,1008
8,738,994
8,738,1046
8,800,998
8,794,987
8,821,992
8,901,1014
8,996,1019
8,949,998
8,917,1007
8,989,989
8,993,1000
8,1166,1040
8,965,1027
8,906,1033
8,959,1019
8,1122,1041
8,1101,1022
8,1156,1005
8,1388,1045
8,1431,1045
8,1257,1001
8,1352,1012
8,898,997
8,1050,1018
8,1023,1034
8,1224,1044
8,845,1043
8,185,1011
8,858,1041
8,1325,1044
8,1565,1044
8,1410,964
8,1684,1028
8,1676,1035
8,1630,1027
8,1622,1035
8,1486,1011
8,1712,1045
8,1760,1048
8,1653,997
8,1718,1004
8,1711,1013
8,1737,1022
8,1792,1046
8,1836,1048
8,1729,981
8,1749,993
8,1772,1002
8,1845,987
8,1807,1019
8,1815,1030
8,424,565
8,405,565
8,89,149
8,68,153
8,27,181
8,55,177
8,197,265
8,184,265
8,133,253
8,115,172
8,216,232
8,231,234
8,159,166
8,147,179
8,254,125
8,266,163
8,252,194
8,271,259
8,264,260
8,313,264
8,341,268
8,365,279
8,389,251
8,373,247
8,397,138
8,326,170
8,499,231
8,519,220
8,537,224
8,551,217
8,411,177
8,401,187
8,597,225
8,598,213
8,414,278
8,535,188
8,524,198
8,569,220
8,471,151
8,494,150
8,510,151
8,554,150
8,642,204
8,639,225
8,704,197
8,684,196
8,697,218
8,675,217
8,665,196
8,665,237
8,700,237
8,715,216
8,721,233
8,724,243
8,647,179
8,619,190
8,617,157
8,625,165
8,611,166
8,680,178
8,722,316
8,749,142
8,741,146
8,708,141
8,667,140
8,676,154
8,693,144
8,731,154
8,766,162
8,772,173
8,795,179
8,752,203
8,765,207
8,793,204
8,762,185
8,782,189
8,816,203
8,750,222
8,820,183
8,841,182
8,859,186
8,863,176
8,794,151
8,788,117
8,805,73
8,800,165
8,753,161
8,1042,199
8,1004,202
8,971,193
8,932,192
8,896,198
8,870,205
8,740,238
8,731,206
8,839,203
8,880,181
8,886,172
8,903,177
8,948,216
8,928,213
8,912,214
8,865,221
8,956,135
8,970,142
8,983,139
8,1002,144
8,1021,142
8,1032,150
8,1046,152
8,1063,159
8,1058,139
8,927,173
8,995,165
8,1101,197
8,999,233
8,1068,224
8,1158,175
8,1151,206
8,1036,173
8,1180,189
8,1126,161
8,1165,155
8,1097,231
8,1329,219
8,1317,204
8,1330,157
8,1295,167
8,1271,170
8,1251,157
8,1309,156
8,1318,167
8,1425,181
8,1398,166
8,1259,184
8,1509,174
8,1551,157
8,1555,128
8,1561,141
8,1421,154
8,1569,161
8,1708,110
8,1722,99
8,1613,152
8,1806,137
8,1839,152
8,1799,123
8,1903,166
8,1909,145
8,1879,124
8,1864,84
8,1916,96
8,1745,65
8,1798,63
8,1656,10
8,1623,34
8,1763,7
8,1782,7
8,1768,39
8,1745,6
8,841,242
8,747,307
8,956,342
8,840,413
8,1807,322
8,1794,308
9,176,987
9,267,972
9,257,976
9,295,995
9,319,1013
9,342,989
9,365,997
9,374,1002
9,361,1015
9,389,1001
9,417,977
9,292,1033
9,302,1024
9,406,1054
9,401,1033
9,388,1036
9,531,1000
9,560,1014
9,539,1024
9,550,1039
9,444,1023
9,451,1010
9,468,1029
9,455,1032
9,499,1026
9,488,1037
9,481,1012
9,588,1026
9,604,1035
9,586,1013
9,599,995
9,642,1037
9,647,1023
9,678,1044
9,644,994
9,740,1019
9,728,1010
9,728,996
9,725,1046
9,789,998
9,784,987
9,813,995
9,911,1016
9,1009,1019
9,939,999
9,908,1007
9,981,987
9,989,996
9,1180,1040
9,981,1031
9,915,1033
9,969,1020
9,1137,1042
9,1115,1012
9,1150,1004
9,1406,1045
9,1449,1045
9,1239,1001
9,1334,1011
9,892,997
9,1066,1018
9,1036,1032
9,1241,1042
9,855,1042
9,189,1009
9,867,1041
9,1341,1044
9,1581,1043
9,1410,964
9,1700,1032
9,1690,1037
9,1644,1029
9,1636,1036
9,1474,1015
9,1725,1046
9,1774,1048
9,1639,996
9,1706,999
9,1699,1010
9,1722,1020
9,1806,1047
9,1852,1048
9,1729,980
9,1750,992
9,1777,1003
9,1845,987
9,1795,1021
9,1802,1030
9,424,564
9,404,564
9,89,149
9,67,151
9,28,180
9,48,170
9,198,265
9,186,264
9,133,253
9,106,170
9,217,233
9,232,234
9,149,165
9,136,178
9,253,124
9,253,161
9,236,194
9,271,258
9,264,260
9,313,264
9,341,268
9,366,280
9,388,250
9,371,245
9,397,138
9,311,173
9,502,225
9,529,221
9,544,219
9,560,215
9,397,175
9,387,185
9,605,225
9,607,214
9,414,277
9,536,186
9,525,198
9,575,221
9,471,151
9,494,149
9,510,151
9,554,150
9,648,201
9,645,227
9,711,197
9,689,190
9,700,215
9,678,219
9,670,195
9,670,238
9,703,237
9,721,216
9,723,233
9,728,244
9,642,181
9,611,191
9,618,157
9,626,165
9,611,165
9,671,179
9,737,318
9,749,142
9,742,146
9,708,141
9,667,140
9,676,153
9,694,144
9,722,149
9,766,162
9,768,172
9,791,176
9,754,199
9,768,205
9,800,201
9,766,186
9,784,189
9,825,206
9,750,221
9,815,184
9,839,183
9,855,186
9,859,177
9,794,150
9,788,117
9,806,78
9,801,165
9,761,151
9,1055,199
9,1017,203
9,985,194
9,947,189
9,904,197
9,879,205
9,746,240
9,732,206
9,846,204
9,876,180
9,883,172
9,899,177
9,949,215
9,929,212
9,914,213
9,865,221
9,956,135
9,970,142
9,983,139
9,1006,143
9,1022,143
9,1033,150
9,1047,153
9,1063,157
9,1058,139
9,921,173
9,999,165
9,1115,198
9,998,233
9,1069,224
9,1173,173
9,1164,207
9,1029,173
9,1193,190
9,1115,165
9,1155,151
9,1097,231
9,1348,216
9,1334,202
9,1330,158
9,1295,167
9,1272,171
9,1245,157
9,1309,155
9,1318,167
9,1439,178
9,1411,163
9,1252,179
9,1525,170
9,1561,149
9,1565,123
9,1572,135
9,1422,154
9,1563,167
9,1697,109
9,1706,96
9,1615,151
9,1823,138
9,1854,152
9,1819,120
9,1887,129
9,1860,85
9,1916,95
9,1916,125
9,1744,65
9,1802,71
9,1656,10
9,1624,34
9,1785,6
9,1773,42
9,1747,6
9,940,1040
9,838,241
9,733,306
9,974,342
9,841,413
9,1794,328
9,1784,313
10,176,986
10,267,972
10,256,976
10,294,995
10,318,1012
10,342,989
10,364,996
10,374,1001
10,360,1015
10,389,1001
10,417,977
10,284,1033
10,294,1023
10,416,1053
10,400,1032
10,387,1034
10,530,998
10,558,1013
10,538,1023
10,550,1039
10,445,1022
10,455,1012
10,469,1030
10,455,1032
10,499,1026
10,488,1037
10,480,1012
10,586,1026
10,599,1034
10,584,1012
10,592,994
10,637,1036
10,642,1022
10,669,1043
10,636,992
10,728,1021
10,716,1011
10,719,997
10,712,1046
10,775,998
10,770,987
10,802,994
10,920,1015
10,1020,1018
10,929,999
10,898,1010
10,966,987
10,976,1000
10,1192,1042
10,991,1027
10,926,1034
10,983,1019
10,1148,1042
10,1134,1012
10,1145,1000
10,1422,1044
10,1463,1045
10,1221,999
10,1316,1010
10,884,997
10,1082,1019
10,1050,1031
10,1254,1042
10,860,1042
10,190,1009
10,873,1040
10,1353,1044
10,1598,1042
10,1409,964
10,1708,1032
10,1698,1040
10,1654,1030
10,1647,1038
10,1458,1015
10,1736,1045
10,1784,1047
10,1624,997
10,1691,994
10,1682,1008
10,1706,1016
10,1820,1048
10,1866,1048
10,1729,980
10,1750,992
10,1782,1005
10,1844,986
10,1781,1020
10,1789,1028
10,1908,1026
10,424,564
10,404,564
10,89,149
10,64,150
10,27,180
10,38,163
10,198,265
10,186,263
10,132,252
10,101,168
10,216,237
10,233,233
10,139,163
10,128,175
10,252,123
10,239,159
10,219,192
10,271,258
10,263,259
10,313,264
10,341,268
10,365,279
10,390,249
10,372,244
10,397,138
10,295,174
10,506,224
10,532,219
10,549,219
10,564,213
10,382,173
10,373,183
10,611,224
10,613,213
10,414,276
10,535,187
10,524,197
10,581,221
10,471,150
10,494,148
10,510,151
10,554,149
10,651,199
10,649,223
10,714,192
10,694,188
10,701,214
10,681,217
10,673,191
10,672,237
10,703,234
10,722,216
10,725,232
10,731,243
10,630,184
10,600,187
10,618,157
10,626,164
10,611,165
10,660,179
10,759,317
10,748,143
10,740,144
10,708,141
10,666,139
10,677,151
10,694,143
10,721,149
10,762,165
10,768,169
10,786,175
10,757,196
10,770,206
10,808,200
10,769,186
10,789,189
10,831,206
10,751,220
10,809,181
10,830,182
10,850,187
10,854,177
10,793,149
10,788,116
10,805,83
10,801,164
10,764,149
10,1070,198
10,1029,201
10,995,195
10,958,188
10,914,196
10,886,203
10,746,237
10,733,205
10,854,203
10,871,181
10,876,172
10,893,175
10,948,215
10,928,213
10,915,210
10,865,220
10,956,134
10,970,142
10,983,138
10,1004,141
10,1021,142
10,1033,149
10,1047,152
10,1062,155
10,1058,139
10,913,175
10,1005,164
10,1129,202
10,997,233
10,1069,224
10,1186,171
10,1173,206
10,1017,176
10,1202,190
10,1104,168
10,1143,150
10,1097,230
10,1363,210
10,1349,198
10,1329,158
10,1295,167
10,1273,167
10,1241,156
10,1309,154
10,1318,167
10,1452,173
10,1419,163
10,1253,171
10,1534,162
10,1573,142
10,1575,118
10,1581,129
10,1420,154
10,1546,173
10,1687,110
10,1691,96
10,1613,153
10,1836,137
10,1866,155
10,1834,120
10,1894,134
10,1855,79
10,1916,94
10,1908,119
10,1743,65
10,1804,74
10,1656,10
10,1624,34
10,1786,5
10,1783,47
10,1745,6
10,955,1039
10,831,245
10,714,305
10,991,339
10,842,414
10,1779,328
10,1770,315
11,176,986
11,268,973
11,255,976
11,294,995
11,318,1012
11,342,989
11,364,995
11,374,1000
11,360,1015
11,389,1002
11,418,977
11,277,1034
11,287,1023
11,427,1053
11,400,1032
11,386,1033
11,529,997
11,557,1012
11,537,1022
11,551,1039
11,446,1022
11,459,1015
11,468,1030
11,455,1032
11,499,1026
11,488,1037
11,480,1012
11,584,1026
11,595,1033
11,583,1012
11,586,993
11,632,1035
11,637,1021
11,660,1043
11,628,991
11,716,1023
11,704,1013
11,710,999
11,699,1046
11,762,998
11,757,988
11,791,993
11,929,1014
11,1031,1017
11,920,999
11,889,1014
11,952,987
11,964,1004
11,1205,1044
11,1000,1022
11,938,1035
11,997,1019
11,1160,1043
11,1154,1013
11,1141,997
11,1438,1044
11,1478,1045
11,1203,998
11,1298,1009
11,876,998
11,1097,1024
11,1061,1029
11,1268,1042
11,865,1042
11,191,1010
11,879,1040
11,1615,1042
11,1408,964
11,1717,1032
11,1706,1043
11,1665,1032
11,1659,1040
11,1443,1015
11,1747,1045
11,1794,1046
11,1609,999
11,1677,990
11,1666,1006
11,1690,1013
11,1834,1049
11,1881,1048
11,1729,980
11,1750,992
11,1785,1005
11,1843,986
11,1767,1019
11,1776,1027
11,1897,1025
11,424,563
11,404,563
11,88,148
11,61,149
11,26,180
11,29,157
11,198,265
11,186,263
11,132,252
11,97,167
11,215,241
11,234,233
11,130,162
11,121,172
11,252,121
11,225,158
11,202,190
11,271,258
11,263,258
11,314,264
11,341,268
11,365,279
11,392,248
11,373,243
11,397,137
11,280,176
11,510,223
11,536,217
11,554,220
11,569,211
11,368,171
11,359,181
11,618,224
11,619,213
11,414,276
11,535,189
11,524,197
11,588,222
11,472,150
11,494,148
11,511,151
11,555,149
11,655,197
11,653,220
11,717,187
11,699,186
11,702,214
11,685,215
11,676,188
11,675,237
11,704,231
11,723,217
11,728,232
11,735,242
11,618,187
11,589,184
11,618,158
11,626,163
11,611,164
11,650,180
11,781,317
11,747,144
11,739,142
11,707,141
11,666,139
11,677,150
11,695,143
11,721,149
11,758,168
11,769,166
11,781,175
11,761,193
11,773,207
11,816,199
11,772,186
11,794,190
11,838,206
11,752,220
11,804,178
11,822,182
11,845,189
11,849,177
11,793,148
11,789,116
11,805,88
11,802,163
11,768,147
11,1085,197
11,1042,200
11,1005,196
11,970,188
11,925,195
11,894,202
11,746,234
11,734,205
11,863,202
11,867,183
11,869,173
11,887,173
11,947,216
11,928,215
11,917,208
11,865,219
11,956,134
11,970,142
11,983,138
11,1002,139
11,1021,142
11,1033,149
11,1047,151
11,1062,154
11,1059,139
11,906,178
11,1011,164
11,1143,206
11,997,233
11,1069,224
11,1200,170
11,1183,206
11,1005,179
11,1211,190
11,1094,172
11,1131,149
11,1097,230
11,1378,204
11,1365,195
11,1329,159
11,1295,167
11,1274,164
11,1237,155
11,1310,154
11,1318,167
11,1466,168
11,1427,164
11,1254,163
11,1544,154
11,1586,136
11,1585,114
11,1591,124
11,1419,154
11,1527,139
11,1530,179
11,1678,111
11,1676,97
11,1611,155
11,1850,137
11,1879,159
11,1850,120
11,1902,140
11,1850,73
11,1917,94
11,1901,113
11,1917,69
11,1742,65
11,1807,78
11,1656,10
11,1624,34
11,1788,5
11,1793,52
11,1744,6
11,971,1038
11,824,249
11,696,305
11,1009,337
11,843,414
11,1765,329
11,1756,317
12,176,985
12,268,972
12,256,974
12,295,994
12,319,1011
12,341,988
12,364,995
12,375,999
12,360,1014
12,391,999
12,419,975
12,273,1029
12,287,1020
12,447,1053
12,397,1031
12,386,1033
12,529,997
12,557,1011
12,538,1021
12,551,1038
12,447,1022
12,459,1015
12,468,1030
12,455,1032
12,499,1026
12,487,1037
12,480,1011
12,584,1026
12,596,1033
12,582,1011
12,584,991
12,629,1031
12,634,1021
12,652,1042
12,620,992
12,708,1024
12,696,1012
12,699,999
12,688,1045
12,751,999
12,745,989
12,779,992
12,941,1014
12,1044,1016
12,911,1001
12,879,1016
12,942,988
12,957,1000
12,1217,1042
12,1012,1021
12,947,1034
12,1009,1015
12,1174,1041
12,1172,1017
12,1135,997
12,1453,1044
12,1495,1045
12,1187,998
12,1281,1008
12,867,998
12,1113,1029
12,1073,1028
12,1284,1042
12,873,1043
12,186,1011
12,887,1039
12,1630,1042
12,1408,963
12,1728,1034
12,1716,1043
12,1673,1031
12,1668,1040
12,1427,1015
12,1755,1045
12,1805,1046
12,1594,999
12,1660,988
12,1649,1007
12,1674,1013
12,1848,1047
12,1894,1048
12,1728,980
12,1750,992
12,1788,1005
12,1842,986
12,1754,1016
12,1763,1024
12,1887,1025
12,424,563
12,404,563
12,88,148
12,61,148
12,27,179
12,24,154
12,198,265
12,186,263
12,132,252
12,92,165
12,214,243
12,235,232
12,123,159
12,114,171
12,253,120
12,212,154
12,188,189
12,271,257
12,263,257
12,313,263
12,342,267
12,365,278
12,390,248
12,373,241
12,397,137
12,263,177
12,515,221
12,540,218
12,562,219
12,574,211
12,353,169
12,342,180
12,626,222
12,626,212
12,414,275
12,535,189
12,523,196
12,595,223
12,471,149
12,493,147
12,511,150
12,555,148
12,658,190
12,655,217
12,722,185
12,704,182
12,703,213
12,688,215
12,680,182
12,678,233
12,708,231
12,724,214
12,729,231
12,734,241
12,608,185
12,578,180
12,618,158
12,626,163
12,611,164
12,639,182
12,796,317
12,747,143
12,738,141
12,707,141
12,666,138
12,677,148
12,695,142
12,718,151
12,751,170
12,766,165
12,776,174
12,766,196
12,779,206
12,821,200
12,775,186
12,799,190
12,846,204
12,752,219
12,800,178
12,819,182
12,842,188
12,847,178
12,793,148
12,789,115
12,804,87
12,803,162
12,773,151
12,1093,197
12,1055,198
12,1021,196
12,979,190
12,935,191
12,901,198
12,747,232
12,735,205
12,871,201
12,862,183
12,865,174
12,884,175
12,947,215
12,928,213
12,923,193
12,865,218
12,956,133
12,970,141
12,983,137
12,1002,138
12,1020,141
12,1033,148
12,1047,151
12,1061,153
12,1058,138
12,901,177
12,1016,167
12,1159,211
12,997,231
12,1068,223
12,1214,170
12,1194,206
12,993,177
12,1221,196
12,1087,173
12,1120,152
12,1097,229
12,1396,200
12,1382,191
12,1328,158
12,1295,167
12,1274,161
12,1229,154
12,1309,155
12,1317,166
12,1476,162
12,1432,161
12,1255,156
12,1554,150
12,1599,134
12,1592,109
12,1600,118
12,1418,154
12,1541,130
12,1519,182
12,1673,111
12,1670,99
12,1611,154
12,1861,139
12,1891,163
12,1864,122
12,1907,144
12,1842,66
12,1917,95
12,1893,107
12,1916,72
12,1741,65
12,1811,85
12,1656,10
12,1623,34
12,1787,5
12,1800,55
12,1742,6
12,984,1038
12,827,254
12,679,306
12,1027,334
12,844,414
12,1751,327
12,1741,316
13,177,984
13,269,971
13,257,973
13,296,994
13,321,1011
13,341,988
13,364,996
13,376,998
13,361,1014
13,393,997
13,420,974
13,270,1024
13,287,1018
13,467,1054
13,395,1030
13,386,1033
13,530,997
13,557,1011
13,539,1021
13,552,1037
13,448,1022
13,460,1015
13,467,1028
13,455,1032
13,499,1026
13,487,1037
13,480,1011
13,585,1026
13,598,1033
13,582,1011
13,583,990
13,626,1028
13,632,1021
13,645,1042
13,613,994
13,701,1026
13,688,1012
13,688,1000
13,677,1045
13,741,1001
13,734,990
13,768,992
13,953,1014
13,1057,1015
13,903,1003
13,870,1018
13,932,990
13,951,996
13,1230,1041
13,1025,1021
13,957,1034
13,1022,1012
13,1188,1039
13,1190,1021
13,1130,998
13,1469,1044
13,1512,1045
13,1171,999
13,1265,1008
13,859,999
13,1128,1026
13,1088,1026
13,1301,1042
13,882,1044
13,181,1013
13,896,1038
13,1645,1043
13,1408,962
13,1739,1036
13,1727,1043
13,1685,1032
13,1680,1040
13,1412,1016
13,1763,1046
13,1816,1046
13,1580,1000
13,1643,987
13,1632,1008
13,1659,1014
13,1862,1046
13,1907,1049
13,1728,980
13,1750,992
13,1783,1003
13,1841,986
13,1742,1013
13,1750,1022
13,1875,1025
13,423,562
13,403,562
13,28,178
13,19,152
13,198,265
13,186,264
13,132,252
13,88,163
13,213,245
13,236,232
13,117,156
13,107,170
13,257,121
13,200,150
13,175,188
13,271,257
13,263,257
13,313,262
13,343,267
13,365,278
13,389,248
13,373,240
13,397,137
13,246,178
13,521,220
13,545,219
13,571,218
13,580,211
13,338,167
13,327,178
13,634,221
13,633,211
13,414,275
13,535,189
13,523,196
13,603,224
13,470,148
13,493,147
13,511,150
13,555,148
13,662,184
13,658,214
13,727,183
13,710,179
13,705,213
13,691,215
13,685,176
13,681,229
13,712,231
13,725,211
13,731,230
13,734,240
13,599,184
13,568,177
13,619,158
13,626,163
13,611,163
13,629,184
13,811,317
13,747,142
13,738,141
13,707,141
13,666,138
13,678,147
13,695,142
13,716,153
13,744,172
13,764,165
13,772,173
13,772,199
13,786,205
13,826,201
13,778,187
13,805,191
13,854,202
13,753,218
13,796,179
13,816,183
13,839,188
13,845,179
13,793,148
13,789,114
13,804,87
13,804,162
13,778,155
13,1102,197
13,1069,197
13,1037,197
13,989,193
13,946,187
13,909,194
13,748,230
13,737,205
13,880,201
13,858,183
13,861,175
13,881,177
13,947,214
13,928,212
13,866,218
13,956,133
13,970,141
13,983,137
13,1003,138
13,1020,141
13,1033,148
13,1047,150
13,1061,152
13,1058,137
13,897,177
13,1022,171
13,1175,217
13,998,230
13,1068,223
13,1228,170
13,1205,206
13,981,175
13,1231,202
13,1080,174
13,1109,155
13,1097,229
13,1414,196
13,1400,187
13,1328,157
13,1295,167
13,1274,158
13,1222,154
13,1309,156
13,1317,165
13,1486,157
13,1437,159
13,1565,146
13,1613,133
13,1599,104
13,1610,112
13,1417,155
13,1555,122
13,1508,186
13,1669,111
13,1664,101
13,1611,154
13,1872,142
13,1903,168
13,1878,124
13,1835,60
13,1917,97
13,1886,102
13,1914,75
13,1898,121
13,1740,65
13,1815,92
13,1656,10
13,1622,34
13,1787,5
13,1807,59
13,1741,6
13,997,1038
13,830,259
13,662,308
13,1045,332
13,845,415
13,1738,326
13,1726,315
14,176,983
14,269,970
14,256,972
14,295,993
14,319,1010
14,341,988
14,363,994
14,375,997
14,360,1013
14,391,998
14,418,974
14,267,1018
14,283,1014
14,486,1056
14,396,1029
14,385,1032
14,529,996
14,556,1010
14,537,1020
14,551,1034
14,447,1022
14,458,1013
14,466,1026
14,455,1032
14,498,1025
14,487,1036
14,480,1011
14,584,1024
14,598,1033
14,582,1010
14,578,989
14,623,1026
14,629,1019
14,640,1041
14,610,991
14,691,1025
14,678,1013
14,680,1001
14,669,1044
14,730,1002
14,725,991
14,755,993
14,963,1015
14,1068,1015
14,891,1002
14,858,1018
14,922,994
14,939,1000
14,1244,1041
14,1034,1016
14,968,1032
14,1031,1011
14,1199,1039
14,1209,1022
14,1125,996
14,1483,1043
14,1529,1045
14,1157,1003
14,1248,1006
14,849,1003
14,1144,1024
14,1103,1025
14,1315,1042
14,889,1042
14,173,1013
14,903,1037
14,1658,1043
14,1406,961
14,1748,1035
14,1737,1043
14,1697,1033
14,1692,1040
14,1397,1014
14,1776,1046
14,1826,1045
14,1565,999
14,1630,985
14,1616,1010
14,1641,1018
14,1876,1045
14,1912,1047
14,1728,980
14,1750,992
14,1778,1001
14,1840,986
14,1728,1009
14,1736,1021
14,1864,1025
14,422,561
14,403,562
14,27,177
14,18,147
14,197,264
14,185,263
14,132,252
14,81,158
14,213,243
14,234,231
14,112,156
14,101,167
14,261,122
14,190,148
14,159,186
14,271,257
14,263,256
14,313,262
14,342,265
14,364,277
14,387,248
14,372,239
14,396,136
14,229,179
14,524,216
14,550,219
14,577,220
14,585,209
14,324,166
14,312,176
14,639,218
14,636,205
14,413,275
14,533,189
14,522,196
14,610,226
14,470,148
14,493,147
14,511,149
14,555,148
14,666,182
14,662,215
14,730,184
14,712,179
14,706,211
14,694,212
14,689,176
14,684,233
14,713,230
14,727,212
14,733,228
14,735,240
14,587,183
14,558,173
14,618,157
14,625,162
14,611,162
14,619,185
14,830,318
14,747,141
14,738,140
14,708,139
14,666,138
14,678,146
14,692,141
14,707,153
14,733,167
14,760,165
14,769,173
14,771,197
14,792,203
14,832,202
14,779,187
14,813,193
14,861,201
14,754,217
14,790,177
14,810,182
14,835,187
14,842,178
14,793,148
14,789,114
14,804,86
14,802,161
14,780,156
14,1111,198
14,1080,195
14,1047,195
14,999,194
14,957,189
14,918,194
14,748,230
14,741,202
14,890,199
14,854,184
14,858,174
14,875,176
14,946,212
14,927,211
14,865,217
14,956,133
14,970,141
14,983,136
14,1003,138
14,1020,141
14,1033,147
14,1047,149
14,1061,150
14,1058,136
14,894,175
14,1027,172
14,1190,221
14,997,229
14,1068,222
14,1244,174
14,1212,206
14,972,172
14,1242,206
14,1071,176
14,1099,158
14,1097,228
14,1430,193
14,1416,183
14,1327,157
14,1294,166
14,1275,157
14,1214,154
14,1310,154
14,1317,166
14,1493,154
14,1444,157
14,1576,142
14,1629,132
14,1605,96
14,1615,104
14,1415,153
14,1561,120
14,1493,191
14,1660,111
14,1652,103
14,1610,154
14,1883,146
14,1909,172
14,1884,128
14,1832,53
14,1917,99
14,1877,97
14,1915,75
14,1884,116
14,1739,65
14,1820,97
14,1656,10
14,1622,32
14,1787,5
14,1810,62
14,1740,5
14,1008,1039
14,826,262
14,645,307
14,1061,333
14,844,413
14,1724,321
14,1707,313
15,176,982
15,270,969
15,255,972
15,294,992
15,318,1010
15,341,988
15,363,993
15,375,997
15,359,1012
15,389,999
15,416,974
15,264,1012
15,280,1011
15,397,1029
15,385,1032
15,529,995
15,555,1009
15,535,1020
15,550,1031
15,447,1022
15,457,1011
15,467,1024
15,455,1032
15,497,1024
15,487,1036
15,481,1011
15,583,1022
15,598,1033
15,582,1009
15,574,989
15,620,1024
15,626,1017
15,635,1040
15,607,988
15,682,1024
15,669,1014
15,672,1002
15,720,1003
15,716,992
15,743,995
15,974,1017
15,1080,1015
15,879,1002
15,846,1018
15,913,998
15,927,1004
15,1259,1041
15,1043,1012
15,979,1030
15,1041,1011
15,1211,1040
15,1228,1024
15,1120,994
15,1498,1042
15,1546,1045
15,1144,1008
15,1232,1005
15,839,1007
15,1156,1022
15,1115,1022
15,1330,1042
15,896,1041
15,166,1014
15,910,1037
15,1672,1044
15,1405,960
15,1758,1034
15,1747,1043
15,1708,1032
15,1703,1039
15,1382,1012
15,1790,1046
15,1836,1044
15,1550,999
15,1617,984
15,1601,1013
15,1623,1022
15,1890,1045
15,1728,980
15,1750,992
15,1775,999
15,1840,986
15,1714,1005
15,1722,1020
15,1850,1024
15,421,560
15,403,561
15,26,176
15,18,143
15,47,159
15,197,263
15,184,262
15,132,252
15,65,159
15,74,154
15,213,242
15,233,231
15,107,156
15,95,164
15,260,121
15,180,147
15,143,185
15,271,257
15,264,256
15,313,262
15,342,264
15,363,276
15,386,248
15,371,239
15,395,135
15,212,181
15,527,212
15,556,219
15,584,222
15,591,208
15,308,163
15,298,173
15,644,215
15,639,200
15,413,275
15,532,189
15,522,195
15,618,229
15,469,147
15,492,146
15,511,149
15,555,147
15,670,180
15,666,216
15,733,185
15,714,180
15,708,210
15,697,209
15,693,177
15,688,237
15,715,229
15,729,214
15,735,226
15,737,240
15,576,182
15,549,169
15,617,157
15,624,161
15,589,149
15,611,162
15,610,187
15,849,320
15,748,140
15,738,139
15,709,137
15,667,138
15,679,146
15,690,141
15,699,154
15,723,162
15,757,166
15,767,174
15,771,196
15,799,202
15,838,203
15,780,187
15,822,196
15,869,200
15,755,217
15,784,175
15,804,181
15,831,187
15,840,177
15,793,148
15,789,113
15,804,86
15,801,161
15,783,157
15,1121,199
15,1091,193
15,1057,193
15,1009,195
15,968,192
15,927,194
15,749,230
15,745,199
15,900,198
15,851,185
15,855,174
15,870,176
15,945,211
15,926,211
15,865,217
15,956,132
15,971,141
15,983,136
15,1004,138
15,1020,140
15,1033,147
15,1047,149
15,1060,149
15,1058,135
15,892,174
15,1033,174
15,1206,225
15,996,229
15,1068,222
15,1261,178
15,1220,207
15,963,169
15,1253,211
15,1063,178
15,1090,162
15,1097,228
15,1446,190
15,1433,179
15,1326,157
15,1293,166
15,1276,157
15,1207,154
15,1311,153
15,1317,167
15,1452,156
15,1588,139
15,1646,132
15,1611,89
15,1621,96
15,1413,152
15,1568,119
15,1479,197
15,1651,112
15,1640,106
15,1609,154
15,1895,150
15,1891,133
15,1829,46
15,1917,101
15,1869,92
15,1915,76
15,1871,111
15,1912,124
15,1738,66
15,1825,102
15,1656,10
15,1623,31
15,1787,5
15,1814,66
15,1739,5
15,1020,1040
15,823,266
15,628,307
15,1078,334
15,844,412
15,1710,316
15,1689,312
16,175,981
16,269,969
16,255,972
16,293,991
16,316,1010
16,341,988
16,362,993
16,372,997
16,358,1011
16,389,998
16,416,973
16,263,1011
16,280,1011
16,397,1028
16,385,1031
16,528,994
16,555,1009
16,535,1019
16,549,1031
16,446,1021
16,456,1008
16,468,1022
16,455,1032
16,495,1024
16,486,1035
16,480,1010
16,581,1021
16,598,1033
16,582,1009
16,571,988
16,620,1020
16,626,1012
16,631,1039
16,604,989
16,676,1026
16,663,1013
16,665,1000
16,711,1004
16,706,993
16,735,996
16,984,1015
16,1088,1016
16,868,1004
16,832,1020
16,903,997
16,918,1008
16,1272,1040
16,1057,1016
16,987,1030
16,1055,1014
16,1224,1041
16,1244,1024
16,1116,995
16,1510,1042
16,1555,1042
16,1132,1011
16,1214,1002
16,829,1009
16,1168,1020
16,1127,1019
16,1343,1042
16,903,1038
16,157,1015
16,921,1035
16,1685,1042
16,1404,959
16,1770,1034
16,1759,1043
16,1719,1031
16,1715,1039
16,1367,1009
16,1802,1044
16,1849,1044
16,1535,1001
16,1599,983
16,1586,1013
16,1607,1022
16,1900,1045
16,1728,979
16,1751,992
16,1773,997
16,1838,985
16,1699,1002
16,1705,1017
16,1837,1024
16,421,560
16,403,561
16,25,175
16,20,141
16,51,167
16,196,262
16,183,261
16,131,250
16,68,166
16,69,150
16,213,236
16,232,229
16,103,153
16,90,164
16,260,121
16,172,146
16,132,181
16,270,256
16,262,256
16,313,262
16,340,263
16,362,275
16,387,247
16,370,239
16,395,134
16,195,181
16,534,214
16,562,218
16,590,221
16,596,208
16,293,161
16,285,171
16,648,210
16,643,196
16,412,273
16,531,189
16,521,195
16,625,231
16,468,146
16,492,146
16,511,148
16,555,147
16,674,178
16,669,213
16,734,182
16,717,178
16,709,209
16,697,207
16,696,176
16,688,232
16,715,226
16,730,210
16,735,225
16,737,236
16,566,178
16,538,167
16,616,156
16,624,161
16,583,150
16,611,161
16,598,185
16,868,320
16,747,139
16,735,136
16,708,136
16,666,137
16,677,144
16,689,140
16,697,152
16,713,161
16,752,161
16,764,170
16,776,197
16,802,201
16,844,203
16,783,186
16,826,197
16,876,198
16,755,216
16,779,172
16,797,177
16,827,184
16,835,176
16,793,148
16,789,113
16,804,85
16,800,160
16,785,157
16,1133,199
16,1104,191
16,1063,195
16,1020,196
16,980,193
16,937,193
16,748,227
16,745,200
16,905,191
16,846,184
16,852,173
16,866,177
16,944,210
16,925,211
16,865,217
16,956,132
16,970,139
16,983,135
16,1003,137
16,1020,140
16,1033,146
16,1047,148
16,1060,148
16,1058,134
16,889,174
16,1038,171
16,1221,226
16,996,228
16,1067,221
16,1277,180
16,1228,206
16,955,170
16,1262,212
16,1060,181
16,1083,164
16,1096,227
16,1461,185
16,1450,175
16,1325,156
16,1292,165
16,1275,155
16,1196,153
16,1311,153
16,1316,165
16,1463,154
16,1603,135
16,1661,131
16,1616,81
16,1627,89
16,1409,151
16,1577,110
16,1469,198
16,1644,113
16,1628,107
16,1609,152
16,1903,155
16,1902,136
16,1823,44
16,1917,103
16,1862,92
16,1915,78
16,1850,104
16,1902,118
16,1734,67
16,1830,109
16,1656,10
16,1623,30
16,1786,5
16,1818,68
16,1738,5
16,1033,1037
16,823,274
16,606,304
16,1097,332
16,843,410
16,1697,311
16,1674,309
17,175,980
17,268,970
17,255,972
17,292,990
17,315,1010
17,341,988
17,362,993
17,370,997
17,358,1011
17,389,998
17,416,973
17,262,1010
17,280,1012
17,398,1027
17,386,1030
17,527,994
17,555,1010
17,536,1019
17,549,1031
17,445,1020
17,456,1006
17,466,1021
17,455,1032
17,494,1024
17,486,1035
17,479,1010
17,580,1021
17,599,1034
17,582,1009
17,568,987
17,621,1017
17,626,1008
17,627,1039
17,602,990
17,670,1028
17,657,1013
17,659,999
17,702,1006
17,697,995
17,727,998
17,994,1013
17,1097,1017
17,857,1007
17,819,1022
17,894,997
17,910,1012
17,1285,1040
17,1071,1021
17,996,1030
17,1069,1017
17,1237,1042
17,1261,1025
17,1112,996
17,1522,1042
17,1565,1040
17,1120,1015
17,819,1011
17,1183,1020
17,1139,1020
17,911,1036
17,148,1017
17,932,1033
17,1698,1041
17,1404,959
17,1782,1034
17,1772,1044
17,1726,1031
17,1726,1039
17,1352,1007
17,1814,1043
17,1862,1045
17,1521,1003
17,1581,982
17,1571,1014
17,1591,1023
17,1728,979
17,1750,991
17,1769,997
17,1837,985
17,1685,999
17,1689,1014
17,1824,1022
17,420,561
17,402,560
17,25,175
17,55,176
17,196,261
17,183,260
17,131,249
17,72,174
17,65,147
17,213,231
17,232,227
17,98,150
17,85,163
17,119,149
17,257,120
17,121,178
17,270,256
17,260,256
17,313,262
17,338,263
17,361,275
17,389,247
17,369,239
17,395,133
17,178,181
17,541,216
17,568,218
17,597,220
17,602,208
17,276,158
17,269,168
17,652,205
17,648,193
17,412,272
17,530,190
17,521,195
17,632,234
17,468,146
17,492,146
17,511,148
17,555,147
17,679,177
17,673,211
17,735,180
17,720,176
17,710,209
17,698,205
17,699,175
17,689,228
17,716,223
17,731,207
17,736,224
17,738,232
17,556,175
17,528,165
17,615,156
17,623,160
17,578,152
17,611,161
17,587,183
17,887,321
17,747,138
17,732,134
17,707,136
17,666,137
17,675,142
17,688,139
17,695,151
17,703,161
17,747,156
17,761,167
17,781,198
17,806,200
17,850,204
17,787,186
17,831,199
17,884,197
17,755,215
17,775,169
17,790,174
17,824,181
17,830,175
17,793,148
17,789,112
17,804,85
17,799,160
17,787,158
17,1146,200
17,1117,189
17,1069,198
17,1032,197
17,992,194
17,948,193
17,748,224
17,745,201
17,911,184
17,841,184
17,849,172
17,862,179
17,944,209
17,924,210
17,864,216
17,956,131
17,969,138
17,983,134
17,1002,136
17,1020,140
17,1033,146
17,1047,148
17,1060,147
17,1058,134
17,886,175
17,1044,168
17,1237,227
17,996,227
17,1066,220
17,1294,183
17,1236,205
17,947,171
17,1271,213
17,1058,184
17,1077,166
17,1096,227
17,1477,181
17,1467,171
17,1325,155
17,1292,164
17,1274,153
17,1186,152
17,1312,153
17,1316,163
17,1474,153
17,1618,131
17,1677,131
17,1622,73
17,1634,82
17,1405,151
17,1586,102
17,1459,199
17,1637,115
17,1616,109
17,1610,150
17,1911,161
17,1913,140
17,1817,43
17,1917,105
17,1855,93
17,1916,81
17,1916,47
17,1829,97
17,1892,113
17,1731,69
17,1836,116
17,1656,10
17,1624,29
17,1786,5
17,1823,70
17,1737,5
17,1046,1034
17,823,283
17,585,302
17,1116,331
17,843,409
17,1685,307
17,1659,306
18,174,979
18,268,967
18,255,972
18,291,990
18,313,1007
18,341,989
18,361,992
18,370,996
18,357,1011
18,388,997
18,417,972
18,261,1009
18,278,1011
18,397,1027
18,386,1028
18,527,993
18,554,1008
18,535,1018
18,548,1031
18,444,1019
18,455,1005
18,465,1021
18,455,1032
18,493,1023
18,485,1034
18,478,1010
18,580,1020
18,598,1032
18,581,1009
18,566,987
18,619,1016
18,624,1009
18,625,1036
18,600,988
18,665,1029
18,654,1014
18,657,1000
18,694,1004
18,692,994
18,719,996
18,1003,1015
18,1108,1018
18,845,1007
18,805,1024
18,879,994
18,893,1018
18,1300,1041
18,1081,1022
18,1008,1030
18,1076,1015
18,1249,1039
18,1280,1024
18,1113,993
18,1541,1042
18,1583,1041
18,1106,1007
18,806,1010
18,1198,1020
18,1151,1021
18,920,1036
18,145,1016
18,942,1032
18,1707,1041
18,1404,958
18,1792,1035
18,1782,1043
18,1734,1032
18,1737,1039
18,1337,1004
18,1825,1044
18,1874,1045
18,1505,1005
18,1567,986
18,1554,1014
18,1574,1023
18,1728,979
18,1750,990
18,1766,997
18,1838,984
18,1670,999
18,1674,1012
18,1812,1021
18,1884,1004
18,419,562
18,402,560
18,23,173
18,60,184
18,195,260
18,182,259
18,130,247
18,76,180
18,66,145
18,213,229
18,231,225
18,93,148
18,81,158
18,128,149
18,255,119
18,109,175
18,270,255
18,258,255
18,312,261
18,337,262
18,359,274
18,390,247
18,371,241
18,394,131
18,166,184
18,548,210
18,574,220
18,605,219
18,609,206
18,260,155
18,253,165
18,655,201
18,651,188
18,411,271
18,531,188
18,521,194
18,637,231
18,468,145
18,491,145
18,510,147
18,554,146
18,683,177
18,675,207
18,737,179
18,723,175
18,711,209
18,699,203
18,702,174
18,691,226
18,719,223
18,731,204
18,736,220
18,738,230
18,546,172
18,515,166
18,614,155
18,623,160
18,575,153
18,611,160
18,575,177
18,904,326
18,744,136
18,730,133
18,706,136
18,665,136
18,673,140
18,687,138
18,676,159
18,693,161
18,739,157
18,757,166
18,781,195
18,810,198
18,855,200
18,789,186
18,832,196
18,890,196
18,755,214
18,771,167
18,789,173
18,818,180
18,825,172
18,791,146
18,789,111
18,804,84
18,799,159
18,785,157
18,1153,202
18,1133,188
18,1091,196
18,1041,198
18,1005,193
18,958,192
18,749,223
18,746,200
18,916,185
18,839,183
18,844,170
18,857,179
18,941,209
18,923,210
18,864,216
18,956,131
18,968,136
18,983,134
18,1001,135
18,1018,138
18,1032,145
18,1046,147
18,1060,146
18,1058,133
18,879,173
18,1047,167
18,1250,226
18,995,226
18,1065,219
18,1309,182
18,1245,206
18,936,171
18,1282,215
18,1050,184
18,1071,168
18,1096,226
18,1493,176
18,1482,167
18,1325,154
18,1291,163
18,1274,152
18,1175,150
18,1308,152
18,1314,164
18,1481,150
18,1632,131
18,1696,131
18,1629,68
18,1640,77
18,1401,151
18,1592,95
18,1447,199
18,1628,116
18,1602,112
18,1611,149
18,1913,165
18,1916,143
18,1818,43
18,1917,107
18,1845,92
18,1916,84
18,1914,53
18,1800,94
18,1878,113
18,1723,72
18,1842,120
18,1656,10
18,1624,28
18,1786,6
18,1825,69
18,1736,5
18,1051,1038
18,817,291
18,567,301
18,1135,329
18,843,408
18,1670,304
18,1646,302
19,173,978
19,268,964
19,256,973
19,290,990
19,312,1005
19,341,991
19,361,992
19,370,996
19,357,1011
19,387,996
19,417,972
19,261,1009
19,277,1011
19,397,1028
19,386,1026
19,527,992
19,553,1007
19,535,1017
19,548,1031
19,444,1018
19,455,1005
19,464,1020
19,454,1029
19,492,1022
19,485,1034
19,478,1010
19,580,1020
19,598,1031
19,581,1010
19,564,987
19,617,1016
19,623,1010
19,623,1034
19,599,986
19,660,1030
19,651,1016
19,655,1002
19,687,1002
19,687,993
19,711,995
19,1013,1017
19,1119,1019
19,834,1008
19,791,1026
19,865,991
19,877,1025
19,1315,1042
19,1092,1023
19,1020,1030
19,1083,1014
19,1262,1037
19,1299,1024
19,1114,991
19,1561,1043
19,1601,1043
19,1091,1033
19,794,1009
19,1216,1019
19,1165,1020
19,929,1037
19,142,1015
19,952,1032
19,1717,1042
19,1404,958
19,1803,1037
19,1792,1043
19,1746,1031
19,1750,1038
19,1323,1002
19,1837,1045
19,1887,1045
19,1490,1008
19,1553,990
19,1538,1015
19,1557,1024
19,1728,979
19,1750,990
19,1768,996
19,1839,984
19,1656,999
19,1659,1011
19,1800,1020
19,1871,1004
19,418,563
19,402,559
19,21,172
19,65,192
19,195,260
19,181,258
19,130,246
19,81,186
19,213,227
19,231,224
19,88,146
19,77,153
19,136,149
19,253,117
19,97,172
19,270,255
19,257,254
19,311,260
19,337,262
19,358,274
19,392,247
19,374,243
19,393,130
19,154,188
19,556,204
19,581,222
19,614,219
19,616,205
19,248,152
19,238,160
19,659,198
19,655,183
19,411,270
19,532,186
19,521,193
19,643,229
19,469,145
19,491,144
19,510,146
19,553,145
19,688,177
19,678,204
19,740,179
19,727,175
19,712,209
19,700,201
19,706,173
19,693,224
19,722,224
19,731,201
19,736,216
19,739,228
19,536,169
19,502,168
19,613,155
19,622,159
19,572,150
19,611,160
19,563,172
19,921,331
19,741,134
19,728,133
19,705,136
19,665,136
19,671,138
19,686,137
19,657,167
19,683,161
19,731,158
19,753,166
19,782,192
19,814,196
19,860,197
19,791,187
19,833,193
19,897,195
19,755,213
19,767,165
19,788,172
19,813,180
19,821,170
19,789,145
19,789,111
19,804,84
19,799,158
19,784,157
19,1161,204
19,1149,187
19,1114,194
19,1051,199
19,1018,193
19,969,192
19,751,223
19,747,200
19,922,187
19,837,183
19,839,169
19,852,180
19,938,209
19,922,210
19,864,216
19,956,130
19,967,135
19,983,133
19,1000,134
19,1017,137
19,1031,145
19,1046,147
19,1060,146
19,1058,133
19,873,172
19,1050,166
19,1263,226
19,995,226
19,1064,219
19,1324,182
19,1255,207
19,926,171
19,1294,218
19,1043,185
19,1065,170
19,1096,226
19,1510,172
19,1498,163
19,1325,154
19,1290,162
19,1275,152
19,1165,149
19,1305,151
19,1313,165
19,1647,131
19,1715,132
19,1636,64
19,1647,72
19,1398,152
19,1598,89
19,1429,150
19,1436,200
19,1620,117
19,1588,116
19,1613,148
19,1819,43
19,1917,109
19,1836,92
19,1916,87
19,1913,60
19,1772,92
19,1865,113
19,1715,75
19,1848,125
19,1656,10
19,1625,27
19,1786,6
19,1828,68
19,1056,1042
19,811,300
19,549,300
19,1154,328
19,844,407
19,1655,301
19,1633,298
20,172,977
20,268,961
20,256,971
20,291,988
20,312,1004
20,339,988
20,360,990
20,370,994
20,356,1009
20,386,995
20,418,972
20,262,1007
20,277,1010
20,396,1026
20,385,1025
20,527,991
20,552,1006
20,535,1016
20,547,1031
20,445,1016
20,455,1002
20,464,1019
20,454,1027
20,493,1021
20,485,1032
20,478,1008
20,580,1020
20,598,1029
20,581,1008
20,565,986
20,616,1014
20,621,1007
20,622,1032
20,596,985
20,657,1029
20,647,1011
20,652,1000
20,683,1000
20,681,987
20,705,995
20,1021,1018
20,1131,1019
20,823,1003
20,780,1025
20,857,991
20,864,1026
20,1326,1041
20,1100,1023
20,1031,1028
20,1093,1015
20,1274,1036
20,1321,1023
20,1112,991
20,1576,1041
20,1617,1042
20,1077,998
20,781,1006
20,1234,1018
20,1180,1019
20,935,1037
20,139,1014
20,962,1032
20,1728,1039
20,1404,958
20,1814,1034
20,1805,1042
20,1759,1031
20,1763,1038
20,1308,998
20,1850,1044
20,1900,1045
20,1475,1007
20,1538,991
20,1522,1014
20,1540,1025
20,1728,979
20,1751,990
20,1770,996
20,1839,982
20,1639,997
20,1642,1010
20,1787,1019
20,1859,1005
20,417,564
20,402,559
20,20,171
20,72,197
20,194,259
20,181,254
20,130,244
20,88,190
20,213,225
20,230,223
20,88,144
20,71,150
20,145,152
20,252,116
20,86,169
20,269,253
20,257,252
20,311,258
20,337,259
20,359,272
20,388,245
20,372,241
20,393,129
20,143,188
20,565,202
20,589,220
20,621,218
20,623,205
20,236,149
20,224,155
20,662,196
20,659,183
20,411,269
20,531,186
20,521,192
20,651,228
20,469,144
20,490,143
20,509,145
20,552,144
20,691,176
20,680,205
20,742,179
20,729,173
20,717,209
20,702,199
20,708,172
20,694,222
20,723,223
20,732,200
20,738,214
20,741,226
20,526,167
20,491,170
20,612,154
20,622,159
20,570,147
20,611,159
20,553,168
20,935,333
20,739,133
20,726,132
20,704,133
20,664,134
20,672,138
20,685,134
20,645,171
20,674,161
20,728,155
20,749,162
20,784,192
20,818,196
20,870,195
20,794,186
20,842,194
20,903,190
20,755,212
20,764,164
20,785,171
20,812,179
20,818,170
20,787,143
20,789,110
20,804,83
20,799,157
20,783,156
20,1177,204
20,1160,187
20,1131,191
20,1063,199
20,1027,194
20,976,193
20,751,216
20,751,194
20,931,187
20,833,182
20,832,167
20,850,178
20,942,207
20,924,209
20,864,214
20,956,130
20,966,133
20,983,132
20,999,133
20,1016,136
20,1030,144
20,1045,146
20,1060,146
20,1058,132
20,869,169
20,1055,165
20,1277,226
20,995,225
20,1063,218
20,1340,181
20,1265,207
20,918,168
20,1305,215
20,1036,181
20,1058,172
20,945,163
20,1096,225
20,1525,168
20,1513,158
20,1325,153
20,1292,159
20,1275,152
20,1157,147
20,1307,150
20,1315,163
20,1664,130
20,1733,131
20,1643,58
20,1653,66
20,1396,151
20,1605,83
20,1422,154
20,1423,199
20,1610,118
20,1572,121
20,1613,143
20,1819,42
20,1916,111
20,1824,93
20,1916,89
20,1914,62
20,1739,96
20,1853,111
20,1705,75
20,1857,131
20,1656,10
20,1627,26
20,1786,6
20,1836,68
20,1046,1041
20,799,304
20,531,296
20,1168,319
20,845,406
20,1641,297
20,1624,292
21,171,976
21,269,959
21,256,969
21,292,987
21,313,1004
21,338,986
21,360,988
21,371,992
21,356,1007
21,386,994
21,418,971
21,263,1006
21,277,1010
21,395,1025
21,385,1024
21,527,991
21,552,1006
21,535,1015
21,547,1031
21,446,1014
21,455,1000
21,464,1018
21,453,1026
21,494,1020
21,485,1031
21,478,1007
21,581,1020
21,598,1028
21,581,1006
21,566,985
21,615,1013
21,620,1004
21,621,1031
21,594,985
21,655,1028
21,644,1007
21,650,998
21,679,998
21,676,982
21,699,995
21,1030,1020
21,1143,1020
21,813,999
21,769,1024
21,849,991
21,851,1027
21,1338,1040
21,1108,1024
21,1042,1027
21,1104,1016
21,1287,1036
21,1344,1022
21,1111,991
21,1591,1040
21,1634,1042
21,1076,1022
21,1139,1001
21,768,1004
21,1247,1017
21,1192,1018
21,136,1013
21,973,1032
21,1740,1037
21,1403,957
21,1825,1032
21,1818,1041
21,1770,1031
21,1774,1038
21,1294,995
21,1863,1044
21,1461,1006
21,1524,993
21,1506,1013
21,1523,1026
21,1728,979
21,1750,989
21,1769,996
21,1839,981
21,1623,995
21,1626,1010
21,1775,1017
21,1846,1006
21,1855,1021
21,416,563
21,402,558
21,20,171
21,79,202
21,194,258
21,181,251
21,129,243
21,96,195
21,214,224
21,230,222
21,87,141
21,66,147
21,154,156
21,254,114
21,76,167
21,269,252
21,258,250
21,312,256
21,337,257
21,360,270
21,384,244
21,370,240
21,392,128
21,133,189
21,575,201
21,597,218
21,629,218
21,630,205
21,223,144
21,211,152
21,665,194
21,664,183
21,411,268
21,531,186
21,522,192
21,659,228
21,470,144
21,490,143
21,509,144
21,552,144
21,695,176
21,682,207
21,745,179
21,732,172
21,723,209
21,704,198
21,710,171
21,696,221
21,725,222
21,734,200
21,740,213
21,743,224
21,517,166
21,480,172
21,611,154
21,621,158
21,566,150
21,611,159
21,543,164
21,950,335
21,737,133
21,725,132
21,703,131
21,664,132
21,673,139
21,684,131
21,634,175
21,665,161
21,725,152
21,745,159
21,786,192
21,822,197
21,880,194
21,797,185
21,852,195
21,909,185
21,757,211
21,762,163
21,782,170
21,811,178
21,815,171
21,786,142
21,790,110
21,804,83
21,800,157
21,783,155
21,1193,204
21,1172,188
21,1148,189
21,1076,199
21,1036,196
21,984,194
21,752,210
21,756,189
21,941,188
21,829,181
21,825,166
21,849,177
21,946,206
21,927,208
21,864,213
21,956,130
21,966,132
21,983,132
21,999,133
21,1015,135
21,1030,144
21,1045,146
21,1060,146
21,1058,131
21,865,167
21,1060,165
21,1292,227
21,995,224
21,1063,217
21,1356,181
21,1276,208
21,910,166
21,1317,212
21,1030,177
21,1052,174
21,952,159
21,1096,225
21,1541,164
21,1529,153
21,1325,152
21,1294,157
21,1276,152
21,1149,146
21,1309,149
21,1317,162
21,1681,129
21,1752,131
21,1651,52
21,1660,60
21,1395,151
21,1613,78
21,1415,158
21,1435,149
21,1410,199
21,1601,119
21,1556,126
21,1613,138
21,1820,42
21,1916,114
21,1813,94
21,1916,91
21,1915,65
21,1707,101
21,1842,109
21,1903,113
21,1696,76
21,1866,137
21,1656,10
21,1629,25
21,1785,6
21,1844,68
21,1036,1041
21,788,308
21,514,293
21,1183,311
21,846,406
21,1628,294
21,1616,287
21,340,1019
22,172,975
22,270,958
22,254,967
22,292,985
22,313,1003
22,339,984
22,360,988
22,370,992
22,356,1007
22,385,992
22,418,971
22,263,1005
22,276,1007
22,395,1023
22,384,1023
22,526,990
22,552,1004
22,535,1014
22,545,1030
22,445,1013
22,454,1000
22,465,1017
22,453,1026
22,493,1018
22,485,1030
22,477,1006
22,580,1019
22,597,1027
22,580,1005
22,564,983
22,612,1012
22,618,1005
22,620,1031
22,594,984
22,653,1025
22,643,1006
22,647,995
22,675,995
22,671,978
22,693,992
22,1043,1022
22,1154,1021
22,803,999
22,756,1021
22,838,988
22,835,1027
22,1353,1039
22,1119,1023
22,1057,1024
22,1114,1015
22,1301,1036
22,1364,1026
22,1108,991
22,1608,1039
22,1648,1040
22,1035,992
22,1116,1005
22,757,1003
22,1261,1017
22,1204,1017
22,135,1012
22,984,1031
22,1750,1036
22,1403,956
22,1837,1030
22,1830,1040
22,1782,1032
22,1786,1038
22,1280,993
22,1875,1042
22,1446,1004
22,1509,993
22,1491,1013
22,1506,1025
22,1728,979
22,1750,988
22,1768,996
22,1838,981
22,1609,996
22,1612,1011
22,1763,1016
22,1829,1007
22,1841,1018
22,415,562
22,402,558
22,21,170
22,88,205
22,195,257
22,180,251
22,129,241
22,104,197
22,214,224
22,230,220
22,86,140
22,66,144
22,166,160
22,256,113
22,66,164
22,270,251
22,258,250
22,310,255
22,336,258
22,358,268
22,383,244
22,371,238
22,391,127
22,125,184
22,584,196
22,605,218
22,634,215
22,635,202
22,211,140
22,198,150
22,667,192
22,665,180
22,410,267
22,531,186
22,522,191
22,659,224
22,470,143
22,490,142
22,508,143
22,553,142
22,697,171
22,683,205
22,746,175
22,733,170
22,723,208
22,705,197
22,712,171
22,697,219
22,726,220
22,734,194
22,741,209
22,744,222
22,506,172
22,468,174
22,610,154
22,621,158
22,563,153
22,611,158
22,533,165
22,964,332
22,738,132
22,726,132
22,704,131
22,664,130
22,675,137
22,686,131
22,624,177
22,657,162
22,722,151
22,740,157
22,790,192
22,828,197
22,886,193
22,804,189
22,859,195
22,916,189
22,756,206
22,761,156
22,776,170
22,805,177
22,812,170
22,784,141
22,789,111
22,804,84
22,800,157
22,781,155
22,1208,204
22,1184,186
22,1157,189
22,1090,194
22,1045,195
22,986,195
22,752,208
22,759,190
22,949,183
22,822,179
22,822,167
22,845,177
22,946,205
22,927,207
22,865,212
22,956,130
22,966,131
22,982,130
22,998,132
22,1016,133
22,1030,143
22,1045,146
22,1060,146
22,1058,130
22,860,168
22,1068,165
22,1305,225
22,994,223
22,1063,216
22,1373,183
22,1287,206
22,903,167
22,1327,211
22,1019,173
22,1046,176
22,960,155
22,1096,224
22,1556,160
22,1545,148
22,1324,151
22,1294,156
22,1275,150
22,1140,146
22,1309,148
22,1317,162
22,1696,128
22,1767,130
22,1657,46
22,1664,57
22,1395,150
22,1619,74
22,1406,161
22,1429,150
22,1396,198
22,1592,121
22,1540,132
22,1613,133
22,1819,41
22,1915,117
22,1800,95
22,1916,93
22,1915,66
22,1675,99
22,1829,109
22,1892,113
22,1689,79
22,1873,138
22,1656,10
22,1625,26
22,1785,6
22,1852,70
22,1026,1041
22,767,306
22,494,291
22,1190,299
22,843,403
22,1617,295
22,1603,291
22,341,1014
23,173,974
23,272,958
23,252,965
23,292,984
23,314,1003
23,340,982
23,361,988
23,369,992
23,356,1007
23,385,991
23,419,970
23,263,1004
23,276,1005
23,396,1022
23,384,1023
23,526,989
23,552,1003
23,536,1013
23,544,1030
23,444,1013
23,453,1000
23,464,1015
23,452,1024
23,493,1017
23,486,1029
23,477,1006
23,579,1018
23,596,1027
23,580,1004
23,563,981
23,609,1011
23,617,1006
23,619,1032
23,594,984
23,652,1022
23,642,1006
23,645,992
23,671,993
23,666,975
23,687,990
23,1056,1025
23,1165,1023
23,794,999
23,744,1019
23,828,986
23,820,1027
23,1369,1038
23,1130,1023
23,1072,1022
23,1124,1014
23,1315,1036
23,1384,1030
23,1105,991
23,1626,1039
23,1663,1039
23,1018,988
23,1101,1004
23,747,1002
23,1277,1017
23,1217,1019
23,135,1011
23,191,1011
23,206,1013
23,996,1030
23,1761,1036
23,1402,955
23,1850,1028
23,1842,1039
23,1793,1030
23,1798,1036
23,1267,992
23,1887,1041
23,1432,1002
23,1494,994
23,1476,1014
23,1490,1024
23,1727,978
23,1749,987
23,1767,995
23,1838,981
23,1596,998
23,1599,1012
23,1750,1014
23,1813,1007
23,1826,1015
23,415,561
23,401,557
23,22,169
23,97,209
23,196,256
23,180,251
23,129,240
23,112,199
23,214,224
23,230,219
23,84,139
23,65,140
23,179,164
23,256,111
23,57,162
23,271,251
23,258,251
23,309,254
23,336,259
23,357,266
23,382,245
23,372,236
23,391,126
23,117,179
23,594,191
23,613,219
23,639,213
23,641,199
23,199,139
23,188,145
23,670,191
23,667,178
23,410,266
23,531,186
23,522,191
23,660,221
23,470,142
23,490,141
23,508,143
23,554,141
23,699,166
23,684,203
23,747,172
23,734,169
23,724,207
23,707,197
23,714,172
23,698,217
23,727,219
23,735,189
23,742,206
23,746,221
23,495,179
23,456,176
23,612,152
23,621,156
23,554,153
23,611,158
23,523,167
23,979,329
23,739,132
23,727,132
23,705,131
23,664,129
23,677,135
23,688,132
23,614,180
23,650,163
23,719,151
23,736,156
23,794,192
23,834,197
23,892,192
23,811,194
23,866,195
23,925,186
23,758,210
23,760,149
23,771,170
23,799,176
23,809,169
23,783,141
23,788,113
23,804,86
23,800,157
23,780,155
23,1223,204
23,1197,185
23,1166,189
23,1104,190
23,1055,195
23,989,197
23,752,207
23,763,192
23,958,179
23,816,178
23,819,168
23,842,178
23,947,204
23,927,207
23,865,211
23,956,130
23,967,131
23,981,129
23,998,131
23,1017,132
23,1031,143
23,1046,146
23,1060,146
23,1057,128
23,855,169
23,1077,166
23,1319,224
23,994,222
23,1063,216
23,1390,185
23,1298,204
23,896,168
23,1337,211
23,1008,169
23,1040,178
23,975,153
23,1096,224
23,1572,156
23,1562,143
23,1324,151
23,1295,156
23,1275,148
23,1131,147
23,1309,147
23,1318,163
23,1712,127
23,1783,130
23,1663,41
23,1668,54
23,1396,149
23,1626,71
23,1397,164
23,1423,151
23,1383,197
23,1583,123
23,1525,139
23,1614,129
23,1819,40
23,1915,120
23,1788,96
23,1917,95
23,1915,68
23,1644,98
23,1817,110
23,1882,114
23,1683,82
23,1880,140
23,1656,10
23,1707,8
23,1621,27
23,1785,6
23,1861,73
23,1017,1041
23,746,305
23,474,290
23,1198,287
23,841,401
23,1606,297
23,1590,295
23,337,1007
24,172,972
24,271,957
24,251,964
24,291,983
24,314,1001
24,340,980
24,360,986
24,369,991
24,355,1005
24,385,990
24,419,970
24,262,1002
24,275,1004
24,395,1021
24,384,1022
24,525,987
24,552,1001
24,535,1011
24,542,1028
24,442,1010
24,453,998
24,464,1014
24,452,1023
24,493,1015
24,486,1027
24,477,1004
24,579,1016
24,596,1025
24,580,1002
24,563,980
24,609,1011
24,616,1006
24,618,1029
24,594,984
24,651,1020
24,642,1008
24,645,993
24,667,990
24,660,974
24,684,988
24,1070,1022
24,1176,1024
24,783,997
24,730,1020
24,819,986
24,809,1026
24,1381,1036
24,1142,1019
24,1084,1021
24,1135,1009
24,1328,1034
24,1402,1032
24,1102,989
24,1642,1037
24,1677,1036
24,999,988
24,1087,1003
24,734,1002
24,1293,1017
24,1230,1021
24,135,1010
24,191,1005
24,206,1008
24,1007,1029
24,1774,1036
24,1402,954
24,1862,1026
24,1856,1037
24,1805,1028
24,1810,1035
24,1252,992
24,1899,1039
24,1417,1000
24,1481,993
24,1457,1011
24,1476,1021
24,1727,977
24,1749,986
24,1766,994
24,1837,979
24,1581,997
24,1584,1011
24,1735,1010
24,1799,1006
24,1811,1015
24,1905,1015
24,1902,1002
24,415,560
24,400,557
24,21,167
24,103,210
24,194,254
24,179,251
24,128,239
24,119,201
24,213,222
24,230,218
24,82,137
24,61,137
24,191,168
24,257,110
24,50,156
24,270,249
24,256,248
24,309,252
24,337,257
24,357,265
24,383,242
24,372,233
24,390,124
24,104,176
24,604,189
24,618,217
24,643,212
24,644,198
24,178,141
24,672,188
24,670,174
24,410,265
24,530,184
24,521,189
24,663,216
24,470,141
24,490,140
24,507,142
24,553,138
24,701,166
24,685,201
24,748,171
24,736,168
24,725,204
24,708,193
24,716,170
24,696,214
24,728,215
24,737,187
24,741,205
24,747,217
24,484,185
24,443,174
24,614,150
24,621,155
24,546,154
24,611,157
24,511,168
24,990,320
24,737,130
24,724,128
24,702,130
24,664,128
24,675,135
24,686,129
24,603,180
24,639,166
24,712,150
24,730,153
24,797,192
24,844,194
24,898,190
24,818,194
24,871,191
24,934,181
24,757,201
24,753,148
24,767,165
24,796,173
24,808,168
24,779,141
24,788,111
24,804,82
24,803,157
24,783,154
24,1235,204
24,1209,184
24,1177,189
24,1118,187
24,1065,196
24,1003,195
24,754,206
24,764,190
24,970,178
24,816,176
24,827,168
24,839,175
24,945,203
24,926,204
24,865,210
24,956,130
24,967,131
24,980,128
24,998,130
24,1016,131
24,1030,139
24,1045,143
24,1061,144
24,1056,127
24,852,167
24,1086,167
24,1333,223
24,994,220
24,1062,215
24,1408,184
24,1306,205
24,890,166
24,1346,208
24,999,167
24,1027,173
24,991,152
24,1096,223
24,1587,152
24,1577,140
24,1326,150
24,1292,156
24,1273,149
24,1122,148
24,1310,147
24,1318,159
24,1729,128
24,1801,130
24,1665,37
24,1672,47
24,1394,145
24,1632,65
24,1385,163
24,1413,151
24,1368,190
24,1574,122
24,1518,140
24,1613,121
24,1819,38
24,1915,120
24,1772,96
24,1917,98
24,1916,70
24,1624,82
24,1805,109
24,1872,110
24,1672,78
24,1886,142
24,1656,10
24,1707,10
24,1620,25
24,1785,6
24,1871,71
24,1007,1041
24,729,305
24,463,279
24,1206,271
24,832,398
24,1592,300
24,1577,298
24,336,1006
25,171,970
25,271,956
25,250,963
25,290,982
25,314,1000
25,340,979
25,360,984
25,370,990
25,354,1003
25,385,989
25,420,970
25,262,1000
25,275,1003
25,394,1021
25,384,1021
25,525,986
25,552,1000
25,535,1009
25,540,1026
25,440,1008
25,453,997
25,463,1013
25,452,1022
25,493,1014
25,486,1025
25,477,1003
25,579,1015
25,596,1023
25,581,1001
25,564,979
25,610,1012
25,616,1007
25,618,1026
25,594,984
25,650,1019
25,642,1010
25,645,994
25,664,987
25,655,973
25,681,986
25,1084,1019
25,1187,1026
25,773,995
25,716,1022
25,811,986
25,799,1025
25,1394,1034
25,1155,1015
25,1097,1020
25,1146,1005
25,1341,1032
25,1421,1034
25,1100,987
25,1658,1035
25,1691,1034
25,978,990
25,1072,998
25,722,1002
25,1308,1016
25,1243,1019
25,135,1009
25,191,999
25,206,1003
25,1019,1028
25,1787,1036
25,1403,953
25,1875,1025
25,1871,1036
25,1818,1027
25,1824,1034
25,1238,992
25,1402,998
25,1469,993
25,1438,1008
25,1463,1019
25,1728,976
25,1748,984
25,1766,992
25,1837,977
25,1566,996
25,1569,1010
25,1721,1007
25,1785,1005
25,1796,1015
25,1893,1012
25,1891,1000
25,416,557
25,400,555
25,20,165
25,109,212
25,192,252
25,179,251
25,128,238
25,127,204
25,213,221
25,230,217
25,80,134
25,56,134
25,203,173
25,257,109
25,44,150
25,269,247
25,255,246
25,310,251
25,338,255
25,358,265
25,384,239
25,373,230
25,389,123
25,92,173
25,614,188
25,623,215
25,647,212
25,648,197
25,166,137
25,675,185
25,673,171
25,410,265
25,530,182
25,521,188
25,667,212
25,471,140
25,491,139
25,507,142
25,553,136
25,704,166
25,686,200
25,750,171
25,737,167
25,727,201
25,709,190
25,719,169
25,695,212
25,730,211
25,739,185
25,741,204
25,748,213
25,474,191
25,431,173
25,611,145
25,620,152
25,536,156
25,611,157
25,499,169
25,1001,311
25,735,128
25,722,124
25,700,130
25,664,127
25,674,135
25,684,127
25,592,181
25,628,170
25,705,149
25,725,151
25,800,193
25,854,191
25,904,188
25,825,195
25,876,188
25,941,186
25,758,200
25,746,147
25,764,161
25,794,171
25,808,167
25,776,141
25,788,109
25,804,78
25,807,158
25,786,154
25,1247,204
25,1222,183
25,1189,190
25,1132,185
25,1075,198
25,1018,194
25,756,205
25,766,188
25,982,178
25,816,174
25,835,169
25,837,173
25,944,202
25,926,201
25,866,209
25,956,131
25,968,131
25,980,127
25,998,130
25,1015,130
25,1029,135
25,1044,141
25,1062,143
25,1056,126
25,850,165
25,1095,168
25,1347,222
25,994,219
25,1062,214
25,1426,183
25,1315,207
25,884,165
25,1356,206
25,991,165
25,1014,169
25,1013,153
25,1096,223
25,1182,120
25,1603,148
25,1593,137
25,1326,148
25,1291,155
25,1273,146
25,1114,147
25,1310,145
25,1318,156
25,1746,129
25,1820,131
25,1668,33
25,1677,40
25,1392,142
25,1639,60
25,1373,163
25,1403,152
25,1354,184
25,1566,121
25,1511,142
25,1613,113
25,1819,37
25,1916,120
25,1756,97
25,1917,102
25,1916,72
25,1605,66
25,1794,109
25,1862,107
25,1661,75
25,1893,145
25,1656,10
25,1708,12
25,1619,23
25,1785,7
25,1882,70
25,997,1040
25,712,305
25,452,269
25,1215,255
25,824,396
25,1579,304
25,1565,302
25,336,1006
26,170,970
26,269,957
26,250,962
26,290,980
26,314,999
26,338,979
26,359,983
26,369,989
26,354,1001
26,385,989
26,420,970
26,262,999
26,274,1001
26,393,1020
26,383,1020
26,524,985
26,551,998
26,533,1009
26,538,1025
26,440,1008
26,453,996
26,463,1012
26,452,1021
26,492,1013
26,485,1025
26,475,1002
26,578,1014
26,596,1022
26,581,1000
26,564,977
26,611,1012
26,614,1006
26,646,1027
26,594,983
26,648,1023
26,640,1014
26,643,995
26,663,986
26,653,974
26,679,982
26,1096,1018
26,1200,1019
26,760,995
26,703,1024
26,801,984
26,787,1023
26,1407,1033
26,1164,1014
26,1111,1021
26,1156,1005
26,1353,1032
26,1439,1034
26,1101,985
26,1668,1034
26,1706,1033
26,958,990
26,1058,994
26,710,1005
26,1324,1015
26,1257,1017
26,135,1008
26,191,998
26,205,1001
26,1029,1028
26,1799,1034
26,1404,952
26,1886,1024
26,1884,1034
26,1832,1027
26,1838,1033
26,1224,989
26,1386,996
26,1455,993
26,1423,1006
26,1447,1016
26,1729,975
26,1748,983
26,1766,990
26,1838,977
26,1550,995
26,1553,1010
26,1711,1007
26,1772,1009
26,1783,1019
26,1881,1010
26,1881,998
26,417,555
26,400,553
26,20,164
26,116,211
26,193,251
26,179,250
26,127,235
26,133,203
26,211,219
26,230,216
26,79,132
26,55,133
26,214,174
26,258,108
26,37,145
26,269,245
26,256,245
26,309,249
26,338,253
26,358,264
26,384,236
26,372,227
26,388,122
26,85,166
26,623,181
26,627,214
26,649,207
26,650,195
26,155,134
26,678,184
26,676,170
26,410,264
26,530,180
26,519,186
26,670,212
26,468,137
26,490,136
26,505,138
26,553,134
26,706,165
26,687,199
26,752,171
26,738,166
26,730,200
26,710,187
26,720,166
26,697,210
26,732,209
26,741,183
26,744,202
26,749,211
26,462,196
26,418,173
26,609,140
26,620,150
26,526,158
26,612,156
26,483,169
26,1007,295
26,737,130
26,725,127
26,701,129
26,664,126
26,674,138
26,686,126
26,583,182
26,618,169
26,701,149
26,723,148
26,807,192
26,858,188
26,915,184
26,832,192
26,888,184
26,952,180
26,760,199
26,743,143
26,764,159
26,788,170
26,806,164
26,780,141
26,788,107
26,804,75
26,811,159
26,791,154
26,1260,202
26,1232,183
26,1201,189
26,1145,183
26,1091,194
26,1032,191
26,758,203
26,770,185
26,993,178
26,825,174
26,843,169
26,833,171
26,944,201
26,926,200
26,866,208
26,955,128
26,967,129
26,980,126
26,999,129
26,1016,128
26,1028,134
26,1045,139
26,1060,141
26,1057,125
26,848,163
26,1106,165
26,1365,219
26,995,218
26,1063,211
26,1443,181
26,1325,207
26,878,162
26,1368,202
26,982,163
26,1008,168
26,1035,155
26,1095,221
26,1183,118
26,1620,144
26,1610,132
26,1327,147
26,1290,154
26,1273,143
26,1107,147
26,1310,144
26,1318,154
26,1762,131
26,1837,132
26,1670,26
26,1681,32
26,1392,141
26,1645,54
26,1362,163
26,1395,155
26,1345,182
26,1557,122
26,1506,140
26,1611,101
26,1821,36
26,1916,120
26,1744,97
26,1917,103
26,1917,74
26,1592,47
26,1780,108
26,1851,104
26,1653,74
26,1902,149
26,1656,10
26,1709,17
26,1620,21
26,1785,6
26,1892,67
26,987,1040
26,695,300
26,439,252
26,1228,243
26,809,396
26,1568,308
26,1549,305
26,336,1006
27,170,971
27,267,958
27,250,962
27,290,979
27,314,998
27,336,979
27,358,983
27,369,988
27,355,1000
27,385,989
27,421,970
27,262,998
27,273,999
27,393,1019
27,383,1020
27,524,985
27,550,997
27,532,1009
27,536,1025
27,441,1008
27,454,995
27,463,1012
27,451,1021
27,492,1013
27,485,1025
27,474,1002
27,578,1013
27,596,1022
27,581,999
27,565,976
27,612,1013
27,613,1005
27,674,1028
27,594,983
27,642,997
27,663,986
27,652,975
27,678,978
27,1108,1017
27,1208,1025
27,748,996
27,691,1027
27,791,983
27,775,1022
27,1421,1033
27,1174,1013
27,1123,1020
27,1168,1004
27,1368,1033
27,1460,1035
27,1103,984
27,1678,1033
27,1721,1033
27,942,989
27,1042,991
27,699,1008
27,1337,1017
27,1269,1019
27,135,1007
27,192,998
27,205,999
27,85,1076
27,1039,1028
27,1812,1033
27,1404,951
27,1853,1029
27,1854,1036
27,1211,987
27,1370,994
27,1441,993
27,1408,1004
27,1431,1014
27,1730,975
27,1748,982
27,1767,991
27,1839,977
27,1535,994
27,1537,1010
27,1700,1007
27,1758,1013
27,1769,1022
27,1870,1010
27,1867,1000
27,416,554
27,399,552
27,21,164
27,124,210
27,194,251
27,180,250
27,126,232
27,139,203
27,210,218
27,230,215
27,226,175
27,258,106
27,30,140
27,269,244
27,257,244
27,309,248
27,338,252
27,359,264
27,384,234
27,371,225
27,387,121
27,78,160
27,633,174
27,631,213
27,651,203
27,652,193
27,145,132
27,681,184
27,679,170
27,410,263
27,531,178
27,518,184
27,673,213
27,466,135
27,489,134
27,503,134
27,553,132
27,708,164
27,689,198
27,753,170
27,740,165
27,734,199
27,712,185
27,721,164
27,699,209
27,735,208
27,744,182
27,747,200
27,751,209
27,451,201
27,406,173
27,608,141
27,621,150
27,515,157
27,613,155
27,467,170
27,1014,280
27,739,132
27,728,131
27,703,129
27,664,125
27,674,142
27,688,126
27,575,184
27,608,169
27,698,149
27,722,146
27,815,192
27,862,185
27,926,181
27,839,190
27,901,181
27,964,179
27,761,198
27,740,139
27,765,157
27,783,169
27,805,161
27,785,141
27,788,105
27,804,73
27,814,159
27,797,154
27,1274,200
27,1242,184
27,1213,188
27,1159,181
27,1108,190
27,1047,189
27,760,202
27,774,183
27,1004,178
27,834,174
27,851,170
27,830,170
27,945,201
27,927,200
27,866,207
27,954,126
27,967,127
27,981,126
27,1000,128
27,1017,126
27,1028,134
27,1047,138
27,1059,140
27,1056,123
27,846,161
27,1117,163
27,1383,217
27,996,218
27,1065,209
27,1460,179
27,1336,207
27,872,160
27,1381,199
27,974,161
27,1003,168
27,1050,164
27,1095,219
27,1184,116
27,1638,141
27,1628,128
27,1328,146
27,1291,156
27,1272,148
27,1101,144
27,1311,142
27,1318,156
27,1779,133
27,1855,134
27,1673,20
27,1686,24
27,1392,140
27,1651,49
27,1352,164
27,1388,158
27,1337,180
27,1548,123
27,1502,139
27,1526,127
27,1609,90
27,1823,36
27,1917,120
27,1732,98
27,1918,104
27,1917,77
27,1917,47
27,1767,108
27,1840,101
27,1646,74
27,1912,153
27,1656,10
27,1710,22
27,1715,6
27,1622,20
27,1785,6
27,1902,65
27,978,1040
27,678,296
27,426,235
27,1241,232
27,794,397
27,1558,312
27,1534,309
27,336,1006
28,170,971
28,266,957
28,250,962
28,291,983
28,315,998
28,337,980
28,359,983
28,369,988
28,354,1000
28,385,989
28,421,970
28,262,998
28,277,996
28,394,1019
28,383,1020
28,524,985
28,552,1001
28,533,1012
28,537,1025
28,442,1009
28,454,995
28,463,1013
28,451,1021
28,492,1013
28,486,1028
28,476,1004
28,580,1016
28,598,1025
28,582,1002
28,564,977
28,613,1013
28,621,1009
28,702,1029
28,594,982
28,642,1007
28,662,986
28,651,976
28,675,981
28,1125,1016
28,1224,1017
28,740,998
28,683,1030
28,781,984
28,764,1022
28,1435,1034
28,1185,1013
28,1136,1020
28,1180,1004
28,1383,1034
28,1482,1037
28,1103,984
28,1697,1035
28,1736,1035
28,923,988
28,1026,988
28,688,1012
28,1351,1019
28,1282,1021
28,137,1009
28,192,998
28,205,999
28,85,1076
28,1052,1028
28,1827,1033
28,1404,951
28,1875,1032
28,1870,1039
28,1198,989
28,1359,991
28,1428,994
28,1391,1004
28,1417,1014
28,1731,975
28,1749,982
28,1768,993
28,1841,978
28,1521,997
28,1525,1012
28,1688,1010
28,1743,1013
28,1752,1023
28,1859,1011
28,1853,1003
28,416,553
28,399,552
28,20,163
28,130,211
28,195,254
28,181,253
28,127,237
28,145,203
28,210,218
28,230,215
28,236,181
28,258,105
28,28,138
28,268,244
28,258,248
28,309,248
28,337,252
28,359,264
28,383,234
28,371,230
28,388,121
28,70,158
28,641,171
28,634,211
28,654,204
28,655,193
28,103,131
28,684,182
28,682,169
28,410,262
28,530,178
28,518,184
28,675,214
28,467,139
28,490,138
28,504,138
28,553,137
28,710,162
28,691,200
28,755,170
28,741,165
28,741,194
28,715,184
28,723,162
28,701,209
28,736,207
28,747,182
28,752,197
28,752,209
28,443,208
28,392,170
28,607,142
28,622,151
28,504,157
28,614,154
28,456,171
28,1014,270
28,742,135
28,732,135
28,704,128
28,664,124
28,675,145
28,688,124
28,565,192
28,599,175
28,695,146
28,716,146
28,819,193
28,876,181
28,935,178
28,846,189
28,905,178
28,976,181
28,763,197
28,735,141
28,766,155
28,784,171
28,800,163
28,788,143
28,788,105
28,804,74
28,818,160
28,802,154
28,1288,200
28,1255,186
28,1228,190
28,1171,179
28,1123,191
28,1059,190
28,762,201
28,776,181
28,1019,179
28,843,174
28,859,170
28,829,171
28,946,201
28,927,200
28,866,206
28,954,125
28,967,131
28,982,126
28,1001,128
28,1017,125
28,1029,138
28,1047,141
28,1060,144
28,1056,122
28,846,163
28,1128,164
28,1400,213
28,997,217
28,1066,212
28,1477,180
28,1347,203
28,870,160
28,1394,196
28,966,159
28,996,164
28,1066,174
28,1096,217
28,1184,116
28,1655,139
28,1644,125
28,1329,146
28,1292,159
28,1272,154
28,1096,142
28,1313,141
28,1318,159
28,1793,138
28,1873,138
28,1677,15
28,1687,19
28,1399,143
28,1657,47
28,1346,166
28,1380,159
28,1324,176
28,1546,124
28,1554,127
28,1526,139
28,1606,81
28,1825,35
28,1917,121
28,1720,101
28,1918,105
28,1916,81
28,1915,57
28,1755,109
28,1832,100
28,1641,75
28,1913,155
28,1656,10
28,1711,28
28,1729,8
28,1622,23
28,1786,6
28,1906,67
28,968,1040
28,666,294
28,413,225
28,1255,227
28,776,397
28,1537,316
28,1515,312
28,336,1006
29,170,971
29,266,957
29,250,962
29,293,987
29,316,998
29,339,981
29,360,983
29,370,988
29,354,1001
29,385,989
29,421,970
29,260,998
29,278,1000
29,395,1020
29,384,1021
29,525,986
29,555,1005
29,535,1016
29,539,1026
29,442,1009
29,455,995
29,463,1014
29,451,1023
29,492,1013
29,487,1032
29,478,1007
29,583,1019
29,600,1028
29,583,1006
29,564,979
29,614,1014
29,630,1014
29,731,1030
29,594,982
29,642,1017
29,662,986
29,650,977
29,673,984
29,1134,1014
29,1233,1023
29,732,1001
29,676,1034
29,771,986
29,754,1022
29,1450,1035
29,1193,1012
29,1147,1021
29,1189,1004
29,1399,1034
29,1503,1036
29,1103,984
29,1716,1037
29,1752,1037
29,905,987
29,1008,988
29,678,1016
29,1365,1021
29,1297,1024
29,141,1008
29,192,998
29,205,999
29,85,1076
29,1065,1029
29,1842,1034
29,1406,955
29,1888,1033
29,1884,1040
29,1185,992
29,1348,988
29,1415,995
29,1375,1004
29,1404,1015
29,1731,975
29,1749,982
29,1769,993
29,1842,978
29,1507,1000
29,1513,1015
29,1675,1014
29,1728,1012
29,1735,1024
29,1847,1013
29,1843,1005
29,417,554
29,398,552
29,20,163
29,137,213
29,196,258
29,183,257
29,129,242
29,152,204
29,210,219
29,230,216
29,247,187
29,255,111
29,26,136
29,268,244
29,260,252
29,309,248
29,337,253
29,360,264
29,383,234
29,371,235
29,389,122
29,63,156
29,650,168
29,638,209
29,657,205
29,659,193
29,110,137
29,688,181
29,686,168
29,410,261
29,530,178
29,518,184
29,678,216
29,468,144
29,492,143
29,506,142
29,553,142
29,713,160
29,694,202
29,757,170
29,743,165
29,749,189
29,718,183
29,725,160
29,704,209
29,738,207
29,750,182
29,758,194
29,754,209
29,435,215
29,378,168
29,592,141
29,623,150
29,492,157
29,615,154
29,445,173
29,1015,260
29,744,137
29,735,138
29,706,128
29,664,123
29,675,149
29,688,122
29,555,201
29,590,181
29,692,144
29,710,146
29,824,194
29,891,178
29,944,175
29,853,188
29,910,176
29,985,183
29,767,193
29,730,143
29,768,153
29,785,173
29,795,166
29,791,146
29,788,105
29,805,75
29,822,161
29,808,154
29,1302,201
29,1269,189
29,1244,193
29,1184,177
29,1139,193
29,1072,191
29,764,200
29,779,180
29,1034,181
29,852,174
29,867,171
29,829,173
29,947,201
29,928,200
29,866,206
29,955,124
29,968,135
29,984,126
29,1002,129
29,1018,125
29,1030,142
29,1047,145
29,1061,148
29,1058,122
29,846,165
29,1140,166
29,1418,210
29,998,217
29,1067,216
29,1494,182
29,1359,199
29,868,161
29,1408,193
29,958,158
29,989,161
29,1094,172
29,1097,216
29,1184,116
29,1672,138
29,1661,122
29,1329,149
29,1293,161
29,1272,160
29,1092,144
29,1311,146
29,1318,162
29,1808,143
29,1892,142
29,1682,10
29,1688,14
29,1407,147
29,1664,45
29,1341,169
29,1372,160
29,1311,172
29,1544,125
29,1606,116
29,1526,152
29,1603,72
29,1827,35
29,1917,122
29,1709,104
29,1919,106
29,1916,86
29,1743,111
29,1825,100
29,1637,77
29,1656,10
29,1712,35
29,1743,11
29,1623,27
29,1786,6
29,1910,69
29,958,1040
29,654,292
29,401,215
29,1270,222
29,759,397
29,1516,320
29,1496,315
29,336,1006
30,171,971
30,266,957
30,250,962
30,294,991
30,317,998
30,340,981
30,361,983
30,370,988
30,358,1008
30,385,989
30,421,970
30,262,1000
30,280,998
30,396,1021
30,384,1019
30,525,987
30,557,1010
30,537,1020
30,540,1026
30,443,1009
30,455,995
30,464,1016
30,452,1025
30,492,1013
30,488,1035
30,480,1010
30,585,1023
30,602,1032
30,584,1009
30,582,987
30,628,1026
30,639,1018
30,759,1031
30,594,982
30,687,1005
30,662,986
30,649,978
30,671,987
30,1150,1014
30,1244,1023
30,722,1001
30,670,1033
30,761,987
30,744,1021
30,1465,1034
30,1201,1011
30,1159,1022
30,1198,1004
30,1415,1034
30,1524,1035
30,1095,994
30,1727,1037
30,1770,1038
30,891,985
30,991,989
30,668,1018
30,1379,1024
30,1312,1028
30,138,1006
30,192,998
30,205,999
30,85,1076
30,1076,1029
30,1857,1035
30,1408,959
30,1902,1035
30,1899,1041
30,1172,994
30,1332,985
30,1400,993
30,1357,1002
30,1389,1012
30,1731,975
30,1749,982
30,1770,994
30,1843,978
30,1493,1000
30,1498,1014
30,1660,1012
30,1715,1011
30,1723,1024
30,1836,1015
30,1833,1008
30,1916,1000
30,418,555
30,398,552
30,24,171
30,144,213
30,197,261
30,184,260
30,131,248
30,158,205
30,210,219
30,230,214
30,259,192
30,253,117
30,24,134
30,268,244
30,262,256
30,309,248
30,337,253
30,359,262
30,385,242
30,371,240
30,390,123
30,59,150
30,657,162
30,639,211
30,597,212
30,606,204
30,118,144
30,690,180
30,689,167
30,410,261
30,529,178
30,518,184
30,678,215
30,469,148
30,493,148
30,508,147
30,553,147
30,714,161
30,695,200
30,760,170
30,744,165
30,749,184
30,722,182
30,727,162
30,707,209
30,719,222
30,744,189
30,756,194
30,757,206
30,427,222
30,364,163
30,578,141
30,625,149
30,481,158
30,614,154
30,433,176
30,1005,255
30,746,139
30,738,142
30,707,134
30,666,132
30,675,152
30,690,134
30,539,198
30,577,184
30,689,144
30,704,150
30,834,192
30,897,175
30,954,177
30,861,186
30,921,175
30,995,181
30,772,189
30,726,140
30,768,155
30,796,175
30,805,167
30,794,149
30,788,105
30,805,76
30,824,161
30,812,154
30,1315,201
30,1280,190
30,1254,191
30,1198,175
30,1153,192
30,1093,193
30,754,221
30,782,179
30,1049,177
30,861,174
30,875,171
30,827,172
30,946,200
30,928,200
30,866,205
30,955,130
30,969,139
30,984,133
30,999,126
30,1018,125
30,1031,146
30,1047,149
30,1062,153
30,1060,122
30,846,166
30,1152,164
30,1435,204
30,996,217
30,1068,220
30,1509,177
30,1371,192
30,866,159
30,1417,190
30,951,158
30,979,157
30,1122,171
30,1097,224
30,1184,116
30,1688,137
30,1676,123
30,1330,153
30,1294,164
30,1272,165
30,1310,152
30,1318,165
30,1823,142
30,1902,145
30,1680,7
30,1689,10
30,1415,150
30,1669,39
30,1332,170
30,1365,161
30,1296,168
30,1539,125
30,1658,105
30,1509,153
30,1598,60
30,1826,34
30,1917,123
30,1695,105
30,1917,106
30,1913,88
30,1733,109
30,1815,96
30,1629,74
30,1656,10
30,1710,42
30,1751,21
30,1623,30
30,1786,6
30,1912,66
30,948,1040
30,642,290
30,382,208
30,1285,222
30,742,397
30,1490,323
30,1475,316
30,336,1006
