1,957,597
1,939,491
1,938,508
1,918,562
1,912,575
1,353,331
1,472,338
1,405,349
1,507,334
1,527,336
1,542,347
1,590,328
1,1079,350
1,1085,333
1,1118,345
1,1133,361
1,1161,343
1,1166,357
1,16,567
1,28,592
1,8,579
1,97,557
1,113,566
1,55,528
1,110,510
1,75,476
1,79,465
1,36,498
1,128,493
1,144,502
1,88,719
1,84,703
1,120,706
1,769,718
1,771,728
1,903,710
1,731,708
1,357,682
1,374,706
1,764,598
1,817,698
1,500,508
1,536,508
1,600,530
1,1072,717
1,1047,532
1,181,505
1,215,459
1,643,488
1,299,483
1,310,497
1,404,515
1,405,536
1,263,532
1,274,548
1,635,554
1,344,554
1,348,485
1,198,509
1,501,554
1,634,559
1,680,581
1,726,582
1,711,595
1,697,607
1,801,471
1,768,503
1,1150,489
1,1069,576
1,800,544
1,785,516
1,1128,538
1,1126,561
1,1226,505
1,1056,462
1,1058,477
1,826,523
1,831,511
1,670,455
1,681,468
1,688,478
1,906,465
1,827,490
1,1252,545
1,1199,526
1,1363,484
1,1383,494
1,1395,534
1,1436,573
1,1317,522
1,1248,571
1,1399,505
1,1414,483
1,1414,456
1,1446,493
1,1496,553
1,1473,536
1,1491,518
1,1513,508
1,1498,487
1,1588,490
1,1617,504
1,1621,575
1,1630,556
1,1690,510
1,1706,539
1,1711,589
1,1607,538
1,1205,728
1,1749,571
1,1861,524
1,1802,589
1,1802,538
1,1858,603
1,1767,510
1,1831,571
1,1903,550
1,1873,495
1,227,501
1,607,570
1,586,545
1,594,558
1,424,547
1,342,505
1,339,537
1,351,524
1,628,484
1,564,604
1,585,601
1,855,579
1,847,561
1,855,597
1,1192,545
1,1374,534
1,1472,510
1,1801,510
1,1683,570
1,1663,567
1,1841,551
1,255,560
1,271,574
1,220,576
1,860,726
1,1834,739
1,1800,728
1,1882,590
1,1878,574
1,1405,575
1,1702,488
1,1587,528
1,1464,522
1,1614,587
1,96,499
1,813,501
1,794,503
1,164,485
1,1830,365
1,1696,370
1,1676,351
1,1636,346
1,1484,728
1,1507,730
1,1190,715
1,419,348
1,1781,526
2,957,597
2,936,492
2,939,509
2,926,564
2,923,580
2,359,334
2,478,337
2,419,354
2,511,334
2,535,334
2,544,347
2,584,331
2,1088,337
2,1125,347
2,1133,361
2,1162,341
2,1167,355
2,16,567
2,27,592
2,8,579
2,101,557
2,125,561
2,70,532
2,110,517
2,75,477
2,81,468
2,37,498
2,127,493
2,147,499
2,88,719
2,86,702
2,120,706
2,769,718
2,771,728
2,903,710
2,731,708
2,358,682
2,374,706
2,768,604
2,817,698
2,490,512
2,524,518
2,596,532
2,1072,717
2,1048,531
2,178,503
2,215,459
2,645,482
2,294,485
2,306,499
2,412,523
2,413,538
2,269,531
2,276,546
2,640,557
2,336,556
2,338,489
2,192,513
2,512,557
2,647,557
2,680,581
2,733,582
2,711,595
2,697,607
2,801,471
2,765,501
2,1150,489
2,1067,576
2,786,543
2,784,513
2,1137,542
2,1138,557
2,1231,509
2,1056,469
2,1055,481
2,818,529
2,824,513
2,670,455
2,681,468
2,688,478
2,906,465
2,834,491
2,1240,547
2,1204,530
2,1363,484
2,1383,494
2,1389,549
2,1447,574
2,1327,521
2,1248,571
2,1382,514
2,1422,485
2,1416,464
2,1443,497
2,1479,558
2,1456,539
2,1472,523
2,1507,508
2,1494,490
2,1583,492
2,1614,510
2,1620,574
2,1634,557
2,1689,513
2,1718,540
2,1711,589
2,1618,538
2,1215,728
2,1758,571
2,1852,521
2,1794,589
2,1787,540
2,1862,601
2,1776,511
2,1846,567
2,1910,553
2,1873,495
2,220,502
2,611,572
2,592,549
2,603,558
2,421,556
2,330,511
2,348,541
2,359,526
2,628,484
2,564,604
2,584,602
2,863,576
2,854,560
2,868,595
2,1203,544
2,1366,542
2,1463,513
2,1801,510
2,1690,568
2,1667,567
2,1853,549
2,265,561
2,265,574
2,220,575
2,871,725
2,1725,743
2,1825,740
2,1785,739
2,1886,589
2,1882,574
2,1414,576
2,1695,490
2,1609,524
2,1454,526
2,1611,588
2,100,510
2,834,504
2,806,504
2,160,488
2,1829,367
2,1709,366
2,1688,347
2,1631,346
2,1480,726
2,1500,731
2,1184,724
2,435,351
2,1771,538
3,958,598
3,929,496
3,940,510
3,939,565
3,933,580
3,368,340
3,487,338
3,428,356
3,515,334
3,537,335
3,546,347
3,580,332
3,1091,341
3,1131,347
3,1134,361
3,1163,341
3,1167,353
3,16,567
3,27,592
3,8,579
3,118,550
3,130,563
3,76,534
3,109,518
3,75,478
3,83,471
3,38,498
3,126,493
3,145,498
3,88,719
3,88,702
3,121,707
3,769,719
3,771,728
3,903,710
3,731,708
3,360,682
3,375,706
3,772,607
3,817,698
3,480,514
3,512,515
3,592,534
3,1072,717
3,1049,530
3,176,501
3,216,460
3,646,480
3,273,488
3,300,504
3,419,524
3,425,539
3,275,530
3,278,545
3,648,558
3,331,556
3,331,491
3,188,515
3,529,555
3,659,557
3,680,581
3,740,583
3,712,595
3,697,607
3,801,471
3,768,492
3,1150,489
3,1065,576
3,775,545
3,782,499
3,1149,539
3,1143,557
3,1241,508
3,1046,476
3,1048,492
3,813,531
3,806,523
3,670,455
3,681,468
3,688,478
3,906,465
3,841,493
3,1228,549
3,1213,532
3,1364,484
3,1384,495
3,1379,550
3,1459,575
3,1337,520
3,1248,571
3,1379,518
3,1416,492
3,1413,466
3,1439,497
3,1468,560
3,1451,541
3,1458,526
3,1502,508
3,1490,494
3,1577,499
3,1591,519
3,1620,574
3,1639,559
3,1679,515
3,1719,541
3,1711,589
3,1625,537
3,1225,728
3,1767,572
3,1842,523
3,1787,588
3,1772,542
3,1860,599
3,1786,512
3,1863,568
3,1911,553
3,1873,495
3,215,503
3,616,574
3,602,546
3,615,558
3,417,561
3,323,510
3,359,540
3,365,524
3,629,484
3,564,605
3,584,603
3,872,574
3,862,560
3,881,594
3,1214,543
3,1359,551
3,1455,515
3,1802,510
3,1697,567
3,1671,567
3,1865,548
3,276,562
3,259,574
3,220,574
3,882,725
3,1714,746
3,1815,741
3,1779,743
3,1890,588
3,1887,575
3,1423,577
3,1688,493
3,1619,524
3,1445,531
3,1609,590
3,94,510
3,843,505
3,816,506
3,156,491
3,1829,369
3,1718,362
3,1699,347
3,1626,346
3,1476,725
3,1494,733
3,1164,723
3,442,347
3,1760,536
4,959,599
4,915,498
4,918,515
4,950,566
4,945,582
4,379,343
4,497,344
4,435,355
4,519,335
4,539,336
4,549,348
4,573,327
4,1095,345
4,1138,346
4,1134,362
4,1164,341
4,1168,352
4,16,568
4,26,592
4,8,580
4,124,547
4,142,565
4,81,537
4,101,515
4,75,479
4,86,474
4,39,499
4,125,493
4,144,497
4,88,719
4,90,701
4,122,707
4,769,719
4,772,729
4,903,711
4,731,709
4,361,682
4,375,706
4,783,609
4,817,698
4,469,511
4,500,517
4,589,534
4,1072,717
4,1050,530
4,172,500
4,216,460
4,646,476
4,266,498
4,286,510
4,436,523
4,433,537
4,283,528
4,281,543
4,660,555
4,323,555
4,323,487
4,188,518
4,540,554
4,665,559
4,680,582
4,747,583
4,713,595
4,697,607
4,801,472
4,772,480
4,1150,490
4,1063,576
4,763,547
4,782,491
4,1159,539
4,1147,557
4,1253,505
4,1040,478
4,1047,497
4,799,528
4,799,525
4,670,455
4,681,468
4,688,478
4,906,466
4,853,493
4,1213,552
4,1226,535
4,1364,484
4,1384,495
4,1377,549
4,1467,573
4,1346,519
4,1248,571
4,1364,515
4,1415,492
4,1411,469
4,1440,497
4,1455,562
4,1445,548
4,1446,528
4,1495,512
4,1475,497
4,1593,500
4,1584,526
4,1619,573
4,1640,559
4,1669,512
4,1720,542
4,1711,589
4,1629,536
4,1236,729
4,1765,572
4,1836,524
4,1781,587
4,1746,533
4,1860,600
4,1797,514
4,1878,565
4,1873,495
4,211,504
4,614,582
4,612,543
4,626,558
4,403,562
4,317,509
4,370,540
4,371,522
4,630,485
4,564,606
4,584,605
4,878,574
4,872,558
4,894,590
4,1222,543
4,1354,557
4,1447,517
4,1803,511
4,1701,565
4,1675,567
4,1875,546
4,277,562
4,257,574
4,220,573
4,54,517
4,891,726
4,1702,746
4,1806,743
4,1773,747
4,1891,743
4,1895,587
4,1889,577
4,1434,576
4,1690,489
4,1629,524
4,1435,530
4,1606,591
4,89,511
4,849,505
4,825,510
4,157,489
4,1830,369
4,1723,360
4,1713,341
4,1473,724
4,1487,734
4,1165,724
4,451,343
4,1748,524
5,960,600
5,908,501
5,908,516
5,962,563
5,955,581
5,384,345
5,499,338
5,521,334
5,541,333
5,551,348
5,1101,345
5,1151,350
5,1135,362
5,1165,341
5,1168,350
5,903,352
5,873,343
5,16,568
5,26,592
5,8,580
5,139,544
5,150,563
5,87,540
5,93,510
5,75,480
5,88,477
5,40,499
5,124,493
5,141,497
5,88,719
5,92,701
5,123,708
5,770,720
5,772,729
5,903,711
5,731,709
5,363,682
5,376,706
5,787,610
5,817,698
5,458,508
5,492,513
5,585,539
5,1072,717
5,1051,529
5,169,503
5,217,461
5,647,480
5,263,507
5,275,514
5,440,523
5,443,539
5,292,526
5,292,540
5,665,547
5,316,552
5,311,483
5,187,519
5,552,554
5,668,555
5,680,582
5,754,584
5,714,595
5,697,607
5,802,472
5,773,472
5,1150,490
5,1061,576
5,749,552
5,784,483
5,1169,541
5,1148,558
5,1270,503
5,1034,480
5,1043,498
5,787,530
5,798,520
5,670,455
5,681,468
5,688,478
5,906,466
5,858,492
5,1200,555
5,1238,532
5,1365,484
5,1385,496
5,1375,549
5,1476,573
5,1356,526
5,1248,572
5,1355,512
5,1416,492
5,1412,469
5,1441,498
5,1433,564
5,1433,546
5,1450,527
5,1482,518
5,1467,497
5,1594,503
5,1560,531
5,1619,573
5,1641,559
5,1663,512
5,1740,549
5,1711,589
5,1643,534
5,1247,728
5,1763,572
5,1826,526
5,1776,590
5,1758,539
5,1861,601
5,1762,517
5,1884,563
5,1873,495
5,208,504
5,612,590
5,624,540
5,634,557
5,392,566
5,307,508
5,375,540
5,380,520
5,630,485
5,565,607
5,585,604
5,885,574
5,883,557
5,908,587
5,1231,543
5,1349,563
5,1434,519
5,1804,511
5,1705,563
5,1677,566
5,1885,544
5,278,562
5,256,574
5,221,572
5,75,528
5,900,727
5,1693,745
5,1796,742
5,1764,744
5,1884,743
5,1900,586
5,1892,579
5,1446,576
5,1692,485
5,1640,528
5,1425,529
5,1604,593
5,83,509
5,852,505
5,834,511
5,158,487
5,1831,369
5,1729,358
5,1472,724
5,1480,735
5,1166,725
5,460,342
5,1739,525
6,961,601
6,902,503
6,896,518
6,971,559
6,967,579
6,394,348
6,505,339
6,524,334
6,544,331
6,554,349
6,1113,347
6,1145,350
6,1136,363
6,1167,341
6,1169,349
6,903,354
6,870,342
6,887,336
6,16,569
6,26,592
6,9,580
6,155,540
6,154,565
6,97,542
6,91,518
6,76,482
6,91,480
6,42,500
6,123,494
6,139,497
6,88,719
6,94,701
6,123,709
6,770,721
6,773,729
6,903,712
6,731,710
6,364,682
6,376,706
6,779,609
6,817,698
6,443,504
6,484,513
6,575,540
6,1072,717
6,1052,529
6,166,506
6,217,461
6,646,485
6,251,512
6,268,518
6,450,525
6,455,542
6,299,520
6,302,539
6,672,547
6,312,554
6,298,479
6,187,520
6,566,557
6,669,548
6,680,583
6,761,584
6,715,595
6,697,607
6,802,472
6,772,460
6,1150,491
6,1059,576
6,744,555
6,786,475
6,1179,533
6,1152,558
6,1274,501
6,1028,482
6,1040,499
6,782,529
6,789,516
6,670,455
6,681,468
6,688,478
6,906,467
6,857,496
6,1195,556
6,1243,529
6,1366,484
6,1385,496
6,1363,547
6,1482,570
6,1355,528
6,1248,572
6,1345,515
6,1417,492
6,1413,469
6,1439,499
6,1429,567
6,1425,543
6,1440,527
6,1473,521
6,1460,498
6,1595,507
6,1545,533
6,1618,572
6,1643,559
6,1670,510
6,1757,554
6,1712,590
6,1655,535
6,1258,727
6,1761,572
6,1811,537
6,1767,593
6,1725,541
6,1861,602
6,1727,521
6,1896,566
6,1873,495
6,206,504
6,611,595
6,637,538
6,645,555
6,379,570
6,298,508
6,381,540
6,390,519
6,631,486
6,565,608
6,586,603
6,893,576
6,890,556
6,919,583
6,1240,538
6,1341,567
6,1422,518
6,1805,512
6,1706,563
6,1679,565
6,1894,544
6,282,563
6,255,574
6,220,570
6,79,530
6,909,728
6,1684,745
6,1787,741
6,1756,741
6,1873,744
6,1906,585
6,1894,581
6,1454,579
6,1695,481
6,1646,522
6,1417,528
6,1602,595
6,78,508
6,17,535
6,19,556
6,854,505
6,841,513
6,157,487
6,1832,370
6,1734,355
6,1471,724
6,1473,736
6,1121,726
6,470,341
6,1728,520
6,1784,497
7,961,602
7,889,507
7,880,525
7,982,558
7,977,579
7,404,349
7,511,340
7,527,333
7,546,332
7,556,348
7,1114,344
7,1149,349
7,1136,363
7,1168,341
7,1172,349
7,893,352
7,867,342
7,886,338
7,16,569
7,25,592
7,9,581
7,166,541
7,163,567
7,113,547
7,92,519
7,76,483
7,93,483
7,41,501
7,122,494
7,137,497
7,88,719
7,96,700
7,124,709
7,770,721
7,773,730
7,903,712
7,731,710
7,366,683
7,377,706
7,782,611
7,817,698
7,434,501
7,469,509
7,576,542
7,1072,717
7,1053,528
7,163,507
7,218,462
7,648,491
7,244,517
7,269,525
7,466,526
7,461,542
7,308,519
7,309,531
7,680,541
7,312,556
7,291,479
7,183,517
7,576,561
7,678,543
7,680,583
7,768,585
7,716,596
7,697,607
7,802,473
7,774,448
7,1150,491
7,1057,576
7,743,541
7,780,469
7,1182,530
7,1156,555
7,1278,499
7,1025,486
7,1024,497
7,759,516
7,776,515
7,670,455
7,681,468
7,688,478
7,906,467
7,857,500
7,1190,557
7,1246,519
7,1366,484
7,1386,497
7,1359,555
7,1491,568
7,1354,531
7,1248,572
7,1337,510
7,1417,492
7,1414,469
7,1438,500
7,1417,561
7,1418,540
7,1431,527
7,1470,522
7,1453,499
7,1595,514
7,1530,536
7,1618,572
7,1644,560
7,1677,508
7,1752,557
7,1712,590
7,1666,532
7,1285,729
7,1759,572
7,1806,537
7,1758,596
7,1719,537
7,1862,604
7,1721,517
7,1904,568
7,1873,495
7,202,504
7,611,601
7,646,540
7,661,554
7,371,571
7,288,507
7,390,538
7,390,519
7,632,486
7,565,609
7,587,603
7,902,578
7,897,556
7,930,580
7,1250,533
7,1333,571
7,1410,518
7,1805,512
7,1708,564
7,1681,564
7,1904,544
7,287,564
7,253,571
7,220,569
7,92,534
7,918,729
7,1681,743
7,1780,742
7,1750,741
7,1862,745
7,1897,583
7,1463,583
7,1691,482
7,1659,525
7,1410,528
7,1604,594
7,75,508
7,31,545
7,33,559
7,856,506
7,844,513
7,157,488
7,1833,370
7,1740,353
7,1471,724
7,1466,737
7,1113,730
7,480,341
7,602,329
7,1718,522
7,1777,500
8,962,603
8,878,512
8,875,527
8,989,556
8,986,574
8,413,348
8,515,338
8,530,333
8,548,333
8,558,348
8,1116,342
8,1154,349
8,1137,364
8,1169,341
8,1176,349
8,891,352
8,865,342
8,869,333
8,16,569
8,25,592
8,9,581
8,178,542
8,170,572
8,123,551
8,90,517
8,76,484
8,96,486
8,41,502
8,121,494
8,139,496
8,88,719
8,98,700
8,125,710
8,770,722
8,773,730
8,903,712
8,731,710
8,367,683
8,377,706
8,785,614
8,817,698
8,418,502
8,464,506
8,578,547
8,1072,717
8,1054,527
8,161,508
8,218,462
8,647,493
8,248,530
8,270,533
8,464,527
8,467,543
8,317,518
8,316,530
8,686,539
8,305,562
8,284,488
8,182,518
8,587,559
8,28,554
8,30,543
8,687,540
8,680,583
8,776,585
8,717,596
8,697,607
8,803,473
8,778,442
8,1150,491
8,1049,577
8,730,545
8,781,461
8,1196,528
8,1160,552
8,1278,499
8,1021,490
8,1025,498
8,756,517
8,770,512
8,670,455
8,681,468
8,688,478
8,906,467
8,861,498
8,1185,558
8,1262,523
8,1367,484
8,1386,497
8,1354,556
8,1500,567
8,1360,530
8,1248,572
8,1331,509
8,1417,492
8,1415,469
8,1437,501
8,1398,561
8,1413,540
8,1420,525
8,1468,523
8,1451,500
8,1594,521
8,1522,548
8,1618,572
8,1646,560
8,1685,506
8,1766,556
8,1712,590
8,1672,534
8,1321,736
8,1758,572
8,1800,529
8,1760,610
8,1713,534
8,1862,604
8,1718,517
8,1911,568
8,1873,495
8,199,504
8,612,606
8,655,543
8,669,553
8,363,572
8,279,507
8,399,536
8,391,520
8,633,487
8,565,610
8,588,602
8,911,578
8,908,557
8,942,577
8,1263,533
8,1327,573
8,1404,518
8,1806,513
8,1710,565
8,1683,563
8,1910,545
8,291,565
8,251,568
8,216,566
8,105,539
8,924,731
8,1679,742
8,1774,743
8,1744,741
8,1854,745
8,1900,585
8,1474,583
8,1688,483
8,1673,528
8,1397,527
8,1606,594
8,73,508
8,37,546
8,38,562
8,858,506
8,846,513
8,157,489
8,1834,371
8,1753,348
8,1470,725
8,1463,737
8,491,341
8,390,342
8,597,331
8,1706,504
8,1770,504
9,962,603
9,870,516
9,863,529
9,1002,558
9,993,576
9,423,350
9,523,341
9,535,333
9,554,335
9,557,348
9,1120,340
9,1157,352
9,1138,364
9,1171,341
9,1178,350
9,885,347
9,855,344
9,869,331
9,16,570
9,24,592
9,9,581
9,193,539
9,173,571
9,135,554
9,79,525
9,76,485
9,93,485
9,41,503
9,120,494
9,141,495
9,88,719
9,100,700
9,126,711
9,771,723
9,774,730
9,903,713
9,731,711
9,369,683
9,378,706
9,795,614
9,817,698
9,414,501
9,456,501
9,582,550
9,1072,717
9,1055,527
9,155,508
9,219,463
9,646,491
9,253,540
9,258,539
9,471,529
9,477,546
9,327,518
9,325,533
9,687,535
9,302,564
9,277,491
9,181,517
9,605,559
9,35,563
9,42,545
9,691,536
9,680,584
9,783,586
9,718,596
9,697,607
9,803,473
9,782,436
9,1151,492
9,1041,571
9,715,549
9,783,448
9,1207,525
9,1171,550
9,1279,500
9,1019,492
9,1026,499
9,753,518
9,766,509
9,670,455
9,681,468
9,688,478
9,906,468
9,866,497
9,1175,562
9,1271,524
9,1368,484
9,1387,498
9,1350,558
9,1509,563
9,1362,532
9,1248,573
9,1323,508
9,1418,492
9,1416,469
9,1437,503
9,1387,558
9,1407,538
9,1418,528
9,1468,519
9,1449,502
9,1602,528
9,1508,547
9,1612,572
9,1647,560
9,1691,505
9,1782,556
9,1712,590
9,1676,535
9,1327,726
9,1757,573
9,1777,535
9,1761,609
9,1712,534
9,1862,605
9,1713,513
9,1914,570
9,1873,495
9,195,508
9,614,612
9,663,542
9,680,555
9,354,571
9,269,508
9,407,537
9,392,521
9,634,487
9,566,611
9,589,601
9,920,578
9,920,558
9,955,575
9,1276,534
9,1321,576
9,1399,518
9,1807,513
9,1710,565
9,1686,562
9,296,566
9,249,566
9,213,563
9,111,538
9,930,733
9,1670,742
9,1768,744
9,1735,739
9,1846,746
9,1907,587
9,1485,584
9,1685,485
9,1681,529
9,1384,527
9,1608,593
9,71,508
9,44,548
9,43,565
9,860,506
9,848,513
9,157,490
9,1835,371
9,1469,726
9,1460,737
9,491,341
9,404,342
9,593,329
9,1709,508
9,1765,506
10,962,604
10,857,518
10,852,532
10,1010,557
10,1003,577
10,432,351
10,531,344
10,541,334
10,563,336
10,556,349
10,1129,344
10,1161,356
10,1138,364
10,1175,340
10,1180,351
10,873,347
10,847,346
10,857,332
10,16,570
10,24,592
10,9,582
10,210,542
10,180,572
10,145,559
10,75,526
10,76,486
10,90,484
10,39,506
10,119,494
10,138,494
10,88,719
10,99,700
10,126,711
10,771,723
10,774,731
10,903,713
10,731,711
10,370,683
10,379,707
10,803,616
10,817,698
10,402,496
10,449,501
10,585,556
10,1072,717
10,1056,526
10,149,509
10,220,463
10,646,494
10,262,549
10,264,558
10,482,531
10,483,548
10,337,519
10,335,529
10,696,526
10,303,568
10,276,493
10,176,517
10,622,560
10,52,565
10,46,547
10,697,531
10,680,584
10,790,586
10,718,596
10,697,607
10,803,474
10,783,428
10,1151,492
10,1034,573
10,706,551
10,784,436
10,1221,519
10,1182,549
10,1280,501
10,1009,498
10,1011,510
10,744,521
10,752,510
10,670,455
10,681,468
10,688,478
10,906,468
10,871,495
10,1165,567
10,1281,527
10,1368,484
10,1388,499
10,1349,561
10,1517,563
10,1364,534
10,1248,573
10,1315,505
10,1418,492
10,1417,469
10,1437,505
10,1383,560
10,1393,534
10,1408,531
10,1469,515
10,1447,504
10,1602,534
10,1496,550
10,1606,572
10,1649,561
10,1698,504
10,1787,558
10,1713,590
10,1689,534
10,1327,726
10,1757,574
10,1783,539
10,1758,610
10,1711,535
10,1862,605
10,1708,513
10,1873,495
10,192,513
10,616,614
10,672,542
10,688,557
10,346,570
10,260,509
10,416,539
10,429,523
10,635,487
10,565,611
10,591,601
10,926,578
10,928,559
10,964,571
10,1280,535
10,1322,576
10,1393,516
10,1808,514
10,1710,566
10,1689,564
10,298,562
10,245,569
10,210,561
10,117,538
10,937,735
10,1661,742
10,1758,746
10,1727,737
10,1839,747
10,1896,748
10,1493,581
10,1679,486
10,1690,530
10,1375,527
10,1610,593
10,69,507
10,52,548
10,51,566
10,870,508
10,851,513
10,156,491
10,1836,371
10,1469,727
10,1457,737
10,492,342
10,421,340
10,590,326
10,1712,512
10,1760,507
11,962,604
11,850,521
11,849,533
11,1017,553
11,1010,575
11,442,347
11,528,343
11,547,335
11,567,337
11,555,350
11,1132,346
11,1162,355
11,1139,365
11,1180,340
11,1183,352
11,871,346
11,839,345
11,851,334
11,16,571
11,24,592
11,9,582
11,229,539
11,189,573
11,138,554
11,70,526
11,77,488
11,87,484
11,38,501
11,118,495
11,135,494
11,88,719
11,98,700
11,126,711
11,771,724
11,775,731
11,903,714
11,731,712
11,372,683
11,379,707
11,812,609
11,817,698
11,394,498
11,431,503
11,577,563
11,1072,717
11,1058,526
11,145,510
11,220,464
11,645,497
11,257,557
11,275,564
11,487,533
11,492,551
11,346,520
11,351,528
11,701,520
11,298,570
11,270,492
11,172,519
11,631,557
11,58,564
11,56,545
11,712,522
11,680,585
11,797,587
11,719,596
11,697,607
11,803,474
11,784,420
11,1151,493
11,1029,583
11,704,548
11,785,432
11,1230,518
11,1194,549
11,1315,519
11,1003,496
11,999,513
11,735,524
11,741,507
11,670,455
11,681,468
11,688,478
11,906,469
11,875,494
11,1154,567
11,1288,530
11,1369,485
11,1387,500
11,1348,564
11,1526,563
11,1367,536
11,1248,573
11,1302,496
11,1419,492
11,1419,469
11,1432,503
11,1365,557
11,1385,533
11,1395,521
11,1470,511
11,1447,507
11,1595,539
11,1483,559
11,1601,573
11,1649,561
11,1700,506
11,1792,561
11,1713,591
11,1687,537
11,1327,726
11,1756,575
11,1772,531
11,1710,536
11,1862,606
11,1702,511
11,1873,495
11,192,518
11,618,616
11,672,542
11,693,559
11,333,569
11,255,510
11,424,540
11,430,521
11,636,487
11,565,611
11,591,601
11,933,578
11,936,560
11,973,567
11,1285,537
11,1324,577
11,1387,515
11,1809,514
11,1710,566
11,1692,567
11,300,559
11,241,572
11,206,562
11,128,539
11,944,735
11,1658,741
11,1749,748
11,1718,736
11,1830,749
11,1880,750
11,1501,579
11,1674,487
11,1691,531
11,1369,523
11,1613,593
11,67,507
11,61,549
11,59,567
11,878,507
11,853,513
11,156,492
11,1837,372
11,1468,728
11,1454,736
11,493,343
11,426,340
11,590,318
11,1711,509
11,1755,507
12,963,604
12,851,522
12,841,536
12,1030,548
12,1024,567
12,451,345
12,532,343
12,553,336
12,574,336
12,555,351
12,1134,346
12,1164,354
12,1140,365
12,1185,340
12,1185,353
12,869,340
12,832,344
12,850,335
12,16,571
12,23,592
12,9,582
12,236,538
12,182,573
12,144,559
12,62,528
12,75,488
12,85,483
12,32,499
12,117,495
12,135,494
12,88,719
12,97,700
12,126,712
12,771,724
12,775,732
12,903,714
12,731,712
12,374,684
12,379,708
12,821,605
12,817,698
12,378,501
12,421,503
12,582,572
12,1072,717
12,1057,526
12,141,511
12,221,464
12,644,497
12,257,566
12,274,569
12,496,536
12,497,553
12,355,525
12,352,529
12,701,518
12,292,573
12,255,491
12,166,520
12,641,559
12,65,566
12,62,542
12,714,520
12,680,585
12,804,587
12,720,596
12,697,607
12,804,474
12,785,413
12,1151,493
12,1024,583
12,703,545
12,786,425
12,1240,517
12,1206,549
12,1318,522
12,994,497
12,994,515
12,730,524
12,736,504
12,670,455
12,681,468
12,688,478
12,906,469
12,880,492
12,1143,567
12,1295,534
12,1369,485
12,1386,501
12,1343,566
12,1531,555
12,1374,542
12,1248,573
12,1294,496
12,1419,493
12,1418,468
12,1428,502
12,1352,558
12,1376,534
12,1380,523
12,1466,505
12,1448,510
12,1598,543
12,1469,570
12,1600,575
12,1650,561
12,1702,509
12,1793,562
12,1713,591
12,1686,541
12,1328,727
12,1756,577
12,1762,531
12,1710,536
12,1863,607
12,1696,510
12,1873,495
12,192,524
12,617,615
12,673,543
12,699,561
12,327,568
12,250,511
12,432,541
12,432,519
12,637,485
12,565,612
12,591,602
12,938,580
12,944,563
12,985,564
12,1292,538
12,1326,577
12,1383,514
12,1810,515
12,1710,567
12,1695,570
12,303,556
12,238,575
12,202,564
12,139,540
12,940,738
12,1655,741
12,1738,748
12,1710,736
12,1822,751
12,1874,749
12,1505,576
12,1669,487
12,1692,532
12,1363,520
12,1609,593
12,61,511
12,66,550
12,57,565
12,24,555
12,884,507
12,860,510
12,156,493
12,1838,372
12,1467,729
12,1451,736
12,522,340
12,431,341
12,1710,507
12,1791,525
12,1757,508
13,961,604
13,845,519
13,832,531
13,1033,552
13,1031,568
13,457,343
13,540,339
13,561,336
13,581,336
13,556,351
13,1137,346
13,1166,353
13,1140,366
13,1190,340
13,1188,354
13,860,342
13,828,342
13,849,337
13,16,571
13,23,592
13,9,583
13,246,538
13,182,573
13,157,556
13,54,527
13,74,489
13,82,483
13,27,497
13,116,495
13,135,495
13,88,719
13,96,701
13,126,712
13,772,725
13,776,732
13,903,715
13,731,712
13,378,685
13,379,708
13,829,603
13,817,698
13,366,500
13,414,502
13,583,571
13,1072,717
13,1057,527
13,133,516
13,221,465
13,642,500
13,266,575
13,273,574
13,500,539
13,508,556
13,369,529
13,353,530
13,703,510
13,293,578
13,247,493
13,161,522
13,661,562
13,72,568
13,66,546
13,716,509
13,680,586
13,811,588
13,721,597
13,697,607
13,804,475
13,786,414
13,1151,493
13,1019,584
13,702,543
13,1249,516
13,1218,549
13,1326,522
13,991,498
13,987,515
13,725,524
13,724,507
13,670,455
13,681,468
13,688,478
13,906,469
13,885,491
13,1135,567
13,1295,534
13,1370,485
13,1386,502
13,1339,569
13,1532,548
13,1377,542
13,1248,574
13,1282,498
13,1419,493
13,1418,467
13,1421,509
13,1343,555
13,1370,534
13,1377,525
13,1460,501
13,1438,517
13,1601,547
13,1462,588
13,1599,577
13,1650,562
13,1704,512
13,1794,563
13,1713,591
13,1691,543
13,1328,727
13,1756,578
13,1752,531
13,1709,537
13,1863,607
13,1690,509
13,1873,495
13,185,524
13,617,615
13,674,544
13,704,563
13,324,570
13,242,512
13,439,541
13,441,518
13,639,484
13,565,612
13,592,602
13,943,582
13,952,566
13,997,561
13,1300,540
13,1327,578
13,1380,513
13,1810,515
13,1710,568
13,1699,573
13,305,555
13,237,572
13,199,566
13,146,542
13,1652,741
13,1728,748
13,1696,734
13,1812,753
13,1868,748
13,1510,574
13,1664,488
13,1693,534
13,1352,515
13,1605,594
13,55,516
13,72,552
13,56,564
13,28,559
13,887,507
13,867,515
13,659,500
13,663,470
13,156,494
13,1839,373
13,1467,730
13,1448,736
13,529,336
13,438,342
13,1710,505
13,1793,530
13,1762,508
14,960,605
14,840,519
14,818,532
14,1039,552
14,1039,569
14,466,341
14,546,339
14,569,337
14,591,339
14,557,351
14,1146,345
14,1169,356
14,1141,366
14,1196,341
14,1195,356
14,826,345
14,824,341
14,848,340
14,16,572
14,22,592
14,9,583
14,261,539
14,182,575
14,168,557
14,46,527
14,73,489
14,79,482
14,22,496
14,115,495
14,135,496
14,88,719
14,95,701
14,126,713
14,772,726
14,776,732
14,904,715
14,731,713
14,378,684
14,379,709
14,837,597
14,817,698
14,350,497
14,401,503
14,592,573
14,1072,717
14,1056,528
14,126,518
14,222,465
14,640,501
14,265,577
14,274,575
14,509,541
14,517,558
14,382,533
14,373,542
14,706,506
14,292,580
14,238,495
14,145,524
14,670,564
14,78,569
14,80,547
14,718,504
14,681,586
14,818,588
14,722,597
14,697,607
14,804,475
14,787,415
14,1151,494
14,1014,585
14,693,540
14,1261,513
14,1231,550
14,1341,527
14,978,498
14,980,515
14,716,523
14,717,510
14,670,455
14,681,468
14,688,478
14,906,470
14,893,490
14,1128,567
14,1296,535
14,1371,485
14,1385,504
14,1339,567
14,1544,548
14,1381,543
14,1248,574
14,1267,496
14,1420,493
14,1418,466
14,1414,514
14,1332,553
14,1358,533
14,1368,528
14,1452,491
14,1428,524
14,1603,551
14,1463,585
14,1599,579
14,1651,562
14,1725,510
14,1834,567
14,1714,591
14,1697,545
14,1329,728
14,1755,579
14,1743,531
14,1708,538
14,1863,608
14,1684,508
14,1873,495
14,178,525
14,617,615
14,706,556
14,712,565
14,322,572
14,234,514
14,447,542
14,450,517
14,638,484
14,565,612
14,592,603
14,953,581
14,955,564
14,1004,559
14,1308,538
14,1329,578
14,1373,512
14,1810,515
14,1710,568
14,1698,573
14,307,554
14,236,569
14,196,568
14,153,545
14,755,341
14,1645,742
14,1722,747
14,1682,736
14,1856,747
14,1516,571
14,1656,486
14,1694,535
14,1342,510
14,1601,595
14,46,516
14,80,553
14,55,563
14,33,564
14,890,508
14,871,514
14,657,512
14,659,480
14,153,492
14,1840,373
14,1462,733
14,1445,736
14,446,343
14,1709,503
14,1796,535
14,1767,508
15,959,606
15,829,515
15,814,527
15,1045,553
15,1050,569
15,475,343
15,549,341
15,577,338
15,597,340
15,558,351
15,1143,348
15,1173,360
15,1142,367
15,818,350
15,820,340
15,847,343
15,16,572
15,22,592
15,9,583
15,275,540
15,175,571
15,177,556
15,45,526
15,72,490
15,77,482
15,114,495
15,132,494
15,88,719
15,94,701
15,126,713
15,772,726
15,776,733
15,904,715
15,731,713
15,378,684
15,379,709
15,843,596
15,817,698
15,344,509
15,386,499
15,601,576
15,1072,717
15,1056,529
15,123,522
15,222,466
15,639,503
15,266,577
15,275,576
15,518,542
15,526,561
15,385,535
15,374,543
15,709,503
15,289,576
15,229,497
15,144,525
15,677,566
15,85,571
15,86,552
15,720,498
15,681,586
15,826,589
15,723,597
15,697,607
15,805,476
15,1151,494
15,1007,586
15,684,537
15,1269,514
15,1243,552
15,1344,531
15,969,499
15,973,516
15,699,524
15,704,510
15,670,455
15,681,468
15,688,478
15,906,470
15,905,487
15,1121,567
15,1296,535
15,1371,485
15,1385,505
15,1339,566
15,1551,544
15,1385,544
15,1248,574
15,1247,497
15,1420,493
15,1417,466
15,1403,513
15,1319,554
15,1353,529
15,1365,519
15,1446,485
15,1430,527
15,1596,553
15,1465,583
15,1593,579
15,1652,562
15,1747,509
15,1842,561
15,1714,591
15,1696,545
15,1328,727
15,1755,581
15,1730,528
15,1708,538
15,1863,609
15,1672,502
15,1873,495
15,171,525
15,617,615
15,711,555
15,720,568
15,316,574
15,223,516
15,455,543
15,458,518
15,637,484
15,565,613
15,593,603
15,964,580
15,958,562
15,1011,557
15,1317,537
15,1331,579
15,1366,511
15,1811,515
15,1710,569
15,1697,574
15,311,554
15,235,569
15,193,570
15,158,547
15,755,342
15,1638,743
15,1717,747
15,1672,738
15,1845,747
15,1522,569
15,1649,484
15,1695,536
15,1344,503
15,1598,596
15,38,516
15,88,555
15,54,562
15,39,566
15,896,509
15,877,515
15,655,525
15,660,492
15,151,491
15,1034,352
15,1841,373
15,1457,737
15,1443,736
15,457,342
15,1709,501
15,1792,534
15,1771,508
16,964,604
16,814,514
16,797,523
16,1056,553
16,1058,568
16,486,346
16,557,340
16,591,343
16,603,341
16,559,351
16,1146,348
16,1173,360
16,1142,367
16,754,340
16,810,356
16,816,339
16,846,340
16,16,573
16,22,592
16,10,584
16,282,542
16,174,571
16,179,554
16,45,525
16,71,490
16,76,479
16,113,496
16,130,493
16,88,719
16,93,702
16,126,713
16,772,727
16,777,733
16,904,716
16,732,714
16,379,684
16,379,710
16,852,592
16,817,698
16,329,506
16,379,502
16,605,582
16,1072,717
16,1055,530
16,119,517
16,223,466
16,642,503
16,268,577
16,278,580
16,528,541
16,531,562
16,394,534
16,375,544
16,710,499
16,283,585
16,221,496
16,144,527
16,687,568
16,92,573
16,90,555
16,29,537
16,721,491
16,681,587
16,828,585
16,724,597
16,697,607
16,804,476
16,1152,495
16,1001,587
16,664,536
16,1282,520
16,1256,554
16,1347,536
16,961,500
16,956,518
16,691,526
16,701,512
16,670,455
16,681,468
16,688,478
16,907,471
16,907,488
16,1110,569
16,1297,536
16,1372,485
16,1384,506
16,1337,566
16,1560,539
16,1394,546
16,1249,575
16,1237,499
16,1421,493
16,1417,465
16,1392,515
16,1306,555
16,1348,526
16,1357,515
16,1441,478
16,1424,527
16,1591,558
16,1467,581
16,1588,580
16,1652,563
16,1758,517
16,1855,563
16,1714,592
16,1695,545
16,1328,727
16,1754,582
16,1722,529
16,1707,539
16,1863,609
16,1667,501
16,1873,495
16,165,526
16,616,614
16,717,554
16,729,571
16,313,579
16,213,518
16,463,542
16,466,520
16,637,485
16,564,613
16,593,604
16,972,577
16,966,560
16,1024,557
16,1324,539
16,1329,580
16,1362,510
16,1811,516
16,1710,569
16,1696,574
16,316,554
16,234,570
16,193,576
16,163,549
16,756,344
16,1631,746
16,1707,743
16,1661,745
16,1835,747
16,1532,567
16,1643,485
16,1696,538
16,1346,496
16,1603,595
16,33,516
16,96,557
16,53,561
16,41,565
16,905,510
16,885,519
16,649,526
16,660,501
16,148,490
16,1023,356
16,1842,374
16,1453,741
16,468,342
16,1708,499
16,1784,529
16,1776,508
16,1855,514
17,963,604
17,804,515
17,788,524
17,1065,553
17,1067,568
17,493,349
17,567,341
17,600,343
17,612,343
17,560,351
17,1150,348
17,1174,361
17,1142,367
17,752,340
17,807,351
17,812,336
17,840,341
17,15,573
17,25,592
17,10,584
17,291,541
17,174,571
17,184,554
17,37,526
17,70,491
17,76,477
17,111,493
17,125,491
17,88,719
17,92,702
17,126,714
17,773,728
17,777,733
17,904,716
17,732,714
17,378,684
17,379,710
17,858,590
17,817,698
17,318,506
17,373,507
17,607,587
17,1072,717
17,1055,531
17,114,518
17,224,467
17,641,501
17,270,578
17,278,580
17,536,546
17,537,563
17,402,537
17,396,544
17,714,499
17,280,579
17,213,499
17,143,529
17,701,573
17,99,576
17,97,555
17,34,538
17,723,491
17,681,587
17,835,581
17,725,597
17,697,607
17,804,476
17,1152,495
17,994,586
17,658,538
17,1293,523
17,1267,557
17,1355,542
17,954,504
17,943,520
17,692,528
17,700,514
17,670,455
17,681,468
17,688,478
17,907,471
17,909,489
17,1100,573
17,1319,537
17,1373,485
17,1384,508
17,1335,566
17,1570,535
17,1404,548
17,1249,575
17,1231,506
17,1421,493
17,1417,464
17,1386,517
17,1295,558
17,1344,523
17,1357,516
17,1435,468
17,1419,528
17,1592,559
17,1469,579
17,1583,581
17,1653,563
17,1759,518
17,1869,565
17,1714,592
17,1706,542
17,1328,727
17,1754,583
17,1708,517
17,1706,540
17,1864,610
17,1659,500
17,1873,495
17,161,525
17,616,614
17,729,556
17,738,569
17,309,577
17,206,518
17,472,541
17,473,519
17,635,489
17,564,613
17,593,605
17,981,575
17,975,559
17,1038,557
17,1332,542
17,1327,581
17,1359,509
17,1812,516
17,1710,570
17,1696,575
17,321,555
17,234,571
17,193,582
17,168,551
17,757,346
17,1697,740
17,1651,744
17,1826,748
17,1542,565
17,1637,486
17,1702,537
17,1346,494
17,1609,594
17,28,516
17,105,559
17,97,564
17,43,565
17,911,514
17,889,516
17,644,527
17,660,510
17,146,490
17,1012,356
17,1843,374
17,1450,738
17,479,345
17,1707,497
17,1778,524
17,1781,507
17,1856,517
18,963,605
18,799,514
18,784,526
18,1074,554
18,1077,568
18,499,352
18,579,343
18,609,344
18,626,349
18,561,351
18,1153,348
18,1175,362
18,1142,367
18,751,341
18,796,351
18,808,334
18,829,338
18,15,574
18,29,593
18,10,584
18,301,540
18,174,571
18,193,548
18,29,527
18,64,492
18,72,478
18,109,491
18,121,489
18,88,719
18,91,702
18,126,714
18,773,728
18,778,734
18,904,717
18,732,714
18,377,684
18,379,711
18,867,587
18,817,698
18,308,507
18,363,506
18,607,590
18,1072,717
18,1054,532
18,105,516
18,223,467
18,641,500
18,272,578
18,279,581
18,543,548
18,548,566
18,413,540
18,404,545
18,717,498
18,286,562
18,204,500
18,127,531
18,713,575
18,102,572
18,104,555
18,47,540
18,14,575
18,721,489
18,681,588
18,844,579
18,726,598
18,697,607
18,804,476
18,1152,496
18,987,586
18,655,540
18,1298,527
18,1278,561
18,1355,542
18,946,507
18,942,522
18,693,530
18,699,516
18,670,455
18,681,468
18,688,478
18,907,471
18,912,491
18,1090,578
18,1342,539
18,1373,485
18,1381,509
18,1333,566
18,1577,531
18,1414,550
18,1249,575
18,1228,505
18,1422,494
18,1416,464
18,1383,523
18,1271,560
18,1340,513
18,1358,510
18,1436,468
18,1415,530
18,1594,561
18,1471,577
18,1579,582
18,1654,564
18,1760,519
18,1874,559
18,1714,592
18,1718,539
18,1328,727
18,1754,585
18,1695,506
18,1706,540
18,1864,611
18,1652,500
18,1873,495
18,157,524
18,616,614
18,742,558
18,747,567
18,306,576
18,199,519
18,481,541
18,480,518
18,633,493
18,564,614
18,594,605
18,989,574
18,984,558
18,1045,559
18,1338,543
18,1325,582
18,1358,509
18,1812,516
18,1710,571
18,1695,576
18,326,558
18,231,571
18,189,581
18,178,548
18,756,345
18,1688,740
18,1641,744
18,1819,749
18,1544,557
18,1628,487
18,1709,537
18,1347,493
18,1615,594
18,21,513
18,114,560
18,109,564
18,45,565
18,915,513
18,892,516
18,631,523
18,653,514
18,144,490
18,1002,356
18,1845,375
18,1450,738
18,486,346
18,1707,495
18,1773,520
18,1788,506
18,1857,521
19,963,605
19,786,513
19,778,527
19,1089,550
19,1084,563
19,508,353
19,584,342
19,618,345
19,636,352
19,562,351
19,1157,348
19,1166,365
19,1142,367
19,750,341
19,787,352
19,799,335
19,820,338
19,1625,360
19,15,575
19,32,593
19,10,584
19,314,540
19,174,571
19,200,550
19,21,525
19,60,492
19,68,480
19,108,492
19,121,485
19,88,719
19,90,702
19,126,715
19,773,729
19,778,734
19,904,717
19,732,715
19,377,684
19,379,711
19,877,585
19,817,698
19,298,508
19,348,511
19,609,583
19,1072,717
19,1054,533
19,104,517
19,223,467
19,647,497
19,274,579
19,279,581
19,553,547
19,555,568
19,419,539
19,415,548
19,719,495
19,280,556
19,196,502
19,122,535
19,725,577
19,105,569
19,110,555
19,55,537
19,18,577
19,720,488
19,681,588
19,850,573
19,726,598
19,697,607
19,804,476
19,1153,497
19,978,587
19,640,542
19,1306,536
19,1285,565
19,1356,543
19,933,508
19,938,525
19,675,529
19,695,518
19,670,455
19,681,468
19,688,478
19,907,472
19,919,492
19,1084,579
19,1362,545
19,1374,485
19,1378,510
19,1331,567
19,1584,534
19,1420,550
19,1249,575
19,1216,507
19,1421,495
19,1416,463
19,1373,527
19,1261,562
19,1337,503
19,1355,508
19,1440,459
19,1409,526
19,1596,563
19,1473,575
19,1576,583
19,1650,566
19,1762,521
19,1884,560
19,1715,592
19,1718,539
19,1328,727
19,1748,584
19,1693,507
19,1705,541
19,1864,611
19,1623,499
19,1873,495
19,151,525
19,616,614
19,753,559
19,756,571
19,303,574
19,191,521
19,483,542
19,488,519
19,631,492
19,564,614
19,594,606
19,998,573
19,993,559
19,1053,561
19,1345,545
19,1323,583
19,1358,510
19,1813,517
19,1710,571
19,1694,576
19,332,562
19,229,572
19,185,581
19,188,546
19,755,345
19,1680,740
19,1635,743
19,1813,751
19,1887,753
19,1547,550
19,1620,488
19,1715,538
19,1348,490
19,1616,595
19,15,511
19,123,562
19,122,565
19,47,565
19,917,511
19,894,516
19,618,516
19,642,516
19,142,490
19,991,356
19,1843,377
19,1424,738
19,493,347
19,473,331
19,1706,493
19,1767,515
19,1794,506
19,951,732
19,1858,525
20,962,606
20,774,512
20,768,524
20,1096,550
20,1096,565
20,511,353
20,588,342
20,628,346
20,643,353
20,563,351
20,1159,349
20,1167,368
20,1142,367
20,748,342
20,781,353
20,790,336
20,812,339
20,1639,360
20,19,578
20,10,584
20,325,540
20,174,571
20,208,552
20,14,523
20,59,487
20,66,480
20,104,492
20,115,484
20,88,719
20,89,703
20,126,715
20,774,730
20,779,735
20,904,718
20,732,715
20,376,684
20,379,712
20,887,582
20,817,698
20,285,510
20,337,511
20,615,584
20,1072,717
20,1053,534
20,104,520
20,222,467
20,648,498
20,276,582
20,280,582
20,560,549
20,560,569
20,423,540
20,418,553
20,717,495
20,267,553
20,192,503
20,120,538
20,737,583
20,114,569
20,119,556
20,59,538
20,23,580
20,713,488
20,681,589
20,855,572
20,726,598
20,697,607
20,804,476
20,1153,497
20,970,588
20,624,541
20,1311,538
20,1290,564
20,1357,544
20,926,516
20,937,530
20,665,533
20,685,517
20,670,455
20,681,468
20,688,478
20,907,472
20,926,494
20,1079,580
20,1358,545
20,1375,485
20,1375,511
20,1329,567
20,1595,536
20,1427,550
20,1249,576
20,1202,518
20,1421,496
20,1416,462
20,1357,530
20,1255,568
20,1339,495
20,1344,496
20,1440,456
20,1403,522
20,1598,565
20,1475,573
20,1570,586
20,1647,568
20,1801,542
20,1895,561
20,1715,592
20,1719,540
20,1328,727
20,1743,583
20,1691,508
20,1704,542
20,1864,612
20,1640,496
20,1873,495
20,145,526
20,616,614
20,764,560
20,766,575
20,300,573
20,183,524
20,486,543
20,497,520
20,629,492
20,564,614
20,595,606
20,1006,574
20,1002,561
20,1064,559
20,1351,547
20,1321,585
20,1357,509
20,1812,518
20,1710,572
20,1693,577
20,340,565
20,226,572
20,182,581
20,199,544
20,754,345
20,1669,739
20,1635,744
20,1802,753
20,1869,757
20,1908,744
20,1553,547
20,1615,488
20,1721,539
20,1350,487
20,1617,596
20,12,511
20,120,560
20,123,565
20,49,564
20,919,508
20,897,516
20,611,514
20,638,517
20,140,490
20,980,356
20,1066,349
20,1841,380
20,1444,743
20,510,348
20,466,339
20,1706,491
20,1761,508
20,1799,507
20,956,730
20,1860,529
21,962,606
21,767,513
21,758,522
21,1105,546
21,1102,566
21,515,354
21,598,341
21,649,347
21,652,353
21,564,351
21,1161,351
21,1165,368
21,1142,367
21,747,342
21,775,354
21,782,337
21,804,340
21,1650,359
21,23,581
21,10,584
21,331,540
21,174,569
21,217,554
21,56,488
21,64,481
21,94,494
21,112,487
21,88,719
21,88,703
21,126,715
21,773,729
21,778,735
21,904,718
21,732,716
21,376,684
21,380,713
21,890,580
21,817,698
21,270,511
21,319,514
21,620,584
21,1072,717
21,1053,535
21,95,525
21,222,467
21,645,501
21,279,586
21,288,583
21,564,553
21,566,571
21,427,541
21,423,555
21,713,496
21,265,552
21,183,506
21,115,539
21,758,589
21,119,573
21,121,557
21,70,538
21,28,583
21,706,488
21,681,589
21,862,567
21,726,598
21,697,607
21,804,476
21,1153,498
21,965,585
21,603,541
21,1320,538
21,1296,566
21,1383,551
21,926,519
21,927,535
21,655,535
21,675,518
21,670,455
21,681,468
21,688,478
21,907,473
21,934,494
21,1069,582
21,1344,541
21,1375,486
21,1373,512
21,1327,567
21,1600,536
21,1432,549
21,1249,576
21,1193,517
21,1421,497
21,1415,462
21,1346,528
21,1257,574
21,1347,492
21,1346,502
21,1397,531
21,1593,565
21,1477,571
21,1564,589
21,1644,571
21,1810,552
21,1904,568
21,1715,593
21,1719,540
21,1328,727
21,1744,581
21,1684,505
21,1703,543
21,1865,613
21,1639,502
21,1873,495
21,134,531
21,615,613
21,771,560
21,773,576
21,289,570
21,172,526
21,489,544
21,497,520
21,628,492
21,564,615
21,595,607
21,1014,575
21,1008,564
21,1076,557
21,1358,550
21,1319,586
21,1356,508
21,1811,520
21,1710,572
21,1693,578
21,349,568
21,224,573
21,177,581
21,207,540
21,753,345
21,1659,739
21,1632,746
21,1795,758
21,1862,758
21,1898,745
21,1559,544
21,1611,488
21,1728,540
21,1352,490
21,1618,597
21,118,559
21,125,565
21,51,564
21,920,505
21,902,516
21,605,513
21,635,518
21,137,490
21,965,356
21,1053,353
21,1839,382
21,1446,741
21,515,349
21,458,341
21,1705,489
21,1750,503
21,1804,507
21,962,729
21,1866,534
22,962,607
22,759,510
22,752,523
22,1112,547
22,1112,562
22,524,356
22,607,343
22,652,347
22,662,353
22,565,351
22,1164,351
22,1163,368
22,1142,367
22,746,343
22,761,358
22,774,336
22,782,343
22,1656,360
22,27,585
22,10,584
22,338,539
22,174,567
22,224,555
22,54,489
22,63,482
22,99,492
22,107,489
22,88,719
22,87,703
22,126,716
22,772,729
22,777,735
22,904,718
22,732,716
22,375,684
22,379,713
22,899,575
22,817,698
22,258,511
22,311,515
22,622,583
22,1072,717
22,1052,536
22,95,516
22,221,467
22,643,503
22,285,587
22,296,585
22,575,548
22,575,574
22,437,543
22,429,556
22,709,498
22,264,550
22,175,508
22,104,536
22,766,592
22,125,570
22,127,559
22,77,541
22,33,586
22,699,488
22,681,589
22,870,572
22,726,598
22,697,607
22,804,476
22,1154,499
22,961,582
22,596,536
22,1324,541
22,1305,564
22,1391,553
22,908,521
22,919,539
22,641,533
22,656,521
22,670,455
22,681,468
22,688,478
22,907,473
22,942,495
22,1059,584
22,1346,543
22,1376,486
22,1370,513
22,1326,568
22,1606,537
22,1436,544
22,1249,576
22,1175,519
22,1421,498
22,1415,461
22,1333,525
22,1255,580
22,1346,495
22,1349,508
22,1391,540
22,1589,565
22,1479,568
22,1558,588
22,1639,570
22,1819,550
22,1715,593
22,1720,541
22,1328,727
22,1745,580
22,1678,502
22,1703,543
22,1864,612
22,1624,495
22,1873,495
22,129,532
22,615,613
22,778,560
22,781,577
22,282,567
22,161,528
22,497,544
22,498,521
22,628,491
22,564,615
22,595,608
22,1019,574
22,1014,568
22,1083,558
22,1363,553
22,1317,587
22,1360,501
22,1810,522
22,1710,573
22,1692,577
22,356,572
22,221,574
22,172,582
22,216,537
22,753,346
22,1653,743
22,1629,749
22,1780,759
22,1856,759
22,1888,747
22,1567,541
22,1597,492
22,1736,541
22,1354,494
22,1619,598
22,124,560
22,50,540
22,53,564
22,926,499
22,908,514
22,599,509
22,628,518
22,135,490
22,1041,357
22,1837,385
22,1448,739
22,520,350
22,451,343
22,1705,487
22,1735,500
22,1809,506
22,945,729
22,1872,539
23,962,608
23,751,510
23,746,520
23,1117,547
23,1116,557
23,521,352
23,612,343
23,655,347
23,664,350
23,566,351
23,1167,351
23,1161,369
23,1142,367
23,745,343
23,752,360
23,767,336
23,776,344
23,1662,362
23,34,587
23,10,584
23,352,539
23,175,566
23,228,556
23,52,491
23,55,479
23,88,490
23,109,488
23,88,719
23,86,704
23,126,716
23,772,728
23,777,735
23,904,719
23,732,716
23,375,684
23,378,713
23,908,569
23,817,698
23,243,512
23,303,516
23,625,582
23,1072,717
23,1052,537
23,96,514
23,221,467
23,641,504
23,291,588
23,293,584
23,578,550
23,582,577
23,450,549
23,437,555
23,703,501
23,263,548
23,168,510
23,103,538
23,774,595
23,131,567
23,131,560
23,82,544
23,38,589
23,693,484
23,681,590
23,881,573
23,726,598
23,697,607
23,803,477
23,1154,499
23,950,585
23,588,537
23,1328,544
23,1311,559
23,1396,552
23,898,526
23,900,543
23,639,535
23,645,522
23,670,455
23,681,468
23,688,478
23,907,473
23,950,496
23,1038,588
23,1347,544
23,1376,486
23,1367,514
23,1323,568
23,1612,538
23,1435,535
23,1249,576
23,1165,521
23,1420,499
23,1415,460
23,1317,527
23,1269,577
23,1346,498
23,1367,508
23,1386,550
23,1589,564
23,1480,566
23,1553,588
23,1634,570
23,1828,549
23,1716,593
23,1744,542
23,1327,726
23,1747,579
23,1665,500
23,1702,544
23,1864,611
23,1617,495
23,1873,495
23,124,534
23,615,613
23,787,559
23,790,575
23,275,564
23,156,529
23,505,545
23,499,522
23,628,491
23,563,615
23,596,608
23,1025,573
23,1020,567
23,1090,560
23,1368,557
23,1315,588
23,1365,495
23,1809,524
23,1710,574
23,1692,576
23,363,576
23,218,575
23,167,583
23,226,536
23,753,347
23,1647,748
23,1628,750
23,1759,755
23,1836,761
23,1875,748
23,1576,539
23,1591,492
23,1736,541
23,1356,498
23,1616,600
23,131,562
23,59,538
23,55,564
23,931,498
23,913,513
23,594,505
23,622,518
23,133,490
23,31,548
23,29,531
23,1036,358
23,1837,385
23,1451,737
23,525,351
23,445,341
23,1704,485
23,1723,495
23,1814,508
23,926,729
23,1878,544
23,1844,512
24,962,608
24,744,510
24,738,522
24,1126,546
24,1123,558
24,524,350
24,623,344
24,658,348
24,669,350
24,567,351
24,1173,353
24,1156,369
24,1142,367
24,743,344
24,744,362
24,759,336
24,770,345
24,1663,363
24,38,591
24,10,584
24,364,542
24,177,565
24,233,557
24,50,494
24,45,482
24,96,499
24,104,484
24,88,719
24,85,704
24,126,717
24,771,728
24,776,735
24,904,719
24,732,717
24,374,684
24,378,713
24,918,565
24,817,698
24,234,514
24,293,515
24,628,582
24,1072,717
24,1051,536
24,90,515
24,220,467
24,638,505
24,289,583
24,291,583
24,581,552
24,592,580
24,458,549
24,447,557
24,695,501
24,255,543
24,157,516
24,100,533
24,781,597
24,133,568
24,136,561
24,87,548
24,38,589
24,687,480
24,681,590
24,883,574
24,726,598
24,697,607
24,803,477
24,1154,500
24,939,588
24,569,536
24,1332,548
24,1319,558
24,1400,542
24,897,525
24,887,545
24,622,534
24,635,523
24,670,455
24,681,468
24,688,478
24,907,474
24,961,499
24,1035,585
24,1348,545
24,1377,486
24,1365,516
24,1320,569
24,1618,539
24,1436,532
24,1249,577
24,1158,517
24,1420,500
24,1415,460
24,1299,522
24,1283,575
24,1345,499
24,1357,503
24,1380,549
24,1589,564
24,1482,564
24,1545,583
24,1630,570
24,1840,552
24,1716,593
24,1753,547
24,1327,726
24,1748,578
24,1653,502
24,1701,545
24,1864,610
24,1610,495
24,1873,495
24,119,534
24,615,613
24,797,559
24,800,574
24,266,566
24,152,530
24,513,549
24,518,533
24,628,491
24,563,616
24,596,609
24,1032,574
24,1027,567
24,1100,563
24,1375,560
24,1313,590
24,1367,492
24,1806,523
24,1710,574
24,1692,575
24,369,576
24,217,573
24,163,584
24,237,535
24,753,349
24,1749,755
24,1825,762
24,1865,747
24,1586,538
24,1586,492
24,1737,542
24,1359,501
24,1613,603
24,134,563
24,66,540
24,68,563
24,935,499
24,917,513
24,600,497
24,614,514
24,131,490
24,37,552
24,41,535
24,1031,359
24,1837,385
24,1453,736
24,531,352
24,440,340
24,1703,483
24,1713,489
24,1821,512
24,917,730
24,1884,550
24,1858,525
25,962,609
25,738,511
25,724,521
25,1136,541
25,1129,558
25,525,351
25,632,346
25,665,351
25,675,350
25,569,352
25,1176,356
25,1152,369
25,1142,367
25,742,344
25,736,364
25,752,336
25,764,346
25,1664,364
25,36,591
25,10,584
25,375,536
25,179,565
25,238,561
25,42,493
25,39,482
25,89,497
25,103,485
25,88,719
25,84,704
25,126,717
25,771,728
25,776,735
25,904,720
25,732,717
25,374,685
25,377,713
25,921,565
25,817,698
25,225,517
25,275,509
25,631,581
25,1072,717
25,1051,536
25,84,517
25,220,467
25,639,500
25,288,579
25,289,582
25,591,554
25,596,576
25,463,545
25,457,559
25,691,500
25,253,543
25,145,519
25,99,533
25,800,599
25,135,570
25,142,560
25,88,549
25,38,589
25,676,476
25,681,591
25,885,576
25,726,598
25,697,607
25,803,477
25,1155,501
25,933,589
25,552,522
25,1340,547
25,1325,556
25,1401,540
25,883,524
25,882,545
25,618,535
25,624,522
25,670,455
25,681,468
25,688,478
25,907,474
25,965,499
25,1026,586
25,1358,540
25,1378,486
25,1359,517
25,1317,570
25,1625,542
25,1437,531
25,1249,577
25,1145,516
25,1420,501
25,1415,460
25,1293,520
25,1298,573
25,1345,501
25,1360,504
25,1374,568
25,1589,563
25,1484,562
25,1537,579
25,1631,570
25,1846,551
25,1716,593
25,1766,551
25,1327,726
25,1749,577
25,1647,502
25,1701,545
25,1863,609
25,1610,495
25,1873,495
25,114,534
25,615,613
25,806,560
25,810,575
25,270,562
25,145,531
25,521,554
25,522,535
25,627,491
25,563,616
25,597,609
25,1040,576
25,1033,564
25,1111,567
25,1383,564
25,1315,594
25,1369,489
25,1804,523
25,1710,574
25,1691,575
25,375,576
25,217,571
25,157,585
25,245,530
25,753,350
25,1740,755
25,1855,747
25,1597,538
25,1582,492
25,1738,543
25,1361,505
25,1610,606
25,138,564
25,73,541
25,74,564
25,939,500
25,922,513
25,589,498
25,602,513
25,129,490
25,44,557
25,53,540
25,1026,360
25,1837,385
25,1456,734
25,537,357
25,431,340
25,1703,481
25,1706,482
25,1827,515
25,908,730
25,1893,563
25,1872,538
26,963,610
26,731,510
26,720,526
26,1141,542
26,1137,558
26,526,352
26,633,347
26,673,355
26,688,353
26,577,354
26,1179,359
26,1146,362
26,1142,367
26,741,345
26,724,362
26,750,337
26,739,349
26,1685,360
26,35,592
26,10,584
26,381,536
26,183,564
26,248,563
26,34,493
26,33,482
26,82,495
26,102,486
26,88,719
26,83,705
26,126,718
26,770,727
26,775,736
26,904,720
26,732,718
26,373,685
26,377,714
26,926,558
26,817,698
26,210,522
26,264,506
26,634,581
26,1072,717
26,1050,536
26,84,517
26,220,468
26,648,491
26,289,582
26,287,582
26,596,550
26,601,578
26,468,541
26,468,558
26,691,495
26,253,544
26,140,520
26,97,533
26,808,599
26,137,572
26,146,558
26,89,550
26,38,589
26,676,478
26,681,591
26,891,576
26,726,598
26,697,607
26,803,477
26,1155,501
26,927,590
26,554,514
26,1349,550
26,1329,557
26,1406,534
26,873,524
26,871,546
26,610,534
26,606,522
26,670,455
26,681,468
26,688,478
26,907,475
26,969,499
26,1013,583
26,1367,537
26,1378,486
26,1353,519
26,1314,574
26,1632,546
26,1441,526
26,1249,577
26,1136,518
26,1419,499
26,1415,461
26,1270,519
26,1312,571
26,1346,505
26,1363,500
26,1381,563
26,1589,563
26,1486,560
26,1531,577
26,1632,570
26,1860,548
26,1716,594
26,1772,553
26,1327,726
26,1751,576
26,1641,502
26,1700,546
26,1863,608
26,1611,496
26,1873,495
26,109,533
26,614,612
26,815,561
26,820,576
26,275,558
26,139,532
26,528,557
26,527,538
26,627,491
26,563,616
26,597,610
26,1047,576
26,1039,562
26,1121,568
26,1387,570
26,1317,598
26,1370,488
26,1802,523
26,1710,574
26,1690,576
26,382,576
26,217,570
26,151,586
26,253,525
26,753,351
26,1619,729
26,1733,753
26,1843,750
26,1606,537
26,1579,492
26,1774,565
26,1363,509
26,1608,609
26,122,561
26,80,542
26,81,565
26,944,502
26,927,514
26,590,493
26,597,511
26,122,491
26,51,558
26,60,541
26,1021,362
26,1053,359
26,1837,385
26,1458,732
26,544,362
26,425,335
26,1702,479
26,1703,475
26,1832,518
26,899,730
26,1903,576
26,1887,551
27,962,613
27,724,511
27,713,528
27,1145,539
27,1149,556
27,634,348
27,677,352
27,698,350
27,573,355
27,1184,359
27,1134,363
27,1142,367
27,740,346
27,718,362
27,735,339
27,726,351
27,1698,359
27,34,592
27,10,584
27,395,531
27,187,563
27,257,561
27,27,494
27,28,483
27,80,498
27,101,487
27,88,719
27,86,703
27,122,715
27,770,727
27,775,736
27,905,721
27,732,718
27,372,685
27,376,714
27,928,550
27,817,698
27,196,525
27,252,509
27,638,583
27,1072,717
27,1050,535
27,80,513
27,218,467
27,648,483
27,291,585
27,282,577
27,603,555
27,608,573
27,475,544
27,471,559
27,690,496
27,251,545
27,136,521
27,92,534
27,820,599
27,140,574
27,150,556
27,91,552
27,38,589
27,680,488
27,682,592
27,899,574
27,726,598
27,697,607
27,803,477
27,1155,502
27,918,590
27,534,517
27,1359,555
27,1334,558
27,1412,529
27,871,522
27,864,540
27,602,534
27,595,509
27,670,455
27,681,468
27,688,478
27,907,475
27,974,499
27,1000,581
27,1372,546
27,1379,486
27,1348,521
27,1311,578
27,1645,543
27,1446,520
27,1249,577
27,1131,517
27,1418,498
27,1414,460
27,1261,521
27,1326,568
27,1347,510
27,1372,506
27,1352,560
27,1590,563
27,1488,558
27,1526,575
27,1633,570
27,1868,554
27,1717,594
27,1779,555
27,1327,726
27,1752,575
27,1633,499
27,1699,547
27,1863,607
27,1612,497
27,1873,495
27,104,533
27,614,612
27,820,561
27,829,577
27,272,556
27,131,535
27,536,560
27,527,538
27,627,492
27,563,617
27,598,611
27,1054,577
27,1050,560
27,1131,569
27,1392,576
27,1322,598
27,1371,487
27,1800,523
27,1710,575
27,1689,577
27,394,577
27,216,570
27,151,582
27,253,525
27,753,353
27,1619,729
27,1726,751
27,1832,753
27,1616,537
27,1576,493
27,1786,566
27,1366,512
27,1605,612
27,106,558
27,87,546
27,92,569
27,942,504
27,941,515
27,591,488
27,593,509
27,115,492
27,58,560
27,67,542
27,1014,362
27,1044,361
27,1837,385
27,1461,730
27,547,362
27,419,331
27,1702,477
27,1702,468
27,1825,518
27,888,727
27,1909,580
27,1897,572
28,961,612
28,713,515
28,699,528
28,1166,542
28,1156,555
28,644,350
28,682,349
28,702,345
28,571,354
28,1190,359
28,1132,360
28,1142,367
28,745,350
28,713,362
28,727,343
28,713,353
28,1708,359
28,33,593
28,10,584
28,410,530
28,191,562
28,263,564
28,17,497
28,27,487
28,79,501
28,100,489
28,88,719
28,89,702
28,119,713
28,769,727
28,774,736
28,904,721
28,732,718
28,372,685
28,376,714
28,930,545
28,817,698
28,188,527
28,232,511
28,643,586
28,1072,717
28,1050,535
28,83,516
28,217,467
28,650,479
28,289,585
28,277,572
28,611,554
28,616,571
28,482,545
28,475,560
28,691,498
28,250,546
28,132,519
28,85,534
28,835,595
28,124,570
28,148,554
28,105,549
28,38,589
28,684,499
28,682,592
28,908,573
28,726,598
28,697,607
28,803,477
28,1156,503
28,910,590
28,527,513
28,1369,559
28,1351,562
28,1417,526
28,858,518
28,857,535
28,589,531
28,604,527
28,670,455
28,681,468
28,688,478
28,907,475
28,982,499
28,994,578
28,1399,556
28,1380,486
28,1342,523
28,1309,581
28,1646,544
28,1450,515
28,1249,578
28,1120,519
28,1418,497
28,1413,460
28,1242,524
28,1341,566
28,1349,510
28,1381,512
28,1353,561
28,1590,562
28,1490,556
28,1521,573
28,1634,570
28,1874,559
28,1717,594
28,1792,561
28,1327,726
28,1754,574
28,1625,497
28,1699,547
28,1862,606
28,1573,497
28,1873,495
28,101,532
28,614,612
28,826,561
28,839,579
28,269,554
28,123,538
28,543,558
28,528,539
28,628,493
28,563,617
28,597,613
28,1061,578
28,1062,559
28,1136,567
28,1402,574
28,1328,598
28,1378,494
28,1800,523
28,1710,575
28,1688,573
28,407,579
28,216,570
28,152,578
28,254,526
28,753,354
28,1619,729
28,1718,749
28,1826,751
28,1626,537
28,1567,492
28,1798,568
28,1368,516
28,1602,615
28,90,555
28,90,550
28,92,569
28,924,505
28,945,514
28,591,486
28,589,508
28,112,494
28,66,562
28,75,544
28,1007,362
28,1036,364
28,1075,349
28,1837,385
28,1463,729
28,550,362
28,408,333
28,1701,475
28,1702,460
28,1810,514
28,877,724
29,961,611
29,709,518
29,695,529
29,1167,544
29,1162,556
29,649,352
29,687,347
29,705,345
29,570,353
29,1193,354
29,1129,356
29,1142,367
29,751,354
29,768,356
29,726,338
29,762,345
29,1716,360
29,30,592
29,10,584
29,424,535
29,201,560
29,271,567
29,10,502
29,24,492
29,77,500
29,94,486
29,88,719
29,93,701
29,116,711
29,769,726
29,774,736
29,904,722
29,732,719
29,371,685
29,375,714
29,929,538
29,817,698
29,174,531
29,228,508
29,648,589
29,1072,717
29,1049,535
29,77,516
29,216,467
29,650,471
29,288,586
29,272,567
29,620,552
29,622,571
29,490,546
29,479,562
29,689,498
29,250,541
29,124,521
29,80,533
29,851,593
29,109,567
29,147,553
29,116,547
29,38,589
29,688,510
29,682,592
29,912,576
29,726,598
29,697,607
29,803,477
29,1156,503
29,902,589
29,511,512
29,1373,552
29,1357,565
29,1422,524
29,844,515
29,850,535
29,571,531
29,592,522
29,670,455
29,681,468
29,688,478
29,907,476
29,990,500
29,988,576
29,1410,556
29,1380,486
29,1336,525
29,1307,584
29,1647,545
29,1424,519
29,1249,578
29,1110,517
29,1417,496
29,1412,460
29,1230,519
29,1355,564
29,1352,510
29,1390,518
29,1354,562
29,1590,562
29,1492,554
29,1519,572
29,1635,570
29,1880,565
29,1717,594
29,1799,563
29,1327,726
29,1755,573
29,1617,499
29,1698,548
29,1862,605
29,1565,508
29,1873,495
29,98,531
29,614,612
29,834,561
29,846,574
29,265,551
29,121,539
29,550,557
29,529,540
29,629,494
29,563,618
29,596,615
29,1069,580
29,1070,559
29,1142,566
29,1412,573
29,1329,602
29,1385,502
29,1800,523
29,1710,575
29,1687,569
29,407,579
29,216,570
29,144,580
29,255,527
29,754,356
29,1619,729
29,1711,748
29,1815,753
29,1631,536
29,1559,492
29,1804,569
29,1370,520
29,1600,618
29,74,553
29,94,554
29,92,569
29,905,506
29,949,513
29,592,485
29,580,502
29,110,496
29,71,562
29,75,544
29,999,360
29,1028,363
29,1064,349
29,1837,385
29,1466,727
29,505,354
29,404,335
29,1701,473
29,1702,454
29,1796,512
29,864,720
30,962,611
30,696,515
30,689,529
30,1169,547
30,1168,557
30,658,348
30,604,339
30,709,346
30,566,353
30,1196,350
30,1129,357
30,1142,367
30,757,358
30,823,351
30,726,334
30,812,338
30,1734,360
30,28,591
30,10,584
30,441,538
30,203,560
30,282,563
30,10,503
30,26,486
30,75,500
30,89,483
30,88,719
30,96,700
30,113,709
30,768,726
30,773,736
30,904,722
30,732,719
30,371,685
30,375,714
30,926,533
30,817,698
30,163,534
30,206,511
30,650,589
30,1072,717
30,1049,535
30,114,512
30,215,467
30,646,462
30,287,587
30,268,562
30,622,550
30,636,568
30,504,548
30,495,561
30,688,499
30,250,536
30,119,524
30,73,532
30,860,596
30,93,564
30,146,552
30,121,549
30,38,589
30,693,521
30,682,592
30,916,580
30,726,598
30,697,607
30,803,477
30,1156,504
30,895,588
30,504,514
30,1382,552
30,1363,568
30,1426,525
30,823,511
30,840,533
30,559,532
30,589,521
30,670,455
30,681,468
30,688,478
30,907,476
30,995,502
30,928,570
30,1415,557
30,1381,486
30,1331,527
30,1306,587
30,1658,547
30,1390,525
30,1249,578
30,1100,516
30,1417,495
30,1411,460
30,1224,519
30,1370,562
30,1360,507
30,1399,525
30,1402,531
30,1590,562
30,1494,551
30,1518,571
30,1636,570
30,1885,574
30,1717,594
30,1805,566
30,1327,726
30,1756,572
30,1609,502
30,1697,549
30,1862,604
30,1557,520
30,1873,495
30,106,555
30,614,612
30,842,562
30,854,574
30,261,548
30,120,541
30,555,559
30,554,549
30,630,495
30,564,614
30,595,617
30,1078,582
30,1078,559
30,1148,565
30,1418,569
30,1330,607
30,1392,510
30,1800,523
30,1710,575
30,1686,565
30,407,579
30,216,570
30,137,583
30,296,532
30,759,357
30,1619,729
30,1701,746
30,1802,752
30,1637,536
30,1556,492
30,1811,571
30,1372,523
30,1601,627
30,58,550
30,98,558
30,92,569
30,887,507
30,954,512
30,592,485
30,577,498
30,106,493
30,77,563
30,75,544
30,991,358
30,1020,363
30,1053,350
30,1837,385
30,1468,725
30,461,347
30,401,338
30,1700,471
30,1702,448
30,1781,509
30,851,716
