1,141,458
1,152,434
1,169,445
1,175,435
1,185,509
1,207,488
1,144,423
1,215,470
1,214,522
1,222,454
1,238,467
1,243,437
1,267,456
1,292,520
1,325,495
1,331,480
1,335,459
1,337,451
1,370,496
1,362,464
1,401,461
1,399,495
1,417,481
1,408,467
1,426,452
1,454,461
1,431,498
1,423,495
1,438,482
1,486,465
1,494,457
1,474,518
1,512,516
1,523,457
1,558,469
1,530,535
1,597,468
1,629,508
1,670,532
1,666,513
1,703,532
1,739,504
1,749,487
1,793,494
1,830,484
1,822,471
1,825,458
1,861,463
1,582,566
1,937,470
1,930,488
1,1787,554
1,946,514
1,932,516
1,918,530
1,1019,526
1,1028,507
1,1032,487
1,1032,471
1,728,438
1,1031,458
1,1017,448
1,1124,508
1,1117,525
1,1118,457
1,1133,440
1,1165,489
1,1702,509
1,1170,473
1,1200,461
1,1141,530
1,1187,497
1,1202,494
1,1227,493
1,1294,524
1,1169,517
1,1170,530
1,1287,617
1,1158,551
1,1289,570
1,1289,551
1,1305,463
1,1310,475
1,1320,488
1,1333,456
1,1338,495
1,1343,514
1,1186,437
1,1367,463
1,1368,476
1,1360,556
1,1362,541
1,1397,506
1,1420,482
1,1419,502
1,1428,529
1,1378,532
1,1429,511
1,1470,478
1,1502,507
1,1472,504
1,1398,535
1,1414,560
1,1518,564
1,1537,463
1,1546,530
1,1541,508
1,1547,486
1,1584,464
1,1606,474
1,1666,466
1,1696,479
1,1698,492
1,1827,461
1,1824,486
1,1839,476
1,1848,512
1,1851,525
1,1869,542
1,1883,489
1,1898,470
1,1878,557
1,1550,565
1,1897,510
1,1909,528
1,1870,525
1,1913,482
1,1303,624
1,1900,559
1,484,292
1,1033,305
1,485,672
1,486,690
1,869,671
1,1095,308
1,586,307
1,621,303
1,747,308
1,904,310
1,907,297
1,744,290
1,721,311
1,61,516
1,161,540
1,739,608
1,885,690
1,48,522
1,62,528
1,25,521
1,1079,689
1,188,664
1,1644,700
1,1621,678
1,1620,628
1,1612,654
1,1607,621
1,584,427
1,323,290
1,310,290
1,793,432
1,772,425
1,896,436
1,910,433
1,750,344
1,36,543
1,9,539
1,27,540
1,28,555
1,1451,320
1,1512,319
1,849,694
1,16,556
1,985,389
1,1620,447
1,1607,442
1,1572,314
1,1587,688
2,145,457
2,153,434
2,170,445
2,178,435
2,193,514
2,205,487
2,146,424
2,214,471
2,219,525
2,218,456
2,238,469
2,245,436
2,266,459
2,294,519
2,325,497
2,344,488
2,332,460
2,330,450
2,373,501
2,357,468
2,397,463
2,408,499
2,417,480
2,405,472
2,424,453
2,452,463
2,446,507
2,435,498
2,436,480
2,482,465
2,489,456
2,488,519
2,506,526
2,522,457
2,555,470
2,541,540
2,592,470
2,641,508
2,681,535
2,675,514
2,713,530
2,757,509
2,769,493
2,803,495
2,843,489
2,818,472
2,815,460
2,852,468
2,586,563
2,948,473
2,939,490
2,1787,556
2,952,512
2,939,518
2,915,533
2,1035,528
2,1041,511
2,1029,489
2,1030,475
2,729,438
2,1032,460
2,1020,448
2,1134,511
2,1125,527
2,1120,457
2,1134,440
2,1159,489
2,1714,511
2,1164,476
2,1201,463
2,1153,531
2,1180,499
2,1194,497
2,1219,497
2,1303,521
2,1183,519
2,1176,532
2,1286,619
2,1163,556
2,1289,570
2,1290,551
2,1298,465
2,1303,477
2,1332,491
2,1328,459
2,1351,500
2,1354,518
2,1191,436
2,1359,465
2,1361,477
2,1370,558
2,1371,542
2,1409,508
2,1411,484
2,1411,501
2,1438,532
2,1387,534
2,1445,515
2,1468,480
2,1494,504
2,1469,503
2,1407,535
2,1422,562
2,1529,566
2,1547,466
2,1538,530
2,1535,510
2,1533,481
2,1590,466
2,1613,479
2,1668,467
2,1690,481
2,1698,494
2,1835,461
2,1820,488
2,1834,479
2,1854,513
2,1856,527
2,1869,544
2,1871,490
2,1898,471
2,1875,561
2,1565,565
2,1905,512
2,1878,527
2,1904,485
2,1306,631
2,1902,559
2,488,289
2,1048,305
2,482,670
2,494,689
2,873,670
2,1100,309
2,587,309
2,622,304
2,748,308
2,909,312
2,920,299
2,742,291
2,720,310
2,64,518
2,162,541
2,740,604
2,876,695
2,49,519
2,65,531
2,27,520
2,1084,691
2,197,666
2,1637,700
2,1627,680
2,1621,627
2,1613,654
2,1607,620
2,584,428
2,325,291
2,312,294
2,795,433
2,775,424
2,897,436
2,911,433
2,754,348
2,40,545
2,11,543
2,28,540
2,30,555
2,1454,322
2,1515,318
2,17,558
2,987,391
2,1624,448
2,1610,445
2,1572,688
2,1337,684
2,1573,320
2,1602,685
3,150,457
3,155,435
3,172,446
3,181,435
3,202,513
3,203,486
3,149,425
3,209,471
3,226,527
3,213,457
3,244,469
3,247,435
3,262,461
3,296,518
3,325,496
3,350,490
3,326,461
3,324,452
3,377,500
3,345,472
3,389,464
3,418,503
3,412,481
3,403,474
3,421,455
3,447,460
3,456,509
3,448,495
3,435,480
3,479,466
3,485,455
3,498,517
3,498,539
3,523,455
3,550,469
3,552,542
3,580,471
3,659,503
3,692,541
3,687,517
3,724,536
3,777,513
3,787,495
3,818,495
3,854,495
3,813,472
3,809,460
3,840,469
3,589,561
3,957,475
3,949,490
3,1787,555
3,961,514
3,949,523
3,911,535
3,1049,526
3,1057,513
3,1024,491
3,1033,476
3,730,439
3,1033,460
3,1024,449
3,1143,513
3,1136,527
3,1122,458
3,1136,441
3,1155,484
3,1726,514
3,1158,478
3,1201,463
3,1162,532
3,1172,499
3,1187,499
3,1216,495
3,1314,519
3,1192,521
3,1187,534
3,1289,618
3,1166,556
3,1290,570
3,1291,551
3,1291,467
3,1291,480
3,1339,495
3,1316,461
3,1356,500
3,1361,516
3,1192,441
3,1354,464
3,1357,477
3,1378,559
3,1384,541
3,1426,507
3,1402,478
3,1409,495
3,1444,534
3,1398,532
3,1459,514
3,1463,474
3,1486,502
3,1458,497
3,1415,538
3,1429,563
3,1542,565
3,1551,465
3,1528,527
3,1531,507
3,1523,480
3,1597,464
3,1620,482
3,1667,467
3,1684,487
3,1688,497
3,1839,458
3,1815,490
3,1830,481
3,1862,516
3,1861,528
3,1870,548
3,1864,489
3,1899,471
3,1868,565
3,1579,565
3,1912,515
3,1884,529
3,1896,486
3,1307,629
3,1902,559
3,595,283
3,1055,307
3,502,691
3,874,668
3,1111,308
3,585,311
3,624,306
3,750,309
3,918,311
3,925,299
3,745,291
3,723,311
3,68,520
3,163,542
3,742,601
3,865,695
3,50,521
3,72,531
3,29,520
3,1094,692
3,198,661
3,1628,681
3,1623,627
3,1615,654
3,1608,620
3,585,430
3,327,292
3,313,294
3,796,432
3,778,424
3,899,437
3,912,433
3,755,351
3,41,545
3,12,542
3,30,540
3,32,556
3,1452,324
3,1519,317
3,19,557
3,987,391
3,1626,449
3,1610,445
3,1577,689
3,1338,683
3,1577,319
3,1602,683
4,151,458
4,157,436
4,174,447
4,184,435
4,210,512
4,205,484
4,151,426
4,206,470
4,231,530
4,211,459
4,248,468
4,250,435
4,262,461
4,294,520
4,325,496
4,365,488
4,321,468
4,316,455
4,377,500
4,338,475
4,382,464
4,429,509
4,409,482
4,398,470
4,417,461
4,444,457
4,465,510
4,461,497
4,436,481
4,472,469
4,484,457
4,510,518
4,495,552
4,530,450
4,548,467
4,562,540
4,575,469
4,673,499
4,701,544
4,696,523
4,735,535
4,792,515
4,801,497
4,831,498
4,867,500
4,805,474
4,801,462
4,833,465
4,597,558
4,967,477
4,959,492
4,1787,555
4,970,516
4,958,524
4,909,533
4,1069,526
4,1072,513
4,1019,493
4,1037,475
4,731,439
4,1034,461
4,1028,450
4,1151,515
4,1146,530
4,1124,459
4,1138,442
4,1150,483
4,1740,514
4,1153,477
4,1201,464
4,1173,535
4,1168,501
4,1183,499
4,1211,490
4,1323,521
4,1198,519
4,1193,534
4,1291,618
4,1172,551
4,1290,571
4,1292,551
4,1285,468
4,1288,482
4,1344,500
4,1312,459
4,1364,500
4,1370,516
4,1194,447
4,1346,459
4,1348,474
4,1390,558
4,1389,543
4,1432,510
4,1396,477
4,1404,493
4,1456,535
4,1410,534
4,1478,518
4,1461,471
4,1476,499
4,1449,494
4,1425,539
4,1434,563
4,1554,565
4,1557,466
4,1523,527
4,1522,508
4,1508,474
4,1603,465
4,1627,477
4,1667,467
4,1676,488
4,1678,500
4,1845,457
4,1811,489
4,1821,478
4,1872,512
4,1870,527
4,1875,556
4,1855,487
4,1901,471
4,1860,568
4,1590,564
4,1892,529
4,1889,488
4,1308,627
4,1900,559
4,590,285
4,1064,309
4,512,687
4,875,667
4,1117,304
4,586,310
4,626,308
4,753,310
4,927,310
4,931,299
4,748,292
4,727,312
4,68,523
4,166,541
4,739,594
4,857,695
4,51,523
4,73,532
4,31,520
4,1107,694
4,200,662
4,1629,682
4,1625,627
4,1616,654
4,1609,619
4,586,431
4,330,294
4,314,295
4,797,432
4,779,422
4,901,438
4,913,433
4,756,352
4,42,546
4,14,542
4,31,540
4,34,557
4,1452,324
4,1527,320
4,21,557
4,987,392
4,1626,448
4,1611,445
4,1603,685
4,1589,692
4,1338,683
4,1576,320
4,1604,684
5,153,460
5,161,435
5,179,449
5,187,436
5,218,511
5,212,480
5,153,427
5,202,471
5,236,532
5,204,459
5,252,468
5,251,437
5,262,461
5,293,520
5,325,496
5,375,489
5,311,470
5,313,459
5,375,502
5,322,479
5,374,461
5,444,512
5,406,481
5,389,472
5,413,463
5,442,456
5,479,510
5,473,496
5,431,482
5,469,471
5,480,458
5,519,519
5,534,447
5,544,465
5,573,537
5,568,467
5,686,500
5,710,544
5,706,525
5,741,538
5,810,515
5,814,502
5,840,501
5,875,499
5,799,475
5,795,464
5,823,467
5,599,551
5,973,478
5,968,494
5,1787,555
5,976,518
5,966,529
5,912,535
5,1084,525
5,1083,514
5,1011,492
5,1035,477
5,733,440
5,1036,462
5,1035,452
5,1161,517
5,1151,530
5,1123,459
5,1137,446
5,1143,487
5,1750,516
5,1150,478
5,1201,465
5,1179,533
5,1163,501
5,1178,499
5,1201,489
5,1334,523
5,1206,520
5,1201,536
5,1293,611
5,1176,553
5,1291,571
5,1293,552
5,1272,471
5,1274,487
5,1351,503
5,1301,464
5,1375,502
5,1378,516
5,1195,445
5,1335,461
5,1337,475
5,1397,557
5,1398,542
5,1440,506
5,1388,474
5,1396,491
5,1464,539
5,1418,537
5,1492,525
5,1455,469
5,1467,496
5,1442,490
5,1434,540
5,1433,562
5,1569,564
5,1565,469
5,1516,522
5,1516,510
5,1498,472
5,1608,465
5,1634,474
5,1667,468
5,1667,487
5,1667,503
5,1850,462
5,1804,486
5,1814,475
5,1876,511
5,1875,527
5,1871,562
5,1844,492
5,1898,471
5,1852,569
5,1601,562
5,1899,529
5,1881,491
5,1308,627
5,1899,560
5,581,290
5,1071,309
5,523,688
5,874,667
5,1124,306
5,587,309
5,626,309
5,752,311
5,932,312
5,940,300
5,751,293
5,728,311
5,820,295
5,66,521
5,170,541
5,742,584
5,52,526
5,74,533
5,34,520
5,203,664
5,1628,681
5,1624,628
5,1618,655
5,1610,619
5,587,433
5,330,295
5,315,295
5,798,432
5,778,425
5,901,438
5,915,433
5,755,353
5,44,547
5,16,542
5,33,540
5,35,557
5,1453,324
5,1529,321
5,1515,310
5,23,560
5,987,393
5,1626,448
5,1611,445
5,1611,689
5,1593,690
5,1338,683
5,1575,321
5,1609,684
6,155,462
6,161,436
6,179,449
6,187,437
6,226,512
6,219,477
6,153,428
6,198,472
6,240,529
6,201,460
6,255,469
6,252,439
6,262,461
6,293,520
6,325,496
6,385,493
6,308,471
6,306,461
6,369,504
6,313,488
6,369,460
6,453,511
6,403,480
6,383,474
6,409,460
6,431,460
6,492,512
6,483,493
6,426,479
6,466,466
6,479,456
6,531,521
6,536,442
6,535,467
6,583,534
6,562,465
6,699,496
6,717,546
6,715,526
6,748,540
6,822,517
6,826,504
6,847,504
6,885,501
6,790,477
6,786,466
6,815,472
6,605,548
6,985,484
6,976,494
6,1787,555
6,980,519
6,970,532
6,907,540
6,1098,530
6,1099,517
6,1006,490
6,1034,479
6,737,442
6,1037,464
6,1039,453
6,1168,519
6,1159,532
6,1123,460
6,1137,451
6,1137,488
6,1763,516
6,1141,479
6,1201,466
6,1188,535
6,1161,502
6,1176,501
6,1192,489
6,1340,525
6,1215,521
6,1209,539
6,1294,609
6,1183,554
6,1291,571
6,1294,553
6,1264,473
6,1269,488
6,1357,508
6,1294,466
6,1382,503
6,1389,520
6,1197,445
6,1328,463
6,1331,477
6,1403,560
6,1404,541
6,1450,510
6,1375,475
6,1386,487
6,1472,542
6,1424,539
6,1508,531
6,1448,470
6,1459,492
6,1432,491
6,1441,538
6,1431,565
6,1580,562
6,1569,470
6,1513,518
6,1507,503
6,1487,472
6,1612,469
6,1635,476
6,1666,468
6,1654,492
6,1661,505
6,1854,467
6,1792,487
6,1808,474
6,1884,514
6,1878,532
6,1871,572
6,1831,494
6,1896,471
6,1844,568
6,1611,559
6,1903,531
6,1872,488
6,1309,628
6,1897,560
6,568,289
6,1079,311
6,529,686
6,874,667
6,1129,308
6,588,311
6,626,310
6,751,312
6,937,313
6,948,297
6,750,295
6,727,311
6,830,297
6,66,521
6,172,541
6,742,580
6,52,527
6,76,532
6,32,522
6,205,665
6,1627,681
6,1623,629
6,1616,655
6,1611,619
6,588,435
6,331,297
6,317,296
6,800,432
6,774,431
6,900,438
6,915,433
6,754,354
6,44,548
6,18,542
6,34,541
6,36,557
6,1454,325
6,1535,321
6,1524,312
6,25,561
6,987,394
6,1707,439
6,1622,449
6,1612,445
6,1646,719
6,1618,692
6,1600,692
6,1338,684
6,1028,610
6,1575,322
6,1611,686
7,157,462
7,161,438
7,179,449
7,187,439
7,235,509
7,216,476
7,154,429
7,194,474
7,241,526
7,198,459
7,252,468
7,253,441
7,262,461
7,292,521
7,320,498
7,396,496
7,301,477
7,302,464
7,363,513
7,302,491
7,361,461
7,459,509
7,398,481
7,376,477
7,404,461
7,428,462
7,498,514
7,496,493
7,424,480
7,461,465
7,476,457
7,538,523
7,536,441
7,534,470
7,590,536
7,556,464
7,713,499
7,714,547
7,727,527
7,756,542
7,838,515
7,837,504
7,856,506
7,896,504
7,781,479
7,779,468
7,807,476
7,615,540
7,989,487
7,985,502
7,1788,555
7,984,521
7,976,533
7,906,545
7,1111,532
7,1107,520
7,1005,484
7,1033,479
7,741,444
7,1037,466
7,1044,455
7,1178,521
7,1169,532
7,1123,461
7,1132,453
7,1134,488
7,1777,517
7,1135,481
7,1201,467
7,1195,538
7,1161,508
7,1174,503
7,1185,487
7,1349,531
7,1222,523
7,1217,539
7,1291,607
7,1189,549
7,1292,572
7,1295,555
7,1253,475
7,1261,492
7,1363,513
7,1284,468
7,1389,505
7,1395,523
7,1196,445
7,1314,465
7,1319,480
7,1406,560
7,1410,543
7,1461,513
7,1369,474
7,1376,487
7,1480,543
7,1432,538
7,1523,537
7,1444,467
7,1450,490
7,1424,489
7,1450,539
7,1430,569
7,1591,563
7,1574,470
7,1503,517
7,1499,500
7,1474,474
7,1619,471
7,1640,479
7,1666,469
7,1644,498
7,1650,512
7,1859,467
7,1784,489
7,1793,475
7,1889,515
7,1885,532
7,1824,499
7,1895,472
7,1836,571
7,1620,557
7,1910,536
7,1861,489
7,1310,629
7,1896,561
7,560,291
7,1084,313
7,540,686
7,874,667
7,1134,310
7,589,314
7,626,311
7,751,314
7,942,315
7,953,300
7,750,297
7,726,311
7,837,300
7,66,522
7,174,541
7,743,577
7,52,529
7,74,532
7,31,522
7,139,543
7,208,667
7,1626,682
7,1623,630
7,1615,656
7,1610,624
7,587,436
7,331,298
7,316,297
7,799,433
7,775,437
7,899,438
7,915,433
7,754,356
7,44,549
7,25,539
7,36,542
7,38,557
7,1451,326
7,1538,320
7,1527,314
7,24,558
7,987,395
7,1709,449
7,1619,451
7,1612,446
7,1666,715
7,1622,694
7,1606,694
7,1338,684
7,1028,605
7,1574,323
7,1615,688
8,159,463
8,162,440
8,179,449
8,187,441
8,240,511
8,215,472
8,154,430
8,191,476
8,245,528
8,195,466
8,249,468
8,254,443
8,262,461
8,292,521
8,315,501
8,408,498
8,295,481
8,294,472
8,362,518
8,289,494
8,352,461
8,466,510
8,389,484
8,367,475
8,393,468
8,420,464
8,507,514
8,508,497
8,417,485
8,455,471
8,465,459
8,546,526
8,536,443
8,525,466
8,597,535
8,546,465
8,723,502
8,712,549
8,735,529
8,765,548
8,847,512
8,851,496
8,865,510
8,906,504
8,773,482
8,771,471
8,793,483
8,622,532
8,995,492
8,990,506
8,1787,553
8,990,523
8,979,533
8,902,547
8,1121,535
8,1122,524
8,1000,478
8,1033,480
8,751,441
8,1038,464
8,1048,457
8,1185,521
8,1177,533
8,1122,463
8,1133,454
8,1123,488
8,1788,520
8,1129,482
8,1201,468
8,1204,541
8,1161,513
8,1175,504
8,1174,487
8,1355,532
8,1229,526
8,1222,541
8,1291,606
8,1192,550
8,1291,573
8,1292,556
8,1245,481
8,1250,496
8,1371,519
8,1279,470
8,1395,507
8,1402,525
8,1196,446
8,1308,471
8,1312,485
8,1412,562
8,1416,545
8,1466,515
8,1359,472
8,1364,488
8,1487,548
8,1440,540
8,1539,542
8,1439,465
8,1435,487
8,1409,485
8,1456,541
8,1427,572
8,1601,564
8,1581,475
8,1498,514
8,1491,502
8,1459,481
8,1623,471
8,1642,482
8,1666,469
8,1631,500
8,1636,516
8,1861,468
8,1773,491
8,1789,475
8,1896,515
8,1889,532
8,1814,505
8,1894,474
8,1831,574
8,1633,554
8,1912,539
8,1849,490
8,1308,632
8,1895,562
8,550,294
8,1088,313
8,874,667
8,1139,311
8,588,315
8,626,312
8,751,316
8,948,317
8,959,303
8,750,299
8,726,312
8,851,303
8,67,523
8,174,541
8,744,574
8,53,531
8,72,532
8,30,523
8,141,544
8,488,680
8,504,694
8,210,669
8,1626,683
8,1622,631
8,1614,657
8,1610,629
8,587,437
8,332,300
8,315,299
8,798,434
8,776,441
8,898,439
8,916,434
8,754,356
8,42,549
8,25,539
8,36,542
8,38,558
8,1448,327
8,1541,324
8,1530,314
8,26,557
8,987,396
8,1715,455
8,1619,452
8,1613,446
8,1629,700
8,1608,697
8,1338,685
8,1030,598
8,1574,324
8,1621,691
9,161,464
9,161,441
9,180,450
9,186,441
9,245,513
9,213,462
9,155,431
9,184,478
9,248,531
9,191,468
9,247,468
9,256,446
9,262,461
9,291,522
9,314,503
9,419,503
9,289,482
9,284,475
9,358,515
9,277,495
9,344,460
9,479,511
9,382,486
9,362,475
9,385,467
9,416,466
9,519,516
9,518,498
9,413,484
9,449,473
9,465,461
9,557,528
9,537,444
9,516,464
9,607,538
9,541,467
9,739,503
9,710,550
9,742,530
9,769,548
9,858,507
9,861,495
9,871,510
9,913,506
9,765,484
9,763,473
9,784,489
9,628,528
9,1000,497
9,995,510
9,1781,552
9,995,525
9,984,535
9,902,549
9,1134,539
9,1131,529
9,996,478
9,1033,481
9,749,439
9,1037,468
9,1045,458
9,1191,519
9,1187,535
9,1122,465
9,1134,455
9,1119,493
9,1799,523
9,1120,482
9,1202,469
9,1209,543
9,1162,514
9,1176,505
9,1164,489
9,1363,533
9,1234,527
9,1230,544
9,1291,608
9,1195,551
9,1291,574
9,1289,557
9,1237,483
9,1238,496
9,1376,523
9,1271,475
9,1404,512
9,1409,527
9,1194,447
9,1300,473
9,1299,484
9,1414,559
9,1422,543
9,1476,519
9,1350,474
9,1356,489
9,1497,551
9,1446,544
9,1554,544
9,1432,467
9,1428,486
9,1402,485
9,1460,540
9,1424,576
9,1609,561
9,1586,476
9,1494,512
9,1483,500
9,1450,484
9,1627,473
9,1646,480
9,1665,470
9,1624,499
9,1622,518
9,1865,472
9,1768,493
9,1778,476
9,1905,516
9,1894,534
9,1807,507
9,1893,476
9,1829,576
9,1642,552
9,1838,490
9,1306,632
9,1895,563
9,541,296
9,1092,316
9,874,669
9,1144,312
9,587,316
9,626,314
9,751,318
9,951,317
9,970,308
9,748,299
9,725,312
9,858,309
9,67,523
9,174,542
9,746,572
9,54,532
9,71,533
9,30,524
9,142,542
9,495,684
9,514,694
9,213,670
9,1624,684
9,1622,632
9,1613,659
9,1610,636
9,584,438
9,333,302
9,315,300
9,798,435
9,777,444
9,898,440
9,916,434
9,755,359
9,41,549
9,25,539
9,36,542
9,38,559
9,1447,327
9,1542,328
9,1531,316
9,25,558
9,988,397
9,1719,459
9,1619,453
9,1613,446
9,1632,703
9,1608,696
9,1338,685
9,1030,593
9,1573,325
9,1625,694
10,165,460
10,160,442
10,179,450
10,185,441
10,252,514
10,212,456
10,151,433
10,180,482
10,243,532
10,184,470
10,244,466
10,257,451
10,262,461
10,291,522
10,308,502
10,429,505
10,285,483
10,278,478
10,353,517
10,263,494
10,334,462
10,489,508
10,372,483
10,354,476
10,380,465
10,409,469
10,531,514
10,528,500
10,410,483
10,445,471
10,454,459
10,558,526
10,534,445
10,509,465
10,614,541
10,533,467
10,750,506
10,709,551
10,753,534
10,773,549
10,868,501
10,871,490
10,875,512
10,923,508
10,755,486
10,754,475
10,775,491
10,634,524
10,1004,498
10,1003,515
10,1780,553
10,998,522
10,988,536
10,899,551
10,1142,542
10,1140,531
10,990,478
10,1033,482
10,748,438
10,1036,469
10,1043,458
10,1198,519
10,1196,534
10,1122,467
10,1133,460
10,1111,495
10,1808,520
10,1113,483
10,1201,471
10,1218,547
10,1163,515
10,1172,507
10,1154,490
10,1370,535
10,1241,529
10,1236,542
10,1285,610
10,1199,554
10,1291,576
10,1287,558
10,1225,484
10,1232,498
10,1382,524
10,1262,477
10,1411,515
10,1417,530
10,1193,448
10,1289,472
10,1294,487
10,1419,558
10,1427,541
10,1483,525
10,1336,476
10,1344,488
10,1504,553
10,1451,543
10,1566,543
10,1425,468
10,1413,487
10,1390,484
10,1469,540
10,1423,575
10,1620,559
10,1592,478
10,1486,509
10,1472,495
10,1438,485
10,1632,475
10,1652,483
10,1665,470
10,1610,504
10,1611,517
10,1869,478
10,1759,497
10,1766,479
10,1908,519
10,1900,536
10,1794,507
10,1890,476
10,1829,576
10,1651,555
10,1827,487
10,1305,632
10,1896,565
10,529,295
10,1094,316
10,874,671
10,1147,313
10,587,317
10,626,314
10,750,318
10,955,318
10,974,310
10,747,300
10,725,313
10,866,315
10,887,304
10,67,524
10,174,542
10,748,563
10,56,533
10,69,533
10,27,523
10,144,541
10,503,686
10,520,696
10,473,683
10,215,672
10,1623,685
10,1621,633
10,1612,662
10,1607,640
10,582,439
10,332,301
10,314,302
10,797,436
10,779,448
10,898,441
10,917,435
10,757,358
10,40,548
10,25,535
10,36,539
10,38,561
10,1446,328
10,1542,331
10,1533,318
10,23,557
10,986,398
10,1722,461
10,1620,455
10,1614,446
10,1635,706
10,1616,700
10,1338,686
10,1030,587
10,1572,326
10,1627,697
11,165,461
11,159,440
11,179,451
11,184,441
11,256,512
11,209,449
11,150,433
11,174,485
11,241,533
11,179,473
11,244,465
11,257,448
11,262,461
11,291,523
11,303,502
11,441,506
11,279,487
11,272,478
11,346,514
11,248,496
11,324,465
11,497,510
11,364,485
11,343,476
11,374,462
11,402,470
11,543,516
11,538,502
11,401,487
11,439,469
11,448,459
11,566,529
11,533,444
11,501,465
11,621,542
11,524,467
11,759,507
11,706,550
11,758,536
11,778,551
11,880,497
11,882,487
11,881,514
11,932,511
11,745,488
11,747,477
11,761,493
11,641,517
11,1009,500
11,1013,516
11,1777,552
11,1000,523
11,990,535
11,898,553
11,1155,544
11,1151,531
11,980,475
11,1032,481
11,742,436
11,1033,470
11,1042,459
11,1206,521
11,1203,534
11,1123,469
11,1131,459
11,1106,497
11,1814,521
11,1105,485
11,1198,470
11,1227,548
11,1157,517
11,1168,506
11,1144,487
11,1376,537
11,1249,528
11,1242,542
11,1285,612
11,1201,547
11,1288,576
11,1286,558
11,1216,486
11,1224,499
11,1388,526
11,1249,480
11,1417,511
11,1423,528
11,1190,449
11,1277,475
11,1277,489
11,1425,557
11,1431,542
11,1493,525
11,1327,476
11,1342,490
11,1510,555
11,1459,543
11,1581,541
11,1418,465
11,1402,483
11,1379,481
11,1472,542
11,1422,574
11,1628,557
11,1599,480
11,1474,505
11,1463,492
11,1423,493
11,1636,474
11,1653,491
11,1665,471
11,1599,500
11,1594,515
11,1863,480
11,1747,499
11,1757,481
11,1911,519
11,1907,538
11,1781,510
11,1887,476
11,1827,576
11,1661,555
11,1813,489
11,1306,633
11,1893,563
11,516,298
11,1098,318
11,872,670
11,1150,314
11,586,316
11,627,315
11,749,318
11,967,317
11,981,312
11,746,301
11,724,313
11,871,316
11,883,306
11,68,525
11,174,543
11,747,556
11,58,535
11,68,534
11,25,522
11,145,541
11,509,686
11,528,699
11,480,685
11,1621,686
11,1620,634
11,1610,661
11,1606,642
11,583,438
11,332,300
11,314,304
11,797,438
11,775,446
11,894,441
11,915,439
11,756,356
11,39,548
11,24,535
11,35,538
11,37,561
11,1445,328
11,1542,329
11,1534,317
11,20,559
11,985,400
11,1725,466
11,1617,455
11,1614,446
11,1641,703
11,1622,703
11,1334,687
11,1030,576
11,1572,327
11,1633,699
12,164,461
12,159,440
12,179,452
12,184,441
12,261,511
12,203,440
12,149,433
12,170,486
12,238,534
12,175,475
12,246,459
12,262,443
12,262,461
12,290,524
12,301,501
12,454,504
12,271,491
12,267,483
12,343,515
12,235,498
12,317,465
12,506,511
12,353,487
12,332,474
12,364,460
12,397,470
12,550,514
12,551,499
12,396,488
12,434,473
12,442,459
12,572,531
12,535,443
12,494,461
12,628,541
12,519,468
12,772,509
12,706,551
12,765,537
12,781,552
12,893,492
12,894,482
12,887,513
12,938,512
12,738,489
12,733,479
12,748,495
12,649,511
12,1019,503
12,1022,518
12,1777,549
12,1003,525
12,992,535
12,898,555
12,1166,545
12,1162,532
12,973,471
12,1031,481
12,739,433
12,1033,466
12,1041,460
12,1216,519
12,1212,533
12,1120,467
12,1128,454
12,1100,495
12,1827,521
12,1098,486
12,1196,470
12,1234,549
12,1154,517
12,1167,505
12,1135,489
12,1383,539
12,1252,527
12,1246,544
12,1285,610
12,1204,546
12,1285,576
12,1285,559
12,1209,484
12,1212,501
12,1393,525
12,1242,481
12,1424,513
12,1428,527
12,1190,449
12,1272,477
12,1272,491
12,1432,558
12,1436,543
12,1501,523
12,1318,477
12,1327,491
12,1520,550
12,1464,543
12,1595,535
12,1416,460
12,1392,481
12,1370,481
12,1479,545
12,1421,574
12,1637,556
12,1603,482
12,1466,507
12,1453,490
12,1414,495
12,1637,469
12,1656,491
12,1659,471
12,1590,497
12,1584,511
12,1861,476
12,1740,500
12,1748,483
12,1911,539
12,1773,511
12,1887,475
12,1824,575
12,1670,555
12,1798,487
12,1307,634
12,1890,562
12,508,295
12,1099,318
12,870,670
12,1151,314
12,586,315
12,627,315
12,748,318
12,978,319
12,986,309
12,746,300
12,724,314
12,876,314
12,877,305
12,67,524
12,174,543
12,749,545
12,56,534
12,67,537
12,26,520
12,146,541
12,516,686
12,537,698
12,485,685
12,1619,687
12,1617,636
12,1608,661
12,1606,644
12,584,437
12,332,299
12,313,303
12,797,438
12,772,444
12,890,441
12,914,443
12,757,357
12,38,548
12,24,535
12,35,537
12,37,561
12,1445,329
12,1544,326
12,23,558
12,985,398
12,1729,463
12,1614,455
12,1615,447
12,1648,701
12,1623,704
12,1331,688
12,1031,571
12,833,307
12,1571,328
12,1638,698
13,164,462
13,160,441
13,180,453
13,182,440
13,265,508
13,199,432
13,148,432
13,166,487
13,238,533
13,172,477
13,248,456
13,263,446
13,262,461
13,290,525
13,302,498
13,464,502
13,261,491
13,260,485
13,339,517
13,221,500
13,312,467
13,515,512
13,346,484
13,330,475
13,355,458
13,392,470
13,561,513
13,565,498
13,391,490
13,431,480
13,438,462
13,580,532
13,534,442
13,492,461
13,632,542
13,512,470
13,781,506
13,701,552
13,772,538
13,783,552
13,909,494
13,904,481
13,894,514
13,949,513
13,731,488
13,724,478
13,732,500
13,653,503
13,1031,508
13,1028,520
13,1777,549
13,1009,527
13,994,534
13,897,553
13,1177,540
13,1174,530
13,970,470
13,1031,482
13,740,429
13,1033,465
13,1039,457
13,1227,518
13,1222,531
13,1117,466
13,1125,454
13,1092,491
13,1844,519
13,1088,482
13,1195,470
13,1240,551
13,1152,517
13,1163,508
13,1127,491
13,1388,544
13,1257,528
13,1252,543
13,1286,612
13,1206,543
13,1289,577
13,1285,560
13,1205,484
13,1208,501
13,1397,528
13,1235,486
13,1433,511
13,1436,528
13,1190,450
13,1262,476
13,1262,493
13,1437,559
13,1444,541
13,1513,525
13,1309,478
13,1323,493
13,1529,552
13,1471,542
13,1614,535
13,1414,460
13,1381,478
13,1358,479
13,1484,543
13,1421,573
13,1644,553
13,1609,484
13,1459,504
13,1443,488
13,1400,495
13,1642,463
13,1661,487
13,1660,470
13,1579,494
13,1575,509
13,1862,474
13,1729,504
13,1740,484
13,1765,510
13,1887,475
13,1823,575
13,1686,553
13,1791,486
13,1298,629
13,1890,562
13,501,295
13,1107,318
13,868,670
13,1152,315
13,586,314
13,628,316
13,745,317
13,989,321
13,998,311
13,746,300
13,722,315
13,885,316
13,868,305
13,66,523
13,174,544
13,748,534
13,55,534
13,74,537
13,28,519
13,153,541
13,523,687
13,493,687
13,1617,688
13,1616,635
13,1608,660
13,1606,646
13,581,437
13,332,299
13,312,303
13,798,439
13,770,441
13,891,443
13,911,446
13,758,358
13,37,548
13,21,535
13,33,538
13,36,560
13,1443,329
13,1546,325
13,27,552
13,985,396
13,1733,464
13,1611,457
13,1614,446
13,1624,705
13,1330,686
13,1028,567
13,843,312
13,797,303
13,1571,329
13,1646,696
14,162,461
14,161,442
14,181,454
14,180,439
14,271,503
14,197,425
14,148,432
14,159,491
14,239,532
14,163,474
14,248,452
14,265,450
14,262,461
14,286,526
14,301,500
14,477,502
14,253,492
14,251,482
14,337,518
14,209,501
14,304,468
14,523,509
14,338,481
14,325,477
14,348,456
14,381,472
14,570,511
14,576,499
14,380,490
14,423,478
14,432,464
14,588,533
14,533,443
14,484,464
14,644,537
14,506,466
14,793,507
14,699,553
14,778,540
14,782,550
14,924,490
14,923,475
14,900,514
14,959,512
14,721,489
14,718,477
14,717,503
14,659,495
14,1039,508
14,1037,522
14,1777,549
14,1012,524
14,1002,532
14,896,552
14,1188,541
14,1182,526
14,965,468
14,1030,479
14,742,426
14,1031,465
14,1040,457
14,1234,518
14,1232,533
14,1121,467
14,1126,454
14,1085,496
14,1852,520
14,1083,482
14,1195,470
14,1248,548
14,1145,519
14,1160,511
14,1118,486
14,1397,546
14,1268,525
14,1263,538
14,1284,608
14,1216,539
14,1288,576
14,1285,558
14,1198,486
14,1201,499
14,1405,531
14,1225,488
14,1440,513
14,1444,525
14,1190,448
14,1254,479
14,1254,496
14,1442,560
14,1452,543
14,1525,524
14,1301,476
14,1312,494
14,1534,554
14,1480,543
14,1630,533
14,1410,459
14,1374,478
14,1347,477
14,1492,541
14,1422,572
14,1659,553
14,1616,485
14,1449,498
14,1436,482
14,1387,498
14,1648,460
14,1666,486
14,1662,470
14,1570,491
14,1561,504
14,1861,471
14,1724,505
14,1733,486
14,1760,514
14,1888,475
14,1824,574
14,1696,552
14,1782,488
14,1299,630
14,1891,562
14,494,299
14,1105,320
14,866,670
14,1154,317
14,586,313
14,624,314
14,742,316
14,996,319
14,1008,308
14,746,300
14,720,316
14,892,316
14,66,522
14,173,543
14,747,530
14,54,534
14,76,533
14,28,519
14,159,538
14,530,688
14,502,688
14,1617,687
14,1616,634
14,1608,659
14,1606,648
14,579,437
14,334,303
14,311,302
14,796,436
14,769,443
14,893,445
14,911,445
14,755,359
14,39,546
14,19,535
14,31,538
14,36,559
14,1442,330
14,1553,326
14,22,553
14,986,395
14,1739,468
14,1612,456
14,1614,446
14,1638,706
14,1330,685
14,875,681
14,854,692
14,1026,563
14,849,314
14,811,304
14,1571,328
15,160,461
15,157,439
15,177,455
15,181,439
15,279,498
15,197,417
15,148,432
15,155,492
15,238,531
15,156,476
15,250,451
15,265,449
15,262,461
15,283,524
15,300,498
15,490,499
15,245,493
15,242,484
15,330,514
15,190,501
15,292,469
15,532,510
15,333,482
15,312,479
15,337,456
15,374,471
15,583,511
15,587,496
15,374,495
15,416,480
15,427,466
15,593,537
15,530,441
15,478,466
15,652,537
15,502,467
15,805,502
15,699,552
15,781,541
15,779,550
15,935,490
15,934,476
15,908,516
15,967,515
15,711,487
15,711,476
15,700,504
15,663,484
15,1044,508
15,1042,524
15,1778,549
15,1016,525
15,1006,534
15,900,548
15,1193,536
15,1189,525
15,959,464
15,1029,481
15,737,423
15,1029,466
15,1042,458
15,1244,515
15,1241,531
15,1125,469
15,1128,455
15,1077,495
15,1863,521
15,1082,484
15,1195,470
15,1254,545
15,1139,521
15,1153,516
15,1112,488
15,1403,548
15,1275,526
15,1269,540
15,1283,609
15,1219,536
15,1289,577
15,1286,557
15,1192,488
15,1193,501
15,1413,530
15,1220,484
15,1446,509
15,1451,525
15,1191,447
15,1245,481
15,1245,495
15,1453,563
15,1461,546
15,1537,521
15,1291,477
15,1305,494
15,1544,549
15,1485,543
15,1647,533
15,1408,459
15,1364,476
15,1340,475
15,1499,543
15,1422,571
15,1672,553
15,1620,482
15,1445,495
15,1433,482
15,1372,499
15,1656,456
15,1671,488
15,1664,470
15,1565,484
15,1556,502
15,1863,475
15,1713,508
15,1724,488
15,1748,516
15,1888,475
15,1824,572
15,1705,551
15,1773,490
15,1300,631
15,1891,562
15,487,304
15,1105,316
15,865,671
15,1148,320
15,586,313
15,625,315
15,739,316
15,1001,319
15,1017,306
15,746,300
15,720,316
15,896,314
15,65,521
15,173,542
15,747,526
15,54,534
15,77,534
15,29,520
15,157,532
15,537,690
15,509,687
15,1617,687
15,1615,634
15,1608,659
15,1607,648
15,581,434
15,327,299
15,310,302
15,794,434
15,768,445
15,893,445
15,911,445
15,41,545
15,20,533
15,30,539
15,36,559
15,1442,330
15,1559,324
15,20,553
15,986,396
15,1745,467
15,1613,455
15,1614,446
15,1649,704
15,1330,684
15,884,683
15,862,694
15,1026,563
15,862,317
15,816,312
15,1571,328
15,1095,298
16,162,460
16,156,438
16,173,449
16,180,439
16,285,491
16,194,404
16,146,432
16,150,491
16,237,530
16,149,478
16,248,445
16,266,448
16,262,461
16,276,522
16,299,497
16,500,497
16,235,495
16,233,486
16,325,513
16,177,499
16,282,469
16,539,511
16,325,480
16,304,478
16,328,458
16,361,468
16,593,512
16,594,495
16,368,500
16,411,481
16,418,465
16,597,539
16,530,442
16,474,467
16,659,536
16,494,471
16,812,498
16,700,552
16,783,535
16,783,550
16,954,492
16,952,477
16,917,515
16,973,514
16,706,489
16,702,476
16,685,498
16,669,476
16,1054,508
16,1053,521
16,1778,549
16,1021,528
16,1007,533
16,903,548
16,1198,531
16,1200,521
16,955,460
16,1029,480
16,737,420
16,1029,466
16,1042,457
16,1255,515
16,1248,529
16,1129,470
16,1130,456
16,1069,493
16,1876,519
16,1070,485
16,1195,470
16,1262,546
16,1127,525
16,1148,521
16,1103,487
16,1415,547
16,1281,524
16,1278,540
16,1283,609
16,1221,532
16,1290,578
16,1285,557
16,1183,486
16,1184,500
16,1423,531
16,1211,486
16,1450,511
16,1464,527
16,1191,447
16,1236,481
16,1240,495
16,1463,564
16,1469,546
16,1548,522
16,1285,477
16,1292,491
16,1550,552
16,1493,542
16,1660,533
16,1407,460
16,1353,473
16,1332,473
16,1506,541
16,1422,571
16,1678,552
16,1625,485
16,1439,492
16,1421,484
16,1359,498
16,1663,454
16,1676,487
16,1666,470
16,1551,482
16,1546,495
16,1862,475
16,1707,508
16,1716,490
16,1739,517
16,1889,475
16,1826,572
16,1716,547
16,1764,488
16,1301,629
16,1892,562
16,483,310
16,1105,313
16,865,672
16,1145,317
16,586,315
16,626,316
16,739,314
16,1006,319
16,744,298
16,720,316
16,901,313
16,64,520
16,173,542
16,746,516
16,55,534
16,78,535
16,30,521
16,158,533
16,515,687
16,1616,684
16,1615,634
16,1609,659
16,1610,645
16,581,434
16,321,295
16,310,302
16,794,434
16,768,445
16,894,445
16,908,446
16,43,543
16,21,532
16,30,537
16,33,558
16,1442,330
16,22,560
16,985,396
16,1751,468
16,1615,454
16,1614,446
16,1329,683
16,890,686
16,873,696
16,1027,562
16,870,313
16,822,313
16,1571,328
16,1095,301
17,160,459
17,155,437
17,172,446
17,179,439
17,287,492
17,197,394
17,145,432
17,144,488
17,234,528
17,145,478
17,248,445
17,267,448
17,262,461
17,270,523
17,296,499
17,509,494
17,226,494
17,222,483
17,325,514
17,164,501
17,272,473
17,548,509
17,320,478
17,299,478
17,323,455
17,352,470
17,607,513
17,608,497
17,358,502
17,405,482
17,411,466
17,601,541
17,531,441
17,475,464
17,669,535
17,492,473
17,824,492
17,700,552
17,784,539
17,789,548
17,967,492
17,964,477
17,925,517
17,983,511
17,701,490
17,695,477
17,672,496
17,677,466
17,1064,509
17,1058,523
17,1779,550
17,1031,528
17,1013,532
17,900,545
17,1205,531
17,1211,519
17,950,458
17,1030,480
17,737,416
17,1030,463
17,1042,456
17,1262,516
17,1257,530
17,1133,472
17,1134,458
17,1063,493
17,1889,520
17,1065,483
17,1195,470
17,1269,542
17,1122,526
17,1140,525
17,1096,489
17,1418,550
17,1289,525
17,1284,540
17,1284,610
17,1229,531
17,1286,576
17,1284,557
17,1180,486
17,1179,499
17,1430,533
17,1207,489
17,1456,512
17,1469,529
17,1191,447
17,1230,481
17,1228,496
17,1470,567
17,1479,549
17,1563,524
17,1275,476
17,1287,492
17,1558,553
17,1500,541
17,1680,533
17,1406,461
17,1342,474
17,1316,474
17,1511,542
17,1422,570
17,1690,553
17,1631,484
17,1430,493
17,1412,482
17,1344,497
17,1672,457
17,1683,479
17,1666,470
17,1539,480
17,1539,491
17,1861,474
17,1697,510
17,1706,492
17,1726,520
17,1889,475
17,1827,573
17,1727,546
17,1753,489
17,1302,628
17,1892,562
17,479,323
17,1108,316
17,862,682
17,1143,313
17,585,314
17,624,310
17,739,314
17,1025,314
17,742,297
17,721,317
17,912,315
17,64,520
17,172,540
17,733,510
17,56,534
17,79,534
17,26,520
17,159,534
17,518,691
17,1616,684
17,1615,635
17,1609,659
17,1611,645
17,581,434
17,318,295
17,308,301
17,795,435
17,769,446
17,895,446
17,909,445
17,45,542
17,18,531
17,31,536
17,31,558
17,1442,330
17,20,560
17,984,396
17,1760,470
17,1616,454
17,1614,446
17,1329,682
17,894,688
17,883,698
17,1028,561
17,879,311
17,829,315
17,1571,328
17,1436,700
17,1095,304
18,159,458
18,154,437
18,172,452
18,179,440
18,290,492
18,199,384
18,144,431
18,132,484
18,232,523
18,135,475
18,246,447
18,264,447
18,262,461
18,264,525
18,293,501
18,523,496
18,217,498
18,216,485
18,319,517
18,150,502
18,265,476
18,559,511
18,315,477
18,288,477
18,316,451
18,346,471
18,618,515
18,621,499
18,355,504
18,395,481
18,402,465
18,605,543
18,531,440
18,476,463
18,676,533
18,489,475
18,835,486
18,701,553
18,785,538
18,799,546
18,983,496
18,977,480
18,935,520
18,995,512
18,690,491
18,688,479
18,654,491
18,686,457
18,1071,511
18,1066,525
18,1779,550
18,1034,526
18,1022,533
18,901,546
18,1215,529
18,1216,515
18,948,459
18,1030,480
18,738,412
18,1030,464
18,1040,455
18,1269,513
18,1266,529
18,1139,472
18,1139,457
18,1059,496
18,1898,522
18,1063,484
18,1196,470
18,1276,542
18,1112,528
18,1131,527
18,1086,484
18,1422,556
18,1297,527
18,1292,540
18,1285,611
18,1235,528
18,1285,574
18,1283,558
18,1172,488
18,1173,500
18,1442,534
18,1198,491
18,1468,507
18,1476,528
18,1191,448
18,1219,481
18,1224,496
18,1476,569
18,1487,548
18,1570,522
18,1271,478
18,1278,489
18,1567,555
18,1505,541
18,1694,534
18,1399,460
18,1331,471
18,1309,474
18,1519,544
18,1423,570
18,1700,555
18,1639,485
18,1424,499
18,1406,481
18,1332,494
18,1677,459
18,1689,478
18,1667,470
18,1531,475
18,1527,486
18,1862,476
18,1686,513
18,1701,493
18,1718,523
18,1889,475
18,1828,574
18,1737,542
18,1740,491
18,1300,629
18,1893,563
18,476,335
18,1110,316
18,859,693
18,1137,312
18,584,314
18,620,311
18,739,314
18,1041,307
18,721,317
18,920,313
18,66,518
18,171,538
18,723,511
18,57,534
18,80,530
18,23,519
18,151,537
18,518,694
18,1616,684
18,1615,635
18,1610,660
18,1612,646
18,579,432
18,319,293
18,306,300
18,796,436
18,770,447
18,896,446
18,909,445
18,43,541
18,16,531
18,30,536
18,30,560
18,1443,330
18,18,559
18,983,396
18,1764,472
18,1617,455
18,1614,446
18,1329,681
18,907,686
18,889,699
18,1029,560
18,884,310
18,836,318
18,1571,328
18,1426,705
18,1097,310
19,160,459
19,153,438
19,172,452
19,179,440
19,295,493
19,197,372
19,143,431
19,123,484
19,232,517
19,130,472
19,245,448
19,263,449
19,262,461
19,259,525
19,279,502
19,534,497
19,207,502
19,209,487
19,314,521
19,133,503
19,254,479
19,570,514
19,313,476
19,280,478
19,314,454
19,340,467
19,631,519
19,631,500
19,351,510
19,389,482
19,395,464
19,609,545
19,531,446
19,478,462
19,688,533
19,482,477
19,841,479
19,702,554
19,786,538
19,803,545
19,1000,497
19,989,482
19,941,520
19,1003,512
19,685,493
19,682,481
19,643,484
19,696,455
19,1078,508
19,1073,524
19,1780,550
19,1038,528
19,1028,534
19,902,547
19,1222,523
19,1220,514
19,947,461
19,1030,481
19,737,413
19,1030,464
19,1037,456
19,1278,511
19,1274,527
19,1146,472
19,1145,454
19,1055,498
19,1061,487
19,1196,470
19,1283,543
19,1103,530
19,1119,532
19,1085,486
19,1424,556
19,1304,527
19,1299,540
19,1283,608
19,1244,526
19,1285,574
19,1283,558
19,1165,488
19,1163,502
19,1449,535
19,1191,487
19,1478,508
19,1487,525
19,1191,448
19,1215,483
19,1217,498
19,1485,570
19,1498,551
19,1582,524
19,1261,476
19,1269,491
19,1572,552
19,1511,543
19,1709,533
19,1397,457
19,1325,472
19,1300,475
19,1523,544
19,1423,570
19,1713,557
19,1647,487
19,1413,500
19,1397,481
19,1318,492
19,1683,457
19,1696,478
19,1668,470
19,1524,471
19,1522,485
19,1863,475
19,1679,515
19,1696,495
19,1712,524
19,1889,476
19,1826,572
19,1748,541
19,1730,493
19,1301,626
19,1893,563
19,479,347
19,1110,316
19,1138,313
19,582,312
19,619,310
19,739,314
19,722,318
19,922,310
19,68,517
19,170,537
19,718,507
19,57,534
19,76,531
19,20,518
19,150,536
19,1616,684
19,1615,636
19,1611,660
19,1613,647
19,581,432
19,320,291
19,304,300
19,789,442
19,768,444
19,896,447
19,908,445
19,42,540
19,15,531
19,29,537
19,30,559
19,1445,329
19,19,560
19,983,397
19,1769,472
19,1619,455
19,1602,452
19,1330,679
19,913,687
19,896,700
19,1030,560
19,1066,699
19,895,310
19,846,317
19,1571,328
19,1419,707
19,1448,701
19,1097,311
20,161,460
20,153,439
20,173,452
20,179,440
20,305,492
20,195,365
20,145,430
20,119,481
20,230,516
20,123,470
20,246,446
20,264,449
20,262,461
20,259,525
20,276,505
20,545,500
20,201,501
20,199,489
20,308,519
20,122,504
20,249,481
20,582,515
20,308,476
20,271,481
20,309,459
20,335,467
20,643,521
20,643,506
20,349,512
20,385,484
20,387,464
20,616,545
20,528,448
20,480,460
20,700,533
20,478,478
20,851,468
20,705,561
20,791,538
20,812,543
20,1016,501
20,1003,488
20,950,522
20,1011,513
20,678,492
20,673,481
20,631,479
20,710,455
20,1089,506
20,1084,521
20,1780,550
20,1042,530
20,1030,535
20,901,545
20,1231,523
20,1233,511
20,939,468
20,1031,482
20,736,415
20,1031,465
20,1043,456
20,1289,510
20,1286,524
20,1156,473
20,1153,457
20,1053,496
20,1057,489
20,1197,471
20,1291,539
20,1099,535
20,1116,533
20,1076,488
20,1431,552
20,1311,526
20,1307,538
20,1283,611
20,1253,528
20,1286,575
20,1284,558
20,1158,488
20,1156,502
20,1460,538
20,1185,489
20,1486,506
20,1496,525
20,1191,448
20,1210,485
20,1212,500
20,1499,570
20,1502,550
20,1597,526
20,1252,476
20,1263,493
20,1582,554
20,1515,543
20,1725,532
20,1393,457
20,1311,471
20,1293,475
20,1531,545
20,1424,570
20,1722,557
20,1655,487
20,1406,501
20,1393,483
20,1304,493
20,1692,458
20,1703,475
20,1669,470
20,1515,471
20,1515,483
20,1864,475
20,1673,513
20,1682,497
20,1706,526
20,1889,476
20,1824,571
20,1759,538
20,1726,493
20,1303,623
20,1894,563
20,478,356
20,1111,316
20,1139,314
20,581,313
20,619,310
20,740,315
20,719,316
20,930,308
20,68,518
20,171,540
20,716,502
20,58,534
20,73,529
20,22,518
20,150,535
20,1617,685
20,1617,634
20,1611,660
20,1614,648
20,579,434
20,321,290
20,305,301
20,788,441
20,766,442
20,897,447
20,908,445
20,41,540
20,15,532
20,29,534
20,30,559
20,1447,328
20,20,561
20,983,397
20,1777,473
20,1620,456
20,1603,455
20,1331,677
20,920,689
20,907,701
20,1030,560
20,1059,702
20,1113,698
20,901,308
20,857,312
20,1572,328
20,1446,702
20,1099,308
21,163,462
21,155,439
21,174,452
21,180,441
21,310,491
21,197,357
21,147,429
21,114,477
21,229,515
21,121,468
21,246,444
21,265,450
21,262,461
21,253,523
21,270,509
21,556,500
21,190,499
21,193,486
21,305,516
21,113,504
21,243,482
21,591,514
21,297,472
21,268,484
21,307,459
21,332,467
21,653,521
21,655,508
21,346,510
21,377,486
21,382,467
21,622,540
21,525,450
21,478,462
21,711,533
21,468,479
21,856,459
21,705,563
21,793,537
21,822,537
21,1031,504
21,1012,490
21,962,524
21,1019,515
21,673,490
21,667,478
21,616,476
21,720,453
21,1098,508
21,1092,522
21,1781,551
21,1047,528
21,1034,534
21,900,545
21,1241,519
21,1243,504
21,934,468
21,1032,480
21,737,417
21,1032,465
21,1041,456
21,1300,508
21,1296,525
21,1162,470
21,1158,459
21,1045,494
21,1051,487
21,1197,471
21,1302,541
21,1091,534
21,1107,536
21,1075,486
21,1434,552
21,1323,526
21,1315,538
21,1283,612
21,1265,524
21,1287,576
21,1284,559
21,1152,489
21,1152,502
21,1473,534
21,1178,492
21,1496,508
21,1507,523
21,1192,449
21,1203,485
21,1206,502
21,1509,567
21,1509,554
21,1608,525
21,1244,478
21,1255,489
21,1590,554
21,1521,543
21,1741,530
21,1392,459
21,1305,472
21,1285,476
21,1537,542
21,1425,570
21,1730,554
21,1664,486
21,1399,499
21,1385,485
21,1293,492
21,1697,459
21,1711,469
21,1670,470
21,1507,469
21,1510,484
21,1866,475
21,1665,518
21,1673,497
21,1697,522
21,1889,476
21,1827,572
21,1777,538
21,1719,493
21,1305,620
21,1894,563
21,480,363
21,1111,317
21,1137,311
21,583,312
21,622,308
21,740,315
21,717,314
21,940,304
21,68,517
21,173,544
21,707,499
21,59,535
21,75,530
21,24,518
21,151,536
21,540,674
21,1617,685
21,1619,632
21,1612,660
21,1613,648
21,578,435
21,306,302
21,788,440
21,770,442
21,898,448
21,908,445
21,41,540
21,16,532
21,28,537
21,31,559
21,1447,328
21,18,561
21,983,397
21,1784,475
21,1621,456
21,1605,458
21,1633,719
21,1331,676
21,933,688
21,922,703
21,1030,560
21,1048,699
21,1106,703
21,907,311
21,864,313
21,1572,328
21,1430,704
21,1099,310
22,164,463
22,157,439
22,175,452
22,180,441
22,315,493
22,199,345
22,149,428
22,111,477
22,222,509
22,116,466
22,246,444
22,266,450
22,262,461
22,250,525
22,269,511
22,567,500
22,186,503
22,186,488
22,304,517
22,100,498
22,236,483
22,601,515
22,290,475
22,257,483
22,302,457
22,331,468
22,669,523
22,667,510
22,340,509
22,373,485
22,379,470
22,629,539
22,522,455
22,478,463
22,720,532
22,462,480
22,860,448
22,704,562
22,795,536
22,829,537
22,1047,509
22,1027,498
22,968,522
22,1025,517
22,665,489
22,658,476
22,602,475
22,735,456
22,1105,507
22,1102,520
22,1782,552
22,1051,529
22,1036,533
22,900,545
22,1251,517
22,1254,505
22,927,468
22,1033,479
22,739,416
22,1032,466
22,1044,457
22,1309,508
22,1302,523
22,1167,470
22,1165,461
22,1045,495
22,1050,489
22,1198,471
22,1309,546
22,1084,534
22,1099,538
22,1073,486
22,1440,554
22,1331,527
22,1325,538
22,1284,613
22,1272,521
22,1289,576
22,1285,559
22,1143,489
22,1148,503
22,1481,532
22,1171,491
22,1505,505
22,1514,523
22,1192,449
22,1198,487
22,1199,504
22,1510,568
22,1513,553
22,1621,529
22,1234,480
22,1250,491
22,1598,554
22,1525,545
22,1759,527
22,1392,458
22,1300,470
22,1277,476
22,1543,544
22,1426,570
22,1740,551
22,1671,488
22,1389,500
22,1378,487
22,1281,490
22,1704,461
22,1714,471
22,1671,470
22,1498,467
22,1499,483
22,1868,474
22,1656,516
22,1669,500
22,1690,521
22,1889,477
22,1825,571
22,1789,539
22,1709,495
22,1307,615
22,1895,563
22,477,381
22,1112,317
22,1136,309
22,586,312
22,625,307
22,740,315
22,717,314
22,955,304
22,69,519
22,172,544
22,700,495
22,60,535
22,77,531
22,27,519
22,152,537
22,538,680
22,1617,685
22,1621,631
22,1613,661
22,1613,649
22,578,436
22,301,289
22,789,442
22,767,443
22,899,448
22,908,445
22,41,540
22,17,532
22,27,540
22,31,559
22,1447,328
22,16,560
22,983,397
22,1911,500
22,1790,475
22,1623,457
22,1606,457
22,1648,720
22,1331,676
22,944,689
22,927,701
22,1030,560
22,1038,696
22,1107,704
22,920,311
22,870,315
22,1572,328
22,1420,706
22,1099,312
23,166,465
23,156,437
23,176,453
23,180,441
23,325,495
23,200,336
23,153,430
23,104,478
23,218,505
23,111,462
23,245,445
23,268,451
23,262,461
23,246,524
23,266,511
23,581,503
23,178,501
23,179,490
23,299,517
23,89,493
23,231,480
23,611,517
23,281,483
23,249,486
23,294,461
23,330,465
23,683,525
23,681,512
23,335,512
23,366,486
23,372,467
23,634,537
23,521,457
23,481,461
23,734,534
23,453,481
23,864,439
23,704,561
23,797,537
23,835,536
23,1059,516
23,1036,503
23,979,526
23,1033,518
23,657,486
23,656,473
23,590,475
23,744,456
23,1113,509
23,1109,522
23,1784,553
23,1054,528
23,1040,533
23,900,546
23,1256,515
23,1265,507
23,927,470
23,1034,477
23,740,415
23,1032,465
23,1046,458
23,1316,510
23,1309,524
23,1174,470
23,1169,459
23,1046,496
23,1050,491
23,1198,471
23,1315,549
23,1079,531
23,1095,537
23,1070,487
23,1454,558
23,1338,527
23,1334,544
23,1285,614
23,1282,519
23,1292,576
23,1286,559
23,1138,483
23,1139,498
23,1490,529
23,1165,489
23,1511,505
23,1526,520
23,1192,449
23,1188,487
23,1192,507
23,1512,570
23,1517,550
23,1632,531
23,1228,482
23,1244,489
23,1606,556
23,1532,546
23,1773,525
23,1392,457
23,1295,471
23,1269,474
23,1546,545
23,1427,570
23,1741,550
23,1682,486
23,1381,499
23,1364,485
23,1268,492
23,1711,459
23,1718,473
23,1673,471
23,1489,469
23,1490,482
23,1870,474
23,1646,514
23,1662,502
23,1682,521
23,1889,477
23,1824,570
23,1800,540
23,1703,498
23,1306,611
23,1896,564
23,479,390
23,1113,318
23,1135,310
23,587,315
23,630,308
23,740,315
23,718,314
23,70,522
23,172,545
23,692,491
23,60,535
23,80,532
23,27,517
23,153,538
23,531,683
23,1617,685
23,1620,631
23,1612,661
23,1613,650
23,577,437
23,299,286
23,787,445
23,765,444
23,900,449
23,908,445
23,42,541
23,18,533
23,26,543
23,31,559
23,1448,329
23,17,560
23,984,398
23,1906,503
23,1801,473
23,1627,457
23,1607,456
23,1654,723
23,1332,676
23,953,694
23,934,701
23,1031,561
23,1029,695
23,1108,705
23,1127,698
23,928,308
23,880,319
23,1572,328
23,1412,708
23,1099,314
23,1075,308
24,170,467
24,154,437
24,175,452
24,181,442
24,336,499
24,201,329
24,153,428
24,96,476
24,213,499
24,108,458
24,244,446
24,269,452
24,262,461
24,245,526
24,260,510
24,591,505
24,169,499
24,170,487
24,294,519
24,75,486
24,226,478
24,619,515
24,275,481
24,241,489
24,292,469
24,328,464
24,696,526
24,695,512
24,330,517
24,364,484
24,369,468
24,640,535
24,514,449
24,479,459
24,742,532
24,442,480
24,866,422
24,704,560
24,794,536
24,834,532
24,1074,515
24,1050,511
24,985,528
24,1039,520
24,651,484
24,649,470
24,571,477
24,756,459
24,1122,512
24,1117,524
24,1783,552
24,1056,529
24,1042,532
24,899,546
24,1270,515
24,1274,507
24,923,474
24,1033,477
24,738,414
24,1033,464
24,1048,459
24,1323,513
24,1313,528
24,1175,465
24,1172,462
24,1047,498
24,1049,489
24,1199,472
24,1327,550
24,1077,531
24,1089,535
24,1071,489
24,1459,555
24,1345,527
24,1339,541
24,1287,612
24,1289,517
24,1289,575
24,1286,560
24,1131,481
24,1131,497
24,1501,525
24,1154,491
24,1526,507
24,1533,521
24,1192,450
24,1185,489
24,1180,508
24,1513,572
24,1515,553
24,1640,533
24,1222,485
24,1240,492
24,1613,555
24,1539,544
24,1791,521
24,1393,456
24,1287,473
24,1264,476
24,1550,547
24,1428,570
24,1740,555
24,1688,482
24,1371,497
24,1354,484
24,1258,492
24,1714,458
24,1725,475
24,1672,470
24,1481,470
24,1479,483
24,1870,472
24,1637,513
24,1652,500
24,1676,521
24,1889,477
24,1821,570
24,1810,539
24,1692,500
24,1305,608
24,1895,563
24,480,402
24,1114,318
24,1135,311
24,586,312
24,630,304
24,741,316
24,718,315
24,70,524
24,172,545
24,686,488
24,61,535
24,82,533
24,27,516
24,154,539
24,527,685
24,1617,686
24,1619,632
24,1612,661
24,1613,650
24,577,438
24,786,449
24,764,446
24,899,449
24,908,445
24,42,541
24,18,533
24,23,544
24,31,559
24,1447,330
24,18,560
24,984,398
24,1893,500
24,1808,477
24,1627,456
24,1608,455
24,1665,719
24,1332,676
24,960,688
24,942,703
24,1031,561
24,1023,691
24,1093,704
24,1120,699
24,939,307
24,885,321
24,1572,328
24,1397,707
24,1099,317
24,1071,308
25,168,469
25,153,437
25,175,451
25,185,442
25,343,502
25,203,317
25,154,427
25,93,473
25,207,498
25,101,456
25,244,448
25,268,451
25,262,461
25,243,528
25,258,510
25,603,505
25,160,498
25,161,486
25,288,515
25,64,483
25,222,480
25,628,514
25,265,481
25,231,488
25,287,472
25,324,466
25,709,528
25,709,508
25,326,515
25,359,486
25,364,469
25,648,531
25,502,447
25,477,459
25,751,534
25,433,478
25,704,559
25,795,535
25,828,528
25,1087,518
25,1064,512
25,989,528
25,1045,517
25,645,481
25,644,467
25,556,480
25,766,463
25,1130,514
25,1127,526
25,1782,552
25,1056,530
25,1044,532
25,899,547
25,1275,512
25,1281,502
25,910,476
25,1033,478
25,740,413
25,1034,463
25,1050,460
25,1332,516
25,1321,530
25,1177,462
25,1172,464
25,1043,498
25,1047,490
25,1198,473
25,1333,552
25,1075,528
25,1087,537
25,1066,491
25,1468,560
25,1349,526
25,1343,541
25,1287,612
25,1294,516
25,1287,575
25,1287,560
25,1125,480
25,1120,494
25,1509,519
25,1147,493
25,1531,504
25,1540,520
25,1192,450
25,1171,490
25,1172,509
25,1514,572
25,1520,555
25,1650,534
25,1213,488
25,1233,494
25,1618,556
25,1545,544
25,1806,522
25,1392,456
25,1279,473
25,1258,478
25,1556,543
25,1428,570
25,1740,560
25,1693,482
25,1357,494
25,1345,481
25,1249,493
25,1717,460
25,1732,473
25,1672,470
25,1469,468
25,1471,485
25,1871,470
25,1629,513
25,1644,500
25,1663,520
25,1889,478
25,1818,571
25,1819,540
25,1677,502
25,1306,600
25,1894,563
25,476,412
25,1136,308
25,586,309
25,630,301
25,741,316
25,719,315
25,73,525
25,172,546
25,681,483
25,62,535
25,85,534
25,27,515
25,155,539
25,519,685
25,539,675
25,1617,686
25,1619,632
25,1612,661
25,1613,651
25,577,439
25,784,449
25,755,445
25,898,450
25,909,446
25,42,541
25,18,534
25,23,544
25,31,559
25,1446,330
25,20,561
25,984,398
25,1887,499
25,1812,480
25,1627,456
25,1609,454
25,1332,676
25,964,690
25,952,700
25,1031,561
25,1010,685
25,1083,700
25,1114,700
25,946,302
25,888,317
25,1572,328
25,1098,317
25,1069,307
26,169,469
26,154,440
26,174,452
26,185,442
26,352,507
26,201,306
26,153,428
26,88,470
26,199,497
26,94,457
26,240,453
26,268,450
26,262,461
26,234,528
26,249,511
26,616,507
26,153,499
26,153,487
26,281,513
26,51,482
26,217,483
26,636,517
26,253,483
26,223,491
26,281,474
26,315,472
26,718,526
26,717,506
26,319,515
26,350,483
26,358,470
26,657,529
26,496,448
26,475,461
26,759,534
26,424,477
26,703,557
26,795,537
26,822,528
26,1105,516
26,1079,513
26,997,529
26,1052,514
26,632,478
26,635,467
26,538,487
26,775,465
26,1142,516
26,1136,530
26,1781,552
26,1055,532
26,1043,532
26,899,547
26,1281,514
26,1287,497
26,906,475
26,1033,479
26,736,411
26,1033,465
26,1052,461
26,1337,518
26,1325,532
26,1181,460
26,1174,464
26,1038,498
26,1042,490
26,1197,474
26,1341,556
26,1073,526
26,1084,538
26,1062,493
26,1475,570
26,1359,528
26,1352,543
26,1285,611
26,1300,514
26,1288,576
26,1288,561
26,1114,479
26,1114,495
26,1518,517
26,1142,490
26,1549,505
26,1548,522
26,1193,451
26,1169,492
26,1168,507
26,1515,574
26,1519,556
26,1660,536
26,1208,490
26,1221,499
26,1624,553
26,1548,546
26,1824,522
26,1392,457
26,1272,472
26,1250,479
26,1561,546
26,1429,570
26,1740,565
26,1697,484
26,1351,495
26,1340,481
26,1236,500
26,1721,462
26,1737,472
26,1671,471
26,1459,470
26,1461,486
26,1871,472
26,1624,507
26,1634,500
26,1655,521
26,1889,478
26,1815,572
26,1810,538
26,1670,504
26,1310,596
26,1894,563
26,475,418
26,1137,309
26,582,313
26,628,299
26,741,316
26,719,315
26,76,526
26,172,547
26,673,479
26,63,535
26,92,533
26,26,516
26,156,539
26,512,686
26,538,678
26,1617,686
26,1618,633
26,1612,661
26,1613,652
26,576,440
26,782,450
26,747,447
26,897,450
26,909,446
26,43,542
26,18,534
26,23,546
26,31,560
26,1446,330
26,20,558
26,984,398
26,1879,497
26,1910,516
26,1816,479
26,1626,457
26,1611,453
26,1333,676
26,975,693
26,959,702
26,1031,561
26,1001,684
26,1078,702
26,1109,702
26,851,688
26,957,303
26,895,319
26,1573,328
26,1098,318
26,1068,307
27,170,470
27,154,440
27,173,452
27,186,443
27,361,510
27,208,298
27,151,429
27,82,470
27,195,496
27,89,455
27,237,458
27,269,446
27,262,461
27,229,528
27,243,513
27,621,500
27,144,498
27,142,489
27,279,515
27,43,480
27,207,484
27,639,519
27,240,480
27,217,494
27,272,479
27,305,473
27,728,524
27,729,507
27,314,521
27,342,482
27,351,467
27,661,531
27,488,448
27,472,467
27,768,532
27,414,477
27,703,557
27,792,538
27,820,530
27,1119,518
27,1095,512
27,1000,531
27,1059,514
27,624,477
27,626,467
27,522,492
27,781,463
27,1148,519
27,1141,532
27,1780,553
27,1056,534
27,1043,532
27,898,548
27,1289,515
27,1293,499
27,904,477
27,1032,480
27,738,418
27,1031,467
27,1054,462
27,1343,523
27,1333,535
27,1181,462
27,1175,465
27,1033,502
27,1032,492
27,1196,475
27,1351,559
27,1069,524
27,1080,535
27,1057,491
27,1479,567
27,1365,528
27,1358,546
27,1285,611
27,1310,515
27,1289,577
27,1287,561
27,1108,477
27,1107,493
27,1527,515
27,1134,488
27,1552,508
27,1557,525
27,1195,450
27,1159,489
27,1161,506
27,1513,574
27,1521,556
27,1668,538
27,1195,494
27,1213,503
27,1630,555
27,1554,548
27,1837,526
27,1391,457
27,1263,475
27,1245,480
27,1564,547
27,1430,570
27,1736,580
27,1703,483
27,1344,495
27,1334,480
27,1227,504
27,1726,461
27,1744,476
27,1670,473
27,1448,475
27,1452,488
27,1872,475
27,1613,506
27,1622,495
27,1648,522
27,1889,478
27,1809,573
27,1797,536
27,1662,503
27,1312,593
27,1893,564
27,469,428
27,1138,310
27,583,313
27,626,300
27,741,316
27,720,316
27,79,528
27,172,547
27,663,477
27,64,536
27,94,531
27,25,517
27,155,539
27,509,687
27,530,680
27,1617,686
27,1618,634
27,1612,661
27,1613,652
27,576,441
27,774,453
27,738,452
27,896,451
27,909,446
27,43,542
27,19,535
27,24,548
27,31,560
27,1446,331
27,20,558
27,985,399
27,1865,501
27,1899,522
27,1825,486
27,1625,458
27,1612,454
27,1332,676
27,984,697
27,970,704
27,1031,562
27,994,685
27,1075,703
27,1098,696
27,858,688
27,961,305
27,905,321
27,1571,328
27,1098,318
27,1068,309
28,171,471
28,154,441
28,173,453
28,186,443
28,369,509
28,150,430
28,72,470
28,190,490
28,86,454
28,232,459
28,273,445
28,262,461
28,228,526
28,238,517
28,632,500
28,134,497
28,136,486
28,269,518
28,33,476
28,203,486
28,645,520
28,235,482
28,211,495
28,262,486
28,299,475
28,737,525
28,741,501
28,312,523
28,340,482
28,347,467
28,671,529
28,479,445
28,470,472
28,780,524
28,406,477
28,703,557
28,792,540
28,816,532
28,1131,520
28,1112,514
28,1003,533
28,1067,514
28,617,477
28,617,467
28,512,494
28,786,464
28,1157,520
28,1151,536
28,1779,554
28,1058,535
28,1045,539
28,898,548
28,1295,514
28,1302,503
28,895,477
28,1032,481
28,738,419
28,1030,469
28,1061,463
28,1349,524
28,1344,539
28,1186,458
28,1172,466
28,1024,503
28,1030,494
28,1195,476
28,1358,561
28,1066,523
28,1078,532
28,1058,493
28,1491,576
28,1370,529
28,1366,545
28,1285,612
28,1316,515
28,1287,577
28,1286,561
28,1098,480
28,1099,494
28,1532,514
28,1127,490
28,1558,511
28,1568,528
28,1198,452
28,1150,489
28,1153,503
28,1512,574
28,1523,557
28,1679,538
28,1190,496
28,1205,505
28,1634,553
28,1560,548
28,1853,532
28,1391,458
28,1255,478
28,1235,482
28,1571,547
28,1431,570
28,1708,481
28,1334,492
28,1323,478
28,1216,510
28,1731,460
28,1747,478
28,1670,475
28,1441,476
28,1445,490
28,1873,479
28,1606,505
28,1612,492
28,1640,516
28,1889,479
28,1806,573
28,1786,535
28,1653,499
28,1310,590
28,1893,565
28,461,435
28,1139,312
28,584,314
28,625,302
28,742,317
28,722,314
28,82,530
28,172,548
28,657,473
28,66,540
28,95,531
28,24,518
28,154,539
28,506,687
28,525,682
28,1617,687
28,1615,633
28,1612,661
28,1613,653
28,576,442
28,768,458
28,733,454
28,895,451
28,909,446
28,44,542
28,20,536
28,22,548
28,31,560
28,1444,331
28,20,559
28,985,398
28,1854,503
28,1889,517
28,1828,488
28,1625,459
28,1613,455
28,1331,676
28,990,699
28,974,703
28,1031,566
28,980,681
28,1062,704
28,1099,696
28,867,687
28,852,698
28,965,307
28,912,319
28,1570,328
28,1098,319
28,1069,312
29,169,471
29,154,442
29,173,453
29,187,444
29,375,512
29,150,432
29,70,468
29,189,487
29,78,455
29,228,461
29,278,448
29,262,461
29,222,527
29,237,518
29,646,498
29,126,499
29,121,488
29,262,520
29,26,477
29,200,488
29,651,522
29,227,483
29,205,496
29,254,488
29,290,483
29,745,522
29,748,500
29,307,520
29,330,486
29,337,468
29,676,530
29,473,452
29,470,480
29,783,526
29,400,474
29,701,558
29,791,540
29,812,532
29,1141,521
29,1126,513
29,1007,535
29,1075,514
29,604,481
29,608,469
29,493,496
29,788,461
29,1163,521
29,1159,538
29,1779,554
29,1060,536
29,1045,543
29,898,549
29,1301,514
29,1305,504
29,889,476
29,1032,482
29,737,420
29,1030,470
29,1071,465
29,1354,526
29,1349,543
29,1187,461
29,1175,465
29,1018,502
29,1016,492
29,1194,477
29,1369,565
29,1065,522
29,1075,531
29,1046,495
29,1496,583
29,1375,530
29,1374,546
29,1286,614
29,1323,512
29,1286,578
29,1284,561
29,1088,484
29,1093,496
29,1543,514
29,1119,493
29,1569,513
29,1573,529
29,1203,458
29,1144,489
29,1147,503
29,1511,574
29,1525,558
29,1684,537
29,1182,499
29,1197,507
29,1641,556
29,1565,549
29,1869,537
29,1391,459
29,1244,480
29,1227,484
29,1574,549
29,1432,570
29,1711,483
29,1327,489
29,1317,476
29,1207,513
29,1732,462
29,1754,477
29,1669,474
29,1430,478
29,1439,490
29,1873,484
29,1596,500
29,1605,490
29,1634,511
29,1889,479
29,1800,572
29,1782,537
29,1644,500
29,1312,587
29,1892,566
29,453,445
29,1140,314
29,585,315
29,633,306
29,742,317
29,724,313
29,81,537
29,172,548
29,646,471
29,68,544
29,96,531
29,24,519
29,154,540
29,496,688
29,518,684
29,1617,687
29,1612,632
29,1612,661
29,1613,654
29,575,443
29,759,460
29,725,459
29,895,452
29,909,446
29,45,543
29,18,536
29,21,549
29,31,560
29,1443,332
29,21,560
29,986,397
29,1847,505
29,1878,519
29,1836,486
29,1624,459
29,1610,455
29,1331,676
29,992,698
29,983,703
29,1030,570
29,972,683
29,1060,704
29,1100,697
29,877,687
29,860,697
29,979,310
29,917,312
29,1569,329
29,1590,685
29,1096,319
29,1070,314
30,167,472
30,154,443
30,173,454
30,184,446
30,383,514
30,151,434
30,61,464
30,182,485
30,70,453
30,219,464
30,283,451
30,262,461
30,219,529
30,234,518
30,659,496
30,117,500
30,117,487
30,255,520
30,21,476
30,195,486
30,654,524
30,216,483
30,201,497
30,247,485
30,283,486
30,753,518
30,756,497
30,298,516
30,326,488
30,330,471
30,679,530
30,463,455
30,466,482
30,791,521
30,389,475
30,699,559
30,791,541
30,806,531
30,1152,523
30,1136,511
30,1009,533
30,1084,514
30,599,481
30,597,469
30,481,497
30,785,451
30,1173,525
30,1168,539
30,1779,555
30,1062,536
30,1047,538
30,898,550
30,1309,516
30,1311,504
30,885,475
30,1030,484
30,734,420
30,1028,470
30,1079,463
30,1362,530
30,1354,544
30,1181,460
30,1174,466
30,1014,501
30,1012,492
30,1193,479
30,1378,566
30,1062,517
30,1071,529
30,1040,497
30,1501,587
30,1382,530
30,1379,548
30,1282,612
30,1330,514
30,1286,579
30,1283,561
30,1081,482
30,1082,496
30,1551,515
30,1110,487
30,1577,515
30,1579,530
30,1203,459
30,1136,483
30,1139,499
30,1510,574
30,1530,561
30,1695,535
30,1176,499
30,1189,509
30,1644,555
30,1562,547
30,1879,541
30,1390,460
30,1236,482
30,1221,486
30,1576,549
30,1433,570
30,1717,485
30,1319,488
30,1308,474
30,1197,512
30,1736,464
30,1756,476
30,1669,474
30,1424,477
30,1432,493
30,1876,486
30,1588,499
30,1596,489
30,1625,513
30,1889,479
30,1790,574
30,1766,540
30,1634,495
30,1312,581
30,1892,568
30,441,450
30,1138,314
30,586,316
30,637,308
30,742,317
30,726,312
30,75,541
30,172,549
30,639,473
30,66,544
30,98,532
30,27,521
30,148,540
30,492,690
30,516,685
30,1617,687
30,1609,631
30,1612,661
30,1613,655
30,575,444
30,750,459
30,721,461
30,895,452
30,910,447
30,40,546
30,16,537
30,20,550
30,31,560
30,1442,333
30,21,561
30,987,397
30,1832,507
30,1866,519
30,1842,486
30,1624,459
30,1608,455
30,1329,671
30,1001,702
30,986,705
30,1030,574
30,962,686
30,1053,704
30,1076,694
30,885,689
30,870,698
30,989,316
30,920,314
30,1568,329
30,1585,689
30,1095,319
30,1071,317
